tree
version=v4
num_class=1
num_tree_per_iteration=1
label_index=0
max_feature_idx=4
objective=lambdarank
feature_names=genetic syntactic featural phonological inventory
feature_infos=[0:1] [0:0.69999999999999996] [0:0.59999999999999998] [0.00020000000000000001:0.53190000000000004] [0:0.63270000000000004]
tree_sizes=1156 1256 1163 1057 953 1160 955 751 752 955 853 859 959 1172 855 861 765 760 759 764 762 868 867 756 755 763 763 761 864 763 865 870 758 766 870 760 866 768 762 763 766 870 768 763 768 872 769 761 767 764 766 762 766 1185 1078 763 767 769 871 865 868 859 755 653 863 657 759 760 661 770 865 764 764 760 763 764 864 765 865 869 764 859 658 760 868 763 764 868 869 767 764 868 764 765 765 764 975 763 762 761

Tree=0
num_leaves=10
num_cat=0
split_feature=3 4 4 3 4 4 1 4 3
split_gain=1.00499 0.948371 1.72285 0.506954 0.616915 0.500738 0.195553 0.169388 0.00617904
threshold=0.45575000000000004 0.59255000000000013 0.54885000000000017 0.23625000000000004 0.45240000000000008 0.49515000000000003 0.66500000000000015 0.54885000000000017 0.39770000000000005
decision_type=2 2 2 2 2 2 2 2 2
left_child=1 2 3 -1 -5 -6 -7 -2 -4
right_child=7 -3 8 4 5 6 -8 -9 -10
leaf_value=0.120005814782737 0.036945825901547727 0.069145254507586504 -0.18393179446380481 -0.13966752529223 0.11658544107841654 -0.07527852232574983 0.030128525816865273 0.10853249800655743 -0.1667722184512794
leaf_weight=0.28837322816252786 0.64540519937872864 0.75072703137993801 0.44201012514531601 0.35439388081431378 0.32281181961297967 0.4379324596375227 0.29427432455122471 0.67751878127455711 0.39953165873885155
leaf_count=4 8 6 6 6 4 8 4 6 4
internal_value=0 -0.0295976 -0.05879 -0.000799012 -0.0255163 0.0128285 -0.0329154 0.073608 -0.175785
internal_weight=0 3.29005 2.53933 1.69779 1.40941 1.05502 0.732207 1.32292 0.841542
internal_count=56 42 36 26 22 16 12 14 10
is_linear=0
shrinkage=0.1


Tree=1
num_leaves=11
num_cat=0
split_feature=0 3 4 3 1 4 3 1 3 3
split_gain=9.79691 5.46413 2.9243 2.44418 2.15749 0.878145 0.87929 0.433419 0.161231 0.150761
threshold=1.0000000180025095e-35 0.45575000000000004 0.55500000000000016 0.23625000000000004 0.54500000000000015 0.54885000000000017 0.36475000000000007 0.66500000000000015 0.33050000000000007 0.28375000000000006
decision_type=2 2 2 2 2 2 2 2 2 2
left_child=-1 3 4 -2 -3 7 -7 8 9 -5
right_child=1 2 -4 5 -6 6 -8 -9 -10 -11
leaf_value=0.19448780546064537 -0.19943972649228359 0.17809410173624085 -0.043199391039766478 -0.097033183600947204 0.033823126432998743 -0.15905233501539454 -0.046322883336671727 0.018245964909207785 -0.032372435703156809 -0.039844035765060848
leaf_weight=2.2857228517532375 1.2932960428297544 1.8000131249427784 2.3945209383964539 0.95135161280631819 2.4438887536525726 1.314256761223078 1.4612145125865934 1.3373611271381376 3.2785711139440536 0.8942527212202549
leaf_count=2 4 2 4 6 8 6 8 4 6 6
internal_value=0 -0.0258927 0.0451598 -0.0706851 0.0950144 -0.0526578 -0.0997032 -0.0324501 -0.0456812 -0.0693233
internal_weight=0 17.1687 6.63842 10.5303 4.2439 9.23701 2.77547 6.46154 5.12418 1.8456
internal_count=56 54 14 40 10 36 14 22 18 12
is_linear=0
shrinkage=0.1


Tree=2
num_leaves=10
num_cat=0
split_feature=4 3 4 1 4 1 1 0 4
split_gain=2.65337 1.40244 0.932226 0.991166 0.554635 0.551973 0.428813 0.236295 0.0236946
threshold=0.49515000000000003 0.45575000000000004 0.59255000000000013 0.57000000000000017 0.52050000000000007 0.59500000000000008 0.55500000000000016 0.95000000000000007 0.57095000000000018
decision_type=2 2 2 2 2 2 2 2 2
left_child=7 2 3 8 -5 -6 -3 -1 -2
right_child=1 6 -4 4 5 -7 -8 -9 -10
leaf_value=0.066035373166348027 -0.17712827023562472 -0.018202515633758354 0.0087886339683580002 -0.018350292511505772 -0.045159195838697382 -0.16375052102902882 0.044659628221895648 0.023946241425125976 -0.14882191990008226
leaf_weight=4.1043431386351612 0.60566150397062102 2.2466249614953995 1.3969452306628225 1.7672438621520998 0.85024906694889046 0.72896508872509003 2.0989846289157867 1.9760794043540952 0.57787292823195457
leaf_count=10 4 6 6 4 4 6 4 6 6
internal_value=0 -0.0309905 -0.0626288 -0.0846523 -0.0568345 -0.0999009 0.0121607 0.0523568 -0.163307
internal_weight=0 10.2725 5.92694 4.52999 3.34646 1.57921 4.34561 6.08042 1.18353
internal_count=56 40 30 24 14 10 10 16 10
is_linear=0
shrinkage=0.1


Tree=3
num_leaves=9
num_cat=0
split_feature=1 3 3 0 4 4 3 1
split_gain=3.22149 1.60779 0.684079 0.644393 0.488403 0.531312 0.487466 0.277264
threshold=1.0000000180025095e-35 0.33050000000000007 0.45575000000000004 0.95000000000000007 0.49515000000000003 0.59255000000000013 0.47860000000000008 0.57000000000000017
decision_type=2 2 2 2 2 2 2 2
left_child=-1 3 4 7 -3 -6 -4 -2
right_child=1 2 6 -5 5 -7 -8 -9
leaf_value=0.16919074432609182 -0.087962418591030794 0.021789347897593448 0.070418689901682915 -0.15400736036082596 -0.063866027015772792 0.010779935700284224 0.0054831296582708664 -0.015729783448562656
leaf_weight=1.0468196272850043 0.99583050236105886 2.1652065962553007 2.046244278550148 0.81348747014999379 2.6346189938485622 1.4943937733769415 2.657391831278801 1.1394578441977501
leaf_count=2 6 4 6 8 12 6 8 4
internal_value=0 -0.0126993 0.00488185 -0.0782705 -0.016678 -0.0368498 0.0337323 -0.0494168
internal_weight=0 13.9466 10.9979 2.94878 6.29422 4.12901 4.70364 2.13529
internal_count=56 54 36 18 22 18 14 10
is_linear=0
shrinkage=0.1


Tree=4
num_leaves=8
num_cat=0
split_feature=1 3 0 4 3 1 4
split_gain=0.897876 0.876013 0.430698 0.335663 0.548538 0.415111 0.817344
threshold=0.50000000000000011 0.33050000000000007 0.95000000000000007 0.47750000000000004 0.47860000000000008 0.6100000000000001 0.59255000000000013
decision_type=2 2 2 2 2 2 2
left_child=-1 2 -2 -3 5 6 -5
right_child=1 3 -4 4 -6 -7 -8
leaf_value=0.05375844449685914 -0.041253351062555829 0.033392439323108945 -0.14379950667349659 -0.15101997593800426 0.038387234485449381 -0.0049485919808519036 -0.01657129930310711
leaf_weight=2.5440782085061082 1.2598883360624302 2.3206941932439786 0.60685781389474858 0.68092535436153445 1.7601249516010282 3.5260821878910065 1.3458629399538038
leaf_count=10 6 4 8 8 6 8 6
internal_value=0 -0.0118922 -0.0745899 0.00025689 -0.0102583 -0.0256777 -0.061741
internal_weight=0 11.5004 1.86675 9.63369 7.313 5.55287 2.02679
internal_count=56 46 14 32 28 22 14
is_linear=0
shrinkage=0.1


Tree=5
num_leaves=10
num_cat=0
split_feature=4 4 4 3 1 3 1 0 1
split_gain=1.35784 0.30208 0.520389 0.421604 0.421126 0.250146 0.0786182 0.0705287 0.0111136
threshold=0.49515000000000003 0.55500000000000016 0.59255000000000013 0.45575000000000004 0.63000000000000012 0.45575000000000004 0.59500000000000008 0.8660500000000001 0.50000000000000011
decision_type=2 2 2 2 2 2 2 2 2
left_child=5 3 4 6 8 7 -2 -1 -3
right_child=1 2 -4 -5 -6 -7 -8 -9 -10
leaf_value=0.037538653631232322 -0.050855473434218507 -0.15986153689100585 -0.0082768639975591852 0.027177398105096263 -0.037471035071743451 0.066706412646121455 -0.019932208079855507 0.010884326868376799 -0.13522176806030756
leaf_weight=1.744765907526016 1.4489725977182388 0.29047787189483665 1.3475952520966528 1.7567183375358579 0.69513201713562012 1.8563788682222364 1.9005058594048023 2.3031814470887184 0.49498894438147545
leaf_count=6 8 2 6 6 2 4 8 6 8
internal_value=0 -0.0270212 -0.0532392 -0.0124998 -0.0941625 0.0363119 -0.0333095 0.022373 -0.144334
internal_weight=0 7.93439 2.82819 5.1062 1.4806 5.90433 3.34948 4.04795 0.785467
internal_count=56 40 18 22 12 16 16 12 10
is_linear=0
shrinkage=0.1


Tree=6
num_leaves=8
num_cat=0
split_feature=3 0 3 1 4 0 1
split_gain=0.888285 1.02736 0.393454 0.123069 0.178682 0.119795 0.0823143
threshold=0.23625000000000004 0.8660500000000001 0.33050000000000007 0.57000000000000017 0.55500000000000016 0.95000000000000007 0.63000000000000012
decision_type=2 2 2 2 2 2 2
left_child=-1 -2 -3 4 -4 -5 -7
right_child=1 2 3 5 -6 6 -8
leaf_value=0.089949922625612855 -0.09714682103506761 -0.046520756048075554 0.048070300330490708 0.020215308799437948 -0.0014050122539177685 -0.021981062936228327 0.005854079693390371
leaf_weight=1.0130282025784261 1.1569497101008881 1.4526191689074028 1.6567897945642454 2.2743696272373199 1.3048955015838146 2.1489972025156021 2.1011435613036156
leaf_count=6 8 10 8 4 8 6 6
internal_value=0 -0.00753337 0.00194465 0.00936615 0.0262719 0.0016921 -0.00822019
internal_weight=0 12.0958 10.9388 9.4862 2.96169 6.52451 4.25014
internal_count=56 50 42 32 16 16 12
is_linear=0
shrinkage=0.1


Tree=7
num_leaves=6
num_cat=0
split_feature=1 3 4 2 3
split_gain=0.62544 0.36375 0.162463 0.165948 0.179176
threshold=0.50000000000000011 0.33050000000000007 0.49515000000000003 0.55000000000000016 0.36475000000000007
decision_type=2 2 2 2 2
left_child=-1 -2 -3 -4 -5
right_child=1 2 3 4 -6
leaf_value=0.048321763877498869 -0.051961738778527368 0.014169809498873261 -0.043027850574752641 -0.022915683464362471 0.022597505314465336
leaf_weight=2.2043690010905275 1.7464499138295639 3.6271918267011625 1.387675706297159 1.8948467373847964 1.5914740897715089
leaf_count=10 14 8 10 6 8
internal_value=0 -0.0103945 -0.00185509 -0.0137807 -0.00213932
internal_weight=0 10.2476 8.50119 4.874 3.48632
internal_count=56 46 32 24 14
is_linear=0
shrinkage=0.1


Tree=8
num_leaves=6
num_cat=0
split_feature=1 3 4 3 1
split_gain=0.311269 0.27197 0.182019 0.147966 0.11142
threshold=0.50000000000000011 0.28375000000000006 0.49515000000000003 0.47860000000000008 0.59500000000000008
decision_type=2 2 2 2 2
left_child=-1 -2 -3 4 -4
right_child=1 2 3 -5 -6
leaf_value=0.03484420533422538 -0.046365670893336701 0.015674062948457881 -0.041701417685197188 0.014308649173335157 -0.0066877351337862783
leaf_weight=2.1311440505087385 1.508459623903035 3.9277260601520521 1.7687874585390091 1.4244580268859861 1.8693653829395771
leaf_count=10 10 8 14 6 8
internal_value=0 -0.007073 -0.000480212 -0.0130132 -0.0237106
internal_weight=0 10.4988 8.99034 5.06261 3.63815
internal_count=56 46 36 28 22
is_linear=0
shrinkage=0.1


Tree=9
num_leaves=8
num_cat=0
split_feature=3 4 4 3 4 4 3
split_gain=0.214767 0.26961 0.149732 0.13233 0.116767 0.396098 0.0167601
threshold=0.45575000000000004 0.49515000000000003 0.59255000000000013 0.47860000000000008 0.52050000000000007 0.54885000000000017 0.33050000000000007
decision_type=2 2 2 2 2 2 2
left_child=1 6 4 -2 -3 -6 -1
right_child=3 2 -4 -5 5 -7 -8
leaf_value=0.0038282845785822177 0.03616363897676575 -0.015988224743009361 0.0058104779044522246 -0.0022473424821514315 -0.023476134657792233 -0.12659309296424007 0.017075647744027984
leaf_weight=1.7108035720884784 2.1619428992271437 1.7884748950600626 1.2508017644286153 1.5328201502561567 1.3604205287992952 0.51297860965132702 2.1618695855140686
leaf_count=8 6 6 6 8 8 10 4
internal_value=0 -0.00850723 -0.024061 0.0202283 -0.0342643 -0.0517119 0.0112235
internal_weight=0 8.78535 4.91268 3.69476 3.66187 1.8734 3.87267
internal_count=56 42 30 14 24 18 12
is_linear=0
shrinkage=0.1


Tree=10
num_leaves=7
num_cat=0
split_feature=1 4 3 3 0 3
split_gain=0.129343 0.269138 1.24035 0.608411 0.080249 0.0667377
threshold=0.59500000000000008 0.55500000000000016 0.23625000000000004 0.33050000000000007 0.95000000000000007 0.45575000000000004
decision_type=2 2 2 2 2 2
left_child=1 2 -1 -4 -5 -2
right_child=5 -3 3 4 -6 -7
leaf_value=0.14653253799641075 -0.027011235517336293 -0.028866217620332885 -0.041926429807121988 0.01495668760230142 0.045624223522697405 -0.0020544485280090704
leaf_weight=0.66003477573394587 2.057478917762638 1.6252906583249567 2.0491035953164101 2.3750124573707581 1.3316922783851626 2.2359598428010941
leaf_count=2 12 14 8 6 8 6
internal_value=0 0.00748262 0.0166907 0.00180134 0.0259745 -0.0140141
internal_weight=0 8.04113 6.41584 5.75581 3.7067 4.29344
internal_count=56 38 24 22 14 18
is_linear=0
shrinkage=0.1


Tree=11
num_leaves=7
num_cat=0
split_feature=4 3 4 4 3 3
split_gain=0.185463 0.136962 0.163989 0.154641 0.0585459 0.0386514
threshold=0.49515000000000003 0.36475000000000007 0.54885000000000017 0.52050000000000007 0.45575000000000004 0.33050000000000007
decision_type=2 2 2 2 2 2
left_child=5 3 -3 -2 -4 -1
right_child=1 2 4 -5 -6 -7
leaf_value=0.00012231681298071996 -0.0033823352376750912 -0.02810009205930596 0.0070477123867369561 -0.046034486294653051 0.042075708651758519 0.018660181296883786
leaf_weight=1.5679945871233938 1.6530878096818926 1.0562285222113135 1.2380235008895399 1.7498466726392505 0.77640673890709866 3.9785156846046448
leaf_count=8 4 6 8 16 6 8
internal_value=0 -0.0114977 0.00381448 -0.0253148 0.0205483 0.0134195
internal_weight=0 6.47359 3.07066 3.40293 2.01443 5.54651
internal_count=56 40 20 20 14 16
is_linear=0
shrinkage=0.1


Tree=12
num_leaves=8
num_cat=0
split_feature=3 4 4 4 4 0 3
split_gain=0.108021 0.157049 0.140546 0.117279 0.0844836 0.353989 0.0300015
threshold=0.45575000000000004 0.49515000000000003 0.52050000000000007 0.59255000000000013 0.52050000000000007 0.95000000000000007 0.33050000000000007
decision_type=2 2 2 2 2 2 2
left_child=1 6 -2 4 -3 -6 -1
right_child=2 3 -4 -5 5 -7 -8
leaf_value=-0.0013223267510038799 -0.0014125278999714041 -0.012068322890573607 0.040205621868840996 0.0087079134677630014 -0.01659315507020016 -0.1199358396655706 0.016752822686717819
leaf_weight=1.5847745537757858 2.0481273159384741 1.7536147199571135 1.3438338115811346 1.1991888955235479 1.287541016936302 0.44637117721140374 2.1835118383169174
leaf_count=8 6 6 8 6 8 10 4
internal_value=0 -0.00604809 0.0150758 -0.0182689 -0.0275449 -0.0431973 0.00915121
internal_weight=0 8.455 3.39196 4.68672 3.48753 1.73391 3.76829
internal_count=56 42 14 30 24 18 12
is_linear=0
shrinkage=0.1


Tree=13
num_leaves=10
num_cat=0
split_feature=4 4 4 1 3 3 4 3 1
split_gain=0.213586 0.0673124 0.364645 0.172416 0.166563 0.0393511 0.0221074 0.00896777 1.03277e-06
threshold=0.49515000000000003 0.55500000000000016 0.59255000000000013 0.63000000000000012 0.45575000000000004 0.45575000000000004 0.52050000000000007 0.33050000000000007 0.54500000000000015
decision_type=2 2 2 2 2 2 2 2 2
left_child=5 4 3 8 6 7 -2 -1 -3
right_child=1 2 -4 -5 -6 -7 -8 -9 -10
leaf_value=0.0028313813100490463 -0.0099677729148586799 -0.12601984351385367 0.0066421392430663848 -0.031805733148897355 0.027436013598722442 0.026584892574719104 -0.026882030182055729 0.012726085163178648 -0.12570201192110286
leaf_weight=1.594946585595608 1.7529307361692192 0.19831630587577809 1.2044649198651312 0.37211181223392487 1.1245888993144033 1.7763268202543256 1.381926357746124 2.1516279429197311 0.21102847345173359
leaf_count=8 6 4 6 2 6 4 10 4 6
internal_value=0 -0.0126688 -0.027873 -0.0810714 -0.00557997 0.014326 -0.017424 0.00851383 -0.125856
internal_weight=0 6.24537 1.98592 0.781457 4.25945 5.5229 3.13486 3.74657 0.409345
internal_count=56 40 18 12 22 16 16 12 10
is_linear=0
shrinkage=0.1


Tree=14
num_leaves=7
num_cat=0
split_feature=4 3 4 4 3 3
split_gain=0.119063 0.071886 0.132717 0.100959 0.0304796 0.0139442
threshold=0.49515000000000003 0.36475000000000007 0.52050000000000007 0.54885000000000017 0.45575000000000004 0.33050000000000007
decision_type=2 2 2 2 2 2
left_child=5 2 -2 -3 -5 -1
right_child=1 3 -4 4 -6 -7
leaf_value=0.0026234477274813418 2.4804421900295575e-05 -0.024474263543385864 -0.0402822295575321 0.006177599188157995 0.033069646745873101 0.013685166892688764
leaf_weight=1.5948876962065694 1.6629855185747149 0.9450331535190345 1.6055977437645195 1.1852289494127033 0.65404091775417339 3.9919120371341705
leaf_count=8 4 6 16 8 6 8
internal_value=0 -0.00971669 -0.0197749 0.00209093 0.0157404 0.0105273
internal_weight=0 6.05289 3.26858 2.7843 1.83927 5.5868
internal_count=56 40 20 20 14 16
is_linear=0
shrinkage=0.1


Tree=15
num_leaves=7
num_cat=0
split_feature=3 0 3 4 1 4
split_gain=0.101434 0.720152 0.464197 0.0633744 0.0485786 0.00366607
threshold=0.28375000000000006 0.8660500000000001 0.23625000000000004 0.55500000000000016 0.59500000000000008 0.51755000000000007
decision_type=2 2 2 2 2 2
left_child=2 -2 -1 4 -3 -6
right_child=1 3 -4 -5 5 -7
leaf_value=0.082807005053117166 -0.082161536499167423 0.018467422467628669 -0.016871865283652251 -0.012026518996491452 0.0046873152416262555 -0.0017653264953212057
leaf_weight=0.7475985642522579 1.0560148805379856 3.2765738107264024 1.2455969676375389 1.6724053770303724 1.8130352646112444 1.7118379529565571
leaf_count=6 8 12 6 14 4 6
internal_value=0 -0.00429081 0.0205152 0.00541347 0.00970179 0.00155362
internal_weight=0 9.52987 1.9932 8.47385 6.80145 3.52487
internal_count=56 44 12 36 22 10
is_linear=0
shrinkage=0.1


Tree=16
num_leaves=6
num_cat=0
split_feature=1 3 4 2 1
split_gain=0.145836 0.149226 0.0618437 0.0663032 0.0472608
threshold=0.50000000000000011 0.33050000000000007 0.49515000000000003 0.55000000000000016 0.57000000000000017
decision_type=2 2 2 2 2
left_child=-1 -2 -3 -4 -5
right_child=1 2 3 4 -6
leaf_value=0.026684416204678547 -0.033428460579146779 0.0095718646194701829 -0.030891812038614404 0.015985905505881491 -0.0098439860182382068
leaf_weight=1.7338421046733863 1.5328884590417136 3.9358213245868665 0.96542834304273117 1.0824414379894736 2.0497353635728359
leaf_count=10 14 8 10 6 8
internal_value=0 -0.0048364 0.000619357 -0.00797968 -0.000917496
internal_weight=0 9.56631 8.03343 4.09761 3.13218
internal_count=56 46 32 24 14
is_linear=0
shrinkage=0.1


Tree=17
num_leaves=6
num_cat=0
split_feature=1 3 4 4 3
split_gain=0.0878327 0.142764 0.026819 0.0169407 0.0341031
threshold=0.50000000000000011 0.33050000000000007 0.54885000000000017 0.51755000000000007 0.36475000000000007
decision_type=2 2 2 2 2
left_child=-1 -2 3 4 -3
right_child=1 2 -4 -5 -6
leaf_value=0.02064701977389968 -0.031854934951608911 0.0097020357070719404 -0.0098834360750034225 0.011848236402602777 -0.008264479177428256
leaf_weight=1.7406813353300101 1.5217455644160489 2.1485021561384201 1.6252786256372926 2.1043067127466202 2.0786149241030216
leaf_count=10 14 4 14 6 8
internal_value=0 -0.00379175 0.00157542 0.00451691 0.000867299
internal_weight=0 9.47845 7.9567 6.33142 4.22712
internal_count=56 46 32 18 12
is_linear=0
shrinkage=0.1


Tree=18
num_leaves=6
num_cat=0
split_feature=1 3 0 4 3
split_gain=0.0832708 0.269061 0.576533 0.0394642 0.0465828
threshold=0.63000000000000012 0.28375000000000006 0.8660500000000001 0.55500000000000016 0.45575000000000004
decision_type=2 2 2 2 2
left_child=1 -1 -3 4 -4
right_child=-2 2 3 -5 -6
leaf_value=0.039669113299237252 -0.017768145891209206 -0.074796331066884617 0.00053848672921492046 -0.0081612858216452006 0.019989152275835545
leaf_weight=1.7290863748639802 2.134027563035489 0.99867847375571717 2.2676416449248791 1.3540551569312809 2.6941422671079636
leaf_count=8 10 8 8 12 10
internal_value=0 0.00419277 -0.00419352 0.00697039 0.0110998
internal_weight=0 9.0436 7.31452 6.31584 4.96178
internal_count=56 46 38 30 18
is_linear=0
shrinkage=0.1


Tree=19
num_leaves=6
num_cat=0
split_feature=1 3 4 2 3
split_gain=0.0973822 0.128653 0.0258734 0.0556703 0.0554102
threshold=0.50000000000000011 0.33050000000000007 0.49515000000000003 0.55000000000000016 0.36475000000000007
decision_type=2 2 2 2 2
left_child=-1 -2 -3 -4 -5
right_child=1 2 3 4 -6
leaf_value=0.022352505910108369 -0.030797816849414024 0.0069219443209846167 -0.026610609169739115 -0.0099307382156421098 0.017126500852167631
leaf_weight=1.6566616818308837 1.4992312155663947 3.9193150252103806 0.88687665201723609 1.7424432411789896 1.3381172046065328
leaf_count=10 14 8 10 6 8
internal_value=0 -0.00394531 0.00115922 -0.00453361 0.00182224
internal_weight=0 9.38598 7.88675 3.96744 3.08056
internal_count=56 46 32 24 14
is_linear=0
shrinkage=0.1


Tree=20
num_leaves=6
num_cat=0
split_feature=1 3 4 3 4
split_gain=0.0614924 0.116035 0.0238352 0.0381457 0.049787
threshold=0.50000000000000011 0.33050000000000007 0.47750000000000004 0.45575000000000004 0.59255000000000013
decision_type=2 2 2 2 2
left_child=-1 -2 -3 4 -4
right_child=1 2 3 -5 -6
leaf_value=0.017727070640836801 -0.028729378853864392 0.010729522158058096 -0.01926880424871073 0.0070405375566086371 0.0071988706227982778
leaf_weight=1.6610755063593394 1.4907585103064755 2.1317891776561737 1.8949212394654753 2.6753274947404861 1.1372108645737169
leaf_count=10 14 4 12 10 6
internal_value=0 -0.00315605 0.00170713 -0.00166282 -0.00934202
internal_weight=0 9.33001 7.83925 5.70746 3.03213
internal_count=56 46 32 28 18
is_linear=0
shrinkage=0.1


Tree=21
num_leaves=7
num_cat=0
split_feature=3 0 4 4 1 1
split_gain=0.0544014 0.495102 0.167067 0.0308972 0.044469 9.8848e-09
threshold=0.28375000000000006 0.8660500000000001 0.54035000000000011 0.55500000000000016 0.59500000000000008 0.66500000000000015
decision_type=2 2 2 2 2 2
left_child=2 -2 -1 4 -3 -6
right_child=1 3 -4 -5 5 -7
leaf_value=0.055068156125999794 -0.070785558248778663 0.016711587877695649 -0.0070419890599978958 -0.0076165941007272017 0.00016483283087698869 0.00015412807609885667
leaf_weight=0.68015145137906152 0.96831465698778529 3.0555789731442911 1.1921907365322111 1.5930329607799647 1.8337027095258236 1.6288541480898857
leaf_count=6 8 12 6 14 6 4
internal_value=0 -0.00320055 0.0155203 0.00486778 0.00791896 0.000159797
internal_weight=0 9.07948 1.87234 8.11117 6.51814 3.46256
internal_count=56 44 12 36 22 10
is_linear=0
shrinkage=0.1


Tree=22
num_leaves=7
num_cat=0
split_feature=1 3 4 4 4 3
split_gain=0.0744642 0.0964838 0.0268857 0.117806 0.0133503 0.0228301
threshold=0.50000000000000011 0.28375000000000006 0.54885000000000017 0.59255000000000013 0.51755000000000007 0.36475000000000007
decision_type=2 2 2 2 2 2
left_child=-1 -2 4 -4 5 -3
right_child=1 2 3 -5 -6 -7
leaf_value=0.019986055716192025 -0.027395105546890952 0.0079777396352695897 -0.052254011661051827 0.0069797954014012425 0.010347034197535222 -0.0069437549017195444
leaf_weight=1.5906537584960467 1.4224328231066445 2.0651169046759605 0.47754999622702587 1.1308474726974962 2.1169486213475466 2.0365819483995438
leaf_count=10 10 4 10 6 8 8
internal_value=0 -0.00343705 0.000916918 -0.0106073 0.00389756 0.000568896
internal_weight=0 9.24948 7.82704 1.6084 6.21865 4.1017
internal_count=56 46 36 16 20 12
is_linear=0
shrinkage=0.1


Tree=23
num_leaves=6
num_cat=0
split_feature=1 3 0 4 3
split_gain=0.0589524 0.191088 0.3721 0.0328923 0.0242103
threshold=0.63000000000000012 0.28375000000000006 0.8660500000000001 0.55500000000000016 0.45575000000000004
decision_type=2 2 2 2 2
left_child=1 -1 -3 4 -4
right_child=-2 2 3 -5 -6
leaf_value=0.034255414705457003 -0.015112600513949774 -0.062468351116175602 0.001620883118807032 -0.0085304502264157075 0.015862215407292973
leaf_weight=1.6497542262077312 2.0829437188804159 0.93049689568579186 2.2271041925996542 1.3275820324197409 2.5726082697510719
leaf_count=8 10 8 8 12 10
internal_value=0 0.0036151 -0.00354705 0.0054008 0.00925413
internal_weight=0 8.70755 7.05779 6.12729 4.79971
internal_count=56 46 38 30 18
is_linear=0
shrinkage=0.1


Tree=24
num_leaves=6
num_cat=0
split_feature=1 3 4 2 3
split_gain=0.072973 0.121409 0.0199155 0.0742245 0.0544704
threshold=0.50000000000000011 0.33050000000000007 0.49515000000000003 0.55000000000000016 0.36475000000000007
decision_type=2 2 2 2 2
left_child=-1 -2 -3 -4 -5
right_child=1 2 3 4 -6
leaf_value=0.020160534558772231 -0.02958789456268128 0.0067588325239777694 -0.030706639911951224 -0.007968268753185492 0.01913485316037088
leaf_weight=1.5370074622333056 1.4821062413975576 3.844906821846962 0.79125886969268355 1.7232109569013121 1.3016216587275264
leaf_count=10 14 8 10 6 8
internal_value=0 -0.0033891 0.00167935 -0.00343848 0.00369453
internal_weight=0 9.1431 7.661 3.81609 3.02483
internal_count=56 46 32 24 14
is_linear=0
shrinkage=0.1


Tree=25
num_leaves=6
num_cat=0
split_feature=1 3 4 3 4
split_gain=0.0512473 0.109516 0.0117062 0.0283049 0.0346489
threshold=0.50000000000000011 0.33050000000000007 0.47750000000000004 0.45575000000000004 0.59255000000000013
decision_type=2 2 2 2 2
left_child=-1 -2 -3 4 -4
right_child=1 2 3 -5 -6
leaf_value=0.016848652277459533 -0.027758973366395323 0.008354255288624551 -0.015529603876313686 0.0072707328304668769 0.0067667179729736654
leaf_weight=1.5432433485984809 1.4791133310645799 2.0891928821802139 1.840905621647835 2.558484822511673 1.1216513365507124
leaf_count=10 14 4 12 10 6
internal_value=0 -0.00286067 0.00197853 -0.000434081 -0.00708801
internal_weight=0 9.08935 7.61023 5.52104 2.96256
internal_count=56 46 32 28 18
is_linear=0
shrinkage=0.1


Tree=26
num_leaves=6
num_cat=0
split_feature=1 3 4 3 4
split_gain=0.0388782 0.094939 0.0114684 0.0262404 0.0305351
threshold=0.50000000000000011 0.33050000000000007 0.47750000000000004 0.45575000000000004 0.59255000000000013
decision_type=2 2 2 2 2
left_child=-1 -2 -3 4 -4
right_child=1 2 3 -5 -6
leaf_value=0.014669376336010335 -0.025777754323769914 0.008318680100966671 -0.014732475201918616 0.0070629953254372066 0.0061805630880883864
leaf_weight=1.5436517223715789 1.4681188957765678 2.085053563117981 1.8370485939085486 2.5427344813942909 1.1261889375746248
leaf_count=10 14 4 12 10 6
internal_value=0 -0.00249962 0.00200242 -0.000389481 -0.0067844
internal_weight=0 9.05914 7.59103 5.50597 2.96324
internal_count=56 46 32 28 18
is_linear=0
shrinkage=0.1


Tree=27
num_leaves=6
num_cat=0
split_feature=4 4 1 3 3
split_gain=0.0409199 0.139253 0.0685495 0.0470296 0.0103918
threshold=0.55500000000000016 0.59255000000000013 0.50000000000000011 0.28375000000000006 0.36475000000000007
decision_type=2 2 2 2 2
left_child=2 -2 -1 -4 -5
right_child=1 -3 3 4 -6
leaf_value=0.022858457833449627 -0.056536199044214266 0.0054423570196069741 -0.018404140479572739 0.0058197627484392785 -0.0025532944816835427
leaf_weight=1.4171170592308024 0.5330264354124673 1.1331927143037317 1.3015560023486612 3.7446745447814465 2.4533646553754807
leaf_count=8 12 6 8 10 12
internal_value=0 -0.0143847 0.00268799 -0.0011234 0.00250546
internal_weight=0 1.66622 8.91671 7.4996 6.19804
internal_count=56 18 38 30 22
is_linear=0
shrinkage=0.1


Tree=28
num_leaves=7
num_cat=0
split_feature=3 4 3 1 1 0
split_gain=0.0417152 0.100194 0.0559131 0.306611 0.023517 0.0358103
threshold=0.45575000000000004 0.52050000000000007 0.28375000000000006 0.54500000000000015 0.55500000000000016 0.95000000000000007
decision_type=2 2 2 2 2 2
left_child=2 -2 -1 -4 -5 -6
right_child=1 -3 3 4 5 -7
leaf_value=0.011814438338166356 -0.0024882720512336412 0.038004282860851557 -0.061650808460783857 0.014531476278141815 0.0067714943424998899 -0.012217996776051751
leaf_weight=1.7681053932756183 1.9162665084004404 0.89716394245624531 0.91614101082086552 1.0533285960555074 2.085419774055481 1.8958929507061841
leaf_count=12 6 8 8 6 4 12
internal_value=0 0.0104242 -0.00379949 -0.00843873 0.00124414 -0.00227126
internal_weight=0 2.81343 7.71889 5.95078 5.03464 3.98131
internal_count=56 14 42 30 22 16
is_linear=0
shrinkage=0.1


Tree=29
num_leaves=6
num_cat=0
split_feature=1 3 4 2 3
split_gain=0.0399159 0.0868692 0.0177589 0.0684819 0.0350847
threshold=0.50000000000000011 0.33050000000000007 0.49515000000000003 0.55000000000000016 0.36475000000000007
decision_type=2 2 2 2 2
left_child=-1 -2 -3 -4 -5
right_child=1 2 3 4 -6
leaf_value=0.015188309726691582 -0.025057795355560488 0.0065842225521786759 -0.030112160649210989 -0.0056419042944060496 0.016288278242746843
leaf_weight=1.484840631484986 1.4356657257303576 3.8087025284767151 0.75098325498402152 1.7180209793150427 1.2678891792893408
leaf_count=10 14 8 10 6 8
internal_value=0 -0.00251103 0.00177884 -0.00311888 0.00367018
internal_weight=0 8.98126 7.5456 3.73689 2.98591
internal_count=56 46 32 24 14
is_linear=0
shrinkage=0.1


Tree=30
num_leaves=7
num_cat=0
split_feature=3 1 3 4 4 4
split_gain=0.0292065 0.18872 0.015251 0.0567267 0.0176865 0.0227648
threshold=0.28375000000000006 0.44000000000000006 0.45575000000000004 0.52050000000000007 0.49515000000000003 0.59255000000000013
decision_type=2 2 2 2 2 2
left_child=-1 -2 4 -4 -3 -6
right_child=1 2 3 -5 5 -7
leaf_value=0.011741931945881481 -0.048836303683740853 0.0061396884367871749 -0.0014572171702386598 0.029204802421120342 -0.012600539865014746 0.0053700560373163113
leaf_weight=1.7607193142175681 0.79446636885404398 2.0765780285000801 1.9072273522615435 0.88258987292647351 1.8792357556521895 1.1280678026378153
leaf_count=12 4 4 6 8 16 6
internal_value=0 -0.00238508 0.00230191 0.00824306 -0.000958334 -0.0058596
internal_weight=0 8.66817 7.8737 2.78982 5.08388 3.0073
internal_count=56 44 40 14 26 22
is_linear=0
shrinkage=0.1


Tree=31
num_leaves=7
num_cat=0
split_feature=4 3 4 2 0 1
split_gain=0.0391567 0.0238988 0.0642711 0.0508448 0.00877342 0.00625568
threshold=0.49515000000000003 0.36475000000000007 0.52050000000000007 0.55000000000000016 0.95000000000000007 0.55500000000000016
decision_type=2 2 2 2 2 2
left_child=4 2 -2 5 -1 -3
right_child=1 3 -4 -5 -6 -7
leaf_value=0.009420112913146296 0.0023839271347065975 -0.022793656235345672 -0.02639060391658023 0.01522957089582058 0.00074720921214936034 -0.0066908349249509991
leaf_weight=3.2402615547180176 1.5919770859181883 0.51624056696891796 1.5149178765714166 1.2539032250642776 1.8223679084330795 0.45290586724877357
leaf_count=10 4 8 16 8 6 4
internal_value=0 -0.00598231 -0.0116465 0.00193387 0.00629817 -0.0152684
internal_weight=0 5.32994 3.10689 2.22305 5.06263 0.969146
internal_count=56 40 20 20 16 12
is_linear=0
shrinkage=0.1


Tree=32
num_leaves=6
num_cat=0
split_feature=4 4 1 3 4
split_gain=0.0391894 0.144578 0.0854822 0.0396582 0.016581
threshold=0.55500000000000016 0.59255000000000013 0.50000000000000011 0.28375000000000006 0.49515000000000003
decision_type=2 2 2 2 2
left_child=2 -2 -1 -4 -5
right_child=1 -3 3 4 -6
leaf_value=0.025839814691887147 -0.060608786430867659 0.0052045800559225924 -0.01744080069753853 0.0058569794966320003 -0.0048777085454647148
leaf_weight=1.3430046513676623 0.47556951455772001 1.1196322515606878 1.2998947985470293 3.8005175366997719 2.315608749166131
leaf_count=8 12 6 8 8 14
internal_value=0 -0.014416 0.00262546 -0.00157854 0.00179275
internal_weight=0 1.5952 8.75903 7.41602 6.11613
internal_count=56 18 38 30 22
is_linear=0
shrinkage=0.1


Tree=33
num_leaves=6
num_cat=0
split_feature=1 3 3 2 1
split_gain=0.0301082 0.0744497 0.00999625 0.0100387 0.0248195
threshold=0.50000000000000011 0.33050000000000007 0.45575000000000004 0.55000000000000016 0.57000000000000017
decision_type=2 2 2 2 2
left_child=-1 -2 3 -3 -5
right_child=1 2 -4 4 -6
leaf_value=0.013414102808800385 -0.023186439239447295 -0.005737546821780147 0.0070203956087045716 0.015454308629562229 -0.0041386482048100057
leaf_weight=1.4395698457956321 1.4172083595767597 2.2346680108457804 2.4696675427258015 1.0412423610687256 1.7055728286504745
leaf_count=10 14 10 10 6 6
internal_value=0 -0.00217747 0.00181844 -0.000760536 0.0032885
internal_weight=0 8.86836 7.45115 4.98148 2.74682
internal_count=56 46 32 22 12
is_linear=0
shrinkage=0.1


Tree=34
num_leaves=7
num_cat=0
split_feature=3 1 3 4 4 4
split_gain=0.0278224 0.18039 0.0122005 0.0396466 0.0128051 0.00334591
threshold=0.28375000000000006 0.44000000000000006 0.45575000000000004 0.52050000000000007 0.54885000000000017 0.49515000000000003
decision_type=2 2 2 2 2 2
left_child=-1 -2 4 -4 5 -3
right_child=1 2 3 -5 -6 -7
leaf_value=0.011606174935304409 -0.047800924112725372 0.0050188896668286187 -0.00028318088783484276 0.02588701826645743 -0.009211970052162604 -0.0009720572603509691
leaf_weight=1.7206460610032088 0.79185334593057444 2.0763850510120396 1.9038379862904551 0.83180512487888325 1.2906334460712967 1.6917918995022772
leaf_count=12 4 4 6 8 14 8
internal_value=0 -0.00232581 0.00229409 0.00767418 -0.000615292 0.00232914
internal_weight=0 8.58631 7.79445 2.73564 5.05881 3.76818
internal_count=56 44 40 14 26 12
is_linear=0
shrinkage=0.1


Tree=35
num_leaves=6
num_cat=0
split_feature=1 3 4 2 3
split_gain=0.0402045 0.062686 0.019752 0.0955172 0.0262616
threshold=0.50000000000000011 0.33050000000000007 0.49515000000000003 0.55000000000000016 0.36475000000000007
decision_type=2 2 2 2 2
left_child=-1 -2 -3 -4 -5
right_child=1 2 3 4 -6
leaf_value=0.015620539826651776 -0.021796670304745761 0.006214278381423962 -0.036896115901007519 -0.0041744475028943507 0.015007608770673281
leaf_weight=1.4199350550770766 1.4151699542999248 3.7945859879255295 0.71379284374415908 1.6954114213585856 1.2326295422390101
leaf_count=10 14 8 10 6 8
internal_value=0 -0.00250578 0.00116533 -0.0040954 0.0039007
internal_weight=0 8.85159 7.43642 3.64183 2.92804
internal_count=56 46 32 24 14
is_linear=0
shrinkage=0.1


Tree=36
num_leaves=7
num_cat=0
split_feature=4 4 1 3 3 4
split_gain=0.0292199 0.13443 0.0541033 0.035883 0.00532104 0.0118463
threshold=0.55500000000000016 0.59255000000000013 0.50000000000000011 0.28375000000000006 0.45575000000000004 0.49515000000000003
decision_type=2 2 2 2 2 2
left_child=2 -2 -1 -4 5 -5
right_child=1 -3 3 4 -6 -7
leaf_value=0.021063445168800665 -0.059405553491356657 0.0058496776968413079 -0.016204789068605677 0.005006244224394293 0.0060066506656696675 -0.0061696334555653744
leaf_weight=1.3011595569550971 0.44031411735341031 1.1154199279844759 1.2897857725620268 2.0694699734449391 2.2588845938444138 1.7509252205491064
leaf_count=8 12 6 8 4 8 10
internal_value=0 -0.0126193 0.00226433 -0.00105504 0.00215914 -0.000115772
internal_weight=0 1.55573 8.67023 7.36907 6.07928 3.8204
internal_count=56 18 38 30 22 14
is_linear=0
shrinkage=0.1


Tree=37
num_leaves=6
num_cat=0
split_feature=3 1 3 4 4
split_gain=0.0232046 0.175291 0.0107665 0.0590114 0.00981087
threshold=0.28375000000000006 0.44000000000000006 0.45575000000000004 0.52050000000000007 0.54035000000000011
decision_type=2 2 2 2 2
left_child=-1 -2 4 -4 -3
right_child=1 2 3 -5 -6
leaf_value=0.010683706884949884 -0.047058446344216666 0.0023516157065325651 -0.0019549629459906254 0.030615759553004742 -0.0077087630588253062
leaf_weight=1.6950634922832257 0.78791669383644869 3.7144744284451008 1.9029785208404066 0.78603098541498173 1.3116366346366701
leaf_count=12 4 10 6 8 16
internal_value=0 -0.00212977 0.00245863 0.00756587 -0.000273786
internal_weight=0 8.50304 7.71512 2.68901 5.02611
internal_count=56 44 40 14 26
is_linear=0
shrinkage=0.1


Tree=38
num_leaves=6
num_cat=0
split_feature=1 3 4 2 3
split_gain=0.025782 0.0627569 0.00906576 0.0669921 0.0285152
threshold=0.50000000000000011 0.33050000000000007 0.49515000000000003 0.55000000000000016 0.36475000000000007
decision_type=2 2 2 2 2
left_child=-1 -2 -3 -4 -5
right_child=1 2 3 4 -6
leaf_value=0.012783909746612721 -0.021397853479787066 0.0050925708822212312 -0.030211035735911548 -0.0037277501558582388 0.016341504285750121
leaf_weight=1.365464415401221 1.4001363930292408 3.804117426276207 0.67843321897089515 1.6885775104165079 1.2191001810133455
leaf_count=10 14 8 10 6 8
internal_value=0 -0.00198581 0.00169195 -0.0019154 0.00468667
internal_weight=0 8.79036 7.39023 3.58611 2.90768
internal_count=56 46 32 24 14
is_linear=0
shrinkage=0.1


Tree=39
num_leaves=6
num_cat=0
split_feature=3 1 3 4 4
split_gain=0.0214014 0.145678 0.00857176 0.0201914 0.0100137
threshold=0.28375000000000006 0.54500000000000015 0.36475000000000007 0.52050000000000007 0.51755000000000007
decision_type=2 2 2 2 2
left_child=-1 -2 4 -4 -3
right_child=1 2 3 -5 -6
leaf_value=0.010280613930976618 -0.036184051963441349 0.0044723966294738021 -0.00034746628923460523 0.014896909647887211 -0.0057618836581155696
leaf_weight=1.6875023646280176 1.089294939301906 2.068556554615498 1.9121690355241299 1.5924231819808483 1.7776566897518931
leaf_count=12 12 4 6 10 12
internal_value=0 -0.00205549 0.00300192 0.0065793 -0.00025772
internal_weight=0 8.4401 7.35081 3.50459 3.84621
internal_count=56 44 32 16 16
is_linear=0
shrinkage=0.1


Tree=40
num_leaves=6
num_cat=0
split_feature=1 3 4 4 3
split_gain=0.0314355 0.0591577 0.00506207 0.00482977 0.00349299
threshold=0.50000000000000011 0.33050000000000007 0.54885000000000017 0.51755000000000007 0.36475000000000007
decision_type=2 2 2 2 2
left_child=-1 -2 3 4 -3
right_child=1 2 -4 -5 -6
leaf_value=0.014203903289011017 -0.021041666508319179 0.003573873892720516 -0.0039722363657096948 0.006812963711128806 -0.0023216896864941979
leaf_weight=1.3499509692192084 1.3986968169920126 2.0686981230974197 1.4185778070241211 1.9133339151740072 1.9543709931895135
leaf_count=10 14 4 14 6 8
internal_value=0 -0.00219046 0.00139448 0.00267692 0.000709862
internal_weight=0 8.75368 7.35498 5.9364 4.02307
internal_count=56 46 32 18 12
is_linear=0
shrinkage=0.1


Tree=41
num_leaves=7
num_cat=0
split_feature=1 3 4 4 1 1
split_gain=0.023465 0.0527054 0.00627147 0.0102749 0.0456838 0.0461692
threshold=0.50000000000000011 0.33050000000000007 0.49515000000000003 0.59255000000000013 0.63000000000000012 0.55500000000000016
decision_type=2 2 2 2 2 2
left_child=-1 -2 -3 4 5 -4
right_child=1 2 3 -5 -6 -7
leaf_value=0.012291549593750669 -0.019729095352429796 0.0043117933928680354 -0.059339802748697316 0.006447563598300482 0.0033497984878135922 -0.0060951304108847601
leaf_weight=1.3459173291921622 1.3927093353122453 3.7988318428397179 0.26935937348753269 1.1091132834553716 1.7603492587804794 0.41187266819179058
leaf_count=10 14 8 8 6 6 4
internal_value=0 -0.00189235 0.00148765 -0.00153386 -0.0051595 -0.0271481
internal_weight=0 8.74224 7.34953 3.55069 2.44158 0.681232
internal_count=56 46 32 24 18 12
is_linear=0
shrinkage=0.1


Tree=42
num_leaves=6
num_cat=0
split_feature=3 1 4 3 4
split_gain=0.0232817 0.129234 0.0119687 0.0189402 0.00824761
threshold=0.28375000000000006 0.44000000000000006 0.55500000000000016 0.45575000000000004 0.49515000000000003
decision_type=2 2 2 2 2
left_child=-1 -2 3 4 -3
right_child=1 2 -4 -5 -6
leaf_value=0.010791251372974722 -0.041260312843528997 0.0035673716292914147 -0.0063697306880859325 0.010658826425035996 -0.0058040836645161104
leaf_weight=1.6683148341253407 0.76741900667547991 2.0638571828603749 1.4560254719108341 2.3993522711098194 1.7232050746679304
leaf_count=12 4 4 16 10 10
internal_value=0 -0.00214073 0.00178748 0.00370735 -0.000696868
internal_weight=0 8.40986 7.64244 6.18641 3.78706
internal_count=56 44 40 24 14
is_linear=0
shrinkage=0.1


Tree=43
num_leaves=6
num_cat=0
split_feature=1 3 4 4 3
split_gain=0.0250244 0.054227 0.003896 0.00356873 0.00365099
threshold=0.50000000000000011 0.33050000000000007 0.54885000000000017 0.51755000000000007 0.36475000000000007
decision_type=2 2 2 2 2
left_child=-1 -2 3 4 -3
right_child=1 2 -4 -5 -6
leaf_value=0.012805330503649404 -0.020072072544980814 0.0038592269938414782 -0.0032573007683863197 0.006184647463199645 -0.0021638374724218313
leaf_weight=1.3246909379959113 1.3877349616959671 2.0651077181100845 1.4001217596232889 1.8966802321374414 1.9631177214905617
leaf_count=10 14 4 14 6 8
internal_value=0 -0.00194694 0.00148689 0.002608 0.000923943
internal_weight=0 8.71276 7.32503 5.92491 4.02823
internal_count=56 46 32 18 12
is_linear=0
shrinkage=0.1


Tree=44
num_leaves=6
num_cat=0
split_feature=3 1 3 2 4
split_gain=0.0208921 0.110051 0.00675776 0.0204339 0.00842438
threshold=0.28375000000000006 0.54500000000000015 0.36475000000000007 0.55000000000000016 0.51755000000000007
decision_type=2 2 2 2 2
left_child=-1 -2 4 -4 -3
right_child=1 2 3 -5 -6
leaf_value=0.010253506052211312 -0.032168649382041184 0.0037599925495430024 5.2987739228654356e-05 0.016226039560053286 -0.0056698544387640331
leaf_weight=1.6584559353068478 1.0584672754630426 2.0591041594743733 2.3158370424062014 1.1788896918296816 1.7547439895570276
leaf_count=12 12 4 10 6 12
internal_value=0 -0.00203238 0.00233212 0.00550871 -0.000578661
internal_weight=0 8.36704 7.30857 3.49473 3.81385
internal_count=56 44 32 16 16
is_linear=0
shrinkage=0.1


Tree=45
num_leaves=7
num_cat=0
split_feature=1 3 4 4 1 1
split_gain=0.0304792 0.0512138 0.00525475 0.00916333 0.0437146 0.0220348
threshold=0.50000000000000011 0.33050000000000007 0.49515000000000003 0.59255000000000013 0.63000000000000012 0.55500000000000016
decision_type=2 2 2 2 2 2
left_child=-1 -2 -3 4 5 -4
right_child=1 2 3 -5 -6 -7
leaf_value=0.014224068267489457 -0.01975975940514724 0.0037826665944608638 -0.048840411733376256 0.0059583428504602362 0.0032637064999413777 -0.011769847428213196
leaf_weight=1.3092959932982928 1.3868180643767098 3.7930932641029358 0.27066288050264176 1.1045669205486772 1.7463895455002785 0.39339265320450068
leaf_count=10 14 8 8 6 6 4
internal_value=0 -0.00214189 0.00120136 -0.00158417 -0.00504046 -0.0268795
internal_weight=0 8.69492 7.30811 3.51501 2.41045 0.664056
internal_count=56 46 32 24 18 12
is_linear=0
shrinkage=0.1


Tree=46
num_leaves=6
num_cat=0
split_feature=1 3 4 4 3
split_gain=0.0220247 0.0476082 0.00608025 0.00501131 0.00228666
threshold=0.50000000000000011 0.33050000000000007 0.54885000000000017 0.51755000000000007 0.36475000000000007
decision_type=2 2 2 2 2
left_child=-1 -2 3 4 -3
right_child=1 2 -4 -5 -6
leaf_value=0.012092117704558153 -0.018885928370844175 0.0031319744646708838 -0.0045468975206661294 0.0070553472360875939 -0.0016308884025086059
leaf_weight=1.3089999854564673 1.3760508205741624 2.0622065961360931 1.3957258248701689 1.8798161931335924 1.9718704055994747
leaf_count=10 14 4 14 6 8
internal_value=0 -0.00182238 0.00138987 0.00279099 0.000803871
internal_weight=0 8.68567 7.30962 5.91389 4.03408
internal_count=56 46 32 18 12
is_linear=0
shrinkage=0.1


Tree=47
num_leaves=6
num_cat=0
split_feature=1 3 0 1 3
split_gain=0.0208684 0.115526 0.155772 0.0120291 0.0184525
threshold=0.63000000000000012 0.28375000000000006 0.8660500000000001 0.55500000000000016 0.45575000000000004
decision_type=2 2 2 2 2
left_child=1 -1 -3 -4 -5
right_child=-2 2 3 4 -6
leaf_value=0.027485494391644993 -0.009435244501763437 -0.044234166129765745 0.010197069857802022 -0.0065100565871571009 0.006561938249177484
leaf_weight=1.4783462900668363 1.8984436094760901 0.81983804423362006 1.4577706893905995 2.2749397824518383 2.0556542873382568
leaf_count=8 10 8 12 12 6
internal_value=0 0.00221507 -0.00343827 0.00233988 -0.000305018
internal_weight=0 8.08655 6.6082 5.78836 4.33059
internal_count=56 46 38 30 18
is_linear=0
shrinkage=0.1


Tree=48
num_leaves=6
num_cat=0
split_feature=1 3 4 3 3
split_gain=0.0200401 0.0485712 0.00365921 0.00954324 0.0181286
threshold=0.50000000000000011 0.33050000000000007 0.49515000000000003 0.39770000000000005 0.36475000000000007
decision_type=2 2 2 2 2
left_child=-1 -2 -3 4 -4
right_child=1 2 3 -5 -6
leaf_value=0.011651657595863724 -0.01904007916046585 0.0036591450760227531 -0.0044822676410011305 -0.010744551532911336 0.012299071695200945
leaf_weight=1.2851859964430339 1.3653155658394078 3.8000166490674019 1.6836933959275489 0.75900769792497147 1.0422200178727508
leaf_count=10 14 8 8 10 6
internal_value=0 -0.00173111 0.00151287 -0.000827457 0.00193387
internal_weight=0 8.65025 7.28494 3.48492 2.72591
internal_count=56 46 32 24 14
is_linear=0
shrinkage=0.1


Tree=49
num_leaves=6
num_cat=0
split_feature=4 4 1 3 3
split_gain=0.0155442 0.111118 0.0488021 0.0234493 0.0064328
threshold=0.55500000000000016 0.59255000000000013 0.50000000000000011 0.28375000000000006 0.36475000000000007
decision_type=2 2 2 2 2
left_child=2 -2 -1 -4 -5
right_child=1 -3 3 4 -6
leaf_value=0.020439768115271945 -0.056337942868608597 0.0065629249920744802 -0.013806779670664918 0.0038066418887972224 -0.0029094850598455797
leaf_weight=1.1885650753974895 0.37679917830973941 1.1028845421969888 1.2624202799051998 3.6583875063806772 2.337272034958005
leaf_count=8 12 6 8 10 12
internal_value=0 -0.00945468 0.00165627 -0.00141967 0.00118851
internal_weight=0 1.47968 8.44664 7.25808 5.99566
internal_count=56 18 38 30 22
is_linear=0
shrinkage=0.1


Tree=50
num_leaves=6
num_cat=0
split_feature=3 1 2 3 3
split_gain=0.013874 0.103442 0.00576028 0.0309997 0.00782799
threshold=0.28375000000000006 0.44000000000000006 0.55000000000000016 0.36475000000000007 0.45575000000000004
decision_type=2 2 2 2 2
left_child=-1 -2 4 -4 -3
right_child=1 2 3 -5 -6
leaf_value=0.0085207019564268582 -0.037046774921793139 -0.0045864717179444053 -0.0033743096967649858 0.017711350989045631 0.0036038251941267353
leaf_weight=1.6018028464168317 0.75069045647978594 2.2229944346472621 1.6748317959718408 1.194527383893728 2.4564344547688961
leaf_count=12 4 12 8 8 12
internal_value=0 -0.0016445 0.00187608 0.00540375 -0.000287031
internal_weight=0 8.29948 7.54879 2.86936 4.67943
internal_count=56 44 40 16 24
is_linear=0
shrinkage=0.1


Tree=51
num_leaves=6
num_cat=0
split_feature=1 3 2 3 4
split_gain=0.0181472 0.0470459 0.00825449 0.0278481 0.00780002
threshold=0.50000000000000011 0.33050000000000007 0.55000000000000016 0.36475000000000007 0.47750000000000004
decision_type=2 2 2 2 2
left_child=-1 -2 4 -4 -3
right_child=1 2 3 -5 -6
leaf_value=0.011234255930319697 -0.018743458733719531 0.003335975577086986 -0.0026607058961768252 0.017353511339001974 -0.0050799965347254616
leaf_weight=1.255343213677407 1.3548418362624923 2.0645167753100395 1.6554445922374728 1.1985558457672594 2.3602601382881403
leaf_count=10 14 4 6 8 14
internal_value=0 -0.00163348 0.0015513 0.00574439 -0.00115326
internal_weight=0 8.63362 7.27878 2.854 4.42478
internal_count=56 46 32 14 18
is_linear=0
shrinkage=0.1


Tree=52
num_leaves=6
num_cat=0
split_feature=1 3 2 3 4
split_gain=0.0140047 0.0424707 0.00805973 0.0263912 0.00582812
threshold=0.50000000000000011 0.33050000000000007 0.55000000000000016 0.36475000000000007 0.47750000000000004
decision_type=2 2 2 2 2
left_child=-1 -2 4 -4 -3
right_child=1 2 3 -5 -6
leaf_value=0.0098728263718300333 -0.017710037087472871 0.0028011426818191341 -0.0024618621536923141 0.017013381106356123 -0.0044760581667955572
leaf_weight=1.2544393874704844 1.3521949844434837 2.0607954412698746 1.6541164368391039 1.2010401515290139 2.3617914346978068
leaf_count=10 14 4 6 8 14
internal_value=0 -0.0014351 0.00158876 0.00573053 -0.0010851
internal_weight=0 8.62994 7.27774 2.85516 4.42259
internal_count=56 46 32 14 18
is_linear=0
shrinkage=0.1


Tree=53
num_leaves=10
num_cat=0
split_feature=3 1 4 1 3 3 3 1 0
split_gain=0.0142547 0.0955131 0.00679285 0.0196518 0.0560271 0.0253441 0.309349 0.000695109 9.04495e-05
threshold=0.28375000000000006 0.44000000000000006 0.59255000000000013 0.57000000000000017 0.51595000000000013 0.47860000000000008 0.45575000000000004 0.63000000000000012 0.95000000000000007
decision_type=2 2 2 2 2 2 2 2 2
left_child=-1 -2 3 4 5 6 -3 8 -5
right_child=1 2 -4 7 -6 -7 -8 -9 -10
leaf_value=0.0086863296806267819 -0.03582892550825819 -0.11523523630887827 0.0089024836604529832 0.0023411712948097868 -0.050265934396688944 0.024148008424985323 0.09505276492109703 0.0043063252401454094 0.0013693375853970466
leaf_weight=1.5860825674608356 0.74468477070331385 0.15057351626455773 1.1181752290576694 2.057922326028347 0.28088469430804253 0.30299021303653717 0.13065787777304649 1.7214082516729829 1.7912853942252698
leaf_count=12 4 8 6 4 4 2 2 6 8
internal_value=0 -0.00166019 0.00170826 0.000458296 -0.013564 0.00408172 -0.0175371 0.00263593 0.00188891
internal_weight=0 8.29858 7.5539 6.43572 0.865106 0.584222 0.281231 5.57062 3.84921
internal_count=56 44 40 34 16 12 10 18 12
is_linear=0
shrinkage=0.1


Tree=54
num_leaves=9
num_cat=0
split_feature=1 4 3 4 0 3 3 4
split_gain=0.0157439 0.0326247 0.352682 0.0305858 0.0777765 0.240465 0.0294614 0.00652058
threshold=0.55500000000000016 0.59255000000000013 0.28375000000000006 0.52050000000000007 0.95000000000000007 0.47860000000000008 0.45575000000000004 0.47750000000000004
decision_type=2 2 2 2 2 2 2 2
left_child=1 2 -1 7 -5 -6 -4 -2
right_child=3 -3 6 4 5 -7 -8 -9
leaf_value=0.089855699835040548 -0.0028989796579582902 0.020554642894799784 -0.038326749076602093 0.0032116685990754182 -0.11373753459736907 0.0048466731697599311 -0.0055441718987260767 0.0041951867394920501
leaf_weight=0.32655849680304538 2.1362356152385473 1.0255907624959946 0.80415840167552211 1.1104443613439796 0.27027299813926209 0.46555817872285843 0.41592461429536343 3.292640320956707
leaf_count=4 6 4 10 4 10 4 6 8
internal_value=0 0.00672453 -0.00244633 -0.00237755 -0.013496 -0.0387097 -0.0271512 0.00140367
internal_weight=0 2.57223 1.54664 7.27515 1.84628 0.735831 1.22008 5.42888
internal_count=56 24 20 32 18 14 16 14
is_linear=0
shrinkage=0.1


Tree=55
num_leaves=6
num_cat=0
split_feature=3 1 0 4 4
split_gain=0.032747 0.0357152 0.0533761 0.0291765 0.00553952
threshold=0.47860000000000008 0.55500000000000016 0.95000000000000007 0.52050000000000007 0.47750000000000004
decision_type=2 2 2 2 2
left_child=1 2 -1 4 -3
right_child=-2 3 -4 -5 -6
leaf_value=-0.0033622143285477026 -0.020009966799846263 -0.0026784873670534885 0.027521093876629911 -0.015279071868951062 0.0038582913654642381
leaf_weight=1.0815973691642267 0.75457425415515977 2.1356865949928761 1.1596318120136857 1.3212088169530032 3.2989888340234756
leaf_count=12 8 6 8 14 8
internal_value=0 0.0016782 0.0126171 -0.00195071 0.00128951
internal_weight=0 8.99711 2.24123 6.75588 5.43468
internal_count=56 48 20 28 14
is_linear=0
shrinkage=0.1


Tree=56
num_leaves=6
num_cat=0
split_feature=4 1 3 1 4
split_gain=0.0312557 0.0172131 0.0377945 0.00882822 0.00731726
threshold=0.59255000000000013 0.50000000000000011 0.33050000000000007 0.63000000000000012 0.47750000000000004
decision_type=2 2 2 2 2
left_child=1 -1 -3 4 -4
right_child=-2 2 3 -5 -6
leaf_value=0.0092874210689068773 0.015823627132803605 -0.019048408520657784 0.0015391229939883855 0.005647091209033399 -0.0065747497300749167
leaf_weight=1.1653152443468551 1.1069728955626494 1.3326240570750085 2.0719954892992973 1.7034253999590871 2.3975390349514782
leaf_count=10 6 14 4 6 16
internal_value=0 -0.00202013 -0.00377574 -0.000478663 -0.0028133
internal_weight=0 8.6709 7.50558 6.17296 4.46953
internal_count=56 50 40 26 20
is_linear=0
shrinkage=0.1


Tree=57
num_leaves=6
num_cat=0
split_feature=4 1 3 1 4
split_gain=0.0385862 0.0145611 0.0326391 0.00990158 0.00662404
threshold=0.59255000000000013 0.50000000000000011 0.33050000000000007 0.63000000000000012 0.47750000000000004
decision_type=2 2 2 2 2
left_child=1 -1 -3 4 -4
right_child=-2 2 3 -5 -6
leaf_value=0.0081538343146002161 0.017457779548186118 -0.018093035279055258 0.00087600220425246332 0.0056834549258438999 -0.0068319489560845232
leaf_weight=1.1636948697268943 1.1212103813886649 1.3278370136395095 2.0692530050873756 1.7006420679390428 2.4174683559685946
leaf_count=10 6 14 4 6 16
internal_value=0 -0.00225534 -0.00386715 -0.000814212 -0.00327708
internal_weight=0 8.6789 7.5152 6.18736 4.48672
internal_count=56 50 40 26 20
is_linear=0
shrinkage=0.1


Tree=58
num_leaves=7
num_cat=0
split_feature=4 3 1 3 1 4
split_gain=0.0507124 0.016294 0.0363892 0.0296298 0.011313 0.00606577
threshold=0.59255000000000013 0.47860000000000008 0.50000000000000011 0.28375000000000006 0.66500000000000015 0.47750000000000004
decision_type=2 2 2 2 2 2
left_child=1 2 -1 -4 5 -5
right_child=-2 -3 3 4 -6 -7
leaf_value=0.015796136648316708 0.019819392297834505 -0.016255079323320234 -0.017640535924254078 0.00018450246936676588 0.0064993439572154895 -0.0076169718154472689
leaf_weight=1.0833376869559268 1.1412449609488255 0.79417286440730084 1.2808358650654552 2.0674236416816716 1.5459855049848554 1.9242208576761184
leaf_count=8 6 8 10 4 4 16
internal_value=0 -0.00260107 -0.00122877 -0.00393373 -0.000763395 -0.00357629
internal_weight=0 8.69598 7.9018 6.81847 5.53763 3.99164
internal_count=56 50 42 34 24 20
is_linear=0
shrinkage=0.1


Tree=59
num_leaves=7
num_cat=0
split_feature=4 1 3 3 3 4
split_gain=0.0759159 0.014709 0.260201 0.0189957 0.0168828 0.0131366
threshold=0.59255000000000013 0.55500000000000016 0.28375000000000006 0.51595000000000013 0.28375000000000006 0.51755000000000007
decision_type=2 2 2 2 2 2
left_child=1 2 -1 -4 -3 -6
right_child=-2 4 3 -5 5 -7
leaf_value=0.073722728178907015 0.023888417554547348 -0.011947861843118947 -0.022900593884036986 -0.049045088536673144 -0.0024998282533945934 0.0073886725820906524
leaf_weight=0.29037100914865543 1.1729062832891948 1.2260993961244819 0.90298226196318843 0.4014565572142601 3.8565921783447266 2.0616103075444698
leaf_count=4 6 8 12 4 8 14
internal_value=0 -0.00320615 -0.0118894 -0.0309469 -0.0012678 0.000944838
internal_weight=0 8.73911 1.59481 1.30444 7.1443 5.9182
internal_count=56 50 20 16 30 22
is_linear=0
shrinkage=0.1


Tree=60
num_leaves=7
num_cat=0
split_feature=4 3 1 1 0 4
split_gain=0.135114 0.0752328 0.0440783 0.0395348 0.0113747 0.00444727
threshold=0.59255000000000013 0.47860000000000008 0.66500000000000015 0.50000000000000011 0.95000000000000007 0.49515000000000003
decision_type=2 2 2 2 2 2
left_child=1 2 3 -1 5 -5
right_child=-2 -3 -4 4 -6 -7
leaf_value=0.013279244416254438 0.031266990234273699 -0.028160233982701843 0.014148354491550469 -0.0015838301213679633 -0.013975057034466123 -0.0092270430587263492
leaf_weight=1.0452801752835492 1.2180581633001573 1.1454859953373668 1.5890784012153742 2.0737123936414723 1.9898380483500657 1.202848372980952
leaf_count=8 6 8 6 4 14 10
internal_value=0 -0.00421004 -0.000737634 -0.00448545 -0.0080114 -0.00438971
internal_weight=0 9.04624 7.90076 6.31168 5.2664 3.27656
internal_count=56 50 42 36 28 14
is_linear=0
shrinkage=0.1


Tree=61
num_leaves=7
num_cat=0
split_feature=4 1 3 2 3 1
split_gain=0.839873 0.167406 0.137983 0.0880673 0.0490847 0.0714453
threshold=0.59255000000000013 0.6100000000000001 0.45575000000000004 0.55000000000000016 0.28375000000000006 0.57000000000000017
decision_type=2 2 2 2 2 2
left_child=1 2 4 -3 -1 -6
right_child=-2 3 -4 -5 5 -7
leaf_value=0.01090809107356509 0.068677236000542694 -0.039335407439797729 0.042798444517152728 -0.011594083044794128 -0.037181255732302347 -0.0024445564280998048
leaf_weight=1.3186360644176582 1.5334517359733588 2.1866412414237857 0.70163257606327523 2.4007664918899536 0.82855838444083962 2.0747637585736811
leaf_count=8 6 6 8 8 12 8
internal_value=0 -0.0110728 0.00173326 -0.0248173 -0.00509122 -0.0123578
internal_weight=0 9.511 4.92359 4.58741 4.22196 2.90332
internal_count=56 50 36 14 28 20
is_linear=0
shrinkage=0.1


Tree=62
num_leaves=6
num_cat=0
split_feature=3 3 4 1 1
split_gain=0.185946 0.117291 0.055744 0.0556444 0.0360245
threshold=0.47860000000000008 0.36475000000000007 0.52050000000000007 0.55500000000000016 0.66500000000000015
decision_type=2 2 2 2 2
left_child=1 2 4 -3 -1
right_child=-2 3 -4 -5 -6
leaf_value=-0.0043360727231948294 -0.038264156597131192 0.03637824087007873 -0.021197037254606133 0.0091933290094672656 0.01443682685107457
leaf_weight=3.1177836740389449 1.1296664010733373 1.2946084686554968 1.3610857913736252 1.7996075935661793 1.5208121389150617
leaf_count=12 8 10 16 6 4
internal_value=0 0.00475327 -0.00340255 0.0205674 0.00181882
internal_weight=0 9.0939 5.99968 3.09422 4.6386
internal_count=56 48 32 16 16
is_linear=0
shrinkage=0.1


Tree=63
num_leaves=5
num_cat=0
split_feature=3 1 3 1
split_gain=0.24688 0.164206 0.0418725 0.0109554
threshold=0.36475000000000007 0.55500000000000016 0.28375000000000006 0.59500000000000008
decision_type=2 2 2 2
left_child=2 -2 -1 -4
right_child=1 -3 3 -5
leaf_value=0.0033803659828477665 0.043416819260373281 0.0021535285101284725 -0.019695664799686163 -0.010476653642287927
leaf_weight=1.4558385433629153 1.6921029132790866 2.2425347846001387 3.0325149158015847 2.242030794499442
leaf_count=12 14 10 12 8
internal_value=0 0.0198989 -0.0116331 -0.015777
internal_weight=0 3.93464 6.73038 5.27455
internal_count=56 24 32 20
is_linear=0
shrinkage=0.1


Tree=64
num_leaves=7
num_cat=0
split_feature=4 1 3 1 3 4
split_gain=0.39254 0.0616341 0.142922 0.0157293 0.0245955 0.0152655
threshold=0.59255000000000013 0.59500000000000008 0.28375000000000006 0.55500000000000016 0.51595000000000013 0.51755000000000007
decision_type=2 2 2 2 2 2
left_child=1 2 -1 4 -4 -3
right_child=-2 5 3 -5 -6 -7
leaf_value=0.013676022215237072 0.048606276436506765 -0.004043311689261188 -0.021680482843804069 -0.019168269369657581 -0.047977230328234435 0.0089552525212876054
leaf_weight=1.3478293530642966 1.4332566857337958 1.8338773595169189 0.89682227885350563 2.5514933886006474 0.58944431319832802 1.780840659048408
leaf_count=8 6 6 12 8 4 12
internal_value=0 -0.00774032 -0.0145199 -0.0239319 -0.0321096 0.00236061
internal_weight=0 9.00031 5.38559 4.03776 1.48627 3.61472
internal_count=56 50 32 24 16 18
is_linear=0
shrinkage=0.1


Tree=65
num_leaves=5
num_cat=0
split_feature=1 0 3 0
split_gain=0.149199 0.136164 0.0251453 0.0383872
threshold=0.55500000000000016 0.95000000000000007 0.45575000000000004 0.95000000000000007
decision_type=2 2 2 2
left_child=1 -1 3 -2
right_child=2 -3 -4 -5
leaf_value=-0.0077184047595472193 -0.0031429768611796298 0.038646020942595997 0.0021371854997239252 -0.019729622453000872
leaf_weight=1.0414122389629483 3.1673857308924198 1.6168365273624659 2.2054230757057667 2.4939470675308257
leaf_count=12 8 12 8 16
internal_value=0 0.020482 -0.00692106 -0.0104498
internal_weight=0 2.65825 7.86676 5.66133
internal_count=56 24 32 24
is_linear=0
shrinkage=0.1


Tree=66
num_leaves=6
num_cat=0
split_feature=3 1 0 4 4
split_gain=0.0501835 0.0489892 0.0845499 0.035079 0.0221701
threshold=0.47860000000000008 0.55500000000000016 0.95000000000000007 0.52050000000000007 0.47750000000000004
decision_type=2 2 2 2 2
left_child=1 2 -1 4 -3
right_child=-2 3 -4 -5 -6
leaf_value=-0.0061518406945926746 -0.021100354772459442 -0.0064096149262743776 0.032172429333092244 -0.016411815641582433 0.0067623235043305684
leaf_weight=1.049099585041402 1.013609632849694 2.0889306887984276 1.2756045116111636 1.3443121204618362 3.2908789850771427
leaf_count=12 8 6 8 14 8
internal_value=0 0.00236357 0.0148773 -0.00196276 0.00164778
internal_weight=0 9.04883 2.3247 6.72412 5.37981
internal_count=56 48 20 28 14
is_linear=0
shrinkage=0.1


Tree=67
num_leaves=6
num_cat=0
split_feature=3 4 3 4 1
split_gain=0.305358 0.0498764 0.0907798 0.0142356 0.003325
threshold=0.51595000000000013 0.51755000000000007 0.33050000000000007 0.55500000000000016 0.6100000000000001
decision_type=2 2 2 2 2
left_child=1 4 -3 -4 -1
right_child=-2 2 3 -5 -6
leaf_value=0.00046065707252785693 -0.053037589833127279 -0.010222285450632279 0.026816502380724284 0.013585300612278264 -0.0049533311284485591
leaf_weight=3.0171939828433079 0.98318498209118921 1.2359928735531864 2.0071287052705888 1.3669663015753029 1.8178254766389725
leaf_count=12 4 12 10 12 6
internal_value=0 0.00552093 0.0129629 0.0214561 -0.00157484
internal_weight=0 9.44511 4.61009 3.3741 4.83502
internal_count=56 52 34 22 18
is_linear=0
shrinkage=0.1


Tree=68
num_leaves=5
num_cat=0
split_feature=1 0 3 0
split_gain=0.0526288 0.0570002 0.0165372 0.0345017
threshold=0.55500000000000016 0.95000000000000007 0.45575000000000004 0.95000000000000007
decision_type=2 2 2 2
left_child=1 -1 3 -2
right_child=2 -3 -4 -5
leaf_value=-0.0048833705345949514 0.00013014744274503467 0.025758658648293482 0.0033694857157492452 -0.015598854252031703
leaf_weight=1.0586174950003624 3.1283507393673062 1.4232477154582739 2.1820714809000492 2.5162709366995841
leaf_count=12 8 12 8 16
internal_value=0 0.0126886 -0.00402358 -0.00688156
internal_weight=0 2.48187 7.82669 5.64462
internal_count=56 24 32 24
is_linear=0
shrinkage=0.1


Tree=69
num_leaves=6
num_cat=0
split_feature=1 0 1 4 0
split_gain=0.0683145 0.0597558 0.0265713 0.00829178 0.00103585
threshold=0.55500000000000016 0.95000000000000007 0.63000000000000012 0.54035000000000011 0.95000000000000007
decision_type=2 2 2 2 2
left_child=1 -1 3 4 -2
right_child=2 -3 -4 -5 -6
leaf_value=-0.0039027592198695332 -5.8107871149603319e-05 0.027172396535231458 -0.013194459703599016 -0.0077585427555034378 0.0031395715763398281
leaf_weight=1.0610127411782742 2.0223085954785347 1.4847284322604537 2.479917673394084 1.2550074157770721 2.0298782289028168
leaf_count=12 4 12 10 12 6
internal_value=0 0.0142209 -0.00464906 -0.000656014 0.00154372
internal_weight=0 2.54574 7.78711 5.30719 4.05219
internal_count=56 24 32 22 10
is_linear=0
shrinkage=0.1


Tree=70
num_leaves=7
num_cat=0
split_feature=3 1 1 0 3 4
split_gain=0.285446 0.0419054 0.0340897 0.0496477 0.0132902 0.00630808
threshold=0.51595000000000013 0.66500000000000015 0.55500000000000016 0.95000000000000007 0.45575000000000004 0.54035000000000011
decision_type=2 2 2 2 2 2
left_child=1 2 3 -1 5 -4
right_child=-2 -3 4 -5 -6 -7
leaf_value=-0.0032412666960239013 -0.052944510319677646 0.019833145048457401 -0.0026556628391567749 0.026406226351047193 0.0040098303943761756 -0.011629186610428804
leaf_weight=1.064704205375163 0.92683920450508672 1.6241833376698194 2.0708860401064162 1.2030874853953719 2.1679137386381626 1.2600187964271752
leaf_count=12 4 6 6 8 8 12
internal_value=0 0.00522544 0.00217063 0.012487 -0.00208401 -0.00605018
internal_weight=0 9.39079 7.76661 2.26779 5.49882 3.3309
internal_count=56 52 46 20 26 18
is_linear=0
shrinkage=0.1


Tree=71
num_leaves=6
num_cat=0
split_feature=1 3 0 1 3
split_gain=0.0370203 0.0348382 0.0954829 0.0479327 0.00504576
threshold=0.63000000000000012 0.28375000000000006 0.8660500000000001 0.55500000000000016 0.45575000000000004
decision_type=2 2 2 2 2
left_child=1 -1 -3 -4 -5
right_child=-2 2 3 4 -6
leaf_value=0.017649754193654464 -0.010581785151970126 -0.032874240187335091 0.020870236100695466 -0.0039172310417442732 0.0030357079709348034
leaf_weight=1.407009460031986 2.4994195243343711 0.76495358534157265 1.3926693256944416 2.1558853278402239 2.023255966603756
leaf_count=8 10 8 12 12 6
internal_value=0 0.00341543 0.000254859 0.00480315 -0.000551091
internal_weight=0 7.74377 6.33676 5.57181 4.17914
internal_count=56 46 38 30 18
is_linear=0
shrinkage=0.1


Tree=72
num_leaves=6
num_cat=0
split_feature=1 3 0 1 3
split_gain=0.0517901 0.0279458 0.0887328 0.0540159 0.00312802
threshold=0.63000000000000012 0.28375000000000006 0.8660500000000001 0.55500000000000016 0.45575000000000004
decision_type=2 2 2 2 2
left_child=1 -1 -3 -4 -5
right_child=-2 2 3 4 -6
leaf_value=0.016784447583432421 -0.012593656798040687 -0.030916850700279754 0.022170617293003389 -0.0029060320475307226 0.0025787819389231428
leaf_weight=1.403733419254422 2.4764751554466784 0.75798931904137123 1.4481771076098082 2.1480780786368996 2.0153135359287262
leaf_count=8 10 8 12 12 6
internal_value=0 0.00401219 0.00119742 0.00553529 -0.000251076
internal_weight=0 7.77329 6.36956 5.61157 4.16339
internal_count=56 46 38 30 18
is_linear=0
shrinkage=0.1


Tree=73
num_leaves=6
num_cat=0
split_feature=1 3 1 4 4
split_gain=0.220284 0.129744 0.0351558 0.00789096 0.0233767
threshold=0.63000000000000012 0.47860000000000008 0.50000000000000011 0.59255000000000013 0.49515000000000003
decision_type=2 2 2 2 2
left_child=1 2 -1 4 -4
right_child=-2 -3 3 -5 -6
leaf_value=0.020377617848741866 -0.026751948063836156 0.044133214064695475 0.0028750070112646092 0.0081911764860163917 -0.012720904908990131
leaf_weight=1.04779879003763 2.3783995555713782 0.87929974123835553 3.7551698088645935 1.1114280335605142 1.2916698572225866
leaf_count=8 10 6 8 6 18
internal_value=0 0.00786938 0.00344439 0.000563281 -0.00111655
internal_weight=0 8.08537 7.20607 6.15827 5.04684
internal_count=56 46 40 32 26
is_linear=0
shrinkage=0.1


Tree=74
num_leaves=6
num_cat=0
split_feature=3 1 3 1 1
split_gain=0.0893141 0.0331182 0.0505037 0.0125123 0.0108604
threshold=0.47860000000000008 0.50000000000000011 0.33050000000000007 0.6100000000000001 0.55500000000000016
decision_type=2 2 2 2 2
left_child=1 -1 -3 4 -4
right_child=-2 2 3 -5 -6
leaf_value=0.019753735588004317 -0.030657993901551928 -0.017289960790809248 0.0079485099194082139 0.0087159322989993748 -0.0042126355033126279
leaf_weight=1.0407403632998447 0.865655258297921 1.2930697486735878 1.1176691930741074 3.2668651267886162 2.1411103620193899
leaf_count=8 8 14 10 8 8
internal_value=0 0.00299558 0.000764926 0.00434254 -4.17067e-05
internal_weight=0 8.85945 7.81871 6.52564 3.25878
internal_count=56 48 40 26 18
is_linear=0
shrinkage=0.1


Tree=75
num_leaves=6
num_cat=0
split_feature=3 1 3 1 4
split_gain=0.0592665 0.0264198 0.0435657 0.0198443 0.0069767
threshold=0.47860000000000008 0.50000000000000011 0.33050000000000007 0.66500000000000015 0.49515000000000003
decision_type=2 2 2 2 2
left_child=1 -1 -3 4 -4
right_child=-2 2 3 -5 -6
leaf_value=0.017585614191628893 -0.023216716547200561 -0.016250250757474712 0.0030085518015938294 0.013878541751670276 -0.0056375236144728426
leaf_weight=1.0377156212925891 0.98903108388185579 1.2821506168693302 3.7614531368017197 1.5296687670052049 1.2412570882588623
leaf_count=8 8 14 8 4 14
internal_value=0 0.00259393 0.000603135 0.00391105 0.000863314
internal_weight=0 8.85225 7.81453 6.53238 5.00271
internal_count=56 48 40 26 22
is_linear=0
shrinkage=0.1


Tree=76
num_leaves=7
num_cat=0
split_feature=3 1 3 1 1 0
split_gain=0.17276 0.114119 0.0297138 0.0577868 0.0209853 0.00796257
threshold=0.47860000000000008 0.63000000000000012 0.28375000000000006 0.44000000000000006 0.55500000000000016 0.95000000000000007
decision_type=2 2 2 2 2 2
left_child=1 2 -1 -4 -5 -6
right_child=-2 -3 3 4 5 -7
leaf_value=0.015415576847047223 0.042417267992604722 -0.023541124032055775 -0.027528013454521112 0.014344835315576419 0.003614563169634431 -0.0054355659375334726
leaf_weight=1.378765719011424 0.87855387292802412 2.2604712578468025 0.71539859101176251 1.2064243215136228 2.0160212442278862 1.8775934319710361
leaf_count=8 8 8 4 12 4 12
internal_value=0 -0.00394153 0.00221681 -0.000912449 0.002821 -0.000749624
internal_weight=0 9.45467 7.1942 5.81544 5.10004 3.89361
internal_count=56 48 40 32 28 16
is_linear=0
shrinkage=0.1


Tree=77
num_leaves=6
num_cat=0
split_feature=3 1 3 1 1
split_gain=0.0624703 0.0249623 0.0410348 0.00861721 0.00756385
threshold=0.47860000000000008 0.50000000000000011 0.33050000000000007 0.6100000000000001 0.55500000000000016
decision_type=2 2 2 2 2
left_child=1 -1 -3 4 -4
right_child=-2 2 3 -5 -6
leaf_value=0.017191987533031385 -0.025686381212528048 -0.015786946787978793 0.0068408593396808402 0.0074258392397052279 -0.0033303009794085495
leaf_weight=1.0238759201019982 0.8624658267945059 1.2797288148431105 1.1117536607198419 3.2671233303844929 2.1356401890516281
leaf_count=8 8 14 10 8 8
internal_value=0 0.00251228 0.000583911 0.00379985 0.000151822
internal_weight=0 8.81812 7.79425 6.51452 3.24739
internal_count=56 48 40 26 18
is_linear=0
shrinkage=0.1


Tree=78
num_leaves=7
num_cat=0
split_feature=3 3 3 1 1 0
split_gain=0.0611683 0.0190712 0.0477332 0.0192122 0.0172609 0.0105489
threshold=0.47860000000000008 0.33050000000000007 0.28375000000000006 0.66500000000000015 0.55500000000000016 0.95000000000000007
decision_type=2 2 2 2 2 2
left_child=1 2 -1 4 -3 -6
right_child=-2 3 -4 -5 5 -7
leaf_value=0.0050718650670074214 -0.023334151114713608 0.012885984552881811 -0.026075793016192429 0.015172707645084238 0.0041721131478681256 -0.00626723405156263
leaf_weight=1.466197458095847 1.0081168152391917 1.1980625949800012 0.74048755143303413 1.5317711308598516 2.0134067162871361 1.864211962092668
leaf_count=12 8 12 8 4 4 8
internal_value=0 0.00266885 -0.00538022 0.00535699 0.00239474 -0.000846729
internal_weight=0 8.81414 2.20669 6.60745 5.07568 3.87762
internal_count=56 48 20 28 24 12
is_linear=0
shrinkage=0.1


Tree=79
num_leaves=7
num_cat=0
split_feature=1 3 1 3 4 4
split_gain=0.0931943 0.0925003 0.0244919 0.0104763 0.00538497 0.00718794
threshold=0.66500000000000015 0.47860000000000008 0.50000000000000011 0.28375000000000006 0.59255000000000013 0.47750000000000004
decision_type=2 2 2 2 2 2
left_child=1 2 -1 -4 5 -5
right_child=-2 -3 3 4 -6 -7
leaf_value=0.015856356913604212 -0.018026613914994383 0.037461768514571336 -0.0093290324200991353 0.0035321143143952531 0.007298089215889249 -0.0050790376136364687
leaf_weight=1.0174724161624906 2.2394605376757681 0.79339546896517266 1.1876182402484117 2.0067272409796719 1.1002515498548744 1.8751426639501003
leaf_count=8 6 8 8 4 6 16
internal_value=0 0.0050585 0.0014815 -0.000889102 0.00112278 -0.000627515
internal_weight=0 7.98061 7.18721 6.16974 4.98212 3.88187
internal_count=56 50 42 34 26 20
is_linear=0
shrinkage=0.1


Tree=80
num_leaves=6
num_cat=0
split_feature=3 1 3 1 4
split_gain=0.0654817 0.01933 0.0375617 0.0128813 0.00793268
threshold=0.47860000000000008 0.50000000000000011 0.28375000000000006 0.6100000000000001 0.49515000000000003
decision_type=2 2 2 2 2
left_child=1 -1 -3 4 -4
right_child=-2 2 3 -5 -6
leaf_value=0.015647261195131212 -0.025443280943453796 -0.014961556966175224 0.0034678103377461197 0.0084481287104299554 -0.0066630072449530581
leaf_weight=1.0130587890744189 0.91591581702232439 1.2442100588232277 2.0021471977233891 3.2566584497690201 1.2589025733759625
leaf_count=8 8 10 4 8 18
internal_value=0 0.00265573 0.000960116 0.00399951 -0.000443112
internal_weight=0 8.77498 7.76192 6.51771 3.26105
internal_count=56 48 40 30 22
is_linear=0
shrinkage=0.1


Tree=81
num_leaves=7
num_cat=0
split_feature=3 1 1 3 3 2
split_gain=0.244291 0.0328874 0.0159 0.01224 0.00399024 0.0181367
threshold=0.51595000000000013 0.66500000000000015 0.50000000000000011 0.28375000000000006 0.36475000000000007 0.55000000000000016
decision_type=2 2 2 2 2 2
left_child=1 2 -1 -4 -5 -6
right_child=-2 -3 3 4 5 -7
leaf_value=0.01363367313112936 -0.051803038277657434 0.01771402773560642 -0.0090359150280954498 -0.0012019374386261891 -0.0013000059667896829 0.014171950568616849
leaf_weight=1.0101249180734138 0.83442334458232004 1.6050510252825914 1.1865881010890005 2.1101866809185594 2.0642157178372145 1.196994827128947
leaf_count=8 4 6 8 12 10 8
internal_value=0 0.00471219 0.00195475 0.000155846 0.00218639 0.00437882
internal_weight=0 9.17316 7.56811 6.55799 5.3714 3.26121
internal_count=56 52 46 38 30 18
is_linear=0
shrinkage=0.1


Tree=82
num_leaves=5
num_cat=0
split_feature=3 2 3 1
split_gain=0.0280532 0.0355195 0.0401941 0.0100221
threshold=0.36475000000000007 0.55000000000000016 0.28375000000000006 0.55500000000000016
decision_type=2 2 2 2
left_child=1 2 -1 -2
right_child=3 -3 -4 -5
leaf_value=0.015898984112724102 0.013832557895148199 -0.01352431604241431 -0.0051682680555133146 0.0029227388180111109
leaf_weight=1.3501292294822631 1.376330759841949 2.4124728975584731 2.7506893575191498 2.1690013138577342
leaf_count=8 14 12 12 10
internal_value=0 -0.00389629 0.00176779 0.00715803
internal_weight=0 6.51329 4.10082 3.54533
internal_count=56 32 20 24
is_linear=0
shrinkage=0.1


Tree=83
num_leaves=6
num_cat=0
split_feature=1 3 0 1 0
split_gain=0.0424839 0.0187564 0.105551 0.0335403 0.0023585
threshold=0.63000000000000012 0.28375000000000006 0.8660500000000001 0.55500000000000016 0.95000000000000007
decision_type=2 2 2 2 2
left_child=1 -1 -3 -4 -5
right_child=-2 2 3 4 -6
leaf_value=0.014349460091962528 -0.011469810460377594 -0.033511205519101368 0.019523102383330302 0.0040962948136542675 -0.00068937471765191801
leaf_weight=1.353558801114559 2.4463808424770832 0.76226422376930703 1.4055562857538459 2.0022837519645691 2.1202619540272281
leaf_count=8 10 8 12 4 14
internal_value=0 0.00367083 0.00137301 0.00618315 0.00163498
internal_weight=0 7.64393 6.29037 5.5281 4.12255
internal_count=56 46 38 30 18
is_linear=0
shrinkage=0.1


Tree=84
num_leaves=7
num_cat=0
split_feature=3 1 3 1 1 0
split_gain=0.233429 0.158279 0.0225522 0.0517004 0.00691116 0.003406
threshold=0.47860000000000008 0.63000000000000012 0.28375000000000006 0.44000000000000006 0.55500000000000016 0.95000000000000007
decision_type=2 2 2 2 2 2
left_child=1 2 -1 -4 -5 -6
right_child=-2 -3 3 4 5 -7
leaf_value=0.014086231915458994 0.046649112059012517 -0.028122787284790347 -0.025595632675621427 0.0099879132708554138 0.0040819660252991519 -0.0018720284239724444
leaf_weight=1.3474640771746615 0.97129398025572378 2.2266914434731007 0.70773177221417416 1.1745272777043281 2.0020091384649277 1.8473551502684133
leaf_count=8 8 8 4 12 4 12
internal_value=0 -0.00486902 0.00244534 -0.000291354 0.00327334 0.00122457
internal_weight=0 9.30578 7.07909 5.73162 5.02389 3.84936
internal_count=56 48 40 32 28 16
is_linear=0
shrinkage=0.1


Tree=85
num_leaves=6
num_cat=0
split_feature=4 3 3 1 4
split_gain=0.0299945 0.0253712 0.053153 0.0107973 0.0072974
threshold=0.52050000000000007 0.47860000000000008 0.36475000000000007 0.57000000000000017 0.47750000000000004
decision_type=2 2 2 2 2
left_child=3 2 -2 -1 -5
right_child=1 -3 -4 4 -6
leaf_value=-0.0045445376113003857 -0.01802908100869147 -0.029096934806725025 0.011278527414997247 0.0010800636051917065 0.0087062903976647781
leaf_weight=1.2584607060998676 1.3134408384794376 0.49106111004948605 1.1701245433650909 2.044355608522892 3.2484902050346136
leaf_count=10 16 6 10 6 8
internal_value=0 -0.00832751 -0.00422089 0.00378111 0.00576067
internal_weight=0 2.97463 2.48357 6.55131 5.29285
internal_count=56 32 26 24 14
is_linear=0
shrinkage=0.1


Tree=86
num_leaves=6
num_cat=0
split_feature=3 1 3 1 4
split_gain=0.0368481 0.0198971 0.0419497 0.00731657 0.0080814
threshold=0.47860000000000008 0.50000000000000011 0.28375000000000006 0.66500000000000015 0.49515000000000003
decision_type=2 2 2 2 2
left_child=1 -1 -3 4 -4
right_child=-2 2 3 -5 -6
leaf_value=0.01524651831723681 -0.020424681708454906 -0.016663372588650298 0.0038662463537292415 0.0094452773746331389 -0.0054502102885964207
leaf_weight=0.98916806839406302 0.80842570774257261 1.2409046925604341 3.727151520550251 1.5311756785959003 1.2411182079231364
leaf_count=8 8 10 8 4 18
internal_value=0 0.00189149 0.000184805 0.00340154 0.00153891
internal_weight=0 8.72952 7.74035 6.49945 4.96827
internal_count=56 48 40 30 26
is_linear=0
shrinkage=0.1


Tree=87
num_leaves=7
num_cat=0
split_feature=3 3 3 1 1 0
split_gain=0.0491022 0.0190711 0.0359567 0.0179856 0.0075045 0.00711295
threshold=0.47860000000000008 0.33050000000000007 0.28375000000000006 0.66500000000000015 0.55500000000000016 0.95000000000000007
decision_type=2 2 2 2 2 2
left_child=1 2 -1 4 -3 -6
right_child=-2 3 -4 -5 5 -7
leaf_value=0.0034186834523824887 -0.02168374719871613 0.0091525032998964612 -0.023773710077178739 0.014526491522734806 0.0041335938979677632 -0.0044839482131096061
leaf_weight=1.4390904381871208 0.94239147938788015 1.1703200838528571 0.7344573022564872 1.5313408449292181 1.9992393106222153 1.8387451968155801
leaf_count=12 8 12 8 4 4 8
internal_value=0 0.00234525 -0.00576982 0.00504241 0.00214255 5.00397e-06
internal_weight=0 8.71319 2.17355 6.53965 5.0083 3.83798
internal_count=56 48 20 28 24 12
is_linear=0
shrinkage=0.1


Tree=88
num_leaves=7
num_cat=0
split_feature=3 1 3 1 4 3
split_gain=0.202855 0.119484 0.0230619 0.0456819 0.00699981 0.00394583
threshold=0.47860000000000008 0.63000000000000012 0.28375000000000006 0.44000000000000006 0.54035000000000011 0.36475000000000007
decision_type=2 2 2 2 2 2
left_child=1 2 -1 -4 5 -5
right_child=-2 -3 3 4 -6 -7
leaf_value=0.013993251793893264 0.046908880531901412 -0.024261262458021512 -0.024495609712031154 0.003628068118549431 0.0091595271185110124 -0.0028684026027604231
leaf_weight=1.3343460289761404 0.84520972892642099 2.2609079373069108 0.70220276899635781 1.9829853773117065 1.2679067892022429 1.7689752988517284
leaf_count=8 8 8 4 4 18 6
internal_value=0 -0.00425528 0.00215473 -0.000605932 0.00273587 0.000565111
internal_weight=0 9.31732 7.05642 5.72207 5.01987 3.75196
internal_count=56 48 40 32 28 10
is_linear=0
shrinkage=0.1


Tree=89
num_leaves=6
num_cat=0
split_feature=4 3 3 1 0
split_gain=0.014487 0.0349065 0.0174042 0.00964657 0.00136645
threshold=0.49515000000000003 0.47860000000000008 0.28375000000000006 0.59500000000000008 0.95000000000000007
decision_type=2 2 2 2 2
left_child=4 2 -2 -4 -1
right_child=1 -3 3 -5 -6
leaf_value=0.0053251741041757958 -0.010224923918143612 -0.023028470636736562 -0.0022647675912874678 0.0094391278582771493 0.0017919630785342231
leaf_weight=2.8848067950457335 1.1899442691355941 0.79219836927950371 1.2794736069627106 1.5663487841375172 1.7638795478269456
leaf_count=10 8 8 16 8 6
internal_value=0 -0.0038366 -6.93384e-05 0.00417709 0.00398455
internal_weight=0 4.82797 4.03577 2.84582 4.64869
internal_count=56 40 32 24 16
is_linear=0
shrinkage=0.1


Tree=90
num_leaves=6
num_cat=0
split_feature=3 1 3 1 4
split_gain=0.0542773 0.0167041 0.0348446 0.0204768 0.0091219
threshold=0.47860000000000008 0.50000000000000011 0.28375000000000006 0.66500000000000015 0.49515000000000003
decision_type=2 2 2 2 2
left_child=1 -1 -3 4 -4
right_child=-2 2 3 -5 -6
leaf_value=0.014775842853822052 -0.023067177001618516 -0.014512861567332001 0.0031661471579508328 0.013936263677365099 -0.0067828526067723275
leaf_weight=0.97605339996516516 0.92206749878823835 1.2335034096613524 3.7099635675549507 1.5297962538897989 1.2261436699191106
leaf_count=8 8 10 8 4 18
internal_value=0 0.00245169 0.000889357 0.00382764 0.000694786
internal_weight=0 8.67546 7.69941 6.4659 4.93611
internal_count=56 48 40 30 26
is_linear=0
shrinkage=0.1


Tree=91
num_leaves=7
num_cat=0
split_feature=3 1 3 1 1 0
split_gain=0.227149 0.120503 0.0209993 0.0442708 0.00580724 0.00266245
threshold=0.47860000000000008 0.63000000000000012 0.28375000000000006 0.44000000000000006 0.55500000000000016 0.95000000000000007
decision_type=2 2 2 2 2 2
left_child=1 2 -1 -4 -5 -6
right_child=-2 -3 3 4 5 -7
leaf_value=0.013127674893556108 0.048742743997640732 -0.024803058339285641 -0.02432672521688491 0.0086692064896329753 0.003146113178456476 -0.0021350841441668458
leaf_weight=1.3349462719634155 0.8737044073641308 2.2382306107319891 0.70169616118073452 1.1681759231723843 1.9905329942703247 1.8342126136412844
leaf_count=8 8 8 4 12 4 12
internal_value=0 -0.00459514 0.00183911 -0.000807178 0.00249822 0.000613438
internal_weight=0 9.26779 7.02956 5.69462 4.99292 3.82475
internal_count=56 48 40 32 28 16
is_linear=0
shrinkage=0.1


Tree=92
num_leaves=6
num_cat=0
split_feature=4 3 0 1 3
split_gain=0.0136292 0.0371596 0.0178302 0.0178434 0.000901772
threshold=0.49515000000000003 0.47860000000000008 0.95000000000000007 0.55500000000000016 0.45575000000000004
decision_type=2 2 2 2 2
left_child=4 2 -2 -4 -1
right_child=1 -3 3 -5 -6
leaf_value=0.0028003026486882647 -0.010126271484312497 -0.023794370611173968 0.014299521338112792 -0.0019476196136673275 0.0056901598926847995
leaf_weight=2.9180715242400765 1.1937009519897399 0.77443343214690674 1.114447804633528 1.7180176445981488 1.714076794683933
leaf_count=12 10 8 8 14 4
internal_value=0 -0.00373388 0.000124755 0.0044449 0.00386966
internal_weight=0 4.8006 4.02617 2.83247 4.63215
internal_count=56 40 32 22 16
is_linear=0
shrinkage=0.1


Tree=93
num_leaves=6
num_cat=0
split_feature=3 1 3 1 4
split_gain=0.0353842 0.0162325 0.0300195 0.0133692 0.0096954
threshold=0.47860000000000008 0.50000000000000011 0.28375000000000006 0.66500000000000015 0.49515000000000003
decision_type=2 2 2 2 2
left_child=1 -1 -3 4 -4
right_child=-2 2 3 -5 -6
leaf_value=0.014108176608450155 -0.019711152472330233 -0.013961154851413938 0.0030999642674665196 0.011256104327370332 -0.0071658082051262589
leaf_weight=0.96636186167597582 0.83093121089041311 1.2299826741218565 3.7048502489924431 1.5282707903534172 1.2239102250896392
leaf_count=8 8 10 8 4 18
internal_value=0 0.00189274 0.000357095 0.00308454 0.000550767
internal_weight=0 8.65338 7.68701 6.45703 4.92876
internal_count=56 48 40 30 26
is_linear=0
shrinkage=0.1


Tree=94
num_leaves=6
num_cat=0
split_feature=3 1 1 3 4
split_gain=0.0798211 0.0285669 0.0161101 0.00844784 0.00525881
threshold=0.47860000000000008 0.66500000000000015 0.50000000000000011 0.28375000000000006 0.49515000000000003
decision_type=2 2 2 2 2
left_child=1 2 -1 -4 -5
right_child=-2 -3 3 4 -6
leaf_value=0.012472687183970413 -0.025864173811449322 0.015318811949971764 -0.0090373387356756981 0.0022519160645059679 -0.005333995134820687
leaf_weight=0.96366944909095575 1.0626429170370109 1.5832814672030506 1.1805783091112969 3.7075264900922775 1.2127718466799704
leaf_count=8 8 6 8 8 18
internal_value=0 0.00317818 0.000457267 -0.00144064 0.000382115
internal_weight=0 8.64783 7.06455 6.10088 4.9203
internal_count=56 48 42 34 26
is_linear=0
shrinkage=0.1


Tree=95
num_leaves=6
num_cat=0
split_feature=3 1 3 0 1
split_gain=0.0554112 0.0391403 0.0255315 0.0752763 0.00641343
threshold=0.45575000000000004 0.63000000000000012 0.28375000000000006 0.8660500000000001 0.55500000000000016
decision_type=2 2 2 2 2
left_child=1 2 -1 -4 -5
right_child=-2 -3 3 4 -6
leaf_value=0.012517598636255223 0.013086771560971742 -0.015135759573508432 -0.031935874136859853 0.0096857287880754862 8.3203599168878666e-05
leaf_weight=1.3260368844494221 2.4420280493795872 2.2951707295142114 0.7533969841897491 1.0394248375669124 2.1022954435320571
leaf_count=8 14 8 8 6 12
internal_value=0 -0.00425184 0.000532624 -0.00354749 0.00326016
internal_weight=0 7.51632 5.22115 3.89512 3.14172
internal_count=56 42 34 26 18
is_linear=0
shrinkage=0.1


Tree=96
num_leaves=8
num_cat=0
split_feature=3 1 1 3 4 3 3
split_gain=0.321445 0.0678961 0.0111839 0.0122512 0.00467914 0.0308459 0.00399338
threshold=0.51595000000000013 0.66500000000000015 0.50000000000000011 0.28375000000000006 0.52050000000000007 0.47860000000000008 0.36475000000000007
decision_type=2 2 2 2 2 2 2
left_child=1 2 -1 -4 6 -6 -5
right_child=-2 -3 3 4 5 -7 -8
leaf_value=0.011948407788535242 -0.054306950853827085 0.024427572953972042 -0.0088683004084624019 0.0035911286450968903 -0.00063007315230230606 0.033600775519505945 -0.0029483991707356114
leaf_weight=0.95502915233373453 0.98272389546036798 1.6252959081903098 1.1774229696020482 1.9947318509221077 1.1601519943214951 0.34051034972071637 1.7556596621870995
leaf_count=8 4 6 8 4 16 4 6
internal_value=0 0.00592407 0.00185098 0.000350883 0.00241806 0.00713714 0.000529799
internal_weight=0 9.0088 7.38351 6.42848 5.25105 1.50066 3.75039
internal_count=56 52 46 38 30 20 10
is_linear=0
shrinkage=0.1


Tree=97
num_leaves=6
num_cat=0
split_feature=3 2 3 4 3
split_gain=0.0211307 0.0271847 0.0268901 0.00976247 0.0245677
threshold=0.36475000000000007 0.55000000000000016 0.28375000000000006 0.49515000000000003 0.45575000000000004
decision_type=2 2 2 2 2
left_child=1 2 -1 -2 -5
right_child=3 -3 -4 4 -6
leaf_value=0.013355170535910291 0.0010474720651921508 -0.011830137304869094 -0.0040519661416389676 0.0029333257102868819 0.028176861150107459
leaf_weight=1.316840316634625 1.724357858300209 2.3908281822223216 2.7214877605438232 1.1064341240562496 0.59172039106488239
leaf_count=8 4 12 12 10 10
internal_value=0 -0.00337907 0.00162425 0.00634755 0.0117294
internal_weight=0 6.42916 4.03833 3.42251 1.69815
internal_count=56 32 20 24 20
is_linear=0
shrinkage=0.1


Tree=98
num_leaves=6
num_cat=0
split_feature=1 3 0 1 0
split_gain=0.0371667 0.0115804 0.0725818 0.0310789 0.00194697
threshold=0.63000000000000012 0.28375000000000006 0.8660500000000001 0.55500000000000016 0.95000000000000007
decision_type=2 2 2 2 2
left_child=1 -1 -3 -4 -5
right_child=-2 2 3 4 -6
leaf_value=0.011998155843638053 -0.010749769908195634 -0.027693730174279643 0.01880976419048604 0.0035394118967352756 -0.00084367400202780749
leaf_weight=1.3185672196559606 2.4273130297660828 0.74040390551090229 1.3537254133261738 1.9928853362798689 2.0620643750298768
leaf_count=8 10 8 12 4 14
internal_value=0 0.00349414 0.0016706 0.00569034 0.00131048
internal_weight=0 7.46765 6.14908 5.40868 4.05495
internal_count=56 46 38 30 18
is_linear=0
shrinkage=0.1


Tree=99
num_leaves=6
num_cat=0
split_feature=3 1 3 0 1
split_gain=0.145159 0.110968 0.0133989 0.0129179 0.0129461
threshold=0.47860000000000008 0.63000000000000012 0.28375000000000006 0.95000000000000007 0.55500000000000016
decision_type=2 2 2 2 2
left_child=1 2 -1 -4 -5
right_child=-2 -3 3 4 -6
leaf_value=0.011682294641810254 0.039984123131317002 -0.023014754844026472 -0.0044661913065003854 0.013681316239329281 -6.9118413988889554e-05
leaf_weight=1.317586655728517 0.83257184363901693 2.2335489289835095 2.7264301446266472 1.0982106821611524 1.8185213085962459
leaf_count=8 8 8 12 8 12
internal_value=0 -0.00362068 0.00260244 0.000482445 0.00510821
internal_weight=0 9.1943 6.96075 5.64316 2.91673
internal_count=56 48 40 32 20
is_linear=0
shrinkage=0.1


end of trees

feature_importances:
phonological=204
syntactic=155
inventory=145
genetic=43
featural=17

parameters:
[boosting: gbdt]
[objective: lambdarank]
[metric: ndcg]
[tree_learner: serial]
[device_type: cpu]
[data: ]
[valid: ]
[num_iterations: 100]
[learning_rate: 0.1]
[num_leaves: 16]
[num_threads: 6]
[deterministic: 0]
[force_col_wise: 0]
[force_row_wise: 0]
[histogram_pool_size: -1]
[max_depth: -1]
[min_data_in_leaf: 5]
[min_sum_hessian_in_leaf: 0.001]
[bagging_fraction: 1]
[pos_bagging_fraction: 1]
[neg_bagging_fraction: 1]
[bagging_freq: 0]
[bagging_seed: 3]
[feature_fraction: 1]
[feature_fraction_bynode: 1]
[feature_fraction_seed: 2]
[extra_trees: 0]
[extra_seed: 6]
[early_stopping_round: 0]
[first_metric_only: 0]
[max_delta_step: 0]
[lambda_l1: 0]
[lambda_l2: 0]
[linear_lambda: 0]
[min_gain_to_split: 0]
[drop_rate: 0.1]
[max_drop: 50]
[skip_drop: 0.5]
[xgboost_dart_mode: 0]
[uniform_drop: 0]
[drop_seed: 4]
[top_rate: 0.2]
[other_rate: 0.1]
[min_data_per_group: 100]
[max_cat_threshold: 32]
[cat_l2: 10]
[cat_smooth: 10]
[max_cat_to_onehot: 4]
[top_k: 20]
[monotone_constraints: ]
[monotone_constraints_method: basic]
[monotone_penalty: 0]
[feature_contri: ]
[forcedsplits_filename: ]
[refit_decay_rate: 0.9]
[cegb_tradeoff: 1]
[cegb_penalty_split: 0]
[cegb_penalty_feature_lazy: ]
[cegb_penalty_feature_coupled: ]
[path_smooth: 0]
[interaction_constraints: ]
[verbosity: 1]
[saved_feature_importance_type: 0]
[linear_tree: 0]
[max_bin: 255]
[max_bin_by_feature: ]
[min_data_in_bin: 3]
[bin_construct_sample_cnt: 200000]
[data_random_seed: 1]
[is_enable_sparse: 1]
[enable_bundle: 1]
[use_missing: 1]
[zero_as_missing: 0]
[feature_pre_filter: 1]
[pre_partition: 0]
[two_round: 0]
[header: 0]
[label_column: ]
[weight_column: ]
[group_column: ]
[ignore_column: ]
[categorical_feature: ]
[forcedbins_filename: ]
[precise_float_parser: 0]
[parser_config_file: ]
[objective_seed: 5]
[num_class: 1]
[is_unbalance: 0]
[scale_pos_weight: 1]
[sigmoid: 1]
[boost_from_average: 1]
[reg_sqrt: 0]
[alpha: 0.9]
[fair_c: 1]
[poisson_max_delta_step: 0.7]
[tweedie_variance_power: 1.5]
[lambdarank_truncation_level: 30]
[lambdarank_norm: 1]
[label_gain: ]
[eval_at: 1,2,3,4,5]
[multi_error_top_k: 1]
[auc_mu_weights: ]
[num_machines: 1]
[local_listen_port: 12400]
[time_out: 120]
[machine_list_filename: ]
[machines: ]
[gpu_platform_id: -1]
[gpu_device_id: -1]
[gpu_use_dp: 0]
[num_gpu: 1]

end of parameters

pandas_categorical:null
