tree
version=v4
num_class=1
num_tree_per_iteration=1
label_index=0
max_feature_idx=4
objective=lambdarank
feature_names=genetic syntactic featural phonological inventory
feature_infos=[0:1] [0:0.69999999999999996] [0:0.59999999999999998] [0.00020000000000000001:0.4788] [0:0.63929999999999998]
tree_sizes=1160 947 1055 1047 1060 1058 1062 1170 961 1063 964 859 961 860 858 964 863 861 863 1069 969 864 970 966 867 867 977 867 758 870 869 870 871 976 869 871 759 760 761 766 764 867 763 767 865 867 765 764 763 766 870 764 765 767 766 974 763 767 769 765 765 766 767 768 975 767 769 768 769 764 766 768 980 767 768 768 769 769 767 769 766 978 770 767 767 768 769 770 771 771 770 771 770 772 769 768 769 768 769 772

Tree=0
num_leaves=10
num_cat=0
split_feature=3 1 3 3 1 1 0 4 4
split_gain=1.01406 1.51891 1.09182 0.545611 0.223938 0.454741 0.175343 0.158623 0.00197267
threshold=0.38810000000000006 0.41000000000000009 0.42870000000000003 0.23625000000000004 0.59500000000000008 0.57500000000000007 0.64285000000000003 0.59235000000000004 0.52860000000000007
decision_type=2 2 2 2 2 2 2 2 2
left_child=1 -1 7 -3 5 6 -5 -2 -6
right_child=2 3 -4 4 8 -7 -8 -9 -10
leaf_value=0.10817266187079951 0.0722533771509654 0.03572469239913445 -0.046363188571692547 -0.079613220906160825 -0.14331440210840127 -0.014660900566280628 -0.19624097914633981 0.14099998040387002 -0.15434655613026116
leaf_weight=0.54295567423105273 0.68658322095870994 0.34435010328888926 0.72578594461083401 0.23760989308357217 0.34753942117094982 0.59159473329782486 0.28178617358207703 0.65661703795194626 0.30373438447713852
leaf_count=6 6 4 6 4 6 10 6 4 4
internal_value=0 -0.0409656 0.0524611 -0.0794042 -0.101901 -0.0746075 -0.142887 0.10586 -0.148459
internal_weight=0 2.64957 2.06899 2.10661 1.76226 1.11099 0.519396 1.3432 0.651274
internal_count=56 40 16 34 30 20 10 10 10
is_linear=0
shrinkage=0.1


Tree=1
num_leaves=8
num_cat=0
split_feature=1 2 3 4 0 0 0
split_gain=6.33452 4.8896 2.95364 4.73388 2.24178 2.10865 0.769845
threshold=1.0000000180025095e-35 0.55000000000000016 0.38810000000000006 0.58535000000000015 0.91155000000000019 0.91155000000000019 0.88750000000000007
decision_type=2 2 2 2 2 2 2
left_child=-1 5 3 -3 -4 6 -2
right_child=1 2 4 -5 -6 -7 -8
leaf_value=0.19900302770755218 -0.11587137380934041 0.058542038853376943 0.14990328655435314 -0.18278373406461859 0.026324332560489962 -0.18597431785292229 -0.031439721451884381
leaf_weight=1.4736447334289575 1.4293589778244502 1.8284218162298205 2.1910270601511002 1.4634389057755468 4.4478826150298119 1.4724217690527437 4.4173984751105309
leaf_count=2 8 6 4 6 10 8 12
internal_value=0 -0.0170006 0.0287064 -0.0487424 0.0671089 -0.0790165 -0.0520808
internal_weight=0 17.2499 9.93077 3.29186 6.63891 7.31918 5.84676
internal_count=56 54 26 12 14 28 20
is_linear=0
shrinkage=0.1


Tree=2
num_leaves=9
num_cat=0
split_feature=4 3 1 1 1 0 3 3
split_gain=3.81617 2.57268 1.34167 0.986283 0.931406 0.30734 0.562919 0.0337906
threshold=1.0000000180025095e-35 0.38810000000000006 0.46000000000000002 0.57500000000000007 0.55500000000000016 0.91155000000000019 0.23625000000000004 0.33050000000000007
decision_type=2 2 2 2 2 2 2 2
left_child=-1 2 -2 -4 -3 -5 -7 -8
right_child=1 4 3 5 -6 6 7 -9
leaf_value=0.17278934035211105 0.015411207893547878 0.0020932723190941541 -0.16791442354235228 -0.030413534307032593 0.082038669349692173 -0.035971883282736331 -0.14404407356372256 -0.11213827637410537
leaf_weight=1.1808416843414313 2.2755629420280439 3.4493608251214019 0.95489872619509686 2.3311471343040466 2.5234244167804718 1.4354270696640017 0.58194556832313515 0.77265656739473343
leaf_count=2 8 8 8 8 8 2 6 6
internal_value=0 -0.014244 -0.0500831 -0.0746115 0.0358692 -0.0572141 -0.0796068 -0.125845
internal_weight=0 14.3244 8.35164 6.07608 5.97279 5.12118 2.79003 1.3546
internal_count=56 54 38 30 16 22 14 12
is_linear=0
shrinkage=0.1


Tree=3
num_leaves=9
num_cat=0
split_feature=3 4 1 1 3 0 0 3
split_gain=2.08168 1.6077 1.00739 0.870532 1.3622 0.741734 0.27788 0.0257008
threshold=0.23625000000000004 0.58535000000000015 0.41000000000000009 0.57500000000000007 0.33050000000000007 0.64285000000000003 0.91155000000000019 0.39770000000000005
decision_type=2 2 2 2 2 2 2 2
left_child=-1 2 -2 5 -5 -4 -3 -7
right_child=1 6 3 4 -6 7 -8 -9
leaf_value=0.094469317757328683 0.040008187548572341 0.070085948404129031 -0.04539864094138471 -0.10655730480066211 0.012560471602763698 -0.14523570511462955 0.015394177169671048 -0.17449332897678979
leaf_weight=1.9934130311012275 1.2007489204406718 1.3774511218070982 0.97492590546608004 1.5459352582693098 2.5331117808818817 0.51912010833621003 2.8534418344497681 0.7120836079120636
leaf_count=6 4 4 4 8 10 6 10 4
internal_value=0 -0.0160723 -0.0439201 -0.0599542 -0.0325845 -0.11056 0.0332002 -0.162157
internal_weight=0 11.7168 7.48593 6.28518 4.07905 2.20613 4.23089 1.2312
internal_count=56 50 36 32 18 14 14 10
is_linear=0
shrinkage=0.1


Tree=4
num_leaves=9
num_cat=0
split_feature=4 3 4 0 0 3 3 4
split_gain=2.06527 1.50437 1.06997 0.367492 0.275143 0.146538 0.0640076 0.0571938
threshold=1.0000000180025095e-35 0.38810000000000006 0.5697000000000001 0.91155000000000019 0.88750000000000007 0.23625000000000004 0.39770000000000005 0.58535000000000015
decision_type=2 2 2 2 2 2 2 2
left_child=-1 2 3 4 -2 -5 -3 -8
right_child=1 6 -4 5 -6 -7 7 -9
leaf_value=0.15372344340085006 -0.051803529529043241 0.044344123651453737 -0.14981210925219998 -0.031289741827984184 0.0035581286312170671 -0.087424294875057207 0.0072846100527630842 0.036193041006091733
leaf_weight=0.81963515281677324 1.2125810384750346 2.2844569683074951 0.77940519154071797 0.82191178202629078 3.4572289884090424 1.0710271894931791 1.3750676997005942 1.3625285550951955
leaf_count=2 6 4 8 2 12 10 6 6
internal_value=0 -0.0101905 -0.039039 -0.0258833 -0.0108173 -0.0630507 0.0319855 0.0216726
internal_weight=0 12.3642 7.34215 6.56275 4.66981 1.89294 5.02205 2.7376
internal_count=56 54 38 30 18 12 16 12
is_linear=0
shrinkage=0.1


Tree=5
num_leaves=9
num_cat=0
split_feature=4 3 1 1 3 3 0 3
split_gain=1.60022 0.62236 0.528766 0.25152 0.153297 1.10455 0.0989717 0.254395
threshold=1.0000000180025095e-35 0.38810000000000006 0.41000000000000009 0.57500000000000007 0.39770000000000005 0.42870000000000003 0.91155000000000019 0.23625000000000004
decision_type=2 2 2 2 2 2 2 2
left_child=-1 2 -2 -4 -3 -6 -5 -8
right_child=1 4 3 6 5 -7 7 -9
leaf_value=0.14561644789483028 0.033735641797299445 0.038070672459393384 -0.07389597794092008 -0.01274070431569318 0.056757279360131974 -0.077547839793074794 0.0042547838318113054 -0.070838169189131703
leaf_weight=0.71132916212081987 1.153801441192625 2.2277116477489471 1.6158943343907592 2.1834553331136703 1.5053110346198084 1.0322708040475843 0.70620873570442189 1.2490561734884975
leaf_count=2 4 4 12 8 6 6 2 12
internal_value=0 -0.00887304 -0.0280497 -0.0404376 0.018928 0.00212288 -0.0273744 -0.0437159
internal_weight=0 11.6737 6.90842 5.75461 4.76529 2.53758 4.13872 1.95526
internal_count=56 54 38 34 16 12 22 14
is_linear=0
shrinkage=0.1


Tree=6
num_leaves=9
num_cat=0
split_feature=1 2 3 4 1 1 3 3
split_gain=0.790156 0.978512 0.380395 0.350276 0.599892 0.146809 0.0852568 0.0843781
threshold=0.41000000000000009 0.55000000000000016 0.38810000000000006 0.47425000000000006 0.57500000000000007 0.55500000000000016 0.28375000000000006 0.33050000000000007
decision_type=2 2 2 2 2 2 2 2
left_child=-1 3 6 7 -5 -4 -3 -2
right_child=1 2 5 4 -6 -7 -8 -9
leaf_value=0.058525621239456552 -0.041995006620193648 -0.00075962983224671463 0.018758283776726201 -0.15914333747260553 -0.037919918985820929 0.060319323517133622 -0.044331348884327271 -0.0022340306387552931
leaf_weight=1.9269945025444037 1.1502594649791706 0.83800046890974023 2.8865791223943233 0.6585038024932145 1.074075326323509 1.2046064585447309 0.96760574169456959 0.99575510621070851
leaf_count=6 6 4 8 8 6 6 8 4
internal_value=0 -0.011537 0.0141223 -0.050548 -0.0839935 0.0309955 -0.0241093 -0.0235458
internal_weight=0 9.77539 5.89679 3.87859 1.73258 4.09119 1.80561 2.14601
internal_count=56 50 26 24 14 14 12 10
is_linear=0
shrinkage=0.1


Tree=7
num_leaves=10
num_cat=0
split_feature=3 4 1 1 0 3 3 1 3
split_gain=0.419395 0.651232 0.11584 0.316744 0.549853 0.215368 0.0051782 0.00210448 0.00165325
threshold=0.23625000000000004 0.58535000000000015 0.41000000000000009 0.57500000000000007 0.64285000000000003 0.33050000000000007 0.39770000000000005 0.62000000000000011 0.39770000000000005
decision_type=2 2 2 2 2 2 2 2 2
left_child=-1 2 -2 4 -4 -5 -6 -7 -3
right_child=1 8 3 5 6 7 -8 -9 -10
leaf_value=0.054110821814826383 0.00080688391030080912 0.02669163663325454 -0.023112270419853774 -0.046625747167932656 -0.13392013855815685 -0.00027829927254193902 -0.15239444147628278 0.005838497339010657 0.031453858319014358
leaf_weight=1.2729676589369781 1.3667235672473887 2.4742669295519595 0.99434584379196145 1.3990020230412485 0.2851928323507309 0.99531771242618594 0.32418110594153404 1.2933682948350904 1.0334796309471128
leaf_count=6 4 8 4 8 6 4 4 6 6
internal_value=0 -0.00677573 -0.0251468 -0.0318504 -0.068951 -0.0157159 -0.143748 0.00317839 0.0280947
internal_weight=0 10.1659 6.65813 5.29141 1.60372 3.68769 0.609374 2.28869 3.50775
internal_count=56 50 36 32 14 18 10 10 14
is_linear=0
shrinkage=0.1


Tree=8
num_leaves=8
num_cat=0
split_feature=1 3 1 0 3 3 3
split_gain=0.569762 0.729653 0.106234 0.0845343 0.0475155 0.602763 0.0293917
threshold=0.41000000000000009 0.38810000000000006 0.57500000000000007 0.91155000000000019 0.39770000000000005 0.42870000000000003 0.28375000000000006
decision_type=2 2 2 2 2 2 2
left_child=-1 2 -2 -4 -3 -6 -5
right_child=1 4 3 6 5 -7 -8
leaf_value=0.050212423344806238 -0.058001817455897997 0.031529661512586758 -0.012880901770276093 -0.026032097786349396 0.057435845689896715 -0.059486280918543445 -0.053245803276893724
leaf_weight=1.8800336718559272 1.4292159136384706 2.2280947864055634 2.1432760059833527 0.64262045174837146 1.0815390944480894 0.74437369778752316 1.0377898197621105
leaf_count=6 12 4 8 4 6 6 10
internal_value=0 -0.0101431 -0.034741 -0.0260466 0.0217292 0.00976996 -0.0428388
internal_weight=0 9.30691 5.2529 3.82369 4.05401 1.82591 1.68041
internal_count=56 50 34 22 16 12 14
is_linear=0
shrinkage=0.1


Tree=9
num_leaves=9
num_cat=0
split_feature=3 1 1 4 4 3 3 4
split_gain=0.361314 0.522377 0.120031 0.173643 0.273823 0.0432566 0.0205437 0.135569
threshold=0.38810000000000006 0.41000000000000009 0.66500000000000015 0.47425000000000006 0.5697000000000001 0.33050000000000007 0.39770000000000005 0.58535000000000015
decision_type=2 2 2 2 2 2 2 2
left_child=1 -1 3 5 -5 -3 -2 -8
right_child=6 2 -4 4 -6 -7 7 -9
leaf_value=0.031841376377249812 0.030813387730683775 -0.032193367437920888 -0.0025077544930224957 -0.038187573492660457 -0.12649083426611446 -0.0033405988292101994 -0.015986236355803905 0.042825788714763023
leaf_weight=1.8666972815990446 2.2548746466636662 1.1053346507251269 1.2207788974046705 1.3754917234182356 0.47155970521271218 0.98056553304195393 0.72198714315891244 0.85741475224494934
leaf_count=6 4 6 6 10 8 4 6 6
internal_value=0 -0.0134832 -0.0298999 -0.0384024 -0.0607318 -0.0186299 0.0246873 0.0159412
internal_weight=0 7.02043 5.15373 3.93295 1.84705 2.0859 3.83428 1.5794
internal_count=56 40 34 28 18 10 16 12
is_linear=0
shrinkage=0.1


Tree=10
num_leaves=8
num_cat=0
split_feature=1 3 1 3 4 0 4
split_gain=0.305564 0.456086 0.0807059 0.0715164 0.152605 0.037265 0.0641217
threshold=0.41000000000000009 0.38810000000000006 0.57500000000000007 0.39770000000000005 0.58535000000000015 0.91155000000000019 0.52860000000000007
decision_type=2 2 2 2 2 2 2
left_child=-1 2 -2 -3 -5 -4 -7
right_child=1 3 5 4 -6 6 -8
leaf_value=0.036580773416771864 -0.048934971311062073 0.029783941499398461 -0.011260270636133177 -0.029852346579313939 0.032869483633914558 -0.048820177066072688 -0.0090689785334996994
leaf_weight=1.8835507035255439 1.2965473774820546 2.252176553010941 2.1241725981235504 0.76663521863520123 0.78523296862840652 0.92094029486179374 0.72544528543949127
leaf_count=6 12 4 8 6 6 6 8
internal_value=0 -0.00776695 -0.027413 0.0184023 0.0018844 -0.0200125 -0.0313046
internal_weight=0 8.87115 5.06711 3.80404 1.55187 3.77056 1.64639
internal_count=56 50 34 16 12 22 14
is_linear=0
shrinkage=0.1


Tree=11
num_leaves=7
num_cat=0
split_feature=1 4 3 0 4 3
split_gain=0.61035 0.408409 0.22383 0.0245421 0.0229901 0.00800576
threshold=0.41000000000000009 0.58535000000000015 0.35230000000000006 0.91155000000000019 0.5445000000000001 0.33050000000000007
decision_type=2 2 2 2 2 2
left_child=-1 2 3 4 -2 -5
right_child=1 -3 -4 5 -6 -7
leaf_value=0.046702732995292331 -0.0065778169571478117 0.016460477996842627 -0.068746255517735638 -0.037071063203296666 -0.024166061086675541 -0.021978535821311998
leaf_weight=2.2358672022819528 1.9281640127301201 3.2537127956748009 1.089473962318152 0.6781521327793596 1.2092829644680021 0.72957460582256317
leaf_count=6 8 16 10 6 6 4
internal_value=0 -0.0117481 -0.028037 -0.0182791 -0.0133569 -0.0292491
internal_weight=0 8.88836 5.63465 4.54517 3.13745 1.40773
internal_count=56 50 34 24 14 10
is_linear=0
shrinkage=0.1


Tree=12
num_leaves=8
num_cat=0
split_feature=3 0 1 0 3 3 3
split_gain=0.604341 0.466243 0.0567998 0.0562889 0.0399684 0.356569 0.0206139
threshold=0.38810000000000006 0.64285000000000003 0.57500000000000007 0.91155000000000019 0.39770000000000005 0.42870000000000003 0.33050000000000007
decision_type=2 2 2 2 2 2 2
left_child=1 -1 -3 -4 -2 -6 -5
right_child=4 2 3 6 5 -7 -8
leaf_value=0.035577901012059869 0.040236142458706381 -0.041882528929173532 -0.010796162671500867 -0.047458774482529609 0.057376807385864703 -0.046919987020614159 -0.024437919226661071
leaf_weight=1.3680009767413137 2.3806979060173039 2.2172206286340952 2.0765765085816383 0.77823104895651363 0.89056627079844453 0.5187238659709692 0.77765543386340141
leaf_count=6 4 12 8 8 6 6 6
internal_value=0 -0.0169791 -0.02927 -0.0215714 0.032335 0.0189878 -0.0359526
internal_weight=0 7.21768 5.84968 3.63246 3.78999 1.40929 1.55589
internal_count=56 40 34 22 16 12 14
is_linear=0
shrinkage=0.1


Tree=13
num_leaves=7
num_cat=0
split_feature=1 2 1 4 4 3
split_gain=0.501607 0.25179 0.15289 0.137564 0.0971159 0.0399806
threshold=0.41000000000000009 0.55000000000000016 0.57500000000000007 0.55005000000000015 0.47425000000000006 0.33050000000000007
decision_type=2 2 2 2 2 2
left_child=-1 4 -3 -4 5 -2
right_child=1 2 3 -5 -6 -7
leaf_value=0.043519817476375844 -0.029962200449602745 0.018452052443511998 0.0044623353678865914 -0.048165344281597522 -0.050018831693527235 -0.0020585565513598302
leaf_weight=2.1227610111236581 1.0864938385784615 2.9272469710558653 1.2096516042947771 0.8426874205470084 1.5323712839744983 0.97362913191318501
leaf_count=6 6 12 6 8 14 4
internal_value=0 -0.0107771 0.00378008 -0.0171465 -0.0309549 -0.0167747
internal_weight=0 8.57208 4.97959 2.05234 3.59249 2.06012
internal_count=56 50 26 14 24 10
is_linear=0
shrinkage=0.1


Tree=14
num_leaves=7
num_cat=0
split_feature=3 1 1 0 3 4
split_gain=0.205796 0.3169 0.0857003 0.0382171 0.13749 0.0104034
threshold=0.38810000000000006 0.41000000000000009 0.57500000000000007 0.91155000000000019 0.23625000000000004 0.59235000000000004
decision_type=2 2 2 2 2 2
left_child=1 -1 -3 -4 -5 -2
right_child=5 2 3 4 -6 -7
leaf_value=0.022280124429191053 0.029129794296530981 -0.046028954762243557 -0.0071852906383612766 0.018957800585007137 -0.047380743074597387 0.016647129513346081
leaf_weight=2.1348881423473358 0.90057591535151038 1.2889553662389515 2.0821379348635674 0.44074290990829501 1.073042659088969 2.5816394127905369
leaf_count=6 8 12 8 2 12 8
internal_value=0 -0.00985937 -0.0239056 -0.0159755 -0.0280661 0.0198754
internal_weight=0 7.01977 4.88488 3.59592 1.51379 3.48222
internal_count=56 40 34 22 14 16
is_linear=0
shrinkage=0.1


Tree=15
num_leaves=8
num_cat=0
split_feature=3 2 1 3 1 4 3
split_gain=0.193135 0.280277 0.1122 0.0674885 0.0671687 0.0469911 0.537027
threshold=0.23625000000000004 0.55000000000000016 0.57500000000000007 0.39770000000000005 0.46000000000000002 0.47425000000000006 0.28375000000000006
decision_type=2 2 2 2 2 2 2
left_child=-1 4 -3 -4 -2 -6 -7
right_child=1 2 3 -5 5 6 -8
leaf_value=0.04224730226182466 -0.0085931632200110242 0.026514603787755171 -0.025340095305445148 0.020219963759021683 -0.015184672243957873 -0.0069090237068672108 -0.14169275991843908
leaf_weight=0.9802620857954033 2.6647677570581418 2.7887464389204979 0.86828838940709807 0.51975853741168976 1.074325103312731 1.1193643137812612 0.40169404866173852
leaf_count=6 8 10 8 4 6 4 10
internal_value=0 -0.00438843 0.0149515 -0.00827999 -0.0197452 -0.0311954 -0.0425039
internal_weight=0 9.43694 4.17679 1.38805 5.26015 2.59538 1.52106
internal_count=56 50 22 12 28 20 14
is_linear=0
shrinkage=0.1


Tree=16
num_leaves=7
num_cat=0
split_feature=1 3 1 0 3 4
split_gain=0.213138 0.288325 0.0688438 0.0439926 0.0315102 0.0166435
threshold=0.41000000000000009 0.38810000000000006 0.57500000000000007 0.91155000000000019 0.33050000000000007 0.59235000000000004
decision_type=2 2 2 2 2 2
left_child=-1 2 -2 -4 -5 -3
right_child=1 5 3 4 -6 -7
leaf_value=0.028629634783742527 -0.043152356798122432 0.027096164844812642 -0.0066451852137183881 -0.045789374489643042 -0.015990792008075749 0.010984451663627737
leaf_weight=2.0734687447547921 1.2585166832432131 0.86009659804403815 2.0887637957930565 0.64487539790570758 0.78907365538179874 2.5187015421688557
leaf_count=6 12 8 8 8 6 8
internal_value=0 -0.00727481 -0.0230766 -0.0159044 -0.0293918 0.0150858
internal_weight=0 8.16003 4.78123 3.52271 1.43395 3.3788
internal_count=56 50 34 22 14 16
is_linear=0
shrinkage=0.1


Tree=17
num_leaves=7
num_cat=0
split_feature=3 4 0 1 1 4
split_gain=0.176499 0.163282 0.0619483 0.0369531 0.0140058 0.026542
threshold=0.23625000000000004 0.58535000000000015 0.91155000000000019 0.66500000000000015 0.41000000000000009 0.47425000000000006
decision_type=2 2 2 2 2 2
left_child=-1 2 4 -4 -2 -6
right_child=1 -3 3 -5 5 -7
leaf_value=0.04154764727288273 -0.00023403476961661232 0.015610355269230075 -0.045825327057974354 -0.014665716925051918 -0.0041677619961743555 -0.023032823366099398
leaf_weight=0.9287920296192177 1.6848672032356242 2.8677263660356402 0.78505809511989333 0.73874430358409882 1.9082826524972918 1.224253239110112
leaf_count=6 4 14 12 4 8 8
internal_value=0 -0.0041904 -0.013145 -0.030719 -0.00758616 -0.0115406
internal_weight=0 9.20893 6.34121 1.5238 4.8174 3.13254
internal_count=56 50 36 16 20 16
is_linear=0
shrinkage=0.1


Tree=18
num_leaves=7
num_cat=0
split_feature=3 1 1 0 4 3
split_gain=0.152459 0.30264 0.0628345 0.0607819 0.0586989 0.0334259
threshold=0.38810000000000006 0.41000000000000009 0.57500000000000007 0.91155000000000019 0.59235000000000004 0.33050000000000007
decision_type=2 2 2 2 2 2
left_child=1 -1 -3 -4 -2 -5
right_child=4 2 3 5 -6 -7
leaf_value=0.023487466521523781 0.040746953086129953 -0.041757747963978575 -0.0047507177022257686 -0.049040102950566544 0.0099268354922323263 -0.017860230854613794
leaf_weight=2.0464102327823639 0.82039963267743621 1.2526983185671268 2.0687780380249023 0.62118683848530076 2.5043442063033581 0.77002745028585196
leaf_count=6 8 12 8 8 8 6
internal_value=0 -0.00862378 -0.0225676 -0.0156197 0.0175319 -0.0317823
internal_weight=0 6.7591 4.71269 3.45999 3.32474 1.39121
internal_count=56 40 34 22 16 14
is_linear=0
shrinkage=0.1


Tree=19
num_leaves=9
num_cat=0
split_feature=0 3 3 3 3 4 1 4
split_gain=0.141991 0.153125 0.0499515 0.0410464 0.190352 0.014998 0.0451671 0.00636498
threshold=0.64285000000000003 0.38810000000000006 0.33050000000000007 0.39770000000000005 0.42870000000000003 0.47425000000000006 0.46000000000000002 0.5445000000000001
decision_type=2 2 2 2 2 2 2 2
left_child=-1 2 7 -3 -5 -4 -7 -2
right_child=1 3 5 4 -6 6 -8 -9
leaf_value=0.030645820676238857 -0.018959559282911015 0.020425733623221351 0.0026483154398952778 0.028381701009284877 -0.05781512237337369 -0.0022583348424103844 -0.029821282175675246 -0.032023717258682867
leaf_weight=1.3130664899945266 0.51922261156141569 2.1680208742618565 0.9564689323306087 0.69763886183500268 0.40488629229366779 1.6829190850257876 0.91928001167252649 1.3236792031675575
leaf_count=6 6 4 4 6 6 4 12 8
internal_value=0 -0.00464016 -0.0149799 0.0124368 -0.00327283 -0.00805966 -0.0119955 -0.028343
internal_weight=0 8.67212 5.40157 3.27055 1.10253 3.55867 2.6022 1.8429
internal_count=56 50 34 16 12 20 16 14
is_linear=0
shrinkage=0.1


Tree=20
num_leaves=8
num_cat=0
split_feature=3 4 0 1 1 1 1
split_gain=0.159272 0.132674 0.0864146 0.081426 0.236924 0.013136 0.0257821
threshold=0.23625000000000004 0.58535000000000015 0.91155000000000019 0.66500000000000015 0.62000000000000011 0.41000000000000009 0.57500000000000007
decision_type=2 2 2 2 2 2 2
left_child=-1 2 5 4 -4 -2 -7
right_child=1 -3 3 -5 -6 6 -8
leaf_value=0.041042160934045377 0.0019415295593912742 0.014452246544197031 -0.12287209484901525 -0.0091579518824348848 -0.010395748149574176 -0.021876414805941841 -0.0025969149157196946
leaf_weight=0.863211929798127 1.6596378982067088 2.7416814919561148 0.31096611078828551 0.75938171893358231 0.47083578258752823 1.0448000859469178 2.0636694356799126
leaf_count=6 4 14 8 4 4 8 8
internal_value=0 -0.00391429 -0.0118954 -0.0324803 -0.0551338 -0.00524179 -0.00907702
internal_weight=0 9.05097 6.30929 1.54118 0.781802 4.76811 3.10847
internal_count=56 50 36 16 12 20 16
is_linear=0
shrinkage=0.1


Tree=21
num_leaves=7
num_cat=0
split_feature=1 3 1 0 3 3
split_gain=0.146455 0.164415 0.0781051 0.0177527 0.0215054 0.0172841
threshold=0.41000000000000009 0.38810000000000006 0.57500000000000007 0.91155000000000019 0.33050000000000007 0.39770000000000005
decision_type=2 2 2 2 2 2
left_child=-1 2 -2 -4 -5 -3
right_child=1 5 3 4 -6 -7
leaf_value=0.024214916041012061 -0.039976415230021531 0.01657229695250095 -0.0046067216453790439 -0.034594185999065892 -0.0089479386532078081 0.0010221150649461009
leaf_weight=1.9910026490688322 1.2145579666830597 2.1099962890148167 2.0612210854887962 0.54959610942751191 0.80715716350823641 1.0809812322258947
leaf_count=6 12 4 8 8 6 12
internal_value=0 -0.00616245 -0.018194 -0.0104538 -0.0193368 0.0113045
internal_weight=0 7.82351 4.63253 3.41797 1.35675 3.19098
internal_count=56 50 34 22 14 16
is_linear=0
shrinkage=0.1


Tree=22
num_leaves=8
num_cat=0
split_feature=0 3 3 1 4 3 1
split_gain=0.111511 0.150054 0.0551077 0.0101983 0.0340596 0.00917066 0.000129085
threshold=0.64285000000000003 0.38810000000000006 0.33050000000000007 0.46000000000000002 0.47425000000000006 0.39770000000000005 0.59500000000000008
decision_type=2 2 2 2 2 2 2
left_child=-1 2 6 -4 -5 -3 -2
right_child=1 5 3 4 -6 -7 -8
leaf_value=0.027510631938242824 -0.029154021281035211 0.016924244426145305 -0.0013965374183600577 0.0010911893129781224 -0.026045417154832363 0.0053986833761185231 -0.02730721707997465
leaf_weight=1.2796492055058486 1.2660224363207797 2.115758061408997 1.6551316082477572 0.94431366771459557 0.90652794460766017 1.0247237198054788 0.53986227978020895
leaf_count=6 6 4 4 4 12 12 8
internal_value=0 -0.00416499 -0.01441 -0.00709986 -0.0122001 0.0131635 -0.0286019
internal_weight=0 8.45234 5.31186 3.50597 1.85084 3.14048 1.80588
internal_count=56 50 34 20 16 16 14
is_linear=0
shrinkage=0.1


Tree=23
num_leaves=8
num_cat=0
split_feature=1 3 1 1 3 3 3
split_gain=0.124797 0.128881 0.0731369 0.021175 0.0313716 0.0197496 0.0457755
threshold=0.41000000000000009 0.38810000000000006 0.57500000000000007 0.66500000000000015 0.33050000000000007 0.39770000000000005 0.42870000000000003
decision_type=2 2 2 2 2 2 2
left_child=-1 2 -2 4 -4 -3 -7
right_child=1 5 3 -5 -6 6 -8
leaf_value=0.022452695371528081 -0.037727620774793191 0.0154763507524111 -0.024758619035149504 0.0024987828808412001 -0.0011732671462675428 0.014470110351375838 -0.029770317489317768
leaf_weight=1.9706637263298032 1.1921706560533492 2.1002761721611027 1.2840738082304597 1.0966493114829066 1.0056425807997584 0.6470125727355478 0.36628474295139313
leaf_count=6 12 4 10 6 6 6 6
internal_value=0 -0.00575222 -0.0164265 -0.00892742 -0.0143999 0.00994437 -0.00152183
internal_weight=0 7.69211 4.57854 3.38637 2.28972 3.11357 1.0133
internal_count=56 50 34 22 16 16 12
is_linear=0
shrinkage=0.1


Tree=24
num_leaves=7
num_cat=0
split_feature=3 2 1 1 4 1
split_gain=0.118476 0.105772 0.0801506 0.0366854 0.0240628 0.00111241
threshold=0.23625000000000004 0.55000000000000016 0.57500000000000007 0.46000000000000002 0.47425000000000006 0.66500000000000015
decision_type=2 2 2 2 2 2
left_child=-1 3 -3 -2 -5 -4
right_child=1 2 5 4 -6 -7
leaf_value=0.036902760358674173 -0.0047045692498932749 0.019338896908627314 -0.014959335376976935 -0.010322834039673255 -0.030598674843528267 -0.0089381505244239875
leaf_weight=0.79767980799079019 2.5855267345905286 2.5591354556381707 0.52207120414823271 1.0256934538483622 1.3632535790093241 0.74422836303710938
leaf_count=6 8 10 8 6 14 4
internal_value=0 -0.0033451 0.00915687 -0.0129593 -0.0218933 -0.0114206
internal_weight=0 8.79991 3.82544 4.97447 2.38895 1.2663
internal_count=56 50 22 28 20 12
is_linear=0
shrinkage=0.1


Tree=25
num_leaves=7
num_cat=0
split_feature=1 3 1 0 3 3
split_gain=0.103711 0.128355 0.0835599 0.0288137 0.0172456 0.00731917
threshold=0.41000000000000009 0.38810000000000006 0.57500000000000007 0.91155000000000019 0.33050000000000007 0.39770000000000005
decision_type=2 2 2 2 2 2
left_child=-1 2 -2 -4 -5 -3
right_child=1 5 3 4 -6 -7
leaf_value=0.020625584581563931 -0.038601797700425322 0.013904466360031365 -0.00043951619727921275 -0.033947167533026672 -0.010281903439362146 0.0034739407749408827
leaf_weight=1.9423451572656629 1.197978926124051 2.0767281353473668 2.0482747480273247 0.50426567904651187 0.79089634027332067 0.99510012380778778
leaf_count=6 12 4 8 8 6 12
internal_value=0 -0.00526214 -0.015941 -0.00782146 -0.0194959 0.0105256
internal_weight=0 7.61324 4.54142 3.34344 1.29516 3.07183
internal_count=56 50 34 22 14 16
is_linear=0
shrinkage=0.1


Tree=26
num_leaves=8
num_cat=0
split_feature=0 3 3 3 4 1 1
split_gain=0.0930561 0.0904345 0.0315802 0.011885 0.00776414 0.025964 0.000794812
threshold=0.64285000000000003 0.38810000000000006 0.33050000000000007 0.39770000000000005 0.47425000000000006 0.46000000000000002 0.59500000000000008
decision_type=2 2 2 2 2 2 2
left_child=-1 2 6 -3 -4 -6 -2
right_child=1 3 4 -5 5 -7 -8
leaf_value=0.025545816678281288 -0.021484003774873795 0.014107309732428772 0.0014254701621169944 0.00068165409337696075 -0.0017391454539843632 -0.022986391402277956 -0.026214720192920468
leaf_weight=1.2396514341235167 1.2440379001200179 2.0791588872671132 0.94129158556461368 0.96558190509676922 1.6340125799179079 0.88750980491749931 0.49704648088663805
leaf_count=6 6 4 4 12 4 12 8
internal_value=0 -0.00383917 -0.0118483 0.00984962 -0.00632452 -0.00921762 -0.0228345
internal_weight=0 8.24864 5.2039 3.04474 3.46281 2.52152 1.74108
internal_count=56 50 34 16 20 16 14
is_linear=0
shrinkage=0.1


Tree=27
num_leaves=7
num_cat=0
split_feature=1 2 3 1 3 3
split_gain=0.0913242 0.111817 0.0986803 0.0786759 0.0281115 0.0120649
threshold=0.41000000000000009 0.55000000000000016 0.38810000000000006 0.57500000000000007 0.33050000000000007 0.33050000000000007
decision_type=2 2 2 2 2 2
left_child=-1 3 4 -2 -3 -5
right_child=1 2 -4 5 -6 -7
leaf_value=0.019487672518160269 -0.039342040047844806 -0.035000015367184639 0.016243258113682747 -0.013835702112831173 -0.0051535038901542249 0.0012698214634865284
leaf_weight=1.9178798794746397 1.1837127062026414 0.5133212339133022 2.8897077031433582 1.2104888809844854 0.81916268914937973 0.93884573876857746
leaf_count=6 12 6 14 8 6 4
internal_value=0 -0.0049469 0.00586199 -0.0186392 -0.0166515 -0.00723749
internal_weight=0 7.55524 4.22219 3.33305 1.33248 2.14933
internal_count=56 50 26 24 12 12
is_linear=0
shrinkage=0.1


Tree=28
num_leaves=6
num_cat=0
split_feature=3 2 3 1 4
split_gain=0.115438 0.0752401 0.0532749 0.0332807 0.0212384
threshold=0.23625000000000004 0.55000000000000016 0.38810000000000006 0.46000000000000002 0.47425000000000006
decision_type=2 2 2 2 2
left_child=-1 3 -3 -2 -5
right_child=1 2 -4 4 -6
leaf_value=0.037697583572819882 -0.0034952732765105399 -0.014506650630248944 0.013967243595978122 -0.009065157919571968 -0.02825054766209208
leaf_weight=0.74756257236003953 2.5545597895979864 0.85203535947948728 2.8720075879245996 1.0142501275986435 1.33844957803376
leaf_count=6 8 8 14 6 14
internal_value=0 -0.00326501 0.00745261 -0.0113985 -0.0199797
internal_weight=0 8.6313 3.72404 4.90726 2.3527
internal_count=56 50 22 28 20
is_linear=0
shrinkage=0.1


Tree=29
num_leaves=7
num_cat=0
split_feature=1 3 1 3 0 3
split_gain=0.100386 0.0672745 0.0863158 0.0230705 0.0152517 0.00663418
threshold=0.41000000000000009 0.38810000000000006 0.57500000000000007 0.39770000000000005 0.91155000000000019 0.33050000000000007
decision_type=2 2 2 2 2 2
left_child=-1 2 -2 -3 -4 -6
right_child=1 3 4 -5 5 -7
leaf_value=0.020547604020022373 -0.036269263663505934 0.012181514066830726 0.00066357282241416506 -0.0070306231775004134 -0.022870665912298138 -0.0078139035691379491
leaf_weight=1.8951814025640485 1.1741549789439885 2.0831643939018254 2.0342196673154831 0.89296289347112168 0.46219349419698141 0.79767108894884586
leaf_count=6 12 4 8 12 8 6
internal_value=0 -0.005231 -0.0129893 0.00641707 -0.00469136 -0.0133376
internal_weight=0 7.44437 4.46824 2.97613 3.29408 1.25986
internal_count=56 50 34 16 22 14
is_linear=0
shrinkage=0.1


Tree=30
num_leaves=7
num_cat=0
split_feature=0 3 4 1 0 1
split_gain=0.079217 0.0591547 0.0513898 0.0395123 0.000489369 1.4175e-05
threshold=0.64285000000000003 0.33050000000000007 0.58535000000000015 0.57500000000000007 0.91155000000000019 0.59500000000000008
decision_type=2 2 2 2 2 2
left_child=-1 5 3 -3 -5 -2
right_child=1 2 -4 4 -6 -7
leaf_value=0.023934163812041161 -0.020335428275072658 -0.016910497697995037 0.011820145310668738 0.0017667995586392949 0.0049300149215779658 -0.019686443895907763
leaf_weight=1.2035919353365905 1.2344633564352969 1.8648779089562597 2.5576918944716454 0.93465676158666577 1.0259068571031094 0.46270198747515667
leaf_count=6 6 14 12 4 6 8
internal_value=0 -0.00356508 0.00084682 -0.00648995 0.00342202 -0.0201585
internal_weight=0 8.0803 6.38313 3.82544 1.96056 1.69717
internal_count=56 50 36 24 10 14
is_linear=0
shrinkage=0.1


Tree=31
num_leaves=7
num_cat=0
split_feature=1 3 1 3 1 3
split_gain=0.101974 0.0529427 0.0705032 0.0264514 0.012985 0.014285
threshold=0.41000000000000009 0.38810000000000006 0.57500000000000007 0.39770000000000005 0.66500000000000015 0.33050000000000007
decision_type=2 2 2 2 2 2
left_child=-1 2 -2 -3 5 -4
right_child=1 3 4 -5 -6 -7
leaf_value=0.020840233469558544 -0.033503563110694225 0.011252356126958357 -0.016164373892999778 -0.0095210252793666936 0.0044544893961821321 -7.0478750200875514e-05
leaf_weight=1.8725242912769315 1.1498480087611822 2.0722787082195286 1.2452451456338169 0.87042917869985093 1.0479157418012621 0.98996931686997403
leaf_count=6 12 4 10 12 6 6
internal_value=0 -0.00529087 -0.0121937 0.00510776 -0.00473038 -0.00903644
internal_weight=0 7.37569 4.43298 2.94271 3.28313 2.23521
internal_count=56 50 34 16 22 16
is_linear=0
shrinkage=0.1


Tree=32
num_leaves=7
num_cat=0
split_feature=1 3 1 3 0 4
split_gain=0.0761208 0.0617848 0.052848 0.0164235 0.0121385 0.00804306
threshold=0.41000000000000009 0.38810000000000006 0.57500000000000007 0.39770000000000005 0.91155000000000019 0.52860000000000007
decision_type=2 2 2 2 2 2
left_child=-1 2 -2 -3 -4 -6
right_child=1 3 4 -5 5 -7
leaf_value=0.017991796552464533 -0.030718428666956163 0.011466065783421435 -0.00087766224886439781 -0.0050001030799819626 -0.019303079974292852 -0.0024079563971928729
leaf_weight=1.8730880320072172 1.1309485328383742 2.074115633964539 2.0298116393387318 0.85560984909534443 0.81030294112861179 0.43199205212295055
leaf_count=6 12 4 8 12 6 8
internal_value=0 -0.00459583 -0.0120834 0.00665721 -0.00564256 -0.013428
internal_weight=0 7.33278 4.40306 2.92973 3.27211 1.24229
internal_count=56 50 34 16 22 14
is_linear=0
shrinkage=0.1


Tree=33
num_leaves=8
num_cat=0
split_feature=0 3 3 3 4 1 1
split_gain=0.0757521 0.0555337 0.020782 0.0119465 0.00509537 0.0173348 0.00033162
threshold=0.64285000000000003 0.38810000000000006 0.33050000000000007 0.39770000000000005 0.47425000000000006 0.46000000000000002 0.59500000000000008
decision_type=2 2 2 2 2 2 2
left_child=-1 2 6 -3 -4 -6 -2
right_child=1 3 4 -5 5 -7 -8
leaf_value=0.023629653314397456 -0.018127404516186798 0.01157710022036075 0.00096131762866899159 -0.0025504579799098363 -0.0015557248236583894 -0.019063202084192613 -0.021314534313606949
leaf_weight=1.1818611621856687 1.2164735831320284 2.074828758835793 0.93082710355520282 0.84124659467488516 1.6074415445327761 0.87254178710281838 0.44622225733473886
leaf_count=6 6 4 4 12 4 12 8
internal_value=0 -0.00349542 -0.00981607 0.0075015 -0.00534751 -0.00771545 -0.0189827
internal_weight=0 7.98958 5.07351 2.91608 3.41081 2.47998 1.6627
internal_count=56 50 34 16 20 16 14
is_linear=0
shrinkage=0.1


Tree=34
num_leaves=7
num_cat=0
split_feature=1 2 3 1 4 3
split_gain=0.0637591 0.0626948 0.0708309 0.0398307 0.0161478 0.00924142
threshold=0.41000000000000009 0.55000000000000016 0.38810000000000006 0.57500000000000007 0.52860000000000007 0.33050000000000007
decision_type=2 2 2 2 2 2
left_child=-1 3 4 -2 -3 -5
right_child=1 2 -4 5 -6 -7
leaf_value=0.016539743063731856 -0.029915272589901482 -0.006208469221310289 0.012926293951118507 -0.012384753151293759 -0.029272718413662541 0.00091336278251851757
leaf_weight=1.8573737293481825 1.113098406000063 0.74005231261253335 2.7978430390357971 1.1931628035381439 0.51465162122622132 0.92984469234943379
leaf_count=6 12 4 14 8 8 4
internal_value=0 -0.00421484 0.00407297 -0.0145936 -0.0156689 -0.00656038
internal_weight=0 7.28865 4.05255 3.23611 1.2547 2.12301
internal_count=56 50 26 24 12 12
is_linear=0
shrinkage=0.1


Tree=35
num_leaves=7
num_cat=0
split_feature=0 2 3 1 4 4
split_gain=0.0667197 0.0445896 0.0559802 0.0259293 0.0148475 0.00929182
threshold=0.64285000000000003 0.55000000000000016 0.38810000000000006 0.46000000000000002 0.47425000000000006 0.52860000000000007
decision_type=2 2 2 2 2 2
left_child=-1 3 5 -2 -5 -3
right_child=1 2 -4 4 -6 -7
leaf_value=0.02227097051512442 -0.0011380476121090239 -0.0064063861550131039 0.011979954408091784 -0.0085240292566397154 -0.024735300296059776 -0.024004694226691332
leaf_weight=1.1719328835606573 1.6010693311691286 0.74096500501036622 2.7812524111941457 0.99697518721222911 1.3037897753529248 0.50417095609009266
leaf_count=6 4 4 14 6 14 8
internal_value=0 -0.00329205 0.00409049 -0.0109102 -0.0177106 -0.0135322
internal_weight=0 7.92822 4.02639 3.90183 2.30076 1.24514
internal_count=56 50 26 24 20 12
is_linear=0
shrinkage=0.1


Tree=36
num_leaves=6
num_cat=0
split_feature=1 2 3 1 3
split_gain=0.0670407 0.0587543 0.0395596 0.033474 0.0119415
threshold=0.41000000000000009 0.55000000000000016 0.38810000000000006 0.57500000000000007 0.33050000000000007
decision_type=2 2 2 2 2
left_child=-1 3 -3 -2 -5
right_child=1 2 -4 4 -6
leaf_value=0.017030765720282719 -0.028558739912417083 -0.011089965021898501 0.01038471703111995 -0.013690164079668058 0.001450808582536706
leaf_weight=1.8419632017612455 1.1001596637070181 1.2428444791585205 2.7690505413338542 1.1883734716102483 0.9273998588323592
leaf_count=6 12 12 14 8 4
internal_value=0 -0.00434017 0.00373208 -0.0144104 -0.00705347
internal_weight=0 7.22783 4.0119 3.21593 2.11577
internal_count=56 50 26 24 12
is_linear=0
shrinkage=0.1


Tree=37
num_leaves=6
num_cat=0
split_feature=1 2 3 1 3
split_gain=0.060175 0.0530613 0.0384367 0.0256697 0.012574
threshold=0.41000000000000009 0.55000000000000016 0.38810000000000006 0.57500000000000007 0.33050000000000007
decision_type=2 2 2 2 2
left_child=-1 3 -3 -2 -5
right_child=1 2 -4 4 -6
leaf_value=0.016128501521779089 -0.026210123465844032 -0.011099019439513051 0.010124628715361517 -0.014115022152605792 0.0014347623628685057
leaf_weight=1.8417208939790723 1.0872225972125309 1.2356033870019021 2.7579454192891717 1.1863607671111824 0.92587044090032566
leaf_count=6 12 12 14 8 4
internal_value=0 -0.00412959 0.00355804 -0.0137253 -0.00729897
internal_weight=0 7.193 3.99355 3.19945 2.11223
internal_count=56 50 26 24 12
is_linear=0
shrinkage=0.1


Tree=38
num_leaves=6
num_cat=0
split_feature=0 2 3 1 4
split_gain=0.0632044 0.0358704 0.0366246 0.022425 0.0130372
threshold=0.64285000000000003 0.55000000000000016 0.38810000000000006 0.46000000000000002 0.47425000000000006
decision_type=2 2 2 2 2
left_child=-1 3 -3 -2 -5
right_child=1 2 -4 4 -6
leaf_value=0.021835841252891935 -0.00098962271441431601 -0.010886175969185081 0.0098757197668100354 -0.0078309688013151624 -0.02310135244356664
leaf_weight=1.1555021442472933 1.598691061139107 1.2299894480966034 2.7476749820634723 0.99102421663701568 1.282779117580503
leaf_count=6 4 12 14 6 14
internal_value=0 -0.00321412 0.00345564 -0.010065 -0.0164458
internal_weight=0 7.85016 3.97766 3.87249 2.2738
internal_count=56 50 26 24 20
is_linear=0
shrinkage=0.1


Tree=39
num_leaves=6
num_cat=0
split_feature=1 2 3 1 3
split_gain=0.0601066 0.0453152 0.0290766 0.0257429 0.0121117
threshold=0.41000000000000009 0.55000000000000016 0.38810000000000006 0.57500000000000007 0.33050000000000007
decision_type=2 2 2 2 2
left_child=-1 3 -3 -2 -5
right_child=1 2 -4 4 -6
leaf_value=0.016185761758113877 -0.025559487563769329 -0.0097756049585943864 0.0087313862278147018 -0.013276500657524934 0.0020067479329160839
leaf_weight=1.8276081979274748 1.0809202884556728 1.2301214938052001 2.7395295891910791 1.1826299745589497 0.92339204996824253
leaf_count=6 12 12 14 8 4
internal_value=0 -0.00413342 0.00299641 -0.0130143 -0.00657551
internal_weight=0 7.15659 3.96965 3.18694 2.10602
internal_count=56 50 26 24 12
is_linear=0
shrinkage=0.1


Tree=40
num_leaves=6
num_cat=0
split_feature=0 3 4 1 0
split_gain=0.0552263 0.0318598 0.0356935 0.0284023 5.74496e-05
threshold=0.64285000000000003 0.33050000000000007 0.58535000000000015 0.57500000000000007 0.91155000000000019
decision_type=2 2 2 2 2
left_child=-1 -2 3 -3 -5
right_child=1 2 -4 4 -6
leaf_value=0.020484950463627992 -0.015552497889894835 -0.01496542877425674 0.0094973782811818147 0.0019762756748710748 0.003075421545048715
leaf_weight=1.1474599093198774 1.6081660743802784 1.8047164811287078 2.4924277113750577 0.92204444855451562 0.98195227980613708
leaf_count=6 14 14 12 4 6
internal_value=0 -0.00300996 0.000242746 -0.0059768 0.00254314
internal_weight=0 7.80931 6.20114 3.70871 1.904
internal_count=56 50 36 24 10
is_linear=0
shrinkage=0.1


Tree=41
num_leaves=7
num_cat=0
split_feature=1 2 4 4 1 3
split_gain=0.0681236 0.0397085 0.0252034 0.0302433 0.0242139 0.011558
threshold=0.41000000000000009 0.55000000000000016 0.59235000000000004 0.52860000000000007 0.57500000000000007 0.33050000000000007
decision_type=2 2 2 2 2 2
left_child=-1 4 3 -3 -2 -6
right_child=1 2 -4 -5 5 -7
leaf_value=0.017328809669527802 -0.024927048987250452 -0.0017318874650028915 -0.0040011080393388548 0.026538428147821848 -0.013031262510856482 0.0019129947936419483
leaf_weight=1.8092970401048658 1.075304542668164 0.75543691962957404 2.4362247800454497 0.75822584563866258 1.1801086096093061 0.9217591881752013
leaf_count=6 12 4 12 10 8 4
internal_value=0 -0.00439914 0.0022953 0.0124293 -0.0127217 -0.00647756
internal_weight=0 7.12706 3.94989 1.51366 3.17717 2.10187
internal_count=56 50 26 14 24 12
is_linear=0
shrinkage=0.1


Tree=42
num_leaves=6
num_cat=0
split_feature=1 2 3 1 3
split_gain=0.0582954 0.0311696 0.0279944 0.0188607 0.0110609
threshold=0.41000000000000009 0.55000000000000016 0.38810000000000006 0.57500000000000007 0.33050000000000007
decision_type=2 2 2 2 2
left_child=-1 3 -3 -2 -5
right_child=1 2 -4 4 -6
leaf_value=0.015999583309439892 -0.022327781165641675 -0.010771576861249202 0.007493656148430422 -0.012388790299719956 0.0022325330075732767
leaf_weight=1.8137845396995542 1.0633627799106764 1.2136788899078967 2.7189171686768532 1.1812291834503414 0.92063081264495839
leaf_count=6 12 12 14 8 4
internal_value=0 -0.00408855 0.00185663 -0.0114751 -0.00598454
internal_weight=0 7.09782 3.9326 3.16522 2.10186
internal_count=56 50 26 24 12
is_linear=0
shrinkage=0.1


Tree=43
num_leaves=6
num_cat=0
split_feature=0 3 4 1 0
split_gain=0.0516994 0.0353822 0.033796 0.0212542 2.39106e-05
threshold=0.64285000000000003 0.33050000000000007 0.58535000000000015 0.57500000000000007 0.91155000000000019
decision_type=2 2 2 2 2
left_child=-1 -2 3 -3 -5
right_child=1 2 -4 4 -6
leaf_value=0.019974702981252042 -0.016212681211420447 -0.013347684394206909 0.009560936810258264 0.0021923052547129676 0.0014827778444752298
leaf_weight=1.1309458725154398 1.5900049749761818 1.7938855490647259 2.4746295232325792 0.91931007802486397 0.98261928930878639
leaf_count=6 14 14 12 4 6
internal_value=0 -0.00291095 0.000516652 -0.00553919 0.00182573
internal_weight=0 7.76045 6.17044 3.69581 1.90193
internal_count=56 50 36 24 10
is_linear=0
shrinkage=0.1


Tree=44
num_leaves=7
num_cat=0
split_feature=1 2 4 1 4 3
split_gain=0.0646209 0.0321347 0.0190835 0.0173704 0.0136012 0.0121795
threshold=0.41000000000000009 0.55000000000000016 0.59235000000000004 0.57500000000000007 0.52860000000000007 0.33050000000000007
decision_type=2 2 2 2 2 2
left_child=-1 3 4 -2 -3 -5
right_child=1 2 -4 5 -6 -7
leaf_value=0.016947966726008568 -0.022218365385836353 0.0013145095125224049 -0.0037215465890998662 -0.013218652867944998 0.020386741022614667 0.002117234249603606
leaf_weight=1.7951295673847196 1.0610583380330356 0.76480294018983863 2.4249802138656378 1.186914371326566 0.73159479163587093 0.91869650036096562
leaf_count=6 12 4 12 8 10 4
internal_value=0 -0.00429227 0.00175844 -0.011785 0.010639 -0.00652747
internal_weight=0 7.08805 3.92138 3.16667 1.4964 2.10561
internal_count=56 50 26 24 14 12
is_linear=0
shrinkage=0.1


Tree=45
num_leaves=7
num_cat=0
split_feature=1 3 3 0 4 2
split_gain=0.0540675 0.036972 0.0377995 0.143621 0.0205938 0.0129426
threshold=0.41000000000000009 0.33050000000000007 0.39770000000000005 0.91155000000000019 0.5445000000000001 0.55000000000000016
decision_type=2 2 2 2 2 2
left_child=-1 4 5 -4 -2 -3
right_child=1 2 3 -5 -6 -7
leaf_value=0.01548486571575805 -0.0045308355894482536 -0.0045623432924378794 0.034189693349868898 -0.056495677511849675 -0.022654049515931952 0.0087489080575284973
leaf_weight=1.7982180565595625 1.2408085316419604 0.97985913685988668 0.2946830317378043 0.42870875168591738 1.2674672710709272 2.8695607166737318
leaf_count=6 10 10 4 8 8 10
internal_value=0 -0.00393233 0.00141926 -0.0195538 -0.0136888 0.00536057
internal_weight=0 7.08109 4.57281 0.723392 2.50828 3.84942
internal_count=56 50 32 12 18 20
is_linear=0
shrinkage=0.1


Tree=46
num_leaves=6
num_cat=0
split_feature=0 3 2 4 1
split_gain=0.0425547 0.0391086 0.0274784 0.010807 0.00909797
threshold=0.64285000000000003 0.33050000000000007 0.55000000000000016 0.47425000000000006 0.57500000000000007
decision_type=2 2 2 2 2
left_child=-1 -2 3 -3 -4
right_child=1 2 4 -5 -6
leaf_value=0.018190138882767472 -0.016783892904603224 0.0021129527605228799 0.010248251176447308 -0.01128527869855472 -0.00083930184980652168
leaf_weight=1.1223852299153803 1.5612288559786973 0.91714618355035815 2.3927433229982857 1.7520945288706569 1.0714749395847318
leaf_count=6 14 4 10 12 10
internal_value=0 -0.0026533 0.000943539 -0.00668167 0.0068189
internal_weight=0 7.69469 6.13346 2.66924 3.46422
internal_count=56 50 36 16 20
is_linear=0
shrinkage=0.1


Tree=47
num_leaves=6
num_cat=0
split_feature=1 3 2 0 1
split_gain=0.0447481 0.0307596 0.0301827 0.0174999 0.00803939
threshold=0.41000000000000009 0.33050000000000007 0.55000000000000016 0.88750000000000007 0.57500000000000007
decision_type=2 2 2 2 2
left_child=-1 3 -3 -2 -4
right_child=1 2 4 -5 -6
leaf_value=0.014105236548461032 -0.02253912966317595 -0.013358231344048573 0.0090782875792409824 -0.0054855647457671599 -0.0013456638118154614
leaf_weight=1.791278004646301 1.0283986590802672 1.0726843589218331 2.3839029641821985 1.450375231914222 1.0728461160324512
leaf_count=6 6 12 10 12 10
internal_value=0 -0.00360526 0.00129573 -0.0125608 0.00584308
internal_weight=0 7.00821 4.52943 2.47877 3.45675
internal_count=56 50 32 18 20
is_linear=0
shrinkage=0.1


Tree=48
num_leaves=6
num_cat=0
split_feature=1 3 2 0 1
split_gain=0.0390763 0.0357233 0.0218679 0.0158617 0.00743067
threshold=0.41000000000000009 0.33050000000000007 0.55000000000000016 0.88750000000000007 0.57500000000000007
decision_type=2 2 2 2 2
left_child=-1 3 -3 -2 -4
right_child=1 2 4 -5 -6
leaf_value=0.01317109937905951 -0.022494436637351747 -0.010655114313093808 0.008886518407908342 -0.0062652179098379368 -0.0011638130885656629
leaf_weight=1.7924047410488126 1.0320919305086138 1.0575139633147044 2.3826673822477464 1.4458753122016785 1.0642177816480396
leaf_count=6 6 12 10 12 10
internal_value=0 -0.00338108 0.00192415 -0.0130248 0.0057835
internal_weight=0 6.98237 4.5044 2.47797 3.44689
internal_count=56 50 32 18 20
is_linear=0
shrinkage=0.1


Tree=49
num_leaves=6
num_cat=0
split_feature=0 3 4 1 0
split_gain=0.0426153 0.0390494 0.0189832 0.0294516 0.000656211
threshold=0.64285000000000003 0.33050000000000007 0.58535000000000015 0.57500000000000007 0.91155000000000019
decision_type=2 2 2 2 2
left_child=-1 -2 3 -3 -5
right_child=1 2 -4 4 -6
leaf_value=0.018302491847714021 -0.016791095580612383 -0.01281877203566636 0.0078002618967836007 0.0032399205856922762 0.0069866176205038337
leaf_weight=1.1106728836894033 1.5571549222804604 1.778374743065797 2.4322127336636186 0.91475050896406152 0.95600731670856476
leaf_count=6 14 14 12 4 6
internal_value=0 -0.00266126 0.000956744 -0.00360458 0.00515458
internal_weight=0 7.6385 6.08135 3.64913 1.87076
internal_count=56 50 36 24 10
is_linear=0
shrinkage=0.1


Tree=50
num_leaves=7
num_cat=0
split_feature=1 0 0 2 1 4
split_gain=0.0444789 0.0262034 0.0285879 0.0238848 0.0076328 0.00329136
threshold=0.41000000000000009 0.88750000000000007 0.64285000000000003 0.55000000000000016 0.62000000000000011 0.47425000000000006
decision_type=2 2 2 2 2 2
left_child=-1 2 -2 5 -5 -3
right_child=1 3 -4 4 -6 -7
leaf_value=0.014116021308426777 -0.0061218017476830401 -0.0044560137719013493 -0.037304896892978716 0.0011452835874591707 0.01104137725884261 -0.012285998145820931
leaf_weight=1.7776306867599485 0.91731021180748917 0.96823022514581714 0.43266643583774567 2.230750744696707 1.197932496666908 1.204958649468608
leaf_count=6 4 6 10 12 8 10
internal_value=0 -0.00360955 -0.016116 -0.000595676 0.00460284 -0.00879747
internal_weight=0 6.95185 1.34998 5.60187 3.42868 2.17319
internal_count=56 50 14 36 20 16
is_linear=0
shrinkage=0.1


Tree=51
num_leaves=6
num_cat=0
split_feature=1 3 4 1 0
split_gain=0.0345549 0.0261713 0.0252477 0.0239879 0.0137403
threshold=0.41000000000000009 0.33050000000000007 0.58535000000000015 0.62000000000000011 0.88750000000000007
decision_type=2 2 2 2 2
left_child=-1 4 3 -3 -2
right_child=1 2 -4 -5 -6
leaf_value=0.01243825892405467 -0.020374925285435774 -0.016935000642383478 0.0082655187112243064 0.0047571823862787022 -0.0052081352377696946
leaf_weight=1.7781193405389784 1.0161839984357359 1.091946321888827 2.4292024369351566 0.95618772134184826 1.4491294580511747
leaf_count=6 6 14 12 6 12
internal_value=0 -0.00318562 0.00137029 -0.00680783 -0.0114598
internal_weight=0 6.94265 4.47734 2.04813 2.46531
internal_count=56 50 32 20 18
is_linear=0
shrinkage=0.1


Tree=52
num_leaves=6
num_cat=0
split_feature=0 3 4 1 0
split_gain=0.0365168 0.0312854 0.0223594 0.0254858 8.17568e-05
threshold=0.64285000000000003 0.33050000000000007 0.58535000000000015 0.57500000000000007 0.91155000000000019
decision_type=2 2 2 2 2
left_child=-1 -2 3 -3 -5
right_child=1 2 -4 4 -6
leaf_value=0.017012031992336401 -0.015216789600992806 -0.012824660976038182 0.0081944519037389744 0.003266519098503267 0.0045909054365884088
leaf_weight=1.1018429286777971 1.5357608082704244 1.7634310608264061 2.4266757350414991 0.9125881493091581 0.9527413584291935
leaf_count=6 14 14 12 4 6
internal_value=0 -0.00246925 0.000763744 -0.00420542 0.00394297
internal_weight=0 7.5912 6.05544 3.62876 1.86533
internal_count=56 50 36 24 10
is_linear=0
shrinkage=0.1


Tree=53
num_leaves=6
num_cat=0
split_feature=1 3 4 1 4
split_gain=0.0404035 0.0216686 0.0226743 0.0193921 0.00935349
threshold=0.41000000000000009 0.33050000000000007 0.58535000000000015 0.62000000000000011 0.5445000000000001
decision_type=2 2 2 2 2
left_child=-1 4 3 -3 -2
right_child=1 2 -4 -5 -6
leaf_value=0.013496170139840866 -0.0047825474691237128 -0.016216278606040326 0.0072383041791283277 0.0033228669064942458 -0.017164277292108725
leaf_weight=1.7661516666412351 1.2093184706754985 1.0855981382774191 2.4197308071888983 0.95458361506462086 1.2313363882713018
leaf_count=6 10 14 12 6 8
internal_value=0 -0.00345425 0.000691121 -0.00707408 -0.0110293
internal_weight=0 6.90057 4.45991 2.04018 2.44065
internal_count=56 50 32 20 18
is_linear=0
shrinkage=0.1


Tree=54
num_leaves=6
num_cat=0
split_feature=0 3 4 1 0
split_gain=0.0372024 0.0301973 0.0175496 0.0199688 3.91227e-07
threshold=0.64285000000000003 0.33050000000000007 0.58535000000000015 0.57500000000000007 0.91155000000000019
decision_type=2 2 2 2 2
left_child=-1 -2 3 -3 -5
right_child=1 2 -4 4 -6
leaf_value=0.017287720925953435 -0.015041179043411585 -0.011381945447382916 0.0072883191313874987 0.0034437854373081129 0.0035354675972838461
leaf_weight=1.0881794951856134 1.528825153596699 1.7519085053354504 2.4178017876110971 0.91135482862591721 0.95123780891299248
leaf_count=6 14 14 12 4 6
internal_value=0 -0.00248801 0.000693461 -0.00371795 0.00349061
internal_weight=0 7.56113 6.0323 3.6145 1.86259
internal_count=56 50 36 24 10
is_linear=0
shrinkage=0.1


Tree=55
num_leaves=8
num_cat=0
split_feature=1 3 3 3 3 4 4
split_gain=0.0440631 0.0189714 0.0236997 0.111913 0.0142774 0.00915426 0.00822062
threshold=0.41000000000000009 0.33050000000000007 0.39770000000000005 0.42870000000000003 0.38810000000000006 0.5445000000000001 0.47425000000000006
decision_type=2 2 2 2 2 2 2
left_child=-1 5 4 -4 6 -2 -3
right_child=1 2 3 -5 -6 -7 -8
leaf_value=0.014140828509118686 -0.0045283692085210372 0.0032919156439655873 0.014249589303709091 -0.071575983193576706 0.0089984695262218181 -0.016822886989601934 -0.010388727088900908
leaf_weight=1.7551612108945844 1.2001241138204934 0.9111883416771891 0.41296603716909874 0.24036051519215107 2.034975603222847 1.2225626860745249 0.84799898264463991
leaf_count=6 10 4 6 6 4 8 12
internal_value=0 -0.00361264 0.000265801 -0.0173259 0.00329495 -0.0107326 -0.0033027
internal_weight=0 6.87018 4.44749 0.653327 3.79416 2.42269 1.75919
internal_count=56 50 32 12 20 18 16
is_linear=0
shrinkage=0.1


Tree=56
num_leaves=6
num_cat=0
split_feature=1 2 3 1 3
split_gain=0.0333005 0.0226661 0.0253372 0.0151339 0.00817121
threshold=0.41000000000000009 0.55000000000000016 0.38810000000000006 0.57500000000000007 0.33050000000000007
decision_type=2 2 2 2 2
left_child=-1 3 -3 -2 -5
right_child=1 2 -4 4 -6
leaf_value=0.012271899252619234 -0.019396449111083687 -0.010322474606827545 0.0075582631615724958 -0.01009538811583905 0.0025446612972542201
leaf_weight=1.7588767409324644 1.0274651339277627 1.1412722617387774 2.5930301211774349 1.167775188572705 0.90995142236351956
leaf_count=6 12 12 14 8 4
internal_value=0 -0.0031559 0.00209358 -0.00946892 -0.00455961
internal_weight=0 6.83949 3.7343 3.10519 2.07773
internal_count=56 50 26 24 12
is_linear=0
shrinkage=0.1


Tree=57
num_leaves=6
num_cat=0
split_feature=0 3 4 1 0
split_gain=0.0333504 0.0247239 0.0228353 0.0173961 1.10605e-05
threshold=0.64285000000000003 0.33050000000000007 0.58535000000000015 0.57500000000000007 0.91155000000000019
decision_type=2 2 2 2 2
left_child=-1 -2 3 -3 -5
right_child=1 2 -4 4 -6
leaf_value=0.016445590466004207 -0.013779300741625287 -0.011669682600957059 0.0081014289607596896 0.0024862381269758469 0.0019977667586464332
leaf_weight=1.0782146789133547 1.5141719905659554 1.7462977240793409 2.389872623141855 0.90897502377629258 0.94595799967646599
leaf_count=6 14 14 12 4 6
internal_value=0 -0.00236259 0.000522838 -0.00450652 0.00223713
internal_weight=0 7.50528 5.9911 3.60123 1.85493
internal_count=56 50 36 24 10
is_linear=0
shrinkage=0.1


Tree=58
num_leaves=6
num_cat=0
split_feature=1 2 3 1 3
split_gain=0.0377376 0.0198488 0.0202978 0.0144355 0.00769263
threshold=0.41000000000000009 0.55000000000000016 0.38810000000000006 0.57500000000000007 0.33050000000000007
decision_type=2 2 2 2 2
left_child=-1 3 -3 -2 -5
right_child=1 2 -4 4 -6
leaf_value=0.013110160294458332 -0.018991102457343909 -0.0095625134111224502 0.0064678885951061265 -0.0098619539953215124 0.0024168556250994165
leaf_weight=1.7475315779447553 1.0238149679498749 1.1381987272761764 2.5810674261301756 1.1634086389094593 0.90878142043948162
leaf_count=6 12 12 14 8 4
internal_value=0 -0.00336163 0.00156214 -0.00927662 -0.00447695
internal_weight=0 6.81527 3.71927 3.09601 2.07219
internal_count=56 50 26 24 12
is_linear=0
shrinkage=0.1


Tree=59
num_leaves=6
num_cat=0
split_feature=1 2 3 1 3
split_gain=0.0341026 0.0192582 0.0197271 0.0127615 0.00764553
threshold=0.41000000000000009 0.55000000000000016 0.38810000000000006 0.57500000000000007 0.33050000000000007
decision_type=2 2 2 2 2
left_child=-1 3 -3 -2 -5
right_child=1 2 -4 4 -6
leaf_value=0.012459533598067746 -0.01818571847725178 -0.0093260043018525939 0.0064962999000792209 -0.0098915723579846952 0.0023554033313231484
leaf_weight=1.747672766447067 1.0202970360405745 1.1354352091439071 2.575166123919189 1.1624683104455473 0.90781963989138592
leaf_count=6 12 12 14 8 4
internal_value=0 -0.00320168 0.00165471 -0.00903233 -0.00452128
internal_weight=0 6.80119 3.7106 3.09058 2.07029
internal_count=56 50 26 24 12
is_linear=0
shrinkage=0.1


Tree=60
num_leaves=6
num_cat=0
split_feature=0 3 4 1 0
split_gain=0.0319157 0.0228727 0.0199346 0.0140212 4.18103e-05
threshold=0.64285000000000003 0.33050000000000007 0.58535000000000015 0.57500000000000007 0.91155000000000019
decision_type=2 2 2 2 2
left_child=-1 -2 3 -3 -5
right_child=1 2 -4 4 -6
leaf_value=0.016157198881603673 -0.013337112132503187 -0.010697360255681737 0.007559528073873268 0.0023034752748284158 0.0013516799837887863
leaf_weight=1.0694029964506624 1.5033965292386708 1.7366707859328019 2.379894002340734 0.90691001713275887 0.9397784061729908
leaf_count=6 14 14 12 4 6
internal_value=0 -0.0023141 0.000464915 -0.00424698 0.00181911
internal_weight=0 7.46665 5.96325 3.58336 1.84669
internal_count=56 50 36 24 10
is_linear=0
shrinkage=0.1


Tree=61
num_leaves=6
num_cat=0
split_feature=1 2 3 1 3
split_gain=0.0372927 0.0171245 0.0161928 0.0123805 0.00715026
threshold=0.41000000000000009 0.55000000000000016 0.38810000000000006 0.57500000000000007 0.33050000000000007
decision_type=2 2 2 2 2
left_child=-1 3 -3 -2 -5
right_child=1 2 -4 4 -6
leaf_value=0.013070792977352447 -0.017883058497630538 -0.0087175176734048832 0.0056372363691546447 -0.0096114212373115994 0.0022453782615239263
leaf_weight=1.7375511378049848 1.0173844443634155 1.1329792956821623 2.5647202311083674 1.1584410099312665 0.90669705346226681
leaf_count=6 12 12 14 8 4
internal_value=0 -0.00334962 0.00123892 -0.0088539 -0.0044057
internal_weight=0 6.78022 3.6977 3.08252 2.06514
internal_count=56 50 26 24 12
is_linear=0
shrinkage=0.1


Tree=62
num_leaves=6
num_cat=0
split_feature=1 2 3 1 3
split_gain=0.0334096 0.0166985 0.016149 0.0109905 0.00706715
threshold=0.41000000000000009 0.55000000000000016 0.38810000000000006 0.57500000000000007 0.33050000000000007
decision_type=2 2 2 2 2
left_child=-1 3 -3 -2 -5
right_child=1 2 -4 4 -6
leaf_value=0.012367762983855082 -0.017137440014922033 -0.0085928932139247502 0.0057572644734904393 -0.0096022955100793193 0.0021909042477106832
leaf_weight=1.737903758883476 1.0144226993434133 1.1306311101652684 2.5594579372555017 1.1574297929182651 0.90580534189939488
leaf_count=6 12 12 14 8 4
internal_value=0 -0.00317594 0.00136042 -0.00861501 -0.00442482
internal_weight=0 6.76775 3.69009 3.07766 2.06324
internal_count=56 50 26 24 12
is_linear=0
shrinkage=0.1


Tree=63
num_leaves=6
num_cat=0
split_feature=0 3 4 1 0
split_gain=0.030315 0.0215057 0.0179172 0.0118691 6.18692e-05
threshold=0.64285000000000003 0.33050000000000007 0.58535000000000015 0.57500000000000007 0.91155000000000019
decision_type=2 2 2 2 2
left_child=-1 -2 3 -3 -5
right_child=1 2 -4 4 -6
leaf_value=0.015811778368466946 -0.012982002147642037 -0.0099848427090836588 0.0071769916012556743 0.002145229256782124 0.00098492267739061132
leaf_weight=1.061078645288944 1.4939086963422594 1.7292309302720243 2.3716855770908296 0.90496072173118569 0.93367188796401024
leaf_count=6 14 14 12 4 6
internal_value=0 -0.00225703 0.000440507 -0.00403747 0.00155602
internal_weight=0 7.43346 5.93955 3.56786 1.83863
internal_count=56 50 36 24 10
is_linear=0
shrinkage=0.1


Tree=64
num_leaves=8
num_cat=0
split_feature=1 3 0 0 2 3 3
split_gain=0.0358273 0.0189964 0.0798627 0.0410931 0.0167465 0.00495511 0.00127005
threshold=0.41000000000000009 0.39770000000000005 0.91155000000000019 0.88750000000000007 0.55000000000000016 0.33050000000000007 0.38810000000000006
decision_type=2 2 2 2 2 2 2
left_child=-1 3 -3 -2 5 -5 -6
right_child=1 2 -4 4 6 -7 -8
leaf_value=0.012845025495817173 -0.01994220640927272 0.023045306770821863 -0.051364742958459476 -0.009302169546802538 0.0038624526531172692 0.0005464430003597878 0.0081629326477063689
leaf_weight=1.7286633998155592 1.0231551900506017 0.24718030914664257 0.34633925883099437 1.1536650639027359 1.0398887016344818 0.91686363564804185 2.0221372991800308
leaf_count=6 10 4 8 8 10 6 4
internal_value=0 -0.00328997 -0.0203755 -0.00164261 0.00200534 -0.00494104 0.00670245
internal_weight=0 6.74923 0.59352 6.15571 5.13255 2.07053 3.06203
internal_count=56 50 12 38 28 14 14
is_linear=0
shrinkage=0.1


Tree=65
num_leaves=6
num_cat=0
split_feature=0 3 4 1 0
split_gain=0.0292449 0.0264686 0.0110951 0.0129445 0.000310481
threshold=0.64285000000000003 0.33050000000000007 0.58535000000000015 0.57500000000000007 0.91155000000000019
decision_type=2 2 2 2 2
left_child=-1 -2 3 -3 -5
right_child=1 2 -4 4 -6
leaf_value=0.015567516545170924 -0.014147599566778338 -0.0089812443144328558 0.0060943809727029103 0.0017802924402616029 0.0043849308611317167
leaf_weight=1.055986739695072 1.4870508927851913 1.7204250690992924 2.3589047770947218 0.90373673290014245 0.9271935410797596
leaf_count=6 14 14 12 4 6
internal_value=0 -0.00222231 0.000778156 -0.00275302 0.0030993
internal_weight=0 7.39731 5.91026 3.55136 1.83093
internal_count=56 50 36 24 10
is_linear=0
shrinkage=0.1


Tree=66
num_leaves=6
num_cat=0
split_feature=1 3 2 4 1
split_gain=0.0310083 0.0165626 0.0159842 0.00867967 0.00665977
threshold=0.41000000000000009 0.33050000000000007 0.55000000000000016 0.5445000000000001 0.57500000000000007
decision_type=2 2 2 2 2
left_child=-1 3 -3 -2 -4
right_child=1 2 4 -5 -6
leaf_value=0.011968717794556522 -0.0036513339207666085 -0.010364171480302163 0.0069571136654660269 -0.015737164828859375 -0.0027388942759659805
leaf_weight=1.7226700037717817 1.1720217149704697 1.0167676522396503 2.2960420195013289 1.2053423291072247 1.0244680242612956
leaf_count=6 10 12 10 8 10
internal_value=0 -0.00307063 0.000606362 -0.00977895 0.00396563
internal_weight=0 6.71464 4.33728 2.37736 3.32051
internal_count=56 50 32 18 20
is_linear=0
shrinkage=0.1


Tree=67
num_leaves=6
num_cat=0
split_feature=1 3 2 0 1
split_gain=0.027775 0.0164221 0.0160574 0.00748135 0.00565654
threshold=0.41000000000000009 0.33050000000000007 0.55000000000000016 0.88750000000000007 0.57500000000000007
decision_type=2 2 2 2 2
left_child=-1 3 -3 -2 -4
right_child=1 2 4 -5 -6
leaf_value=0.011325896673177252 -0.016285782849666582 -0.010253175074928879 0.0068773726660020622 -0.0048840791159536082 -0.0020708087414280647
leaf_weight=1.7226104736328123 0.9807973671704534 1.0147609416162593 2.2948903376236562 1.3926402251236139 1.0206400300376115
leaf_count=6 6 12 10 12 10
internal_value=0 -0.00291033 0.000753932 -0.00959571 0.0041228
internal_weight=0 6.70373 4.33029 2.37344 3.31553
internal_count=56 50 32 18 20
is_linear=0
shrinkage=0.1


Tree=68
num_leaves=6
num_cat=0
split_feature=0 3 4 1 0
split_gain=0.0269709 0.0229712 0.00961161 0.0145993 0.000276912
threshold=0.64285000000000003 0.33050000000000007 0.58535000000000015 0.57500000000000007 0.91155000000000019
decision_type=2 2 2 2 2
left_child=-1 -2 3 -3 -5
right_child=1 2 -4 4 -6
leaf_value=0.015002327915258341 -0.013285781658001048 -0.0092589674674500577 0.0056180383725394842 0.0023465043203599843 0.0048102005224317833
leaf_weight=1.0489682368934152 1.4772935905493794 1.7140556053491312 2.3501845709979534 0.90191937983036019 0.92317972332239151
leaf_count=6 14 14 12 4 6
internal_value=0 -0.00213624 0.000660529 -0.00263152 0.0035927
internal_weight=0 7.36663 5.88934 3.53915 1.8251
internal_count=56 50 36 24 10
is_linear=0
shrinkage=0.1


Tree=69
num_leaves=6
num_cat=0
split_feature=1 0 2 1 4
split_gain=0.0292982 0.0151443 0.0187698 0.00384498 0.00290746
threshold=0.41000000000000009 0.88750000000000007 0.55000000000000016 0.62000000000000011 0.47425000000000006
decision_type=2 2 2 2 2
left_child=-1 -2 4 -4 -3
right_child=1 2 3 -5 -6
leaf_value=0.011663467341804136 -0.01290574096502705 -0.0039145499906561637 0.0015375260521937125 0.00871511780590376 -0.011358952944338618
leaf_weight=1.714251324534416 1.2519075642339883 0.94587669428437982 2.1750566747505222 1.1362176313996313 1.1780252139433285
leaf_count=6 14 6 12 8 10
internal_value=0 -0.00298996 -0.000706019 0.00400042 -0.0080436
internal_weight=0 6.68708 5.43518 3.31127 2.1239
internal_count=56 50 36 20 16
is_linear=0
shrinkage=0.1


Tree=70
num_leaves=6
num_cat=0
split_feature=1 3 2 4 1
split_gain=0.0252715 0.0152874 0.0153307 0.00621777 0.00615295
threshold=0.41000000000000009 0.33050000000000007 0.55000000000000016 0.5445000000000001 0.57500000000000007
decision_type=2 2 2 2 2
left_child=-1 3 -3 -2 -4
right_child=1 2 4 -5 -6
leaf_value=0.010827910591760199 -0.0040346796598884366 -0.010026396268194841 0.006924500721467948 -0.014299080560886388 -0.0024210966634487796
leaf_weight=1.7150662541389463 1.1615202226676049 1.0099383024498818 2.290425961837173 1.1997265082318334 1.0174136529676614
leaf_count=6 10 12 10 8 10
internal_value=0 -0.00278043 0.00075751 -0.00924992 0.00405001
internal_weight=0 6.67902 4.31778 2.36125 3.30784
internal_count=56 50 32 18 20
is_linear=0
shrinkage=0.1


Tree=71
num_leaves=6
num_cat=0
split_feature=0 3 4 1 0
split_gain=0.0245823 0.0212369 0.0101198 0.0146828 0.000149723
threshold=0.64285000000000003 0.33050000000000007 0.58535000000000015 0.57500000000000007 0.91155000000000019
decision_type=2 2 2 2 2
left_child=-1 -2 3 -3 -5
right_child=1 2 -4 4 -6
leaf_value=0.014371289442810431 -0.012806091729233799 -0.0093907058863247749 0.0057390538090816854 0.0025948044520302735 0.0044080898198524364
leaf_weight=1.0422814823687074 1.4663148052059112 1.7098125561024065 2.3449545968323946 0.90046716481447198 0.92121877148747444
leaf_count=6 14 14 12 4 6
internal_value=0 -0.00203996 0.000646449 -0.0027351 0.00351178
internal_weight=0 7.34277 5.87645 3.5315 1.82169
internal_count=56 50 36 24 10
is_linear=0
shrinkage=0.1


Tree=72
num_leaves=8
num_cat=0
split_feature=1 3 3 3 3 0 4
split_gain=0.026937 0.0139029 0.0166573 0.0869947 0.00942027 0.00668764 0.00470577
threshold=0.41000000000000009 0.33050000000000007 0.39770000000000005 0.42870000000000003 0.38810000000000006 0.88750000000000007 0.47425000000000006
decision_type=2 2 2 2 2 2 2
left_child=-1 5 4 -4 6 -2 -3
right_child=1 2 3 -5 -6 -7 -8
leaf_value=0.011208228317029386 -0.015400006185525957 0.0025373969667341835 0.014150983554342845 -0.068175092250305963 0.0075585124814721329 -0.0045779097884076801 -0.0078653637490238813
leaf_weight=1.7070118337869642 0.97304017376154694 0.90031307563185714 0.35456573590636242 0.2011891114525497 2.0121399909257889 1.3820721395313738 0.84107814513845369
leaf_count=6 6 4 6 6 4 12 12
internal_value=0 -0.00287087 0.000505703 -0.0156519 0.00289803 -0.00904918 -0.00248705
internal_weight=0 6.6644 4.30929 0.555755 3.75353 2.35511 1.74139
internal_count=56 50 32 12 20 18 16
is_linear=0
shrinkage=0.1


Tree=73
num_leaves=6
num_cat=0
split_feature=0 3 4 1 0
split_gain=0.0218317 0.0184305 0.0130217 0.0131763 6.54034e-05
threshold=0.64285000000000003 0.33050000000000007 0.58535000000000015 0.57500000000000007 0.91155000000000019
decision_type=2 2 2 2 2
left_child=-1 -2 3 -3 -5
right_child=1 2 -4 4 -6
leaf_value=0.013569363569417736 -0.011972116599489371 -0.0095589899659478325 0.006391807405825959 0.0020665501384366587 0.0032658175734197972
leaf_weight=1.0382687076926229 1.4613936219830064 1.7069767039502042 2.3251118594780564 0.89937092363834359 0.91984032467007637
leaf_count=6 14 14 12 4 6
internal_value=0 -0.0019266 0.000582318 -0.00324837 0.00267293
internal_weight=0 7.31269 5.8513 3.52619 1.81921
internal_count=56 50 36 24 10
is_linear=0
shrinkage=0.1


Tree=74
num_leaves=6
num_cat=0
split_feature=1 2 3 1 3
split_gain=0.0247034 0.0143544 0.0160762 0.0113447 0.00499459
threshold=0.41000000000000009 0.55000000000000016 0.38810000000000006 0.57500000000000007 0.33050000000000007
decision_type=2 2 2 2 2
left_child=-1 3 -3 -2 -5
right_child=1 2 -4 4 -6
leaf_value=0.01074544092364821 -0.016528521055783247 -0.0084990649483283505 0.0059952521759454556 -0.0079127130179895248 0.0020427007992226309
leaf_weight=1.7026162743568418 1.0010098117636519 1.1061312039382758 2.4828830473124981 1.1464346656575801 0.89921402558684338
leaf_count=6 12 12 14 8 4
internal_value=0 -0.00275712 0.00152812 -0.00780521 -0.00353657
internal_weight=0 6.63567 3.58901 3.04666 2.04565
internal_count=56 50 26 24 12
is_linear=0
shrinkage=0.1


Tree=75
num_leaves=6
num_cat=0
split_feature=1 2 3 1 3
split_gain=0.0230606 0.0139359 0.0153384 0.0101735 0.00502773
threshold=0.41000000000000009 0.55000000000000016 0.38810000000000006 0.57500000000000007 0.33050000000000007
decision_type=2 2 2 2 2
left_child=-1 3 -3 -2 -5
right_child=1 2 -4 4 -6
leaf_value=0.010380420798872636 -0.015918021287280728 -0.0082450689197703635 0.005926086228806568 -0.0079945204884397381 0.0019971955543064703
leaf_weight=1.7025960832834242 0.99844931135885451 1.1039806308690461 2.4785525407642126 1.1458494071848693 0.89850375428795803
leaf_count=6 12 12 14 8 4
internal_value=0 -0.00266759 0.00155915 -0.00764406 -0.00360311
internal_weight=0 6.62534 3.58253 3.0428 2.04435
internal_count=56 50 26 24 12
is_linear=0
shrinkage=0.1


Tree=76
num_leaves=6
num_cat=0
split_feature=1 2 3 1 3
split_gain=0.0215697 0.0135023 0.0146928 0.00915588 0.00503792
threshold=0.41000000000000009 0.55000000000000016 0.38810000000000006 0.57500000000000007 0.33050000000000007
decision_type=2 2 2 2 2
left_child=-1 3 -3 -2 -5
right_child=1 2 -4 4 -6
leaf_value=0.010037757449708293 -0.015344419729317549 -0.0080233002121431994 0.0058586173889672412 -0.0080482722949180106 0.0019569146687614543
leaf_weight=1.7025963366031645 0.99616799392970312 1.1019886347930881 2.4744685534387827 1.1452091974206271 0.89782528206706036
leaf_count=6 12 12 14 8 4
internal_value=0 -0.0025833 0.00158128 -0.00748407 -0.00365143
internal_weight=0 6.61566 3.57646 3.0392 2.04303
internal_count=56 50 26 24 12
is_linear=0
shrinkage=0.1


Tree=77
num_leaves=6
num_cat=0
split_feature=0 3 4 1 0
split_gain=0.0217449 0.0176147 0.0118013 0.0111899 3.24575e-05
threshold=0.64285000000000003 0.33050000000000007 0.58535000000000015 0.57500000000000007 0.91155000000000019
decision_type=2 2 2 2 2
left_child=-1 -2 3 -3 -5
right_child=1 2 -4 4 -6
leaf_value=0.013596577302976707 -0.011774483123238172 -0.0089503539855227392 0.0060726425857797438 0.0019212041641030388 0.0027682244154643015
leaf_weight=1.0303874369710682 1.4531494507100431 1.6998344375751915 2.3160606543533504 0.89717657119035699 0.91257745400071144
leaf_count=6 14 14 12 4 6
internal_value=0 -0.00192473 0.000532193 -0.00312408 0.00234832
internal_weight=0 7.2788 5.82565 3.50959 1.80975
internal_count=56 50 36 24 10
is_linear=0
shrinkage=0.1


Tree=78
num_leaves=6
num_cat=0
split_feature=1 2 3 1 3
split_gain=0.0235308 0.0122127 0.012423 0.00898286 0.00478093
threshold=0.41000000000000009 0.55000000000000016 0.38810000000000006 0.57500000000000007 0.33050000000000007
decision_type=2 2 2 2 2
left_child=-1 3 -3 -2 -5
right_child=1 2 -4 4 -6
leaf_value=0.01050857812601815 -0.015156022194277335 -0.007566527908431174 0.0052089718259272361 -0.0078532591240248507 0.0019006311256539118
leaf_weight=1.6954260170459745 0.99432426114799488 1.1007532496005299 2.4671278856694698 1.1426758035086098 0.89701001718640316
leaf_count=6 12 12 14 8 4
internal_value=0 -0.0026987 0.00126751 -0.00736281 -0.00356371
internal_weight=0 6.60189 3.56788 3.03401 2.03969
internal_count=56 50 26 24 12
is_linear=0
shrinkage=0.1


Tree=79
num_leaves=6
num_cat=0
split_feature=1 2 3 1 3
split_gain=0.0218153 0.0118695 0.0121558 0.00809829 0.00476543
threshold=0.41000000000000009 0.55000000000000016 0.38810000000000006 0.57500000000000007 0.33050000000000007
decision_type=2 2 2 2 2
left_child=-1 3 -3 -2 -5
right_child=1 2 -4 4 -6
leaf_value=0.010116383638907388 -0.014610114330059518 -0.0074334290571596686 0.0052135250041856502 -0.0078787314139608256 0.0018625925233650667
leaf_weight=1.695574417710304 0.99238348257495124 1.0990659727249297 2.4634571266360581 1.1419719266705217 0.8963729254901408
leaf_count=6 12 12 14 8 4
internal_value=0 -0.00260161 0.00131184 -0.00720175 -0.00359493
internal_weight=0 6.59325 3.56252 3.03073 2.03834
internal_count=56 50 26 24 12
is_linear=0
shrinkage=0.1


Tree=80
num_leaves=6
num_cat=0
split_feature=0 3 4 1 0
split_gain=0.0208708 0.0170864 0.010603 0.00960305 1.73491e-05
threshold=0.64285000000000003 0.33050000000000007 0.58535000000000015 0.57500000000000007 0.91155000000000019
decision_type=2 2 2 2 2
left_child=-1 -2 3 -3 -5
right_child=1 2 -4 4 -6
leaf_value=0.013358460994545886 -0.011608035164167795 -0.008341978766165924 0.0057937417706964388 0.0018288300070026097 0.0024490188718951657
leaf_weight=1.0248244553804395 1.4473595889285205 1.694485717918724 2.3099154154770076 0.89576316252350785 0.90854042023420334
leaf_count=6 14 14 12 4 6
internal_value=0 -0.00188671 0.000535562 -0.00293591 0.00214112
internal_weight=0 7.25606 5.8087 3.49879 1.8043
internal_count=56 50 36 24 10
is_linear=0
shrinkage=0.1


Tree=81
num_leaves=8
num_cat=0
split_feature=1 3 3 0 2 3 3
split_gain=0.0233595 0.0141305 0.0497829 0.0301451 0.0121129 0.00317035 0.000780493
threshold=0.41000000000000009 0.39770000000000005 0.42870000000000003 0.88750000000000007 0.55000000000000016 0.33050000000000007 0.38810000000000006
decision_type=2 2 2 2 2 2 2
left_child=-1 3 -3 -2 5 -5 -6
right_child=1 2 -4 4 6 -7 -8
leaf_value=0.010490794119344849 -0.017224802035311255 0.0043750415658213113 -0.060850248296809309 -0.0076693831164694748 0.0035542074744363988 0.00025269450118468477 0.0069520992484441886
leaf_weight=1.6890125125646589 0.99879910424351681 0.33165737939998496 0.18081168085336685 1.1395273394882681 1.020597577095032 0.9074286923278122 2.002158910036087
leaf_count=6 10 6 6 8 10 6 4
internal_value=0 -0.00269247 -0.018638 -0.00134591 0.00178244 -0.00415748 0.00580484
internal_weight=0 6.58098 0.512469 6.06851 5.06971 2.04696 3.02276
internal_count=56 50 12 38 28 14 14
is_linear=0
shrinkage=0.1


Tree=82
num_leaves=6
num_cat=0
split_feature=0 3 4 1 0
split_gain=0.0189797 0.0159579 0.0119796 0.00901345 1.53718e-05
threshold=0.64285000000000003 0.33050000000000007 0.58535000000000015 0.57500000000000007 0.91155000000000019
decision_type=2 2 2 2 2
left_child=-1 -2 3 -3 -5
right_child=1 2 -4 4 -6
leaf_value=0.012760011014607343 -0.011216187688696514 -0.0083869680394555602 0.0061522091181989277 0.0014801485225015018 0.0020641078670357543
leaf_weight=1.0214592665433881 1.4416699474677441 1.6921576145105066 2.2965474338270724 0.89483417198061921 0.90836808644235134
leaf_count=6 14 14 12 4 6
internal_value=0 -0.00180185 0.000541484 -0.00314492 0.00177432
internal_weight=0 7.23358 5.79191 3.49536 1.8032
internal_count=56 50 36 24 10
is_linear=0
shrinkage=0.1


Tree=83
num_leaves=6
num_cat=0
split_feature=1 2 3 1 3
split_gain=0.0214232 0.0122485 0.011652 0.00914715 0.0038279
threshold=0.41000000000000009 0.55000000000000016 0.38810000000000006 0.57500000000000007 0.33050000000000007
decision_type=2 2 2 2 2
left_child=-1 3 -3 -2 -5
right_child=1 2 -4 4 -6
leaf_value=0.01005922862286994 -0.015129510711376679 -0.0071528621351292987 0.0052606642917161885 -0.0072608216389531818 0.0014803506086944922
leaf_weight=1.6845873892307279 0.99151789717143435 1.0957397213205697 2.4398595644161105 1.1385061647742989 0.89466376230120648
leaf_count=6 12 12 14 8 4
internal_value=0 -0.00258306 0.00141351 -0.00725472 -0.00341441
internal_weight=0 6.56029 3.5356 3.02469 2.03317
internal_count=56 50 26 24 12
is_linear=0
shrinkage=0.1


Tree=84
num_leaves=6
num_cat=0
split_feature=1 2 3 1 3
split_gain=0.020023 0.011887 0.0112646 0.00826214 0.00384802
threshold=0.41000000000000009 0.55000000000000016 0.38810000000000006 0.57500000000000007 0.33050000000000007
decision_type=2 2 2 2 2
left_child=-1 3 -3 -2 -5
right_child=1 2 -4 4 -6
leaf_value=0.0097234643420952161 -0.014597886053776533 -0.0069895855477307162 0.005225524988770173 -0.0073124288165092302 0.0014541672534879903
leaf_weight=1.6846497654914854 0.98949486401397768 1.093924955930561 2.436383543536067 1.1379980035126211 0.89407209679484356
leaf_count=6 12 12 14 8 4
internal_value=0 -0.00250014 0.00144047 -0.00710424 -0.00345529
internal_weight=0 6.55187 3.53031 3.02156 2.03207
internal_count=56 50 26 24 12
is_linear=0
shrinkage=0.1


Tree=85
num_leaves=6
num_cat=0
split_feature=1 2 3 1 3
split_gain=0.0187526 0.0115089 0.0109384 0.00747492 0.00385401
threshold=0.41000000000000009 0.55000000000000016 0.38810000000000006 0.57500000000000007 0.33050000000000007
decision_type=2 2 2 2 2
left_child=-1 3 -3 -2 -5
right_child=1 2 -4 4 -6
leaf_value=0.0094085437672411423 -0.01408985883324917 -0.0068551642910961389 0.0051905749208612057 -0.0073448944702491957 0.0014310483186680599
leaf_weight=1.6847229748964307 0.98769798845751244 1.0922734180931004 2.4330852804705501 1.137429448310286 0.89350397512316693
leaf_count=6 12 12 14 8 4
internal_value=0 -0.00242219 0.0014584 -0.0069542 -0.00348394
internal_weight=0 6.54399 3.52536 3.01863 2.03093
internal_count=56 50 26 24 12
is_linear=0
shrinkage=0.1


Tree=86
num_leaves=6
num_cat=0
split_feature=0 3 4 1 0
split_gain=0.0188409 0.0157968 0.0110701 0.00800638 8.93303e-06
threshold=0.64285000000000003 0.33050000000000007 0.58535000000000015 0.57500000000000007 0.91155000000000019
decision_type=2 2 2 2 2
left_child=-1 -2 3 -3 -5
right_child=1 2 -4 4 -6
leaf_value=0.012756449850316643 -0.011184257333313144 -0.0079602330646038368 0.0059396769195688226 0.001410891061434264 0.0018570442945764324
leaf_weight=1.0148961581289766 1.4354139727074651 1.6865888588945384 2.2893426883965731 0.89295891672372796 0.90219795145094395
leaf_count=6 14 14 12 4 6
internal_value=0 -0.00179649 0.000538478 -0.00301296 0.00163512
internal_weight=0 7.2065 5.77109 3.48175 1.79516
internal_count=56 50 36 24 10
is_linear=0
shrinkage=0.1


Tree=87
num_leaves=6
num_cat=0
split_feature=1 2 3 1 3
split_gain=0.020146 0.0104909 0.00945518 0.00738646 0.00367374
threshold=0.41000000000000009 0.55000000000000016 0.38810000000000006 0.57500000000000007 0.33050000000000007
decision_type=2 2 2 2 2
left_child=-1 3 -3 -2 -5
right_child=1 2 -4 4 -6
leaf_value=0.0097711809796220891 -0.013938819708874575 -0.0065305054550223582 0.0046751464497403325 -0.0071625381561466837 0.0014111854339944753
leaf_weight=1.6787042021751402 0.98626801598584313 1.091747844591737 2.4268446043133736 1.1352913943119349 0.89278525114059437
leaf_count=6 12 12 14 8 4
internal_value=0 -0.0025108 0.00119826 -0.00684032 -0.00338828
internal_weight=0 6.53294 3.51859 3.01434 2.02808
internal_count=56 50 26 24 12
is_linear=0
shrinkage=0.1


Tree=88
num_leaves=6
num_cat=0
split_feature=1 3 2 1 0
split_gain=0.0187506 0.0103042 0.0140264 0.00648574 0.00583861
threshold=0.41000000000000009 0.33050000000000007 0.55000000000000016 0.59500000000000008 0.88750000000000007
decision_type=2 2 2 2 2
left_child=-1 4 -3 -4 -2
right_child=1 2 3 -5 -6
leaf_value=0.009425068056286191 -0.013750261518086525 -0.0098699375716548247 0.0066109807262087431 -0.0032683662871652421 -0.0035591979805792043
leaf_weight=1.6788806021213529 0.95969893131405148 0.99233670812100161 2.278546573594213 0.9380973046645521 1.3571925342548636
leaf_count=6 6 12 12 8 12
internal_value=0 -0.00242474 0.000523424 0.00372978 -0.00778052
internal_weight=0 6.52587 4.20898 3.21664 2.31689
internal_count=56 50 32 20 18
is_linear=0
shrinkage=0.1


Tree=89
num_leaves=6
num_cat=0
split_feature=0 3 4 1 0
split_gain=0.0182062 0.0156183 0.0096326 0.00790654 1.18447e-05
threshold=0.64285000000000003 0.33050000000000007 0.58535000000000015 0.57500000000000007 0.91155000000000019
decision_type=2 2 2 2 2
left_child=-1 -2 3 -3 -5
right_child=1 2 -4 4 -6
leaf_value=0.012570080217368416 -0.011117396407673745 -0.0076829291825109523 0.0056007439864973118 0.0016066368106885959 0.0021210631888646208
leaf_weight=1.0102453082799909 1.4307269095443187 1.6822814972838389 2.2841806695796549 0.89164635911583878 0.89872427470982075
leaf_count=6 14 14 12 4 6
internal_value=0 -0.00176679 0.000557088 -0.00276044 0.00186487
internal_weight=0 7.18756 5.75683 3.47265 1.79037
internal_count=56 50 36 24 10
is_linear=0
shrinkage=0.1


Tree=90
num_leaves=6
num_cat=0
split_feature=1 3 2 1 0
split_gain=0.0194885 0.00980593 0.01315 0.00570015 0.00539493
threshold=0.41000000000000009 0.33050000000000007 0.55000000000000016 0.59500000000000008 0.88750000000000007
decision_type=2 2 2 2 2
left_child=-1 4 -3 -4 -2
right_child=1 2 3 -5 -6
leaf_value=0.0096270549057313227 -0.013447592439723139 -0.0096682351125673641 0.0062154237003405749 -0.003052805495435182 -0.0036426566207718538
leaf_weight=1.6731345355510709 0.95745284855365786 0.99031499988632266 2.2752182702533905 0.93680235370993603 1.3558454548474399
leaf_count=6 6 12 12 8 12
internal_value=0 -0.00247211 0.000406196 0.0035123 -0.00770083
internal_weight=0 6.51563 4.20234 3.21202 2.3133
internal_count=56 50 32 20 18
is_linear=0
shrinkage=0.1


Tree=91
num_leaves=6
num_cat=0
split_feature=1 3 2 4 1
split_gain=0.0177859 0.00998564 0.0127822 0.00536777 0.00496144
threshold=0.41000000000000009 0.33050000000000007 0.55000000000000016 0.5445000000000001 0.59500000000000008
decision_type=2 2 2 2 2
left_child=-1 3 -3 -2 -4
right_child=1 2 4 -5 -6
leaf_value=0.0091957396015609396 -0.0027197384786739622 -0.0093987599303819794 0.0061246282494898264 -0.012360149235795093 -0.0025314751780823011
leaf_weight=1.6732068285346029 1.1311188642866912 0.98874229326611374 2.2751769041642551 1.1801932498347012 0.9339840980246662
leaf_count=6 10 12 12 8 8
internal_value=0 -0.00236379 0.000542486 -0.00764229 0.00360538
internal_weight=0 6.50922 4.1979 2.31131 3.20916
internal_count=56 50 32 18 20
is_linear=0
shrinkage=0.1


Tree=92
num_leaves=6
num_cat=0
split_feature=0 3 4 1 0
split_gain=0.0170316 0.0150765 0.0081674 0.00869893 2.18882e-05
threshold=0.64285000000000003 0.33050000000000007 0.58535000000000015 0.57500000000000007 0.91155000000000019
decision_type=2 2 2 2 2
left_child=-1 -2 3 -3 -5
right_child=1 2 -4 4 -6
leaf_value=0.012184766446050765 -0.010914236760354948 -0.0076518269724935063 0.0052225559432689537 0.0020225042254532299 0.0027226039593726127
leaf_weight=1.0060210414230821 1.4256300306878982 1.6789488315116616 2.2802120526321232 0.89040316641330697 0.89589673839509487
leaf_count=6 14 14 12 4 6
internal_value=0 -0.00170938 0.000574632 -0.00248381 0.00237363
internal_weight=0 7.17109 5.74546 3.46525 1.7863
internal_count=56 50 36 24 10
is_linear=0
shrinkage=0.1


Tree=93
num_leaves=6
num_cat=0
split_feature=1 3 2 0 1
split_gain=0.0185597 0.00957451 0.012146 0.0048923 0.0044091
threshold=0.41000000000000009 0.33050000000000007 0.55000000000000016 0.88750000000000007 0.59500000000000008
decision_type=2 2 2 2 2
left_child=-1 3 -3 -2 -4
right_child=1 2 4 -5 -6
leaf_value=0.0094108429354604721 -0.013070259850246577 -0.0092648767627320269 0.0057957668126442409 -0.0037207987762624193 -0.0023679085090872751
leaf_weight=1.6677785888314245 0.95438872091472182 0.98743279074551527 2.2727681673131888 1.3532804220449177 0.93322261329740275
leaf_count=6 6 12 12 12 8
internal_value=0 -0.00241424 0.000432631 -0.00758748 0.00341943
internal_weight=0 6.50109 4.19342 2.30767 3.20599
internal_count=56 50 32 18 20
is_linear=0
shrinkage=0.1


Tree=94
num_leaves=6
num_cat=0
split_feature=1 3 2 4 1
split_gain=0.0170339 0.00974309 0.0117972 0.00445466 0.00387238
threshold=0.41000000000000009 0.33050000000000007 0.55000000000000016 0.5445000000000001 0.59500000000000008
decision_type=2 2 2 2 2
left_child=-1 3 -3 -2 -4
right_child=1 2 4 -5 -6
leaf_value=0.009014695637894905 -0.0030451742499128269 -0.0090064179948282433 0.0057269714938113945 -0.011837914012622075 -0.0019306057581185106
leaf_weight=1.667854271829128 1.1283185076899829 0.98603233066387463 2.273004076443613 1.1774910069070754 0.93081511091440905
leaf_count=6 10 12 12 8 8
internal_value=0 -0.00231465 0.000558438 -0.0075353 0.00350219
internal_weight=0 6.49566 4.18985 2.30581 3.20382
internal_count=56 50 32 18 20
is_linear=0
shrinkage=0.1


Tree=95
num_leaves=6
num_cat=0
split_feature=0 3 4 1 0
split_gain=0.0159657 0.0146772 0.00698281 0.00930539 2.77179e-05
threshold=0.64285000000000003 0.33050000000000007 0.58535000000000015 0.57500000000000007 0.91155000000000019
decision_type=2 2 2 2 2
left_child=-1 -2 3 -3 -5
right_child=1 2 -4 4 -6
leaf_value=0.01182280876935338 -0.010753032796773577 -0.0075815434889032049 0.0048990910008300083 0.002401581620420598 0.0031901548799784275
leaf_weight=1.0019465647637842 1.4211140882689504 1.6760506726568567 2.2771361824125051 0.88929181545972802 0.89365813322365284
leaf_count=6 14 14 12 4 6
internal_value=0 -0.00165508 0.000598915 -0.00223198 0.00279683
internal_weight=0 7.15725 5.73614 3.459 1.78295
internal_count=56 50 36 24 10
is_linear=0
shrinkage=0.1


Tree=96
num_leaves=6
num_cat=0
split_feature=1 0 2 4 1
split_gain=0.0178018 0.00965272 0.0128759 0.00236067 0.0013128
threshold=0.41000000000000009 0.88750000000000007 0.55000000000000016 0.47425000000000006 0.62000000000000011
decision_type=2 2 2 2 2
left_child=-1 -2 3 -3 -4
right_child=1 2 4 -5 -6
leaf_value=0.0092318620300135511 -0.010562622771049643 -0.0029044219294049735 0.0019691844973728219 -0.0096740867845071035 0.0062355440634961779
leaf_weight=1.662704065442085 1.1761872218921778 0.92575843259692225 2.1370897768065338 1.1612600076477972 1.088659571483731
leaf_count=6 14 6 12 10 8
internal_value=0 -0.00236553 -0.000550789 -0.0066712 0.00340904
internal_weight=0 6.48896 5.31277 2.08702 3.22575
internal_count=56 50 36 16 20
is_linear=0
shrinkage=0.1


Tree=97
num_leaves=6
num_cat=0
split_feature=1 3 2 0 1
split_gain=0.0160907 0.00977362 0.0113567 0.0040062 0.003825
threshold=0.41000000000000009 0.33050000000000007 0.55000000000000016 0.88750000000000007 0.59500000000000008
decision_type=2 2 2 2 2
left_child=-1 3 -3 -2 -4
right_child=1 2 4 -5 -6
leaf_value=0.0087757693455019752 -0.012461870921148515 -0.0087703752708289621 0.0057255756272494998 -0.003984796300831722 -0.001888849098022348
leaf_weight=1.6628769487142561 0.95029500313103232 0.9837402383564039 2.2718488937243824 1.3487331205978987 0.92968471720814694
leaf_count=6 6 12 12 12 8
internal_value=0 -0.00225052 0.000626921 -0.00748876 0.00351444
internal_weight=0 6.4843 4.18527 2.29903 3.20153
internal_count=56 50 32 18 20
is_linear=0
shrinkage=0.1


Tree=98
num_leaves=6
num_cat=0
split_feature=0 3 4 1 0
split_gain=0.0152641 0.0147959 0.00679814 0.0092422 1.67425e-05
threshold=0.64285000000000003 0.33050000000000007 0.58535000000000015 0.57500000000000007 0.91155000000000019
decision_type=2 2 2 2 2
left_child=-1 -2 3 -3 -5
right_child=1 2 -4 4 -6
leaf_value=0.011584818468612965 -0.010773278831848398 -0.0074886840843837984 0.0048882075682536875 0.0025543501297068719 0.0031675463495039742
leaf_weight=0.99795794673264016 1.415529992431402 1.673120485909749 2.2751319245435297 0.88837577402591683 0.89270303770899773
leaf_count=6 14 14 12 4 6
internal_value=0 -0.00161811 0.000643836 -0.00215175 0.00286169
internal_weight=0 7.14486 5.72933 3.4542 1.78108
internal_count=56 50 36 24 10
is_linear=0
shrinkage=0.1


Tree=99
num_leaves=6
num_cat=0
split_feature=1 3 2 0 1
split_gain=0.0168559 0.0094642 0.0107166 0.00373913 0.00343391
threshold=0.41000000000000009 0.33050000000000007 0.55000000000000016 0.88750000000000007 0.59500000000000008
decision_type=2 2 2 2 2
left_child=-1 3 -3 -2 -4
right_child=1 2 4 -5 -6
leaf_value=0.0089973205106678236 -0.012270217480424691 -0.0086056691794414546 0.0054314749147045495 -0.0040751419353642028 -0.0017856666011565791
leaf_weight=1.6578949466347692 0.94864791259169612 0.98238372220657755 2.2698907330632214 1.3477279094513503 0.92911306023597706
leaf_count=6 6 12 12 12 8
internal_value=0 -0.00230274 0.000529896 -0.00746058 0.00333534
internal_weight=0 6.47776 4.18139 2.29638 3.199
internal_count=56 50 32 18 20
is_linear=0
shrinkage=0.1


end of trees

feature_importances:
phonological=183
syntactic=174
genetic=92
inventory=79
featural=49

parameters:
[boosting: gbdt]
[objective: lambdarank]
[metric: ndcg]
[tree_learner: serial]
[device_type: cpu]
[data: ]
[valid: ]
[num_iterations: 100]
[learning_rate: 0.1]
[num_leaves: 16]
[num_threads: 6]
[deterministic: 0]
[force_col_wise: 0]
[force_row_wise: 0]
[histogram_pool_size: -1]
[max_depth: -1]
[min_data_in_leaf: 5]
[min_sum_hessian_in_leaf: 0.001]
[bagging_fraction: 1]
[pos_bagging_fraction: 1]
[neg_bagging_fraction: 1]
[bagging_freq: 0]
[bagging_seed: 3]
[feature_fraction: 1]
[feature_fraction_bynode: 1]
[feature_fraction_seed: 2]
[extra_trees: 0]
[extra_seed: 6]
[early_stopping_round: 0]
[first_metric_only: 0]
[max_delta_step: 0]
[lambda_l1: 0]
[lambda_l2: 0]
[linear_lambda: 0]
[min_gain_to_split: 0]
[drop_rate: 0.1]
[max_drop: 50]
[skip_drop: 0.5]
[xgboost_dart_mode: 0]
[uniform_drop: 0]
[drop_seed: 4]
[top_rate: 0.2]
[other_rate: 0.1]
[min_data_per_group: 100]
[max_cat_threshold: 32]
[cat_l2: 10]
[cat_smooth: 10]
[max_cat_to_onehot: 4]
[top_k: 20]
[monotone_constraints: ]
[monotone_constraints_method: basic]
[monotone_penalty: 0]
[feature_contri: ]
[forcedsplits_filename: ]
[refit_decay_rate: 0.9]
[cegb_tradeoff: 1]
[cegb_penalty_split: 0]
[cegb_penalty_feature_lazy: ]
[cegb_penalty_feature_coupled: ]
[path_smooth: 0]
[interaction_constraints: ]
[verbosity: 1]
[saved_feature_importance_type: 0]
[linear_tree: 0]
[max_bin: 255]
[max_bin_by_feature: ]
[min_data_in_bin: 3]
[bin_construct_sample_cnt: 200000]
[data_random_seed: 1]
[is_enable_sparse: 1]
[enable_bundle: 1]
[use_missing: 1]
[zero_as_missing: 0]
[feature_pre_filter: 1]
[pre_partition: 0]
[two_round: 0]
[header: 0]
[label_column: ]
[weight_column: ]
[group_column: ]
[ignore_column: ]
[categorical_feature: ]
[forcedbins_filename: ]
[precise_float_parser: 0]
[parser_config_file: ]
[objective_seed: 5]
[num_class: 1]
[is_unbalance: 0]
[scale_pos_weight: 1]
[sigmoid: 1]
[boost_from_average: 1]
[reg_sqrt: 0]
[alpha: 0.9]
[fair_c: 1]
[poisson_max_delta_step: 0.7]
[tweedie_variance_power: 1.5]
[lambdarank_truncation_level: 30]
[lambdarank_norm: 1]
[label_gain: ]
[eval_at: 1,2,3,4,5]
[multi_error_top_k: 1]
[auc_mu_weights: ]
[num_machines: 1]
[local_listen_port: 12400]
[time_out: 120]
[machine_list_filename: ]
[machines: ]
[gpu_platform_id: -1]
[gpu_device_id: -1]
[gpu_use_dp: 0]
[num_gpu: 1]

end of parameters

pandas_categorical:null
