tree
version=v4
num_class=1
num_tree_per_iteration=1
label_index=0
max_feature_idx=4
objective=lambdarank
feature_names=genetic syntactic featural phonological inventory
feature_infos=[0:1] [0:0.69999999999999996] [0:0.59999999999999998] [0.00020000000000000001:0.53190000000000004] [0:0.63929999999999998]
tree_sizes=1056 1054 1047 1162 1064 1169 1064 1274 1065 1067 1064 1067 969 1064 959 973 1073 1072 971 1077 972 971 867 974 970 760 870 761 977 865 1190 762 866 979 870 767 768 869 766 1080 770 873 874 768 767 876 767 764 768 769 981 876 980 772 875 985 769 1086 983 984 771 1086 772 772 774 769 876 870 762 875 877 875 662 981 670 1090 881 770 668 880 669 882 663 1091 772 774 670 771 668 771 772 670 771 672 776 672 775 669 774 670

Tree=0
num_leaves=9
num_cat=0
split_feature=3 3 1 1 3 0 2 3
split_gain=1.79367 2.05597 1.98237 0.968862 0.592632 0.625821 0.369207 0.00204349
threshold=0.39795000000000008 0.47130000000000005 0.41000000000000009 0.58000000000000007 0.23625000000000004 0.91155000000000019 0.55000000000000016 0.33050000000000007
decision_type=2 2 2 2 2 2 2 2
left_child=2 -2 -1 7 -5 -6 -3 -4
right_child=1 6 3 4 5 -7 -8 -9
leaf_value=0.080544675314325131 0.1638357660385551 0.035526094648302226 -0.18576793268305988 0.078144341730299924 0.0044190993104637069 -0.16088160571635554 -0.079582665476617867 -0.19600514242797318
leaf_weight=0.79305894300341639 1.1045403834432366 0.50384327396750428 0.33830582723021541 0.27885174751281716 0.40930844284594059 0.520017109811306 0.62342739850282669 0.460280641913414
leaf_count=6 8 6 6 2 8 8 6 6
internal_value=0 0.0668734 -0.0533065 -0.106204 -0.0497127 -0.0880772 -0.0281338 -0.191668
internal_weight=0 2.23181 2.79982 2.00676 1.20818 0.929326 1.12727 0.798586
internal_count=56 20 36 30 18 16 12 12
is_linear=0
shrinkage=0.1


Tree=1
num_leaves=9
num_cat=0
split_feature=0 1 1 4 1 4 1 1
split_gain=6.58216 4.62524 4.50954 2.05967 1.37092 1.30507 0.465348 0.000411675
threshold=1.0000000180025095e-35 0.55500000000000016 0.58000000000000007 0.54035000000000011 0.66500000000000015 0.55940000000000012 0.51500000000000012 0.41000000000000009
decision_type=2 2 2 2 2 2 2 2
left_child=-1 6 -3 4 -4 -5 7 -2
right_child=1 2 3 5 -6 -7 -8 -9
leaf_value=0.20013372245491889 -0.081249092160792222 0.13479394911760462 -0.015427618609640315 -0.14900312830361362 0.09150589366224611 -0.015488223021451395 -0.15074826695264085 -0.083603954792757104
leaf_weight=1.4996274709701545 1.7328950762748729 2.4637646526098242 4.0312854498624784 1.5651798099279404 1.7063796557486055 1.3754814118146896 1.4745002202689645 1.2987696230411527
leaf_count=2 4 4 10 8 6 4 10 8
internal_value=0 -0.0191795 0.0153948 -0.0185024 0.0163744 -0.0865521 -0.104669 -0.0822579
internal_weight=0 15.6483 11.1421 8.67833 5.73767 2.94066 4.50616 3.03166
internal_count=56 54 32 28 16 12 22 12
is_linear=0
shrinkage=0.1


Tree=2
num_leaves=9
num_cat=0
split_feature=0 3 1 4 1 1 4 4
split_gain=4.01152 3.19231 1.5326 1.7754 0.872832 0.723866 0.595875 0.0161577
threshold=1.0000000180025095e-35 0.33050000000000007 0.55500000000000016 0.55940000000000012 0.51500000000000012 0.66500000000000015 0.51755000000000007 0.54035000000000011
decision_type=2 2 2 2 2 2 2 2
left_child=-1 5 4 6 -3 7 -4 -2
right_child=1 2 3 -5 -6 -7 -8 -9
leaf_value=0.17370036282537918 -0.15020811017992908 -0.013302255943127129 0.034617609241211662 0.12318090661586112 -0.13205783922420558 -0.039236950044439126 -0.0362735297364132 -0.13211801707399323
leaf_weight=1.2155014276504523 0.85357065498828832 2.1353859379887568 3.088395431637764 1.8000062629580496 0.87148813158273686 1.1090909242630007 1.9245672039687631 1.1712152324616907
leaf_count=2 6 8 8 6 8 2 8 8
internal_value=0 -0.016299 0.0117452 0.0379905 -0.0477214 -0.104174 0.00740122 -0.139744
internal_weight=0 12.9537 9.81984 6.81297 3.00687 3.13388 5.01296 2.02479
internal_count=56 54 38 22 16 16 16 14
is_linear=0
shrinkage=0.1


Tree=3
num_leaves=10
num_cat=0
split_feature=3 3 1 1 1 3 1 4 4
split_gain=1.90169 1.62583 1.29366 0.837914 0.704546 0.150096 0.0977426 0.602227 0.0289314
threshold=0.23625000000000004 0.33050000000000007 0.55500000000000016 0.44500000000000001 0.59500000000000008 0.47130000000000005 0.63000000000000012 0.55940000000000012 0.54035000000000011
decision_type=2 2 2 2 2 2 2 2 2
left_child=-1 8 3 -3 -4 -5 -6 -8 -2
right_child=1 2 4 5 6 -7 7 -9 -10
leaf_value=0.092496886288775032 -0.12483534232963145 -0.0041109795054719584 0.064292318449766919 -0.15095143761135321 0.011265534845354499 -0.082758366511184581 -0.073147943041236452 0.038751526561766003 -0.097554295518256243
leaf_weight=1.8974002674221999 0.74109122157096752 1.3115454167127594 2.53166463971138 0.65961734950542428 2.447240337729454 0.63204069435596466 0.99119438603520371 0.93430478125810623 0.81758175045251846
leaf_count=6 6 4 8 6 4 6 6 4 6
internal_value=0 -0.0158593 -0.000339792 -0.0604135 0.0223101 -0.117583 -0.00199615 -0.0188513 -0.110525
internal_weight=0 11.0663 9.50761 2.6032 6.9044 1.29166 4.37274 1.9255 1.55867
internal_count=56 50 38 16 22 12 14 10 12
is_linear=0
shrinkage=0.1


Tree=4
num_leaves=9
num_cat=0
split_feature=4 3 3 0 0 4 4 1
split_gain=2.1841 1.08849 2.95024 1.09762 0.296834 0.249855 0.065549 7.74511e-05
threshold=1.0000000180025095e-35 0.39795000000000008 0.47130000000000005 0.88750000000000007 0.91155000000000019 0.52050000000000007 0.57190000000000019 0.58000000000000007
decision_type=2 2 2 2 2 2 2 2
left_child=-1 3 -3 6 7 -6 -2 -5
right_child=1 2 -4 4 5 -7 -8 -9
leaf_value=0.15391745166657475 -0.10673501834286717 0.086757418924450228 -0.068260979887434112 3.6688271259650513e-06 -0.082181845701986833 -0.0093421915341993095 -0.15479443757059985 -0.001014678112749528
leaf_weight=0.856547951698304 0.63741655647754469 2.9669545441865921 2.0942958742380142 1.2607081979513168 1.0884888917207716 0.83003428578376759 0.51156007498502731 1.8323617577552795
leaf_count=2 6 8 12 4 8 4 4 8
internal_value=0 -0.0117483 0.0226123 -0.0399775 -0.0197668 -0.0506683 -0.128133 -0.000599609
internal_weight=0 11.2218 5.06125 6.16057 5.01159 1.91852 1.14898 3.09307
internal_count=56 54 20 34 24 12 10 12
is_linear=0
shrinkage=0.1


Tree=5
num_leaves=10
num_cat=0
split_feature=3 3 1 4 1 3 3 4 3
split_gain=0.960122 1.11547 0.555484 0.623975 0.48327 0.274376 0.199209 0.0256318 0.000188678
threshold=0.23625000000000004 0.33050000000000007 0.55500000000000016 0.52050000000000007 0.44500000000000001 0.47130000000000005 0.47130000000000005 0.54035000000000011 0.43675000000000003
decision_type=2 2 2 2 2 2 2 2 2
left_child=-1 7 4 8 -3 -5 -6 -2 -4
right_child=1 2 3 5 6 -7 -8 -9 -10
leaf_value=0.074225118333001883 -0.10936403561264185 -0.00063091770905147069 -0.0034994082999329555 0.1062931938849274 -0.14196150104614555 0.028096402654947755 -0.048561716501745233 -0.08210833815015306 -0.0021722329265157752
leaf_weight=1.5083532780408866 0.61490366980433353 1.2385436594486221 1.8943259567022321 0.89999412000179269 0.46905408054590214 0.89487077295780182 0.44501033425331116 0.7861788272857666 2.4651529937982559
leaf_count=6 6 4 8 4 6 6 6 6 4
internal_value=0 -0.0115325 0.00238866 0.0176821 -0.0413357 0.0673064 -0.09649 -0.0940703 -0.00274893
internal_weight=0 9.70803 8.30695 6.15434 2.15261 1.79486 0.914064 1.40108 4.35948
internal_count=56 50 38 22 16 10 12 12 12
is_linear=0
shrinkage=0.1


Tree=6
num_leaves=9
num_cat=0
split_feature=1 1 1 1 0 3 2 1
split_gain=0.548724 1.8921 0.621948 0.227128 0.10183 0.152688 0.0962805 0.00110069
threshold=0.41000000000000009 0.55500000000000016 0.58000000000000007 0.51500000000000012 0.91155000000000019 0.39795000000000008 0.55000000000000016 0.69000000000000006
decision_type=2 2 2 2 2 2 2 2
left_child=-1 3 -3 -2 -4 7 -5 -6
right_child=1 2 4 6 5 -7 -8 -9
leaf_value=0.048970930026662529 -0.06890977948031872 0.088121835594054676 0.019893125023627441 -0.11458341190128263 -0.036551067889061657 0.0046298673701612785 -0.18230349237958718 -0.031201793156843557
leaf_weight=1.889677599072457 0.69786476530134478 0.90865880250930775 1.8186991512775419 0.45231824740767479 0.74312732741236665 3.1523896772414446 0.39179671555757523 0.79741579294204712
leaf_count=6 8 4 8 8 6 10 2 4
internal_value=0 -0.0103254 0.0106201 -0.111119 -0.000194751 -0.00797961 -0.146016 -0.0337822
internal_weight=0 8.96227 7.42029 1.54198 6.51163 4.69293 0.844115 1.54054
internal_count=56 50 32 18 28 20 10 10
is_linear=0
shrinkage=0.1


Tree=7
num_leaves=11
num_cat=0
split_feature=1 3 2 1 1 3 0 4 1 4
split_gain=1.32855 0.427111 0.385262 0.280186 0.229633 0.185015 0.161369 0.072161 0.0966085 0.0208161
threshold=1.0000000180025095e-35 0.33050000000000007 0.55000000000000016 0.55500000000000016 0.44500000000000001 0.47130000000000005 0.91155000000000019 0.51755000000000007 0.66500000000000015 0.54035000000000011
decision_type=2 2 2 2 2 2 2 2 2 2
left_child=-1 2 9 4 -3 -6 -5 -8 -9 -2
right_child=1 3 -4 6 5 -7 7 8 -10 -11
leaf_value=0.14165919938055949 -0.098654123791766413 -0.0062922955987523834 0.010713166251536605 0.041244016861082249 -0.130921135653945 -0.027323429910135501 0.014668515076443353 0.0071435064305884095 -0.036448978048635262 -0.072650943530343501
leaf_weight=0.62260401248931962 0.53219642490148344 1.2766854614019392 0.65904867276549328 1.4421171098947523 0.33679761365056027 0.35314083658158779 2.3951745927333832 1.2406120747327807 0.86135508120059956 0.73030931130051613
leaf_count=2 6 4 4 6 6 6 4 6 6 6
internal_value=0 -0.00897463 -0.0512609 0.0013032 -0.0314123 -0.0778953 0.0121361 0.00280188 -0.01072 -0.0836123
internal_weight=0 9.82744 1.92155 7.90588 1.96662 0.689938 5.93926 4.49714 2.10197 1.26251
internal_count=56 54 16 38 16 12 22 16 12 12
is_linear=0
shrinkage=0.1


Tree=8
num_leaves=9
num_cat=0
split_feature=3 3 3 3 4 1 4 4
split_gain=0.534001 0.611503 0.227969 0.25511 0.154511 0.148277 0.108138 0.0214579
threshold=0.23625000000000004 0.33050000000000007 0.47130000000000005 0.39795000000000008 0.47425000000000006 0.51500000000000012 0.54930000000000012 0.54035000000000011
decision_type=2 2 2 2 2 2 2 2
left_child=-1 7 3 4 -3 -6 -4 -2
right_child=1 2 6 -5 5 -7 -8 -9
leaf_value=0.063502053459364619 -0.091668874983643123 0.021032174262403645 -0.011160542785958594 0.030273524681997378 -0.00075984728238050019 -0.051638366105706247 -0.071873632773761562 -0.06422850751169415
leaf_weight=1.1694586165249354 0.48766519874334135 1.1174269914627077 0.6533619239926336 3.0550643801689148 1.2390364259481432 1.0652803834527729 0.53244172036647797 0.68563877418637276
leaf_count=6 6 4 4 8 4 10 8 6
internal_value=0 -0.00840467 0.00188947 0.00926979 -0.00948315 -0.0242809 -0.0384215 -0.0756337
internal_weight=0 8.83592 7.66261 6.47681 3.42174 2.30432 1.1858 1.1733
internal_count=56 50 38 26 18 14 12 12
is_linear=0
shrinkage=0.1


Tree=9
num_leaves=9
num_cat=0
split_feature=0 1 1 1 3 4 1 4
split_gain=0.308935 0.422908 0.775672 0.126033 0.125386 0.0821007 0.00974503 0.00774596
threshold=0.64285000000000003 0.55500000000000016 0.51500000000000012 0.59500000000000008 0.39795000000000008 0.59235000000000004 0.69000000000000006 0.52050000000000007
decision_type=2 2 2 2 2 2 2 2
left_child=-1 2 -2 7 6 -4 -5 -3
right_child=1 3 5 4 -6 -7 -8 -9
leaf_value=0.058905078190689242 -0.004760875766281608 0.018620911907920489 -0.10466178566134945 -0.037204264855020458 0.0080228942883382361 -0.17719776964769926 -0.020459338089775896 0.029926835238491292
leaf_weight=0.81594739481806833 1.4616512507200226 1.1032306253910067 0.34450336918234814 0.6477403827011583 3.011065661907196 0.28523933887481689 0.74992869421839714 1.3444963507354257
leaf_count=6 8 4 8 6 10 2 4 8
internal_value=0 -0.00537151 -0.0447352 0.0066354 -0.00346682 -0.137517 -0.0282197 0.0248311
internal_weight=0 8.94786 2.09139 6.85646 4.40873 0.629743 1.39767 2.44773
internal_count=56 50 18 32 20 10 10 12
is_linear=0
shrinkage=0.1


Tree=10
num_leaves=9
num_cat=0
split_feature=3 3 1 1 3 1 0 4
split_gain=0.391854 0.544466 0.115269 0.172403 0.106606 0.0657784 0.0220835 0.0127159
threshold=0.23625000000000004 0.33050000000000007 0.55500000000000016 0.44500000000000001 0.43675000000000003 0.51500000000000012 0.91155000000000019 0.54035000000000011
decision_type=2 2 2 2 2 2 2 2
left_child=-1 7 3 -3 6 -5 -4 -2
right_child=1 2 4 5 -6 -7 -8 -9
leaf_value=0.058160523817335712 -0.082165234262334033 0.001515188456879946 0.03416793561181871 -0.026134771605375834 -0.0021376968962637101 -0.097008177106691587 0.015080016569853215 -0.061169275956746351
leaf_weight=1.0330777093768126 0.50342544540762701 1.2137750610709188 1.3653089180588722 0.22916061617434014 3.1315898392349482 0.30557163991034031 1.0899976715445518 0.67550131678581238
leaf_count=6 6 4 6 4 10 8 6 6
internal_value=0 -0.00705685 0.0030809 -0.0193267 0.0100937 -0.0666352 0.0256941 -0.070135
internal_weight=0 8.51433 7.3354 1.74851 5.5869 0.534732 2.45531 1.17893
internal_count=56 50 38 16 22 12 12 12
is_linear=0
shrinkage=0.1


Tree=11
num_leaves=9
num_cat=0
split_feature=1 1 3 1 3 4 0 4
split_gain=0.264738 0.380548 0.253102 0.14002 0.138084 0.0259198 0.0183298 0.0118063
threshold=0.41000000000000009 0.55500000000000016 0.33050000000000007 0.51500000000000012 0.43675000000000003 0.57190000000000019 0.91155000000000019 0.54035000000000011
decision_type=2 2 2 2 2 2 2 2
left_child=-1 3 7 -2 6 -5 -4 -3
right_child=1 2 4 5 -6 -7 -8 -9
leaf_value=0.036597440790776162 -0.033509475442414199 -0.02996054582963302 0.035155226331934263 -0.082175660234483611 -0.0042483138615663453 -0.13259305714830594 0.017740700503936849 -0.049611162576916029
leaf_weight=1.6330506354570387 0.55486365035176266 0.57402119040489175 1.3709392249584198 0.18231912422925234 3.1144034899771214 0.23137599974870682 1.0809988230466843 0.6542007215321064
leaf_count=6 8 4 6 6 10 4 6 6
internal_value=0 -0.00769864 0.000660638 -0.06634 0.00972675 -0.110374 0.0274776 -0.0404273
internal_weight=0 7.76312 6.79456 0.968559 5.56634 0.413695 2.45194 1.22822
internal_count=56 50 32 18 22 10 12 10
is_linear=0
shrinkage=0.1


Tree=12
num_leaves=8
num_cat=0
split_feature=3 3 3 1 0 2 4
split_gain=0.25872 0.400797 0.116802 0.0881677 0.116886 0.0741374 0.0183427
threshold=0.23625000000000004 0.33050000000000007 0.47130000000000005 0.55500000000000016 0.91155000000000019 0.55000000000000016 0.54035000000000011
decision_type=2 2 2 2 2 2 2
left_child=-1 6 3 -3 -5 -4 -2
right_child=1 2 5 4 -6 -7 -8
leaf_value=0.050293525503522632 -0.07672407867444378 -0.014240074723354182 -0.0073841175005102738 0.038620559316955662 0.0044804024581337892 -0.064547027345247629 -0.050633905779385729
leaf_weight=0.92150089889764863 0.46738440543412962 1.3991366848349569 0.58338566310703743 1.4024359658360479 3.5196494162082672 0.37128342501819134 0.63635961152613163
leaf_count=6 6 10 6 6 10 6 6
internal_value=0 -0.00553074 0.00298733 0.00791121 0.0142079 -0.0296155 -0.0616819
internal_weight=0 8.37964 7.27589 6.32122 4.92209 0.954669 1.10374
internal_count=56 50 38 26 16 12 12
is_linear=0
shrinkage=0.1


Tree=13
num_leaves=9
num_cat=0
split_feature=4 3 4 3 1 1 1 3
split_gain=0.244323 0.128915 0.164361 0.466482 0.141337 0.169108 0.18414 0.018142
threshold=0.47425000000000006 0.39795000000000008 0.54930000000000012 0.47130000000000005 0.51500000000000012 0.66500000000000015 0.58000000000000007 0.33050000000000007
decision_type=2 2 2 2 2 2 2 2
left_child=7 4 -3 -4 -2 6 -6 -1
right_child=1 2 3 -5 5 -7 -8 -9
leaf_value=0.018814245455379876 0.0041747872380446761 -0.0079749391456942677 0.09833586514030819 -0.043344862596489953 -0.13046002622299732 -0.012785561986620951 -0.038080037044357355 0.038088020180530438
leaf_weight=0.80493018403649341 1.1855177432298662 3.0273111537098889 0.56019964069128025 0.39712864346802235 0.3301264084875587 1.1212051399052141 0.62289503030478954 1.2418174296617508
leaf_count=8 4 8 4 8 8 6 6 4
internal_value=0 -0.00861944 0.00344614 0.0395624 -0.0233681 -0.0391102 -0.0700804 0.0305082
internal_weight=0 7.24438 3.98464 0.957328 3.25974 2.07423 0.953021 2.04675
internal_count=56 44 20 12 24 20 14 12
is_linear=0
shrinkage=0.1


Tree=14
num_leaves=8
num_cat=0
split_feature=4 4 3 3 1 1 4
split_gain=1.223 0.196837 0.11289 0.365154 0.058187 0.137 0.0133969
threshold=0.47425000000000006 0.51755000000000007 0.39795000000000008 0.47130000000000005 0.51500000000000012 0.66500000000000015 0.54930000000000012
decision_type=2 2 2 2 2 2 2
left_child=-1 -2 4 -4 -3 -6 -5
right_child=1 2 3 6 5 -7 -8
leaf_value=0.061611450847513176 -0.039258569390084742 0.00077766932486620635 0.088040472882944421 -0.010337615258803548 -0.05992939857415306 -0.0047297508855066806 -0.036401682926580435
leaf_weight=2.4263499602675438 3.1282552760094404 1.1587992422282698 0.47558508068323113 0.41028554737567902 0.77259113639593113 1.0755679607391355 0.37972292117774487
leaf_count=12 10 4 4 2 10 6 8
internal_value=0 -0.0201993 -0.00624454 0.0188108 -0.01679 -0.027805 -0.0228655
internal_weight=0 7.40081 4.27255 1.26559 3.00696 1.84816 0.790008
internal_count=56 44 34 14 20 16 10
is_linear=0
shrinkage=0.1


Tree=15
num_leaves=8
num_cat=0
split_feature=3 3 3 1 0 4 4
split_gain=0.238963 0.380036 0.0978993 0.0997629 0.0827203 0.0497842 0.000605614
threshold=0.23625000000000004 0.33050000000000007 0.47130000000000005 0.55500000000000016 0.91155000000000019 0.54035000000000011 0.54930000000000012
decision_type=2 2 2 2 2 2 2
left_child=-1 5 3 -3 -5 -2 -4
right_child=1 2 6 4 -6 -7 -8
leaf_value=0.053368317668332992 -0.083643020191418796 -0.015860956820790868 -0.029171331491175546 0.035684248379659569 0.0065411597405574083 -0.040783698353677532 -0.023937471365360383
leaf_weight=0.76686144061386663 0.48552334122359553 1.3587639592587946 0.53970493189990509 1.362139821052551 3.4176675751805305 0.61344567872583866 0.37448111362755299
leaf_count=6 6 10 4 6 10 6 8
internal_value=0 -0.00502055 0.00350262 0.00804929 0.0148463 -0.0597189 -0.0270274
internal_weight=0 8.15173 7.05276 6.13857 4.77981 1.09897 0.914186
internal_count=56 50 38 26 16 12 12
is_linear=0
shrinkage=0.1


Tree=16
num_leaves=9
num_cat=0
split_feature=2 3 4 3 4 1 4 4
split_gain=0.144561 0.253476 0.0427672 0.0815046 0.0673239 0.0551295 0.0361669 0.00139693
threshold=0.45000000000000007 0.33050000000000007 0.47425000000000006 0.39795000000000008 0.54930000000000012 0.51500000000000012 0.57190000000000019 0.54035000000000011
decision_type=2 2 2 2 2 2 2 2
left_child=-1 7 -3 5 -5 -4 -6 -2
right_child=1 2 3 4 6 -7 -8 -9
leaf_value=0.044514607479432013 -0.042498961263589152 0.021217868218749391 -0.0013033070193721769 0.001999403892451007 0.017426239239729881 -0.033802496936455116 0.06125162178130239 -0.049690101194346824
leaf_weight=0.67324111051857372 0.42946748435497262 1.1427659690380094 1.1915019452571871 2.8485126839950685 0.46637706831097592 0.92887464631348837 0.31581950187683105 0.72811313904821873
leaf_count=6 4 4 4 8 8 10 4 8
internal_value=0 -0.0037222 0.0035485 3.75246e-05 0.00913512 -0.0155402 0.0351212 -0.0470222
internal_weight=0 8.05143 6.89385 5.75109 3.63071 2.12038 0.782197 1.15758
internal_count=56 50 38 34 20 14 12 12
is_linear=0
shrinkage=0.1


Tree=17
num_leaves=9
num_cat=0
split_feature=2 3 3 1 3 3 2 4
split_gain=0.197901 0.245161 0.0402974 0.0621131 0.0252374 0.0242879 0.0210717 0.000179587
threshold=0.45000000000000007 0.33050000000000007 0.47130000000000005 0.55500000000000016 0.43675000000000003 0.23625000000000004 0.55000000000000016 0.51755000000000007
decision_type=2 2 2 2 2 2 2 2
left_child=-1 5 3 -3 7 -2 -4 -5
right_child=1 2 6 4 -6 -7 -8 -9
leaf_value=0.050087526375314717 -0.026875610057367827 -0.013491663059591531 -0.0054843569039286942 0.019346296311584354 0.0037534463038626808 -0.057247734438391609 -0.039038192904387065 0.017574667952463648
leaf_weight=0.72322911396622647 0.40045394748449303 1.3377908500842748 0.480598909780383 1.1263103485107424 2.3890317305922508 0.76870941836386919 0.3065363522619009 1.1629762724041937
leaf_count=6 4 10 6 4 4 8 6 8
internal_value=0 -0.00454377 0.00272584 0.0055097 0.0109432 -0.0468449 -0.0185513 0.0184463
internal_weight=0 7.97241 6.80324 6.01611 4.67832 1.16916 0.787135 2.28929
internal_count=56 50 38 26 16 12 12 12
is_linear=0
shrinkage=0.1


Tree=18
num_leaves=8
num_cat=0
split_feature=1 1 3 0 3 0 2
split_gain=0.130013 0.342515 0.162008 0.115373 0.0621532 0.0685847 0.00711332
threshold=0.41000000000000009 0.55500000000000016 0.47130000000000005 0.64285000000000003 0.33050000000000007 0.91155000000000019 0.55000000000000016
decision_type=2 2 2 2 2 2 2
left_child=-1 2 3 -2 -3 -6 -7
right_child=1 4 -4 -5 5 6 -8
leaf_value=0.026750925489185354 -0.0521645604485836 -0.020344908508517237 0.0092326407692905049 -0.13674795773344689 0.027093346434034785 0.0031895319357591206 -0.0061393573841036211
leaf_weight=1.4993573054671285 0.36856200359761704 0.99031256418675173 0.22465524729341269 0.28671055799350142 1.2795999795198438 2.7728886529803276 1.1589919254183771
leaf_count=6 4 10 6 8 6 6 10
internal_value=0 -0.00566377 -0.0640493 -0.0891735 0.00262014 0.00698408 0.000439675
internal_weight=0 7.08172 0.879928 0.655273 6.20179 5.21148 3.93188
internal_count=56 50 18 12 32 22 16
is_linear=0
shrinkage=0.1


Tree=19
num_leaves=9
num_cat=0
split_feature=1 1 3 3 0 0 4 4
split_gain=0.123383 0.208304 0.105204 0.0857242 0.0869006 0.0555092 0.00885361 0.0123949
threshold=0.41000000000000009 0.55500000000000016 0.33050000000000007 0.47130000000000005 0.64285000000000003 0.91155000000000019 0.51755000000000007 0.52050000000000007
decision_type=2 2 2 2 2 2 2 2
left_child=-1 3 -3 4 -2 -4 -7 -8
right_child=1 2 5 -5 -6 6 7 -9
leaf_value=0.026031378932100953 -0.04389335562701336 -0.02958251362258657 0.024523381599720805 2.7354388138516074e-05 -0.12400729830831443 0.0042124444381167582 -0.014368677201213638 0.0036492148902225068
leaf_weight=1.4972790777683256 0.36125841736793507 0.97151196654885996 1.2614052556455133 0.21514271013438702 0.21656150603666902 2.3758480697870259 0.77965728193521477 0.74818838201463223
leaf_count=6 4 10 6 6 8 4 4 8
internal_value=0 -0.00562462 0.000607818 -0.0538565 -0.0739193 0.00628637 0.000393418 -0.00554529
internal_weight=0 6.92957 6.13661 0.792963 0.57782 5.1651 3.90369 1.52785
internal_count=56 50 32 18 12 22 16 12
is_linear=0
shrinkage=0.1


Tree=20
num_leaves=8
num_cat=0
split_feature=3 3 4 1 0 4 4
split_gain=0.210347 0.215581 0.0303867 0.0257506 0.0484802 0.014421 0.00521809
threshold=0.23625000000000004 0.33050000000000007 0.54035000000000011 0.55500000000000016 0.91155000000000019 0.51755000000000007 0.52050000000000007
decision_type=2 2 2 2 2 2 2
left_child=-1 2 -2 -3 -5 -6 -7
right_child=1 3 -4 4 5 6 -8
leaf_value=0.054752638241616761 -0.065323850076827297 -0.0094177742012931005 -0.031186549110303014 0.022607036002772016 0.0047933950326717227 -0.013407743199974577 -0.001630145066624841
leaf_weight=0.6471430156379937 0.47702957876026608 1.5093875993043182 0.57511518336832523 1.2455567270517347 2.3684719875454907 0.77910690382122971 0.72739532589912415
leaf_count=6 6 16 6 6 4 4 8
internal_value=0 -0.00461241 -0.046664 0.00206103 0.00544466 -7.19497e-05 -0.00772108
internal_weight=0 7.68206 1.05214 6.62992 5.12053 3.87497 1.5065
internal_count=56 50 12 38 22 16 12
is_linear=0
shrinkage=0.1


Tree=21
num_leaves=8
num_cat=0
split_feature=3 3 4 1 0 4 4
split_gain=0.141536 0.177264 0.0264305 0.0256975 0.0392387 0.010015 0.00887882
threshold=0.23625000000000004 0.33050000000000007 0.54035000000000011 0.55500000000000016 0.91155000000000019 0.51755000000000007 0.52050000000000007
decision_type=2 2 2 2 2 2 2
left_child=-1 2 -2 -3 -5 -6 -7
right_child=1 3 -4 4 5 6 -8
leaf_value=0.045701483798437803 -0.060134545281164013 -0.0092414206610456351 -0.027913890438740752 0.021195663503441087 0.0047350717482240092 -0.01320768928052511 0.0022989089572490744
leaf_weight=0.62606647424399842 0.46117001213133313 1.4949704883620141 0.56833465024828911 1.2332031913101671 2.3611495122313504 0.76866373419761636 0.71061908267438412
leaf_count=6 6 16 6 6 4 4 8
internal_value=0 -0.0037657 -0.0423472 0.00228123 0.00567643 0.000693044 -0.00575862
internal_weight=0 7.59811 1.0295 6.56861 5.07364 3.84043 1.47928
internal_count=56 50 12 38 22 16 12
is_linear=0
shrinkage=0.1


Tree=22
num_leaves=7
num_cat=0
split_feature=1 1 1 3 3 3
split_gain=0.104142 0.172058 0.10332 0.0471531 0.0547702 0.0231242
threshold=0.41000000000000009 0.55500000000000016 0.51500000000000012 0.39795000000000008 0.33050000000000007 0.35230000000000006
decision_type=2 2 2 2 2 2
left_child=-1 2 -2 4 -3 -4
right_child=1 3 5 -5 -6 -7
leaf_value=0.02431135406219552 -0.024722402383752257 -0.028959730067564922 -0.13162845410419496 0.0086281877329149916 0.00083307179910087348 -0.069118072630219879
leaf_weight=1.4487553611397741 0.49453116580843914 0.93048488162457954 0.13670598808676004 3.2025537863373756 1.8318361230194569 0.10434990888461471
leaf_count=6 8 10 4 14 8 6
internal_value=0 -0.00525653 -0.0508884 0.000370787 -0.0092026 -0.104569
internal_weight=0 6.70046 0.735587 5.96487 2.76232 0.241056
internal_count=56 50 18 32 18 10
is_linear=0
shrinkage=0.1


Tree=23
num_leaves=8
num_cat=0
split_feature=3 3 4 1 0 4 4
split_gain=0.117925 0.144309 0.0238813 0.0173633 0.0387712 0.0149708 0.00316871
threshold=0.23625000000000004 0.33050000000000007 0.54035000000000011 0.55500000000000016 0.91155000000000019 0.51755000000000007 0.52050000000000007
decision_type=2 2 2 2 2 2 2
left_child=-1 2 -2 -3 -5 -6 -7
right_child=1 3 -4 4 5 6 -8
leaf_value=0.043218741572815404 -0.056022550923477125 -0.0074871340098021507 -0.024924656296314789 0.020384838604933654 0.0048161493145813918 -0.012544154090700733 -0.0031695181962829704
leaf_weight=0.58554160315543402 0.44420029222965218 1.469652355648577 0.55608405079692602 1.2195152118802068 2.3504666462540631 0.76293985173106171 0.68363679759204388
leaf_count=6 6 16 6 6 4 4 8
internal_value=0 -0.00338026 -0.0387344 0.00207195 0.00487238 -0.000109832 -0.0081138
internal_weight=0 7.4865 1.00028 6.48621 5.01656 3.79704 1.44658
internal_count=56 50 12 38 22 16 12
is_linear=0
shrinkage=0.1


Tree=24
num_leaves=8
num_cat=0
split_feature=1 3 3 3 4 2 4
split_gain=0.0914812 0.148382 0.058786 0.0443158 0.0564675 0.0414908 0.0203898
threshold=0.41000000000000009 0.33050000000000007 0.47130000000000005 0.39795000000000008 0.47425000000000006 0.55000000000000016 0.52050000000000007
decision_type=2 2 2 2 2 2 2
left_child=-1 6 3 4 -3 -4 -2
right_child=1 2 5 -5 -6 -7 -8
leaf_value=0.022949367206728466 -0.05293081488890055 0.010235379279624928 -0.0049044749744460315 0.014741289158594829 -0.024259055919440053 -0.056337601862333345 -0.026371901674220516
leaf_weight=1.4271919615566728 0.43165911547839619 1.0649864897131918 0.38973730988800515 2.6955215521156788 0.8560235397890209 0.26246950775384903 0.87503607757389545
leaf_count=6 6 4 6 8 10 6 10
internal_value=0 -0.00498113 0.0024999 0.00647016 -0.00513573 -0.0256029 -0.0351455
internal_weight=0 6.57543 5.26874 4.61653 1.92101 0.652207 1.3067
internal_count=56 50 34 22 14 12 16
is_linear=0
shrinkage=0.1


Tree=25
num_leaves=6
num_cat=0
split_feature=1 3 1 3 4
split_gain=0.0835443 0.134327 0.0335829 0.0317689 0.0187134
threshold=0.41000000000000009 0.33050000000000007 0.66500000000000015 0.43675000000000003 0.52050000000000007
decision_type=2 2 2 2 2
left_child=-1 4 3 -3 -2
right_child=1 2 -4 -5 -6
leaf_value=0.021952089616707027 -0.050920394937520985 0.017534364361631135 -0.016637933205378295 -0.00034495256113398958 -0.025273565122386227
leaf_weight=1.4228022471070287 0.42426600866019704 1.5043573370203374 0.79158608987927426 2.9282557517290115 0.86363665666431189
leaf_count=6 6 14 6 14 10
internal_value=0 -0.00479622 0.0023348 0.005723 -0.0337222
internal_weight=0 6.5121 5.2242 4.43261 1.2879
internal_count=56 50 34 28 16
is_linear=0
shrinkage=0.1


Tree=26
num_leaves=7
num_cat=0
split_feature=1 1 1 3 3 3
split_gain=0.0787381 0.117489 0.104269 0.0292352 0.0441273 0.0189187
threshold=0.41000000000000009 0.55500000000000016 0.51500000000000012 0.39795000000000008 0.33050000000000007 0.35230000000000006
decision_type=2 2 2 2 2 2
left_child=-1 2 -2 4 -3 -4
right_child=1 3 5 -5 -6 -7
leaf_value=0.021325529350871539 -0.017159384038907096 -0.026149357106182491 -0.12845600322068298 0.0065241125926014916 0.0011790776637193915 -0.069039371931529508
leaf_weight=1.4197856001555917 0.45710741635411967 0.87595837377011787 0.11790699884295464 3.1053258739411831 1.8153184950351715 0.098238274455070496
leaf_count=6 8 10 4 14 8 6
internal_value=0 -0.00467981 -0.0442209 -8.72668e-05 -0.0077158 -0.101451
internal_weight=0 6.46986 0.673253 5.7966 2.69128 0.216145
internal_count=56 50 18 32 18 10
is_linear=0
shrinkage=0.1


Tree=27
num_leaves=6
num_cat=0
split_feature=1 3 1 3 4
split_gain=0.0730464 0.0981082 0.0267105 0.027993 0.0194422
threshold=0.41000000000000009 0.33050000000000007 0.66500000000000015 0.43675000000000003 0.52050000000000007
decision_type=2 2 2 2 2
left_child=-1 4 3 -3 -2
right_child=1 2 -4 -5 -6
leaf_value=0.020542428287650506 -0.047677327609002451 0.015802866290911138 -0.015355010965891642 -0.001118694204472157 -0.021031974719374333
leaf_weight=1.4176101535558698 0.40804929938167311 1.4737373555544762 0.7942376323044299 2.9040329027920961 0.8326124269515276
leaf_count=6 6 14 6 14 10
internal_value=0 -0.00454119 0.00151682 0.0045778 -0.0297955
internal_weight=0 6.41267 5.17201 4.37777 1.24066
internal_count=56 50 34 28 16
is_linear=0
shrinkage=0.1


Tree=28
num_leaves=8
num_cat=0
split_feature=1 1 1 1 4 3 3
split_gain=0.0690782 0.0909829 0.0860162 0.0263449 0.0269464 0.0154071 0.00458093
threshold=0.41000000000000009 0.55500000000000016 0.51500000000000012 0.63000000000000012 0.52050000000000007 0.35230000000000006 0.39795000000000008
decision_type=2 2 2 2 2 2 2
left_child=-1 2 -2 6 -5 -4 -3
right_child=1 3 5 4 -6 -7 -8
leaf_value=0.019983866953116144 -0.016077242889156889 -0.00090488192444200099 -0.12352155210562797 -0.023564387687410478 0.0049993884367826522 -0.066940807506332745 0.0058296673716923464
leaf_weight=1.4156015813350675 0.44335544388741244 1.5926991673186419 0.099313320592045784 0.8487457577139137 0.54065186996012926 0.093375618103891611 2.7609049379825592
leaf_count=6 8 10 4 6 8 6 8
internal_value=0 -0.00443471 -0.0403209 -0.000460263 -0.0124495 -0.0961029 0.00336594
internal_weight=0 6.37905 0.636044 5.743 1.3894 0.192689 4.3536
internal_count=56 50 18 32 14 10 18
is_linear=0
shrinkage=0.1


Tree=29
num_leaves=7
num_cat=0
split_feature=3 3 1 1 3 4
split_gain=0.118373 0.0842315 0.019873 0.0226982 0.0568413 0.0126419
threshold=0.23625000000000004 0.33050000000000007 0.66500000000000015 0.55500000000000016 0.43675000000000003 0.54035000000000011
decision_type=2 2 2 2 2 2
left_child=-1 5 3 -3 -5 -2
right_child=1 2 -4 4 -6 -7
leaf_value=0.046835368648742791 -0.044842265660383997 -0.007801234678024814 -0.013936701792459705 0.023517008616436061 -0.0015178202402104553 -0.02132348067199763
leaf_weight=0.50450772326439608 0.39487342070788134 1.4343930222094057 0.79015759471803892 1.3599911592900751 2.7224224377423525 0.54261280968785286
leaf_count=6 6 16 6 8 8 6
internal_value=0 -0.00326165 0.000895605 0.00302 0.00682213 -0.0312297
internal_weight=0 7.24445 6.30696 5.51681 4.08241 0.937486
internal_count=56 50 38 32 16 12
is_linear=0
shrinkage=0.1


Tree=30
num_leaves=10
num_cat=0
split_feature=3 3 1 1 0 4 0 1 1
split_gain=0.0811846 0.069312 0.0186894 0.0289102 0.0287938 0.0138486 0.0120341 0.0208538 0.00356679
threshold=0.23625000000000004 0.28375000000000006 0.55500000000000016 0.41000000000000009 0.91155000000000019 0.51755000000000007 0.64285000000000003 0.51500000000000012 0.66500000000000015
decision_type=2 2 2 2 2 2 2 2 2
left_child=-1 -2 3 -3 -4 -6 -5 -8 -7
right_child=1 2 4 6 5 8 7 -9 -10
leaf_value=0.039349911780881361 -0.035457169912291218 0.00016667908429844239 0.017064577285614568 -0.014308301649660777 0.0037346433568862477 -0.0029271189870330194 -0.015894138271322883 -0.074162553996379027 -0.013346363932191083
leaf_weight=0.49079775437712658 0.59224384929984797 1.1767002418637273 1.1745353341102598 0.30443070735782374 2.3449751883745198 0.56553309597074963 0.12711117416620255 0.11885108845308423 0.78406371455639601
leaf_count=6 6 4 6 4 4 8 4 8 6
internal_value=0 -0.00268665 0.000255668 -0.00868186 0.00342585 -0.000910021 -0.0275994 -0.0440499 -0.0089803
internal_weight=0 7.18844 6.5962 1.72709 4.86911 3.69457 0.550393 0.245962 1.3496
internal_count=56 50 44 20 24 18 16 12 14
is_linear=0
shrinkage=0.1


Tree=31
num_leaves=6
num_cat=0
split_feature=1 3 1 3 4
split_gain=0.0581522 0.0919441 0.0202557 0.0238489 0.0105629
threshold=0.41000000000000009 0.33050000000000007 0.66500000000000015 0.43675000000000003 0.52050000000000007
decision_type=2 2 2 2 2
left_child=-1 4 3 -3 -2
right_child=1 2 -4 -5 -6
leaf_value=0.01854919786605292 -0.0429797572468801 0.015017409706101712 -0.013095116096333546 -0.00082820306293071837 -0.02272688295618943
leaf_weight=1.383045010268688 0.37905718944966771 1.4260238350834695 0.77650898322463024 2.8444886752404273 0.80316728726029396
leaf_count=6 6 14 6 14 10
internal_value=0 -0.00411838 0.00176161 0.00446302 -0.0292206
internal_weight=0 6.22925 5.04702 4.27051 1.18222
internal_count=56 50 34 28 16
is_linear=0
shrinkage=0.1


Tree=32
num_leaves=7
num_cat=0
split_feature=3 3 1 1 3 4
split_gain=0.0654152 0.060163 0.0158203 0.0189409 0.0439082 0.0122509
threshold=0.23625000000000004 0.33050000000000007 0.66500000000000015 0.55500000000000016 0.43675000000000003 0.54035000000000011
decision_type=2 2 2 2 2 2
left_child=-1 5 3 -3 -5 -2
right_child=1 2 -4 4 -6 -7
leaf_value=0.036151917148861568 -0.04036318341277239 -0.0069351833076328265 -0.012221882481890899 0.021374745361696781 -0.00082400678936377667 -0.01673434056204345
leaf_weight=0.46952545084059227 0.37283412087708701 1.4103147576097397 0.77671056147664774 1.3327485285699365 2.6883335933089256 0.53326215222477913
leaf_count=6 6 16 6 8 8 6
internal_value=0 -0.00238597 0.00112728 0.00303627 0.00653355 -0.026457
internal_weight=0 7.1142 6.20811 5.4314 4.02108 0.906096
internal_count=56 50 38 32 16 12
is_linear=0
shrinkage=0.1


Tree=33
num_leaves=8
num_cat=0
split_feature=1 1 1 3 3 0 4
split_gain=0.0540805 0.0768366 0.0809755 0.0514517 0.0191321 0.0188069 0.0115725
threshold=0.41000000000000009 0.55500000000000016 0.51500000000000012 0.33050000000000007 0.35230000000000006 0.91155000000000019 0.51755000000000007
decision_type=2 2 2 2 2 2 2
left_child=-1 2 -2 -3 -4 -5 -7
right_child=1 3 4 5 -6 6 -8
leaf_value=0.017982482681616455 -0.014531237497291419 -0.023761484525974385 -0.12743496464175672 0.014652758609241957 -0.060469386095450078 0.0042020581616014005 -0.0076326354656934886
leaf_weight=1.3685562275350092 0.41448843106627453 0.80492044519633044 0.091587591916322708 1.1592755727469919 0.079868761356920004 2.3352999463677411 1.2786556240171192
leaf_count=6 8 10 4 6 6 4 12
internal_value=0 -0.00399249 -0.0384407 -0.000373953 -0.0962407 0.00356994 1.48186e-05
internal_weight=0 6.1641 0.585945 5.57815 0.171456 4.77323 3.61396
internal_count=56 50 18 32 10 22 16
is_linear=0
shrinkage=0.1


Tree=34
num_leaves=7
num_cat=0
split_feature=1 3 3 4 4 4
split_gain=0.0525381 0.0728702 0.012695 0.0159139 0.000610234 0.0337727
threshold=0.41000000000000009 0.28375000000000006 0.39795000000000008 0.47425000000000006 0.49515000000000003 0.55940000000000012
decision_type=2 2 2 2 2 2
left_child=-1 -2 3 -3 -4 -6
right_child=1 2 4 -5 5 -7
leaf_value=0.017712182890525875 -0.031541333228267694 0.0013846401482627195 0.0036125044174689491 -0.016160674007581765 -0.018088933592436462 0.023897664657174401
leaf_weight=1.3687470369040964 0.8282708516344427 1.3110771104693415 2.3371353782713418 0.8534844189416616 0.32290509296581138 0.47104465309530497
leaf_count=6 10 8 4 12 8 8
internal_value=0 -0.00395882 0.000355246 -0.00553346 0.00442619 0.00682141
internal_weight=0 6.12392 5.29565 2.16456 3.13109 0.79395
internal_count=56 50 40 20 20 16
is_linear=0
shrinkage=0.1


Tree=35
num_leaves=6
num_cat=0
split_feature=1 3 1 3 4
split_gain=0.0490368 0.0698963 0.0108889 0.00987348 0.0831392
threshold=0.41000000000000009 0.28375000000000006 0.66500000000000015 0.43675000000000003 0.54035000000000011
decision_type=2 2 2 2 2
left_child=-1 -2 3 4 -3
right_child=1 2 -4 -5 -6
leaf_value=0.017114567715932678 -0.030798173065674381 -0.0030135249844349186 -0.010550508629705701 -0.0013468107798836042 0.051544740505286929
leaf_weight=1.3679884336888788 0.83049574960023154 1.3456169797573236 0.77366028912365425 2.8105073780752718 0.35247118026018132
leaf_count=6 10 12 6 14 8
internal_value=0 -0.00383011 0.000409911 0.00229068 0.0083111
internal_weight=0 6.11275 5.28226 4.5086 1.69809
internal_count=56 50 40 34 20
is_linear=0
shrinkage=0.1


Tree=36
num_leaves=6
num_cat=0
split_feature=3 3 1 1 4
split_gain=0.0886286 0.0509903 0.0116216 0.016877 0.0110786
threshold=0.23625000000000004 0.33050000000000007 0.63000000000000012 0.55500000000000016 0.54035000000000011
decision_type=2 2 2 2 2
left_child=-1 4 3 -3 -2
right_child=1 2 -4 -5 -6
leaf_value=0.044250283628083004 -0.039071383327094943 -0.0068774835650439355 -0.0092423897065036127 0.0059957619058563921 -0.016091562509089836
leaf_weight=0.42664946150034655 0.34995354898273934 1.4032131945714352 1.0162267619743941 3.713580995798111 0.52381258457899094
leaf_count=6 6 16 10 12 6
internal_value=0 -0.00269443 0.000525485 0.00246544 -0.0252952
internal_weight=0 7.00679 6.13302 5.11679 0.873766
internal_count=56 50 38 28 12
is_linear=0
shrinkage=0.1


Tree=37
num_leaves=7
num_cat=0
split_feature=3 3 4 1 0 4
split_gain=0.0440135 0.036612 0.0143974 0.0101457 0.0204243 0.00775083
threshold=0.23625000000000004 0.33050000000000007 0.54035000000000011 0.55500000000000016 0.91155000000000019 0.51755000000000007
decision_type=2 2 2 2 2 2
left_child=-1 2 -2 -3 -5 -6
right_child=1 3 -4 4 5 -7
leaf_value=0.031236807299896113 -0.036918966939048344 -0.006649663363642081 -0.010688024250310714 0.014771998247402366 0.0027354336131646885 -0.0070619709301988414
leaf_weight=0.42516516149044026 0.34505713917314995 1.3941632583737371 0.53163220826536417 1.1314729079604147 2.340620201081038 1.2327421689406035
leaf_count=6 6 16 6 6 4 12
internal_value=0 -0.00190387 -0.0210123 0.00084283 0.00306305 -0.000644485
internal_weight=0 6.97569 0.876689 6.099 4.70484 3.57336
internal_count=56 50 12 38 22 16
is_linear=0
shrinkage=0.1


Tree=38
num_leaves=6
num_cat=0
split_feature=1 3 0 1 3
split_gain=0.0414589 0.0556016 0.0112965 0.0099494 0.0144543
threshold=0.41000000000000009 0.33050000000000007 0.88750000000000007 0.66500000000000015 0.43675000000000003
decision_type=2 2 2 2 2
left_child=-1 2 -2 4 -3
right_child=1 3 -4 -5 -6
leaf_value=0.015890932329104743 -0.038666664577677722 0.011470577941603843 -0.016930546856725289 -0.0094174968426908277 -0.0011303811068977718
leaf_weight=1.3425610624253748 0.3459598710760472 1.3523365231230853 0.77409945148974657 0.76617526356130827 2.7850040509365499
leaf_count=6 6 14 10 6 14
internal_value=0 -0.00354184 -0.0236443 0.00104996 0.00298838
internal_weight=0 6.02358 1.12006 4.90352 4.13734
internal_count=56 50 16 34 28
is_linear=0
shrinkage=0.1


Tree=39
num_leaves=9
num_cat=0
split_feature=1 1 1 1 1 4 3 4
split_gain=0.0400288 0.114307 0.10827 0.0246509 0.0074026 0.0226593 0.00457871 0.000796853
threshold=0.41000000000000009 0.55500000000000016 0.51500000000000012 0.63000000000000012 0.69000000000000006 0.55940000000000012 0.43675000000000003 0.54035000000000011
decision_type=2 2 2 2 2 2 2 2
left_child=-1 2 -2 6 5 -5 7 -3
right_child=1 3 -4 4 -6 -7 -8 -9
leaf_value=0.015612067209812534 -0.016056680879193385 0.0069780948478260696 -0.10870022568479397 -0.040455340781902285 -0.0049498395506457843 0.0018870440235715024 0.0020167839876881542 0.011457787591967521
leaf_weight=1.3431672789156435 0.39442253159359086 0.99174378812313058 0.18546370137482882 0.27002773620188214 0.73832962103188038 0.23758654296398163 2.551364503800869 0.66223572008311749
leaf_count=6 8 4 10 6 4 4 6 8
internal_value=0 -0.00347687 -0.0456867 0.00101324 -0.0113411 -0.0206372 0.00467353 0.00877172
internal_weight=0 6.03117 0.579886 5.45129 1.24594 0.507614 4.20534 1.65398
internal_count=56 50 18 32 14 10 18 12
is_linear=0
shrinkage=0.1


Tree=40
num_leaves=6
num_cat=0
split_feature=1 3 1 3 0
split_gain=0.0384341 0.047003 0.00843494 0.00240237 0.00185604
threshold=0.41000000000000009 0.33050000000000007 0.63000000000000012 0.39795000000000008 0.88750000000000007
decision_type=2 2 2 2 2
left_child=-1 4 3 -3 -2
right_child=1 2 -4 -5 -6
leaf_value=0.015277149339672289 -0.028638385075803432 -0.001145319560665103 -0.0074615850601983894 0.0043958148825823063 -0.019586625618203089
leaf_weight=1.3440095111727712 0.32246740628033854 1.0860234755091371 0.99762459564954031 2.7988569182343781 0.76139888260513544
leaf_count=6 6 10 10 14 10
internal_value=0 -0.00344139 0.000740512 0.00284678 -0.0222797
internal_weight=0 5.96637 4.8825 3.88488 1.08387
internal_count=56 50 34 24 16
is_linear=0
shrinkage=0.1


Tree=41
num_leaves=7
num_cat=0
split_feature=1 3 4 3 2 4
split_gain=0.0365043 0.0412295 0.00847079 0.0399056 0.0592347 0.00196668
threshold=0.41000000000000009 0.33050000000000007 0.49515000000000003 0.47130000000000005 0.55000000000000016 0.54035000000000011
decision_type=2 2 2 2 2 2
left_child=-1 5 -3 -4 -5 -2
right_child=1 2 3 4 -6 -7
leaf_value=0.014881143264337874 -0.016602027478970622 0.0033321365501700522 0.0051527402652649674 0.0016442934751557494 -0.070431479881902251 -0.025151339636488208
leaf_weight=1.3449580967426298 0.51648373808711745 3.3765684685204178 1.0432867845520375 0.25860967393964518 0.20394756924360991 0.56170673854649067
leaf_count=6 8 10 12 6 6 8
internal_value=0 -0.00335779 0.000550522 -0.00568672 -0.0301349 -0.021056
internal_weight=0 5.9606 4.88241 1.50584 0.462557 1.07819
internal_count=56 50 34 24 12 16
is_linear=0
shrinkage=0.1


Tree=42
num_leaves=7
num_cat=0
split_feature=1 3 4 3 2 4
split_gain=0.0344195 0.0423653 0.00660328 0.0296965 0.0348435 0.00128215
threshold=0.41000000000000009 0.33050000000000007 0.49515000000000003 0.47130000000000005 0.55000000000000016 0.54035000000000011
decision_type=2 2 2 2 2 2
left_child=-1 5 -3 -4 -5 -2
right_child=1 2 3 4 -6 -7
leaf_value=0.014433210247710861 -0.017642329410693505 0.0031338408167016062 0.0043616870448448652 -0.0019374778595474926 -0.05836121423489371 -0.02456572103730198
leaf_weight=1.3469965383410452 0.51108805183321215 3.3815763073507696 1.0445305495522914 0.25162468245252956 0.19369329884648323 0.56119867879897356
leaf_count=6 8 10 12 6 6 8
internal_value=0 -0.00327093 0.000690054 -0.00485672 -0.0264793 -0.0212658
internal_weight=0 5.94371 4.87142 1.48985 0.445318 1.07229
internal_count=56 50 34 24 12 16
is_linear=0
shrinkage=0.1


Tree=43
num_leaves=6
num_cat=0
split_feature=1 3 4 3 0
split_gain=0.0327069 0.0424657 0.00610497 0.01957 0.00103704
threshold=0.41000000000000009 0.33050000000000007 0.47425000000000006 0.39795000000000008 0.88750000000000007
decision_type=2 2 2 2 2
left_child=-1 4 -3 -4 -2
right_child=1 2 3 -5 -6
leaf_value=0.014049911045228789 -0.026016172428577192 0.0076657183173374213 -0.014760091686040436 0.0026555756264938593 -0.019217268366026476
leaf_weight=1.3497715666890142 0.32072000252082922 1.0149038508534429 0.81977356597781215 3.0302880452945828 0.74659321969375014
leaf_count=6 6 4 10 20 10
internal_value=0 -0.00319678 0.000766129 -0.00105265 -0.0212603
internal_weight=0 5.93228 4.86497 3.85006 1.06731
internal_count=56 50 34 30 16
is_linear=0
shrinkage=0.1


Tree=44
num_leaves=6
num_cat=0
split_feature=1 3 4 3 4
split_gain=0.0320132 0.0369942 0.00620963 0.0178152 0.00145731
threshold=0.41000000000000009 0.33050000000000007 0.47425000000000006 0.39795000000000008 0.54035000000000011
decision_type=2 2 2 2 2
left_child=-1 4 -3 -4 -2
right_child=1 2 3 -5 -6
leaf_value=0.013877046576229873 -0.016186812639008286 0.0074869641213810402 -0.014395161876826858 0.0022274639606674105 -0.023603945104707601
leaf_weight=1.3532643690705297 0.5050508673302827 1.013633608818054 0.81909198081120882 3.0291805090382695 0.55709439842030406
leaf_count=6 8 4 10 20 8
internal_value=0 -0.00317001 0.000523553 -0.00131061 -0.0200771
internal_weight=0 5.92405 4.86191 3.84827 1.06215
internal_count=56 50 34 30 16
is_linear=0
shrinkage=0.1


Tree=45
num_leaves=7
num_cat=0
split_feature=1 3 4 3 2 4
split_gain=0.0315247 0.0327829 0.00682651 0.0277605 0.0249973 0.00171923
threshold=0.41000000000000009 0.33050000000000007 0.49515000000000003 0.47130000000000005 0.55000000000000016 0.54035000000000011
decision_type=2 2 2 2 2 2
left_child=-1 5 -3 -4 -5 -2
right_child=1 2 3 4 -6 -7
leaf_value=0.013738963494916448 -0.014882552343836179 0.0027816721290538932 0.0034282113798433222 -0.0055522249307879273 -0.054329585643516934 -0.022959012827014014
leaf_weight=1.3583278432488439 0.50273892981931545 3.3931013233959675 1.0409517153166232 0.24065450020134438 0.18647678941488266 0.55401695985347033
leaf_count=6 8 10 12 6 6 8
internal_value=0 -0.00315346 0.000316738 -0.00538033 -0.0268474 -0.0191167
internal_weight=0 5.91794 4.86118 1.46808 0.427131 1.05676
internal_count=56 50 34 24 12 16
is_linear=0
shrinkage=0.1


Tree=46
num_leaves=6
num_cat=0
split_feature=1 3 4 3 3
split_gain=0.0305117 0.0335721 0.00643715 0.0173071 0.00166186
threshold=0.41000000000000009 0.33050000000000007 0.47425000000000006 0.39795000000000008 0.28375000000000006
decision_type=2 2 2 2 2
left_child=-1 4 -3 -4 -2
right_child=1 2 3 -5 -6
leaf_value=0.01347405855293228 -0.021801093994063561 0.0074936738673474172 -0.014343943780140115 0.0020231052780091698 -0.01299122102306432
leaf_weight=1.3653663769364355 0.75394461862742879 1.0117990747094152 0.82137481914833221 3.0272447145543993 0.29904730804264545
leaf_count=6 10 4 10 20 6
internal_value=0 -0.00311107 0.00039601 -0.00146996 -0.0192991
internal_weight=0 5.91341 4.86042 3.84862 1.05299
internal_count=56 50 34 30 16
is_linear=0
shrinkage=0.1


Tree=47
num_leaves=6
num_cat=0
split_feature=1 3 4 3 4
split_gain=0.030678 0.029524 0.00643324 0.0155938 0.00175295
threshold=0.41000000000000009 0.33050000000000007 0.47425000000000006 0.39795000000000008 0.54035000000000011
decision_type=2 2 2 2 2
left_child=-1 4 -3 -4 -2
right_child=1 2 3 -5 -6
leaf_value=0.013450600560425782 -0.014047663851811771 0.0072541751982630135 -0.013944585992157277 0.001594547451518754 -0.022240382958235397
leaf_weight=1.3756457120180128 0.4963941113092003 1.0099411457777021 0.82033343857619945 3.0353479157201946 0.55112215736880898
leaf_count=6 8 4 10 20 8
internal_value=0 -0.00312918 0.000149433 -0.00171155 -0.018358
internal_weight=0 5.91314 4.86562 3.85568 1.04752
internal_count=56 50 34 30 16
is_linear=0
shrinkage=0.1


Tree=48
num_leaves=6
num_cat=0
split_feature=1 3 4 3 4
split_gain=0.0315153 0.0261615 0.00634215 0.0140689 0.001952
threshold=0.41000000000000009 0.33050000000000007 0.47425000000000006 0.39795000000000008 0.54035000000000011
decision_type=2 2 2 2 2
left_child=-1 4 -3 -4 -2
right_child=1 2 3 -5 -6
leaf_value=0.013536596343078067 -0.013003618136142286 0.0069580956441595053 -0.013589185392509938 0.0011737679213152251 -0.021668361944648398
leaf_weight=1.3923914581537244 0.49437030497938372 1.0073030441999433 0.81875984277576241 3.0509263300336897 0.54842013539746404
leaf_count=6 8 4 10 20 8
internal_value=0 -0.00318395 -0.000109963 -0.00194982 -0.0175605
internal_weight=0 5.91978 4.87699 3.86969 1.04279
internal_count=56 50 34 30 16
is_linear=0
shrinkage=0.1


Tree=49
num_leaves=6
num_cat=0
split_feature=1 3 4 3 4
split_gain=0.033802 0.0229068 0.00616859 0.0124152 0.00212004
threshold=0.41000000000000009 0.33050000000000007 0.47425000000000006 0.39795000000000008 0.54035000000000011
decision_type=2 2 2 2 2
left_child=-1 4 -3 -4 -2
right_child=1 2 3 -5 -6
leaf_value=0.013839605639712003 -0.012053332358464626 0.0065344803253234683 -0.013220021960097517 0.0006460180136335144 -0.021103445758993856
leaf_weight=1.4236546009778974 0.49239049106836297 1.0031509250402448 0.81679510883986983 3.0830748924054205 0.54572111647576094
leaf_count=6 8 4 10 20 8
internal_value=0 -0.00331634 -0.000459157 -0.00225811 -0.0168109
internal_weight=0 5.94113 4.90302 3.89987 1.03811
internal_count=56 50 34 30 16
is_linear=0
shrinkage=0.1


Tree=50
num_leaves=8
num_cat=0
split_feature=1 1 1 3 0 1 1
split_gain=0.0405664 0.0389367 0.0606305 0.0126678 0.0110013 0.00422305 0.00921159
threshold=0.41000000000000009 0.55500000000000016 0.51500000000000012 0.35230000000000006 0.91155000000000019 0.63000000000000012 0.69000000000000006
decision_type=2 2 2 2 2 2 2
left_child=-1 2 -2 -4 -3 -6 -7
right_child=1 4 3 -5 5 6 -8
leaf_value=0.014694976985136429 -0.009120902849792157 0.0057750241310902777 -0.11795992851803527 -0.057227751824054443 -0.001916076154155309 -0.020378002341525391 -0.0021934074297814301
leaf_weight=1.5027714297175405 0.37045584572479118 1.5931544350460169 0.067127908580005169 0.070326174958609045 2.7235113112255935 0.447890695184469 0.73684872407466173
leaf_count=6 8 10 4 6 8 10 4
internal_value=0 -0.00367482 -0.0301666 -0.0868873 -0.00122901 -0.00408412 -0.00906809
internal_weight=0 6.00932 0.50791 0.137454 5.50141 3.90825 1.18474
internal_count=56 50 18 10 32 22 14
is_linear=0
shrinkage=0.1


Tree=51
num_leaves=7
num_cat=0
split_feature=1 1 1 0 4 1
split_gain=0.0506639 0.0315964 0.0440142 0.0120962 0.0117244 0.00316506
threshold=0.41000000000000009 0.55500000000000016 0.51500000000000012 0.91155000000000019 0.57190000000000019 0.66500000000000015
decision_type=2 2 2 2 2 2
left_child=-1 2 -2 -3 -4 -5
right_child=1 3 4 5 -6 -7
leaf_value=0.016752007155541648 -0.011014350453660088 0.0054342038827590797 -0.051504071683716915 -0.0064893537117131604 -0.11324895903779308 0.00021415474275700673
leaf_weight=1.4526439085602758 0.3690753299742936 1.5983485784381626 0.066824697656556964 2.9678368889726703 0.056972103659063578 0.9234978649765252
leaf_count=6 8 10 6 14 4 8
internal_value=0 -0.00406761 -0.0283215 -0.00189006 -0.0799195 -0.00489847
internal_weight=0 5.98256 0.492872 5.48968 0.123797 3.89133
internal_count=56 50 18 32 10 22
is_linear=0
shrinkage=0.1


Tree=52
num_leaves=8
num_cat=0
split_feature=1 3 0 4 1 4 1
split_gain=0.039874 0.0234519 0.00838634 0.00765681 0.00981052 0.00568345 0.000181638
threshold=0.41000000000000009 0.33050000000000007 0.91155000000000019 0.51755000000000007 0.69000000000000006 0.52050000000000007 0.63000000000000012
decision_type=2 2 2 2 2 2 2
left_child=-1 5 -3 -4 6 -2 -5
right_child=1 2 3 4 -6 -7 -8
leaf_value=0.015381173304768739 -0.028366665288879163 0.0064163346487999626 5.7966714231268455e-05 -0.019590048652676918 -0.0027773906214367608 -0.012298351236626504 -0.023705545728750107
leaf_weight=1.3674177303910253 0.32166454568505265 1.2389598872978238 2.4534996963338931 0.20217718742787816 0.7377410139888525 0.69733803300186992 0.22838405147194862
leaf_count=6 6 12 8 4 4 10 6
internal_value=0 -0.0035771 -0.000685453 -0.00311486 -0.00977797 -0.0173706 -0.021773
internal_weight=0 5.87976 4.86076 3.6218 1.1683 1.019 0.430561
internal_count=56 50 34 22 14 16 10
is_linear=0
shrinkage=0.1


Tree=53
num_leaves=6
num_cat=0
split_feature=1 3 3 1 4
split_gain=0.0367605 0.023528 0.00757013 0.00563819 0.00470472
threshold=0.41000000000000009 0.33050000000000007 0.43675000000000003 0.69000000000000006 0.52050000000000007
decision_type=2 2 2 2 2
left_child=-1 4 3 -3 -2
right_child=1 2 -4 -5 -6
leaf_value=0.014956058854801986 -0.027271618629201584 0.0080325664671744828 -0.0038900168991339423 -0.0028914285766801669 -0.012628222669853634
leaf_weight=1.3383422121405599 0.32005367474630453 1.3140131144318732 2.8017569649964571 0.73773759603500355 0.69770775851793587
leaf_count=6 6 14 16 4 10
internal_value=0 -0.00340919 -0.000510373 0.00410468 -0.0172331
internal_weight=0 5.87127 4.85351 2.05175 1.01776
internal_count=56 50 34 18 16
is_linear=0
shrinkage=0.1


Tree=54
num_leaves=7
num_cat=0
split_feature=1 1 4 3 0 4
split_gain=0.0337393 0.0357797 0.0339286 0.0202621 0.0205781 0.00411665
threshold=0.41000000000000009 0.55500000000000016 0.57190000000000019 0.33050000000000007 0.91155000000000019 0.51755000000000007
decision_type=2 2 2 2 2 2
left_child=-1 2 -2 -3 -5 -6
right_child=1 3 -4 4 5 -7
leaf_value=0.014423807622637353 -0.013409945996441019 -0.016532796793053993 -0.073230069325833466 0.013310023055046156 0.00013430377361476007 -0.0071646484111959775
leaf_weight=1.3226237595081327 0.36002383322920639 0.71803641691803921 0.12870988459326327 1.1221657134592531 2.3741477578878407 1.1455739596858618
leaf_count=6 12 10 6 6 4 12
internal_value=0 -0.00326181 -0.0291638 -0.00089999 0.00151819 -0.00224131
internal_weight=0 5.84866 0.488734 5.35992 4.64189 3.51972
internal_count=56 50 18 32 22 16
is_linear=0
shrinkage=0.1


Tree=55
num_leaves=8
num_cat=0
split_feature=1 3 0 4 1 4 1
split_gain=0.032792 0.0208432 0.00791321 0.00700737 0.00906871 0.00499723 0.00204867
threshold=0.41000000000000009 0.33050000000000007 0.91155000000000019 0.51755000000000007 0.69000000000000006 0.52050000000000007 0.63000000000000012
decision_type=2 2 2 2 2 2 2
left_child=-1 5 -3 -4 6 -2 -5
right_child=1 2 3 4 -6 -7 -8
leaf_value=0.014199123297851772 -0.026644700173714453 0.0064063229104665761 0.00019209925450603532 -0.013424620957984676 -0.0026438639213114561 -0.011515516899883713 -0.027539348941757549
leaf_weight=1.3242981508374212 0.31883070012554504 1.2358989650383589 2.4036238725529988 0.18853401672095038 0.73830856941640377 0.69255757867358625 0.22621652670204639
leaf_count=6 6 12 8 4 4 10 6
internal_value=0 -0.00323982 -0.000486906 -0.00288221 -0.0092908 -0.0162849 -0.0211232
internal_weight=0 5.80397 4.79258 3.55668 1.15306 1.01139 0.414751
internal_count=56 50 34 22 14 16 10
is_linear=0
shrinkage=0.1


Tree=56
num_leaves=6
num_cat=0
split_feature=1 3 4 3 4
split_gain=0.0322319 0.0207511 0.00695717 0.00972797 0.0039105
threshold=0.41000000000000009 0.33050000000000007 0.47425000000000006 0.39795000000000008 0.52050000000000007
decision_type=2 2 2 2 2
left_child=-1 4 -3 -4 -2
right_child=1 2 3 -5 -6
leaf_value=0.01411624155150408 -0.025428381536305573 0.0069156215073050671 -0.01217419431503898 0.00021157903060325828 -0.012023126185904847
leaf_weight=1.3179358989000318 0.31721958098933078 1.0091520175337789 0.80608598666731301 2.9725636704824865 0.69302368443459272
leaf_count=6 6 4 10 20 10
internal_value=0 -0.00320872 -0.000460671 -0.00243063 -0.0162324
internal_weight=0 5.79804 4.7878 3.77865 1.01024
internal_count=56 50 34 30 16
is_linear=0
shrinkage=0.1


Tree=57
num_leaves=9
num_cat=0
split_feature=1 1 0 3 1 1 4 4
split_gain=0.0309567 0.0225371 0.0245477 0.0717986 0.011548 0.0110377 0.00423157 0.000679917
threshold=0.41000000000000009 0.55500000000000016 0.64285000000000003 0.47130000000000005 0.63000000000000012 0.69000000000000006 0.47425000000000006 0.54930000000000012
decision_type=2 2 2 2 2 2 2 2
left_child=-1 2 -2 -4 6 7 -3 -6
right_child=1 4 3 -5 5 -7 -8 -9
leaf_value=0.013861311710085459 -0.0041577781694707846 0.0068339489714845285 -0.11518142619473924 0.0037694775073735722 -0.018454376508603303 -0.0025467743521353403 -0.00061356918315047515 -0.026327827786366484
leaf_weight=1.3131875358521936 0.26822398975491513 1.0090578496456144 0.092796356766484678 0.11197356646880507 0.21004059817641951 0.73749818000942469 3.1276177740655839 0.22954262793064117
leaf_count=6 4 4 8 6 4 4 14 6
internal_value=0 -0.00314554 -0.0240628 -0.050136 -0.00128364 -0.0100229 0.0012031 -0.0225658
internal_weight=0 5.78675 0.472994 0.20477 5.31376 1.17708 4.13668 0.439583
internal_count=56 50 18 14 32 14 18 10
is_linear=0
shrinkage=0.1


Tree=58
num_leaves=8
num_cat=0
split_feature=1 1 4 1 1 4 4
split_gain=0.030906 0.0259997 0.0261656 0.00913477 0.00784068 0.00429343 0.000678834
threshold=0.41000000000000009 0.55500000000000016 0.57190000000000019 0.63000000000000012 0.69000000000000006 0.47425000000000006 0.55940000000000012
decision_type=2 2 2 2 2 2 2
left_child=-1 2 -2 5 6 -3 -5
right_child=1 3 -4 4 -6 -7 -8
leaf_value=0.013908676464833569 -0.01227489319370262 0.0067356449672017387 -0.067363409428814344 -0.015630137555406851 -0.0025730709038598097 -0.00076703143068566524 -0.0234451671192831
leaf_weight=1.3035579286515711 0.35117401648312796 1.0093938410282133 0.11427759705111384 0.23175066523253895 0.73724673967808485 3.1212794878520072 0.21358318626880646
leaf_count=6 12 4 6 6 4 14 4
internal_value=0 -0.00313751 -0.0258002 -0.00115221 -0.00890153 0.00106636 -0.0193782
internal_weight=0 5.77871 0.465452 5.31325 1.18258 4.13067 0.445334
internal_count=56 50 18 32 14 18 10
is_linear=0
shrinkage=0.1


Tree=59
num_leaves=8
num_cat=0
split_feature=1 3 0 4 1 4 1
split_gain=0.0313428 0.0225717 0.00847256 0.0074826 0.00960543 0.00378919 0.00186613
threshold=0.41000000000000009 0.33050000000000007 0.91155000000000019 0.51755000000000007 0.69000000000000006 0.52050000000000007 0.63000000000000012
decision_type=2 2 2 2 2 2 2
left_child=-1 5 -3 -4 6 -2 -5
right_child=1 2 3 4 -6 -7 -8
leaf_value=0.013969805205150249 -0.025961809463810326 0.0068545959868829085 0.00040571612673386351 -0.013952112840723294 -0.0025930326871626058 -0.012681728241524727 -0.027555680860278459
leaf_weight=1.3085309565067289 0.31233608815819003 1.2269819709472356 2.379840640467592 0.17762376647442557 0.73682666197419167 0.68840574636124074 0.23327731247991323
leaf_count=6 6 12 8 4 4 10 6
internal_value=0 -0.0031762 -0.000303068 -0.00279269 -0.00942467 -0.0168265 -0.0216751
internal_weight=0 5.75529 4.75455 3.52757 1.14773 1.00074 0.410901
internal_count=56 50 34 22 14 16 10
is_linear=0
shrinkage=0.1


Tree=60
num_leaves=6
num_cat=0
split_feature=1 3 1 0 4
split_gain=0.0324034 0.0222831 0.00730393 0.00357298 0.00294812
threshold=0.41000000000000009 0.33050000000000007 0.63000000000000012 0.91155000000000019 0.52050000000000007
decision_type=2 2 2 2 2
left_child=-1 4 3 -3 -2
right_child=1 2 -4 -5 -6
leaf_value=0.014228899525902611 -0.024881210143292906 0.0060470767896966607 -0.0080844438191957982 -0.00051549994471619231 -0.013148895932680713
leaf_weight=1.3047624379396436 0.31081311404705037 1.2292715695220979 0.97618077695369709 2.551843730150722 0.68888637400232255
leaf_count=6 6 12 10 12 10
internal_value=0 -0.00322483 -0.00037287 0.00161805 -0.0167965
internal_weight=0 5.757 4.7573 3.78112 0.999699
internal_count=56 50 34 24 16
is_linear=0
shrinkage=0.1


Tree=61
num_leaves=9
num_cat=0
split_feature=1 1 0 3 1 1 4 4
split_gain=0.0322746 0.020638 0.0224856 0.0560094 0.0112164 0.0106532 0.00444348 0.000641345
threshold=0.41000000000000009 0.55500000000000016 0.64285000000000003 0.47130000000000005 0.63000000000000012 0.69000000000000006 0.47425000000000006 0.55940000000000012
decision_type=2 2 2 2 2 2 2 2
left_child=-1 2 -2 -4 6 7 -3 -6
right_child=1 4 3 -5 5 -7 -8 -9
leaf_value=0.014235990499375718 -0.004558176381738774 0.0067884830151725382 -0.1128312411275237 -0.004107102632943972 -0.018357656166513001 -0.0025866387903636014 -0.00085023956002246983 -0.025892334757043611
leaf_weight=1.2993727289140222 0.26495304238051165 1.0092807710170744 0.081078383722342551 0.11400515027344227 0.22792039252817609 0.73605622630566359 3.1021524081006646 0.22399288043379784
leaf_count=6 4 4 8 6 6 4 14 4
internal_value=0 -0.00321175 -0.0235288 -0.0492938 -0.00144805 -0.0100067 0.00102493 -0.0220923
internal_weight=0 5.75944 0.460037 0.195084 5.2994 1.18797 4.11143 0.451913
internal_count=56 50 18 14 32 14 18 10
is_linear=0
shrinkage=0.1


Tree=62
num_leaves=6
num_cat=0
split_feature=1 3 1 3 4
split_gain=0.034552 0.0223523 0.0084567 0.0046382 0.00259614
threshold=0.41000000000000009 0.33050000000000007 0.63000000000000012 0.43675000000000003 0.52050000000000007
decision_type=2 2 2 2 2
left_child=-1 4 3 -3 -2
right_child=1 2 -4 -5 -6
leaf_value=0.014728489708084323 -0.024632559255705809 0.006897624189597891 -0.0087184385487512599 -0.00068086954020202587 -0.013561460004099191
leaf_weight=1.2990306280553339 0.30634165415540326 1.1731295548379423 0.98703201115131367 2.5916627030819654 0.68640112737193704
leaf_count=6 6 12 10 12 10
internal_value=0 -0.00333058 -0.000479428 0.00168063 -0.0169778
internal_weight=0 5.74457 4.75182 3.76479 0.992743
internal_count=56 50 34 24 16
is_linear=0
shrinkage=0.1


Tree=63
num_leaves=6
num_cat=0
split_feature=1 3 1 3 4
split_gain=0.0357092 0.0202909 0.0108689 0.00422812 0.00225243
threshold=0.41000000000000009 0.33050000000000007 0.63000000000000012 0.43675000000000003 0.52050000000000007
decision_type=2 2 2 2 2
left_child=-1 4 3 -3 -2
right_child=1 2 -4 -5 -6
leaf_value=0.014965276524990171 -0.023561406655907623 0.0067564881589127213 -0.010005936518985117 -0.00048066603740098458 -0.013229652789901842
leaf_weight=1.2999178841710088 0.30475942534394551 1.1739572390215474 0.98819653037935484 2.5843610414303839 0.685947569552809
leaf_count=6 6 12 10 12 10
internal_value=0 -0.00339077 -0.000673803 0.00177995 -0.0164079
internal_weight=0 5.73722 4.74651 3.75832 0.990707
internal_count=56 50 34 24 16
is_linear=0
shrinkage=0.1


Tree=64
num_leaves=6
num_cat=0
split_feature=1 4 1 1 3
split_gain=0.0376392 0.0192004 0.0230943 0.00338101 0.00321711
threshold=0.41000000000000009 0.54035000000000011 0.59500000000000008 0.63000000000000012 0.35230000000000006
decision_type=2 2 2 2 2
left_child=-1 3 -3 4 -2
right_child=1 2 -4 -5 -6
leaf_value=0.015360041394447807 0.0045943919963082752 -0.0067115036367707149 -0.040835471013746696 -0.0062122608247906653 -0.0015710712799772775
leaf_weight=1.3004050925374029 1.2713445872068407 0.71831824793480326 0.27397293015383184 0.93835707427933801 2.5315267297555692
leaf_count=6 8 14 8 8 12
internal_value=0 -0.00348377 -0.0161332 -0.000836381 0.000490116
internal_weight=0 5.73352 0.992291 4.74123 3.80287
internal_count=56 50 22 28 20
is_linear=0
shrinkage=0.1


Tree=65
num_leaves=6
num_cat=0
split_feature=1 4 1 1 3
split_gain=0.0486649 0.0228158 0.0341804 0.00434977 0.00313945
threshold=0.41000000000000009 0.54035000000000011 0.59500000000000008 0.63000000000000012 0.35230000000000006
decision_type=2 2 2 2 2
left_child=-1 3 -3 4 -2
right_child=1 2 -4 -5 -6
leaf_value=0.017444999551100373 0.0045081150418706658 -0.0059063946264014391 -0.046545340855066494 -0.0071520735624977742 -0.0015825799433284754
leaf_weight=1.3034377880394457 1.272142975125462 0.7188700223341582 0.29063728335313499 0.93661779444664706 2.5281101583386771
leaf_count=6 8 14 8 8 12
internal_value=0 -0.00395701 -0.0176064 -0.0010481 0.000456293
internal_weight=0 5.74638 1.00951 4.73687 3.80025
internal_count=56 50 22 28 20
is_linear=0
shrinkage=0.1


Tree=66
num_leaves=7
num_cat=0
split_feature=1 1 1 3 0 0
split_gain=0.0824997 0.0394436 0.0568309 0.0200202 0.00448711 0.00355164
threshold=0.41000000000000009 0.63000000000000012 0.69000000000000006 0.33050000000000007 0.91155000000000019 0.8660500000000001
decision_type=2 2 2 2 2 2
left_child=-1 3 -3 5 -5 -2
right_child=1 2 -4 4 -6 -7
leaf_value=0.022674664490314675 -0.0057719877591808355 -0.046179283366543609 -0.0029116353743593231 0.0072301178504914233 -0.00015305077787176543 -0.020033461616838166
leaf_weight=1.3085978552699087 0.26156985340639938 0.51857999619096495 0.73217211663722992 1.2210073850583287 2.5262451301096007 0.52532857214100659
leaf_count=6 4 10 4 12 12 8
internal_value=0 -0.00512922 -0.020851 -0.00079233 0.00225269 -0.0152929
internal_weight=0 5.7849 1.25075 4.53415 3.74725 0.786898
internal_count=56 50 14 36 24 12
is_linear=0
shrinkage=0.1


Tree=67
num_leaves=7
num_cat=0
split_feature=4 1 3 4 3 4
split_gain=0.34248 0.23226 0.0210481 0.00693549 0.0052137 0.00193564
threshold=0.55940000000000012 0.41000000000000009 0.33050000000000007 0.47425000000000006 0.43675000000000003 0.52050000000000007
decision_type=2 2 2 2 2 2
left_child=1 -1 5 -4 -5 -3
right_child=-2 2 3 4 -6 -7
leaf_value=0.044169749178735521 -0.068562122587570884 -0.022572029393554672 0.007680396007236823 -0.0089694479016683686 0.00042340460240066787 -0.012886523877031604
leaf_weight=1.332785617560148 0.66218773322179902 0.29756637918762852 1.0132905468344686 0.77222909260308403 2.5173972747288644 0.67302918480709195
leaf_count=6 12 6 4 8 12 8
internal_value=0 0.00687238 -0.00255386 0.000446646 -0.00178154 -0.0158559
internal_weight=0 6.6063 5.27351 4.30292 3.28963 0.970596
internal_count=56 44 38 24 20 14
is_linear=0
shrinkage=0.1


Tree=68
num_leaves=6
num_cat=0
split_feature=1 3 1 3 4
split_gain=0.124891 0.104396 0.0366193 0.0104516 0.0524471
threshold=0.63000000000000012 0.39795000000000008 0.51500000000000012 0.39795000000000008 0.47425000000000006
decision_type=2 2 2 2 2
left_child=2 -2 -1 4 -4
right_child=1 -3 3 -5 -6
leaf_value=0.01679118572313279 -0.009522692830844252 -0.07072765506035808 0.0078890351274288877 0.0045438803936033202 -0.029648014067329195
leaf_weight=2.0788125630933791 0.93368747178465106 0.39725609729066491 1.0215779989957807 2.5054686553776264 0.58558371593244363
leaf_count=14 8 6 4 10 14
internal_value=0 -0.027791 0.00597408 0.000506348 -0.00578792
internal_weight=0 1.33094 6.19144 4.11263 1.60716
internal_count=56 14 42 28 18
is_linear=0
shrinkage=0.1


Tree=69
num_leaves=7
num_cat=0
split_feature=0 3 1 4 1 3
split_gain=0.0396974 0.0266096 0.0106213 0.00917212 0.00802936 0.00420402
threshold=0.88750000000000007 0.39795000000000008 0.63000000000000012 0.47425000000000006 0.69000000000000006 0.43675000000000003
decision_type=2 2 2 2 2 2
left_child=1 -1 3 -2 -4 -5
right_child=2 -3 4 5 -6 -7
leaf_value=0.011458885851147713 0.0082270761137452093 0.05816902504373278 -0.020507555640348334 -0.0055475847873792464 -0.0039581604033881524 0.00052585013796784311
leaf_weight=0.43423753674142052 1.0231458842754362 0.16959033394232392 0.49151446297764756 2.0942289162776433 0.72648802772164345 2.5005593677051365
leaf_count=12 4 4 10 12 4 10
internal_value=0 0.0245778 -0.002171 -0.000335621 -0.0106365 -0.00224232
internal_weight=0 0.603828 6.83594 5.61793 1.218 4.59479
internal_count=56 16 40 26 14 22
is_linear=0
shrinkage=0.1


Tree=70
num_leaves=7
num_cat=0
split_feature=0 3 4 3 1 4
split_gain=0.0298613 0.0186501 0.00816389 0.0128856 0.00510692 0.00192707
threshold=0.88750000000000007 0.39795000000000008 0.51755000000000007 0.33050000000000007 0.59500000000000008 0.54765000000000008
decision_type=2 2 2 2 2 2
left_child=1 -1 4 -4 -2 -5
right_child=2 -3 3 5 -6 -7
leaf_value=0.010669649466350956 0.0073589741380494893 0.050478459921712661 -0.017648526489188448 -0.0061531827910240346 -0.0010083464720204555 -0.00045856499178329417
leaf_weight=0.43254908127710212 1.0592073842999528 0.16167192021384835 0.67952943476848338 0.8706489019095901 2.3428868972696364 1.8718746826052663
leaf_count=12 8 4 8 6 6 12
internal_value=0 0.0215006 -0.00187219 -0.00532088 0.00159673 -0.00226639
internal_weight=0 0.594221 6.82415 3.42205 3.40209 2.74252
internal_count=56 16 40 26 14 18
is_linear=0
shrinkage=0.1


Tree=71
num_leaves=7
num_cat=0
split_feature=0 3 1 4 1 3
split_gain=0.0228822 0.0127388 0.0076767 0.00935562 0.00463635 0.00450396
threshold=0.88750000000000007 0.39795000000000008 0.63000000000000012 0.47425000000000006 0.69000000000000006 0.43675000000000003
decision_type=2 2 2 2 2 2
left_child=1 -1 3 -2 -4 -5
right_child=2 -3 4 5 -6 -7
leaf_value=0.010070442671287871 0.0086245461781431793 0.043389472966100739 -0.01645250322769377 -0.0054195605303413719 -0.0038128583013340277 0.0008688497295197095
leaf_weight=0.43153979419730593 1.0131739303469656 0.1563116442412138 0.4828166766092179 2.089537114079576 0.72745789028704166 2.5036881142295897
leaf_count=12 4 4 10 12 4 10
internal_value=0 0.0189301 -0.00163248 -7.32875e-05 -0.00885521 -0.00199186
internal_weight=0 0.587851 6.81667 5.6064 1.21027 4.59323
internal_count=56 16 40 26 14 22
is_linear=0
shrinkage=0.1


Tree=72
num_leaves=5
num_cat=0
split_feature=4 3 3 4
split_gain=0.019311 0.0221971 0.0062233 0.00375017
threshold=0.47425000000000006 0.33050000000000007 0.39795000000000008 0.54765000000000008
decision_type=2 2 2 2
left_child=-1 -2 3 -3
right_child=1 2 -4 -5
leaf_value=0.010519362586380081 -0.0192215532622124 -0.009838645149073514 0.002804272991411727 -0.0013167224267542786
leaf_weight=1.4117628056555984 0.69962044921703626 0.76759303209837559 2.9336070120334625 1.5778927970677612
leaf_count=12 10 8 20 6
internal_value=0 -0.00248396 -0.000265782 -0.00410564
internal_weight=0 5.97871 5.27909 2.34549
internal_count=56 44 34 14
is_linear=0
shrinkage=0.1


Tree=73
num_leaves=8
num_cat=0
split_feature=0 0 0 1 4 3 1
split_gain=0.0175496 0.0125022 0.0788143 0.00639247 0.00725446 0.0041195 0.00369615
threshold=0.88750000000000007 0.64285000000000003 0.8660500000000001 0.63000000000000012 0.47425000000000006 0.43675000000000003 0.69000000000000006
decision_type=2 2 2 2 2 2 2
left_child=1 -1 -3 4 -2 -6 -5
right_child=3 2 -4 6 5 -7 -8
leaf_value=0.027753280788711639 0.0076916979388628659 -0.06781074177540039 0.054467940599499047 -0.014863781499003635 -0.0049740737616654528 0.0010442134750782667 -0.0035453896284727555
leaf_weight=0.37017282936722029 1.0051541775465009 0.09901247126981616 0.11272011022083461 0.47782674198970176 2.0831864805077203 2.5050474423915148 0.7282683290541172
leaf_count=6 4 6 4 10 12 10 4
internal_value=0 0.0166677 -0.00271322 -0.00142644 -2.6418e-06 -0.00168826 -0.00802947
internal_weight=0 0.581905 0.211733 6.79948 5.59339 4.58823 1.2061
internal_count=56 16 10 40 26 22 14
is_linear=0
shrinkage=0.1


Tree=74
num_leaves=5
num_cat=0
split_feature=4 3 3 4
split_gain=0.0148795 0.0211439 0.00502919 0.00364118
threshold=0.47425000000000006 0.33050000000000007 0.39795000000000008 0.54765000000000008
decision_type=2 2 2 2
left_child=-1 -2 3 -3
right_child=1 2 -4 -5
leaf_value=0.0092735584673831525 -0.018500592022987049 -0.0091161984921083496 0.0027627515079672762 -0.00070657274221550437
leaf_weight=1.4007405876182017 0.70052992179989804 0.76585272286320139 2.9181108656339347 1.5709897801280019
leaf_count=12 10 8 20 6
internal_value=0 -0.00218116 -5.64587e-06 -0.00346266
internal_weight=0 5.95548 5.25495 2.33684
internal_count=56 44 34 14
is_linear=0
shrinkage=0.1


Tree=75
num_leaves=9
num_cat=0
split_feature=0 0 0 1 4 3 1 4
split_gain=0.0141104 0.00872278 0.0571081 0.00532005 0.00650321 0.00355934 0.00301828 0.0133863
threshold=0.88750000000000007 0.64285000000000003 0.8660500000000001 0.63000000000000012 0.47425000000000006 0.43675000000000003 0.69000000000000006 0.55940000000000012
decision_type=2 2 2 2 2 2 2 2
left_child=1 -1 -3 4 -2 -6 7 -5
right_child=3 2 -4 6 5 -7 -8 -9
leaf_value=0.024296947697704657 0.0073445890809710817 -0.058563933421091376 0.048062952028294109 -0.031905394504364908 -0.0046226241641670043 0.000978038430504096 -0.0032590468434460815 0.0018267452485047943
leaf_weight=0.36741268099285651 0.9983031004667281 0.093985319836065173 0.10789329896215349 0.21569385752081849 2.0772185691748746 2.5008936529047787 0.72887243330478668 0.25880317203700542
leaf_count=6 4 6 4 6 12 10 4 4
internal_value=0 0.0151215 -0.00157758 -0.00126974 3.15427e-05 -0.00156314 -0.00729989 -0.013507
internal_weight=0 0.569291 0.201879 6.77978 5.57642 4.57811 1.20337 0.474497
internal_count=56 16 10 40 26 22 14 10
is_linear=0
shrinkage=0.1


Tree=76
num_leaves=7
num_cat=0
split_feature=1 3 0 4 4 1
split_gain=0.0147314 0.0356306 0.00786682 0.00291467 0.00217293 0.00101839
threshold=0.41000000000000009 0.33050000000000007 0.91155000000000019 0.51755000000000007 0.52050000000000007 0.69000000000000006
decision_type=2 2 2 2 2 2
left_child=-1 4 -3 -4 -2 -5
right_child=1 2 3 5 -6 -7
leaf_value=0.0083024254736607152 -0.026874446882294747 0.0083430485525373115 0.00089786132001273974 -0.009034164688062736 -0.016604405881431954 -0.0029312007904330473
leaf_weight=1.6548396870493887 0.29152096481993783 1.1671822605421764 2.3492681133211595 0.43696590326726414 0.70239727094303817 0.73054865002632141
leaf_count=6 6 12 8 10 10 4
internal_value=0 -0.00241977 0.00122934 -0.00113163 -0.0196167 -0.00521536
internal_weight=0 5.67788 4.68396 3.51678 0.993918 1.16751
internal_count=56 50 34 22 16 14
is_linear=0
shrinkage=0.1


Tree=77
num_leaves=6
num_cat=0
split_feature=1 3 0 3 4
split_gain=0.0126097 0.0339963 0.00670056 0.00215947 0.00187832
threshold=0.41000000000000009 0.33050000000000007 0.91155000000000019 0.39795000000000008 0.52050000000000007
decision_type=2 2 2 2 2
left_child=-1 4 -3 -4 -2
right_child=1 2 3 -5 -6
leaf_value=0.0076803895457735654 -0.02583276487823883 0.007889571338595679 -0.0056190620012616516 0.00043430793768714965 -0.016262807510920806
leaf_weight=1.654655437916517 0.28972638980485488 1.1667714129434896 0.74927039549220387 2.760643822606653 0.70209608285222203
leaf_count=6 6 12 6 16 10
internal_value=0 -0.00224193 0.00132446 -0.00085792 -0.0190583
internal_weight=0 5.66851 4.67669 3.50991 0.991822
internal_count=56 50 34 22 16
is_linear=0
shrinkage=0.1


Tree=78
num_leaves=5
num_cat=0
split_feature=4 3 3 4
split_gain=0.0124642 0.0146677 0.00372262 0.00298327
threshold=0.47425000000000006 0.33050000000000007 0.39795000000000008 0.54765000000000008
decision_type=2 2 2 2
left_child=-1 -2 3 -3
right_child=1 2 -4 -5
leaf_value=0.0085419511276935978 -0.015576570774301661 -0.0082453438597305858 0.0022233277973968519 -0.00063937511117642253
leaf_weight=1.3848261767998336 0.70114195626229037 0.76888597552897442 2.8935065832920372 1.5659505948424337
leaf_count=12 10 8 20 6
internal_value=0 -0.00199497 -0.00017362 -0.0031441
internal_weight=0 5.92949 5.22834 2.33484
internal_count=56 44 34 14
is_linear=0
shrinkage=0.1


Tree=79
num_leaves=7
num_cat=0
split_feature=1 3 0 4 4 1
split_gain=0.0125472 0.0290518 0.0058894 0.00246595 0.00211981 0.00106881
threshold=0.41000000000000009 0.33050000000000007 0.91155000000000019 0.51755000000000007 0.52050000000000007 0.69000000000000006
decision_type=2 2 2 2 2 2
left_child=-1 4 -3 -4 -2 -5
right_child=1 2 3 5 -6 -7
leaf_value=0.007668184908363844 -0.025031015569297155 0.0072203182298391988 0.00087334602968059695 -0.0087555696701916673 -0.014842024043340743 -0.0024508679167182896
leaf_weight=1.6516398675739763 0.28825728781521309 1.1643084904644636 2.3477834151126449 0.42508436692878582 0.70014033175539225 0.73177350219339132
leaf_count=6 6 12 8 10 10 4
internal_value=0 -0.0022387 0.00105843 -0.000988663 -0.0178136 -0.00476751
internal_weight=0 5.65735 4.66895 3.50464 0.988398 1.15686
internal_count=56 50 34 22 16 14
is_linear=0
shrinkage=0.1


Tree=80
num_leaves=5
num_cat=0
split_feature=4 3 3 4
split_gain=0.0113902 0.0127449 0.00388765 0.00266423
threshold=0.47425000000000006 0.33050000000000007 0.39795000000000008 0.54765000000000008
decision_type=2 2 2 2
left_child=-1 -2 3 -3
right_child=1 2 -4 -5
leaf_value=0.0081815461583511825 -0.014576539357792309 -0.0080571935295721247 0.0022458835906432354 -0.00087232902461052957
leaf_weight=1.380018039839342 0.70007783418986935 0.77007782360306043 2.8869393733330071 1.5648639444261787
leaf_count=12 10 8 20 6
internal_value=0 -0.00190659 -0.000207973 -0.00324194
internal_weight=0 5.92196 5.22188 2.33494
internal_count=56 44 34 14
is_linear=0
shrinkage=0.1


Tree=81
num_leaves=7
num_cat=0
split_feature=1 3 0 4 4 1
split_gain=0.0116569 0.0261565 0.00482294 0.00225878 0.00207534 0.000965922
threshold=0.41000000000000009 0.33050000000000007 0.91155000000000019 0.52050000000000007 0.51755000000000007 0.69000000000000006
decision_type=2 2 2 2 2 2
left_child=-1 3 -3 -2 -4 -6
right_child=1 2 4 -5 5 -7
leaf_value=0.0073966181559062573 -0.024420751107145585 0.0065509059290956018 0.0008224881570607043 -0.013886919787746014 -0.0081877704563329805 -0.002168974763934853
leaf_weight=1.6491483636200426 0.28716191672720004 1.1625857154140247 2.3473638083669361 0.69925632199738175 0.41930121090263106 0.73234451655298471
leaf_count=6 6 12 8 10 10 4
internal_value=0 -0.00215972 0.000970717 -0.0169535 -0.000883364 -0.00436035
internal_weight=0 5.64801 4.6616 0.986418 3.49901 1.15165
internal_count=56 50 34 16 22 14
is_linear=0
shrinkage=0.1


Tree=82
num_leaves=5
num_cat=0
split_feature=4 3 3 4
split_gain=0.0104703 0.0110784 0.00396676 0.0024018
threshold=0.47425000000000006 0.33050000000000007 0.39795000000000008 0.54765000000000008
decision_type=2 2 2 2
left_child=-1 -2 3 -3
right_child=1 2 -4 -5
leaf_value=0.0078586128898846478 -0.013646660473169696 -0.00787349497665649 0.0022393568682861922 -0.001054109243365894
leaf_weight=1.3755428737495092 0.69928372721187759 0.77114710037130896 2.8816698857117444 1.5638577025383709
leaf_count=12 10 8 20 6
internal_value=0 -0.00182724 -0.000242877 -0.00330625
internal_weight=0 5.91596 5.21667 2.335
internal_count=56 44 34 14
is_linear=0
shrinkage=0.1


Tree=83
num_leaves=9
num_cat=0
split_feature=1 1 0 3 1 1 4 4
split_gain=0.0109464 0.0243359 0.00901462 0.0623709 0.0046955 0.00271148 0.00289364 0.00228596
threshold=0.41000000000000009 0.55500000000000016 0.64285000000000003 0.47130000000000005 0.63000000000000012 0.69000000000000006 0.55940000000000012 0.47425000000000006
decision_type=2 2 2 2 2 2 2 2
left_child=-1 2 -2 -4 7 6 -6 -3
right_child=1 4 3 -5 5 -7 -8 -9
leaf_value=0.0071728385401450051 -0.012465412328780486 0.0056460221220142985 -0.11040848135046961 0.0072391947683555936 -0.01995973643571284 -0.001895062320699149 -0.0041163752596777596 9.943528248559187e-05
leaf_weight=1.6467816755175588 0.25710619380697597 0.98589216917753209 0.076794195570982993 0.10905638663098216 0.22049943590536691 0.73283228185027838 0.24157775845378637 3.0165903004817665
leaf_count=6 4 4 8 6 6 4 4 14
internal_value=0 -0.00209422 -0.0245942 -0.0413733 -0.000176622 -0.00567767 -0.0116767 0.00146567
internal_weight=0 5.64035 0.442957 0.185851 5.19739 1.19491 0.462077 4.00248
internal_count=56 50 18 14 32 14 10 18
is_linear=0
shrinkage=0.1


Tree=84
num_leaves=6
num_cat=0
split_feature=1 3 3 1 4
split_gain=0.00995756 0.0238565 0.0059844 0.0053584 0.00239711
threshold=0.41000000000000009 0.33050000000000007 0.43675000000000003 0.69000000000000006 0.52050000000000007
decision_type=2 2 2 2 2
left_child=-1 4 3 -3 -2
right_child=1 2 -4 -5 -6
leaf_value=0.0068397978994648237 -0.023914219318856431 0.0090117915831116821 -0.0021453420776263478 -0.0017127766522029978 -0.013016659039976668
leaf_weight=1.6465510949492452 0.28427001810632635 1.2769063162268142 2.6348966425284743 0.73350145388394583 0.69619507761672139
leaf_count=6 6 14 16 4 10
internal_value=0 -0.00200188 0.000989846 0.00509891 -0.0161762
internal_weight=0 5.62577 4.6453 2.01041 0.980465
internal_count=56 50 34 18 16
is_linear=0
shrinkage=0.1


Tree=85
num_leaves=6
num_cat=0
split_feature=1 3 3 2 4
split_gain=0.0100765 0.0214926 0.00551355 0.00523797 0.00227408
threshold=0.41000000000000009 0.33050000000000007 0.43675000000000003 0.55000000000000016 0.52050000000000007
decision_type=2 2 2 2 2
left_child=-1 4 3 -3 -2
right_child=1 2 -4 -5 -6
leaf_value=0.0068822328289738334 -0.023045154529018941 -0.00018651301847200392 -0.0021868435868462057 0.010030438144635844 -0.012410598354518566
leaf_weight=1.6455582976341245 0.28286734991706897 1.0344796996214429 2.6325666185002774 0.97446512337774027 0.69543400430120528
leaf_count=6 6 10 16 8 10
internal_value=0 -0.00201521 0.000823946 0.00476935 -0.0154855
internal_weight=0 5.61981 4.64151 2.00894 0.978301
internal_count=56 50 34 18 16
is_linear=0
shrinkage=0.1


Tree=86
num_leaves=5
num_cat=0
split_feature=4 3 1 3
split_gain=0.0101047 0.00818276 0.00331043 0.00481006
threshold=0.47425000000000006 0.33050000000000007 0.63000000000000012 0.39795000000000008
decision_type=2 2 2 2
left_child=-1 -2 3 -3
right_child=1 2 -4 -5
leaf_value=0.0077467083985198878 -0.011986803767419167 -0.0035385068690214788 -0.0056417869556230158 0.0034281065450600455
leaf_weight=1.366863735951483 0.69505246856715519 1.5957020887872202 0.98858833103440691 2.6156053151935339
leaf_count=12 10 10 10 14
internal_value=0 -0.00179623 -0.000434092 0.000788394
internal_weight=0 5.89495 5.1999 4.21131
internal_count=56 44 34 24
is_linear=0
shrinkage=0.1


Tree=87
num_leaves=6
num_cat=0
split_feature=1 3 3 2 4
split_gain=0.0101421 0.0194126 0.00535687 0.00518321 0.00232419
threshold=0.41000000000000009 0.33050000000000007 0.43675000000000003 0.55000000000000016 0.52050000000000007
decision_type=2 2 2 2 2
left_child=-1 4 3 -3 -2
right_child=1 2 -4 -5 -6
leaf_value=0.0069098458308709323 -0.022493999031936138 -0.00036331672930063375 -0.002292667321291486 0.0098061044306980202 -0.011728148919622261
leaf_weight=1.6431609652936456 0.28183783381246019 1.0335756894201042 2.6294944246765226 0.97303102817386378 0.69507427921053022
leaf_count=6 6 10 16 8 10
internal_value=0 -0.0020228 0.00067677 0.00456797 -0.0148341
internal_weight=0 5.61301 4.6361 2.00661 0.976912
internal_count=56 50 34 18 16
is_linear=0
shrinkage=0.1


Tree=88
num_leaves=5
num_cat=0
split_feature=4 3 1 3
split_gain=0.0099567 0.00724025 0.0029917 0.00440343
threshold=0.47425000000000006 0.33050000000000007 0.63000000000000012 0.39795000000000008
decision_type=2 2 2 2
left_child=-1 -2 3 -3
right_child=1 2 -4 -5
leaf_value=0.007701702399616291 -0.01136875452434522 -0.0034789304985073559 -0.0054582310025377374 0.0031882186090080819
leaf_weight=1.363110661273822 0.69490546244196583 1.5952108546625821 0.98600335628725577 2.6137990960851312
leaf_count=12 10 10 10 14
internal_value=0 -0.00178242 -0.000500114 0.000661375
internal_weight=0 5.88992 5.19501 4.20901
internal_count=56 44 34 24
is_linear=0
shrinkage=0.1


Tree=89
num_leaves=6
num_cat=0
split_feature=1 3 3 2 4
split_gain=0.010179 0.0176606 0.00523763 0.00517914 0.00253136
threshold=0.41000000000000009 0.33050000000000007 0.43675000000000003 0.55000000000000016 0.54035000000000011
decision_type=2 2 2 2 2
left_child=-1 4 3 -3 -2
right_child=1 2 -4 -5 -6
leaf_value=0.0069277151591713663 -0.0088595351472979447 -0.00053187743922438889 -0.0023883888580520964 0.0096391417559209616 -0.01906239288094352
leaf_weight=1.6408131234347818 0.45999255194328714 1.0327254715375604 2.6272204904817045 0.97170712798833836 0.51589011226315051
leaf_count=6 8 10 16 8 8
internal_value=0 -0.00202711 0.0005489 0.00439882 -0.0142532
internal_weight=0 5.60754 4.63165 2.00443 0.975883
internal_count=56 50 34 18 16
is_linear=0
shrinkage=0.1


Tree=90
num_leaves=6
num_cat=0
split_feature=1 3 3 2 4
split_gain=0.00980368 0.0168153 0.00526341 0.00459911 0.00238813
threshold=0.41000000000000009 0.33050000000000007 0.43675000000000003 0.55000000000000016 0.52050000000000007
decision_type=2 2 2 2 2
left_child=-1 4 3 -3 -2
right_child=1 2 -4 -5 -6
leaf_value=0.0067984347260332438 -0.02172015416247898 -0.0002614914946800243 -0.0024238960577611713 0.0093228410751253522 -0.010784573262664262
leaf_weight=1.6407895497977731 0.2804395172279327 1.0337125093210491 2.6258265429642051 0.97092669829726208 0.69361702888272703
leaf_count=6 6 10 16 8 10
internal_value=0 -0.00199032 0.000521925 0.00438058 -0.013933
internal_weight=0 5.60452 4.63047 2.00464 0.974057
internal_count=56 50 34 18 16
is_linear=0
shrinkage=0.1


Tree=91
num_leaves=5
num_cat=0
split_feature=4 3 1 3
split_gain=0.0104644 0.00594426 0.00314617 0.00430478
threshold=0.47425000000000006 0.33050000000000007 0.63000000000000012 0.39795000000000008
decision_type=2 2 2 2
left_child=-1 -2 3 -3
right_child=1 2 -4 -5
leaf_value=0.0079093966125984572 -0.010520043497364167 -0.0035638699863564322 -0.0057513302396237816 0.0030294429580127627
leaf_weight=1.358899660175666 0.69379589369054873 1.5959600360365582 0.98512433283030976 2.6091443859040737
leaf_count=12 10 10 10 14
internal_value=0 -0.00182665 -0.000664579 0.000527088
internal_weight=0 5.88402 5.19023 4.2051
internal_count=56 44 34 24
is_linear=0
shrinkage=0.1


Tree=92
num_leaves=6
num_cat=0
split_feature=1 3 3 2 4
split_gain=0.00983645 0.0155015 0.00517013 0.00475406 0.00253607
threshold=0.41000000000000009 0.33050000000000007 0.43675000000000003 0.55000000000000016 0.54035000000000011
decision_type=2 2 2 2 2
left_child=-1 4 3 -3 -2
right_child=1 2 -4 -5 -6
leaf_value=0.0068152767556921888 -0.0080731996518122514 -0.00047505589459421419 -0.0025008194031040298 0.0092745579957773244 -0.018295969136321609
leaf_weight=1.6383900977671144 0.46027732780203212 1.0328105395310561 2.6238733509089798 0.96972778532654036 0.51331001450307667
leaf_count=6 8 10 16 8 8
internal_value=0 -0.00199395 0.000419617 0.00424619 -0.013463
internal_weight=0 5.6 4.62641 2.00254 0.973587
internal_count=56 50 34 18 16
is_linear=0
shrinkage=0.1


Tree=93
num_leaves=5
num_cat=0
split_feature=4 3 1 1
split_gain=0.00992765 0.00535704 0.00310086 0.00431683
threshold=0.47425000000000006 0.33050000000000007 0.63000000000000012 0.55500000000000016
decision_type=2 2 2 2
left_child=-1 -2 3 -3
right_child=1 2 -4 -5
leaf_value=0.0077130408458067901 -0.010036703045887234 -0.0033851863608745309 -0.0057286502642599412 0.0031459435760514847
leaf_weight=1.3560391701757906 0.69298132718540717 1.6979512575780971 0.98401936702430237 2.5051345676183701
leaf_count=12 10 16 10 8
internal_value=0 -0.00177875 -0.000675516 0.000507515
internal_weight=0 5.88009 5.18711 4.20309
internal_count=56 44 34 24
is_linear=0
shrinkage=0.1


Tree=94
num_leaves=6
num_cat=0
split_feature=1 3 3 2 4
split_gain=0.00981827 0.0146538 0.00500484 0.00492853 0.00263695
threshold=0.41000000000000009 0.33050000000000007 0.43675000000000003 0.55000000000000016 0.52050000000000007
decision_type=2 2 2 2 2
left_child=-1 4 3 -3 -2
right_child=1 2 -4 -5 -6
leaf_value=0.0068141748028117391 -0.021342832360814908 -0.00068563856598474466 -0.0025187097363657362 0.0092463267664375376 -0.0098400992814074734
leaf_weight=1.6361185386776922 0.27970767859369505 1.0320807306561621 2.6221439547371119 0.96845399122685183 0.69324585236608982
leaf_count=6 6 10 16 8 10
internal_value=0 -0.00199241 0.000355333 0.0041224 -0.0131469
internal_weight=0 5.59563 4.62268 2.00053 0.972954
internal_count=56 50 34 18 16
is_linear=0
shrinkage=0.1


Tree=95
num_leaves=5
num_cat=0
split_feature=4 3 1 1
split_gain=0.00972464 0.0049058 0.00315367 0.00424003
threshold=0.47425000000000006 0.33050000000000007 0.63000000000000012 0.55500000000000016
decision_type=2 2 2 2
left_child=-1 -2 3 -3
right_child=1 2 -4 -5
leaf_value=0.0076446212970216814 -0.0096563416028444624 -0.0033676649982108103 -0.0057983285670099279 0.0031076578410879946
leaf_weight=1.3527019706089047 0.69381198578048486 1.6967548677930606 0.98392368736676861 2.5028625149279833
leaf_count=12 10 16 10 8
internal_value=0 -0.00175944 -0.000702449 0.000491459
internal_weight=0 5.87735 5.18354 4.19962
internal_count=56 44 34 24
is_linear=0
shrinkage=0.1


Tree=96
num_leaves=6
num_cat=0
split_feature=1 3 3 2 4
split_gain=0.00977413 0.0136484 0.00493157 0.00516331 0.0026251
threshold=0.41000000000000009 0.33050000000000007 0.43675000000000003 0.55000000000000016 0.52050000000000007
decision_type=2 2 2 2 2
left_child=-1 4 3 -3 -2
right_child=1 2 -4 -5 -6
leaf_value=0.006803938135750854 -0.020942660367134953 -0.00090068772227962311 -0.0025743717456182293 0.0092696740376455259 -0.0094579937825375604
leaf_weight=1.6339195705950258 0.27902985899709154 1.0315726001281289 2.6200025475118309 0.96721102204173792 0.69414310075808316
leaf_count=6 6 10 16 8 10
internal_value=0 -0.00198805 0.000279672 0.00402075 -0.0127509
internal_weight=0 5.59196 4.61879 1.99878 0.973173
internal_count=56 50 34 18 16
is_linear=0
shrinkage=0.1


Tree=97
num_leaves=5
num_cat=0
split_feature=4 3 1 1
split_gain=0.00954701 0.00448922 0.00313777 0.0042045
threshold=0.47425000000000006 0.33050000000000007 0.63000000000000012 0.55500000000000016
decision_type=2 2 2 2
left_child=-1 -2 3 -3
right_child=1 2 -4 -5
leaf_value=0.0075850630633272093 -0.009289089460212353 -0.0033817186760294487 -0.005812558824664249 0.0030686255619271885
leaf_weight=1.3494467970449475 0.69495744188316155 1.695838088286109 0.98385980003513385 2.5006156098097563
leaf_count=12 10 16 10 8
internal_value=0 -0.00174216 -0.000729712 0.000461963
internal_weight=0 5.87527 5.18031 4.19645
internal_count=56 44 34 24
is_linear=0
shrinkage=0.1


Tree=98
num_leaves=6
num_cat=0
split_feature=1 3 3 2 4
split_gain=0.00972008 0.0126596 0.00484136 0.00549538 0.00263192
threshold=0.41000000000000009 0.33050000000000007 0.43675000000000003 0.55000000000000016 0.52050000000000007
decision_type=2 2 2 2 2
left_child=-1 4 3 -3 -2
right_child=1 2 -4 -5 -6
leaf_value=0.0067901680535732067 -0.020560293518231545 -0.0011647729277557218 -0.0026254066871954878 0.0093312707336021573 -0.0090542428019529438
leaf_weight=1.6317754611372945 0.27838742267340411 1.0313979696366002 2.6178869565483183 0.9660341003909706 0.69539646047633141
leaf_count=6 6 10 16 8 10
internal_value=0 -0.00198244 0.000203662 0.00391151 -0.0123436
internal_weight=0 5.5891 4.61532 1.99743 0.973784
internal_count=56 50 34 18 16
is_linear=0
shrinkage=0.1


Tree=99
num_leaves=5
num_cat=0
split_feature=4 3 1 3
split_gain=0.00939778 0.00395813 0.0030358 0.00427522
threshold=0.47425000000000006 0.33050000000000007 0.63000000000000012 0.39795000000000008
decision_type=2 2 2 2
left_child=-1 -2 3 -3
right_child=1 2 -4 -5
leaf_value=0.0075360414148176753 -0.008803963295343907 -0.00367546531053798 -0.0057743517335111221 0.0029003577891523712
leaf_weight=1.3462518113665281 0.69659973215311755 1.5961221539764663 0.98382728593423951 2.5979101601988077
leaf_count=12 10 10 10 14
internal_value=0 -0.00172704 -0.000774951 0.000397798
internal_weight=0 5.87446 5.17786 4.19403
internal_count=56 44 34 24
is_linear=0
shrinkage=0.1


end of trees

feature_importances:
syntactic=198
phonological=190
inventory=151
genetic=51
featural=20

parameters:
[boosting: gbdt]
[objective: lambdarank]
[metric: ndcg]
[tree_learner: serial]
[device_type: cpu]
[data: ]
[valid: ]
[num_iterations: 100]
[learning_rate: 0.1]
[num_leaves: 16]
[num_threads: 6]
[deterministic: 0]
[force_col_wise: 0]
[force_row_wise: 0]
[histogram_pool_size: -1]
[max_depth: -1]
[min_data_in_leaf: 5]
[min_sum_hessian_in_leaf: 0.001]
[bagging_fraction: 1]
[pos_bagging_fraction: 1]
[neg_bagging_fraction: 1]
[bagging_freq: 0]
[bagging_seed: 3]
[feature_fraction: 1]
[feature_fraction_bynode: 1]
[feature_fraction_seed: 2]
[extra_trees: 0]
[extra_seed: 6]
[early_stopping_round: 0]
[first_metric_only: 0]
[max_delta_step: 0]
[lambda_l1: 0]
[lambda_l2: 0]
[linear_lambda: 0]
[min_gain_to_split: 0]
[drop_rate: 0.1]
[max_drop: 50]
[skip_drop: 0.5]
[xgboost_dart_mode: 0]
[uniform_drop: 0]
[drop_seed: 4]
[top_rate: 0.2]
[other_rate: 0.1]
[min_data_per_group: 100]
[max_cat_threshold: 32]
[cat_l2: 10]
[cat_smooth: 10]
[max_cat_to_onehot: 4]
[top_k: 20]
[monotone_constraints: ]
[monotone_constraints_method: basic]
[monotone_penalty: 0]
[feature_contri: ]
[forcedsplits_filename: ]
[refit_decay_rate: 0.9]
[cegb_tradeoff: 1]
[cegb_penalty_split: 0]
[cegb_penalty_feature_lazy: ]
[cegb_penalty_feature_coupled: ]
[path_smooth: 0]
[interaction_constraints: ]
[verbosity: 1]
[saved_feature_importance_type: 0]
[linear_tree: 0]
[max_bin: 255]
[max_bin_by_feature: ]
[min_data_in_bin: 3]
[bin_construct_sample_cnt: 200000]
[data_random_seed: 1]
[is_enable_sparse: 1]
[enable_bundle: 1]
[use_missing: 1]
[zero_as_missing: 0]
[feature_pre_filter: 1]
[pre_partition: 0]
[two_round: 0]
[header: 0]
[label_column: ]
[weight_column: ]
[group_column: ]
[ignore_column: ]
[categorical_feature: ]
[forcedbins_filename: ]
[precise_float_parser: 0]
[parser_config_file: ]
[objective_seed: 5]
[num_class: 1]
[is_unbalance: 0]
[scale_pos_weight: 1]
[sigmoid: 1]
[boost_from_average: 1]
[reg_sqrt: 0]
[alpha: 0.9]
[fair_c: 1]
[poisson_max_delta_step: 0.7]
[tweedie_variance_power: 1.5]
[lambdarank_truncation_level: 30]
[lambdarank_norm: 1]
[label_gain: ]
[eval_at: 1,2,3,4,5]
[multi_error_top_k: 1]
[auc_mu_weights: ]
[num_machines: 1]
[local_listen_port: 12400]
[time_out: 120]
[machine_list_filename: ]
[machines: ]
[gpu_platform_id: -1]
[gpu_device_id: -1]
[gpu_use_dp: 0]
[num_gpu: 1]

end of parameters

pandas_categorical:null
