tree
version=v4
num_class=1
num_tree_per_iteration=1
label_index=0
max_feature_idx=4
objective=lambdarank
feature_names=genetic syntactic featural phonological inventory
feature_infos=[0:1] [0:0.69999999999999996] [0:0.59999999999999998] [0.00020000000000000001:0.53190000000000004] [0:0.63929999999999998]
tree_sizes=1163 947 1157 1060 1053 1167 964 858 1063 860 853 753 964 959 1070 963 962 761 969 761 967 968 1068 1078 868 1073 1072 980 757 978 976 975 972 976 982 863 977 1087 980 973 1082 1077 979 972 1084 1084 978 876 975 863 867 1081 1081 877 976 975 1085 871 870 972 974 872 766 976 661 977 658 975 974 873 1078 871 662 662 662 973 868 664 974 662 661 664 765 868 768 665 768 663 769 873 769 665 662 662 872 768 665 661 772 768

Tree=0
num_leaves=10
num_cat=0
split_feature=3 3 1 3 4 1 4 0 1
split_gain=1.17798 1.4966 0.710543 0.311388 0.430212 0.627868 0.296315 0.0631166 0.0114219
threshold=0.23625000000000004 0.33050000000000007 0.55500000000000016 0.39770000000000005 0.54930000000000012 0.63000000000000012 0.54930000000000012 0.91155000000000019 0.52500000000000013
decision_type=2 2 2 2 2 2 2 2 2
left_child=-1 7 6 -4 -5 -6 -3 -2 -8
right_child=1 2 3 4 5 -7 8 -9 -10
leaf_value=0.14959656843434085 -0.1297473603868011 -0.0049192110369215055 -0.11205461989524071 0.062592855097499289 -0.12829811137301281 0.031643164325066461 0.095858105334653415 -0.19291656903301752 0.075724275406571701
leaf_weight=0.47320735827088345 0.36622358858585347 0.54386155307292972 0.39899231493473042 0.50363932177424409 0.50830530375242233 0.47461308166384697 0.51389914751052834 0.27842607721686363 0.62376801297068596
leaf_count=4 8 8 6 6 4 6 4 4 6
internal_value=0 -0.0168079 0.00853341 -0.0336141 -0.0125606 -0.0510687 0.0557947 -0.15703 0.084819
internal_weight=0 4.21173 3.56708 1.88555 1.48656 0.982918 1.68153 0.64465 1.13767
internal_count=56 52 40 22 16 10 18 12 10
is_linear=0
shrinkage=0.1


Tree=1
num_leaves=8
num_cat=0
split_feature=1 0 1 1 4 4 1
split_gain=6.73655 4.40832 4.41276 1.01596 1.25174 0.388582 0.0788684
threshold=0.41000000000000009 0.91155000000000019 0.52500000000000013 0.55500000000000016 0.56205000000000005 0.52050000000000007 0.52500000000000013
decision_type=2 2 2 2 2 2 2
left_child=-1 6 -3 -4 5 -5 -2
right_child=1 2 3 4 -6 -7 -8
leaf_value=0.13742021435113436 -0.12486886944064562 0.15657720205018957 -0.082292859002454796 -0.01920372540493687 -0.10533938717207408 0.030664419312955472 -0.15855656699895965
leaf_weight=2.9538484662771252 1.4094025865197157 1.5366225242614753 2.3933730199933034 2.7104317918419838 1.1133856438100336 3.6896085441112518 1.3709712624549864
leaf_count=6 6 2 8 10 8 10 6
internal_value=0 -0.028538 -0.00109683 -0.0255533 -0.00747915 0.00954515 -0.14148
internal_weight=0 14.2238 11.4434 9.9068 7.51343 6.40004 2.78037
internal_count=56 50 38 36 28 20 12
is_linear=0
shrinkage=0.1


Tree=2
num_leaves=10
num_cat=0
split_feature=0 0 3 4 1 1 1 3 1
split_gain=3.98077 2.57119 1.5889 1.19675 0.902992 2.54448 0.879601 0.0126432 0.00382397
threshold=1.0000000180025095e-35 0.87855000000000005 0.42870000000000003 0.52050000000000007 0.55500000000000016 0.63000000000000012 0.59500000000000008 0.33050000000000007 0.63000000000000012
decision_type=2 2 2 2 2 2 2 2 2
left_child=-1 -2 3 -3 -5 7 -4 -6 -8
right_child=1 2 6 4 5 -7 8 -9 -10
leaf_value=0.17188934974725245 -0.1440792858144691 -0.11212832895041763 0.093487919625753035 0.025288670809694672 -0.14169292322277149 0.042719441073022869 0.0024764032947381756 -0.16118061031809117 0.010275011208869464
leaf_weight=1.2339754700660694 1.3994731381535519 1.4204539805650709 2.0725429505109787 3.276053711771965 0.67931146174669288 1.3737860918045042 1.4508661106228831 0.65288199484348297 1.1096236556768415
leaf_count=2 8 8 6 8 6 4 6 4 4
internal_value=0 -0.0157877 -0.000870108 -0.0296149 -0.0100219 -0.0527713 0.0450573 -0.151243 0.00585604
internal_weight=0 13.435 12.0355 7.40249 5.98203 2.70598 4.63303 1.33219 2.56049
internal_count=56 54 46 30 22 14 16 10 10
is_linear=0
shrinkage=0.1


Tree=3
num_leaves=9
num_cat=0
split_feature=1 3 1 4 4 3 1 0
split_gain=2.11428 0.727796 1.27821 0.114877 0.395987 0.0431067 0.000633821 0.000241617
threshold=0.52500000000000013 0.35230000000000006 0.66500000000000015 0.54930000000000012 0.56205000000000005 0.30405000000000004 0.6100000000000001 0.87855000000000005
decision_type=2 2 2 2 2 2 2 2
left_child=7 2 5 6 -5 -2 -3 -1
right_child=1 3 -4 4 -6 -7 -8 -9
leaf_value=0.054761685268291331 -0.12090199770008776 0.0056618690485612383 -0.0040761711838306677 -0.062098905270306128 0.011132117409618869 -0.15602452150490975 0.0088536635793633432 0.056287212805778211
leaf_weight=1.6579418331384665 0.6801473125815376 1.233315221965313 1.412011072039604 1.3426430076360705 1.6407328285276888 0.71867620944976807 1.2554937601089478 2.7775295972824097
leaf_count=8 6 6 6 6 8 6 4 6
internal_value=0 -0.0298359 -0.0711952 -0.00859131 -0.0218249 -0.138947 0.00727199 0.055717
internal_weight=0 8.28302 2.81083 5.47218 2.98338 1.39882 2.48881 4.43547
internal_count=56 42 18 24 14 12 10 14
is_linear=0
shrinkage=0.1


Tree=4
num_leaves=9
num_cat=0
split_feature=3 3 1 3 3 4 4 0
split_gain=1.86044 1.26152 0.370262 0.846769 0.715256 0.724653 0.13504 0.026782
threshold=0.23625000000000004 0.33050000000000007 0.52500000000000013 0.49670000000000009 0.39770000000000005 0.58535000000000015 0.52050000000000007 0.87855000000000005
decision_type=2 2 2 2 2 2 2 2
left_child=-1 7 -3 4 5 -4 -6 -2
right_child=1 2 3 -5 6 -7 -8 -9
leaf_value=0.10143661714787555 -0.089797337262939869 0.027397567008389037 -0.098599044884460529 -0.09802884323587667 0.010188624478952279 0.011320619136905102 0.052238910055530989 -0.1187712425454136
leaf_weight=1.5769847780466086 0.54647612571716198 2.9336004331707937 1.1337413415312769 1.0415926203131673 1.4465743601322176 1.2734144888818262 1.6177937649190424 0.76651290059089661
leaf_count=4 4 8 8 6 4 6 8 8
internal_value=0 -0.0148669 -0.00210149 -0.0153883 0.000343673 -0.0404502 0.0323885 -0.106712
internal_weight=0 10.7597 9.44672 6.51312 5.47152 2.40716 3.06437 1.31299
internal_count=56 52 40 32 26 14 12 12
is_linear=0
shrinkage=0.1


Tree=5
num_leaves=10
num_cat=0
split_feature=0 0 1 3 1 4 3 4 3
split_gain=1.82268 0.895377 0.489557 0.278851 0.527988 0.253974 0.0427027 0.448522 0.100639
threshold=1.0000000180025095e-35 0.87855000000000005 0.52500000000000013 0.35230000000000006 0.66500000000000015 0.50170000000000015 0.39770000000000005 0.54930000000000012 0.42870000000000003
decision_type=2 2 2 2 2 2 2 2 2
left_child=-1 -2 -3 4 -4 -5 -7 -8 -9
right_child=1 2 3 5 -6 6 7 8 -10
leaf_value=0.15082420318903503 -0.1004149782158355 0.035292710676380436 -0.10967897257730559 -0.034794896538394238 -0.0047112977745442982 0.028736202951252999 0.063988501295466002 -0.0027683013410889504 -0.056958214515541117
leaf_weight=0.748587906360627 1.0053299888968457 2.6566472649574262 0.79904747381806362 1.6354532130062578 1.1971197128295896 1.1657333672046664 0.81074559688568149 0.68597628921270348 0.68487551435828209
leaf_count=2 8 6 10 6 6 4 4 4 6
internal_value=0 -0.0106105 -0.00124071 -0.0151477 -0.0467289 -0.0024959 0.0132849 0.00502848 -0.0298415
internal_weight=0 10.6409 9.6356 6.97895 1.99617 4.98278 3.34733 2.1816 1.37085
internal_count=56 54 46 40 16 24 18 14 10
is_linear=0
shrinkage=0.1


Tree=6
num_leaves=8
num_cat=0
split_feature=4 0 4 3 3 1 1
split_gain=1.39705 0.569413 0.500797 0.390346 0.235856 0.224189 1.15793
threshold=1.0000000180025095e-35 0.87855000000000005 0.52050000000000007 0.42870000000000003 0.42870000000000003 0.55500000000000016 0.63000000000000012
decision_type=2 2 2 2 2 2 2
left_child=-1 -2 4 5 -3 -4 -7
right_child=1 2 3 -5 -6 6 -8
leaf_value=0.14350373353314924 -0.084108544647112649 -0.076981571054007963 0.014870435035135968 0.054902946751997805 -0.015150493977696598 -0.11626021223461025 0.044615261963983695
leaf_weight=0.63851517438888628 0.91784823685884376 0.99395034834742402 3.2154297083616257 1.6667638495564459 1.6264099925756452 0.82666157558560349 0.97520675510168076
leaf_count=2 8 8 8 10 6 10 4
internal_value=0 -0.00896369 -0.00155092 0.0129751 -0.0386041 -0.000953483 -0.0291912
internal_weight=0 10.2223 9.30442 6.68406 2.62036 5.0173 1.80187
internal_count=56 54 46 32 14 22 14
is_linear=0
shrinkage=0.1


Tree=7
num_leaves=7
num_cat=0
split_feature=1 3 1 1 2 3
split_gain=0.743232 0.321097 0.444348 0.0800525 0.125117 0.0210776
threshold=0.52500000000000013 0.35230000000000006 0.66500000000000015 0.6100000000000001 0.55000000000000016 0.30405000000000004
decision_type=2 2 2 2 2 2
left_child=-1 2 5 4 -3 -2
right_child=1 3 -4 -5 -6 -7
leaf_value=0.035612560433005612 -0.091012593909215525 -0.043934645169863201 -0.011087475451878451 0.0082209092223902696 0.0030795829966008569 -0.12149272982986006
leaf_weight=3.7237573452293873 0.48638283833861384 1.049039002507925 1.1140779219567774 2.1859881430864334 1.2294604890048504 0.42522015050053596
leaf_count=14 6 8 6 10 6 6
internal_value=0 -0.0204328 -0.0534538 -0.00545015 -0.0185661 -0.10523
internal_weight=0 6.49017 2.02568 4.46449 2.2785 0.911603
internal_count=56 42 18 24 14 12
is_linear=0
shrinkage=0.1


Tree=8
num_leaves=9
num_cat=0
split_feature=1 3 1 4 2 3 0 3
split_gain=0.45595 0.591651 0.333796 0.0771611 0.292002 0.811476 0.0110527 0.0384365
threshold=0.41000000000000009 0.35230000000000006 0.66500000000000015 0.52050000000000007 0.55000000000000016 0.42870000000000003 0.64285000000000003 0.30405000000000004
decision_type=2 2 2 2 2 2 2 2
left_child=-1 2 6 -3 -5 -6 -2 -8
right_child=1 3 -4 4 5 -7 7 -9
leaf_value=0.036051051922605479 -0.077857230181779966 -0.010826746431884422 -0.014821485716632344 0.058717054639141925 0.038700100815369003 -0.086569490030335761 -0.077805862134937953 -0.1226833128331396
leaf_weight=2.5947475805878639 0.44680510833859466 1.6816225387156007 1.1219531558454034 1.0632412731647494 1.4916182905435564 0.79151166602969159 0.43248048797249794 0.3415846973657608
leaf_count=6 4 8 6 6 6 8 6 6
internal_value=0 -0.012691 -0.0541963 0.00664856 0.0154303 -0.00472815 -0.0903808 -0.0976097
internal_weight=0 7.37082 2.34282 5.02799 3.34637 2.28313 1.22087 0.774065
internal_count=56 50 22 28 20 14 16 12
is_linear=0
shrinkage=0.1


Tree=9
num_leaves=7
num_cat=0
split_feature=1 3 1 1 2 3
split_gain=0.41962 0.313717 0.209396 0.146736 0.111579 0.0373803
threshold=0.52500000000000013 0.35230000000000006 0.66500000000000015 0.6100000000000001 0.55000000000000016 0.30405000000000004
decision_type=2 2 2 2 2 2
left_child=-1 2 5 4 -3 -2
right_child=1 3 -4 -5 -6 -7
leaf_value=0.027131867226229279 -0.074069152703939906 -0.045201759029855813 -0.024104525580608112 0.017521137979049271 0.00090879359518135751 -0.12100900619882526
leaf_weight=3.5831671245396137 0.40252436883747567 0.94833120331168186 1.1286448165774343 2.1166425906121731 1.1750125139951706 0.29324700497090816
leaf_count=14 6 8 6 10 6 6
internal_value=0 -0.0160309 -0.0507042 -0.00111142 -0.0196852 -0.0938529
internal_weight=0 6.0644 1.82442 4.23999 2.12334 0.695771
internal_count=56 42 18 24 14 12
is_linear=0
shrinkage=0.1


Tree=10
num_leaves=7
num_cat=0
split_feature=1 3 1 4 4 3
split_gain=0.354502 0.666782 0.148908 0.109064 0.189905 0.0257446
threshold=0.41000000000000009 0.35230000000000006 0.66500000000000015 0.52050000000000007 0.56205000000000005 0.30405000000000004
decision_type=2 2 2 2 2 2
left_child=-1 2 5 -3 -5 -2
right_child=1 3 -4 4 -6 -7
leaf_value=0.031715720472793606 -0.062567938464182987 -0.011824349136525435 -0.031828979563830441 0.044855645228727398 -0.00409763771587083 -0.094919129724049991
leaf_weight=2.57658551633358 0.37996839173138164 1.6026625744998453 1.1550701223313806 1.572407126426697 1.5975919291377065 0.69758632779121399
leaf_count=6 6 8 6 10 10 10
internal_value=0 -0.0116652 -0.056773 0.00943594 0.0201845 -0.0835114
internal_weight=0 7.00529 2.23262 4.77266 3.17 1.07755
internal_count=56 50 22 28 20 16
is_linear=0
shrinkage=0.1


Tree=11
num_leaves=6
num_cat=0
split_feature=1 1 4 1 4
split_gain=0.981655 0.61821 0.396645 0.10935 0.0355347
threshold=0.66500000000000015 0.63000000000000012 0.55125000000000013 0.52500000000000013 0.50170000000000015
decision_type=2 2 2 2 2
left_child=1 2 3 -1 -5
right_child=-2 -3 -4 4 -6
leaf_value=0.027590881175421578 -0.076235564077514695 0.084952349921525727 -0.038384669981225299 -0.010246097014713547 0.016307904355573877
leaf_weight=3.2983283661305887 1.4404194466769702 1.0486869392916558 1.7682619197294114 1.4598790518939497 0.76963794790208329
leaf_count=12 8 6 16 6 8
internal_value=0 0.0131592 0.00284025 0.0160274 -0.00107955
internal_weight=0 8.34479 7.29611 5.52785 2.22952
internal_count=56 48 42 26 14
is_linear=0
shrinkage=0.1


Tree=12
num_leaves=8
num_cat=0
split_feature=3 0 1 3 3 2 1
split_gain=0.393717 0.457112 0.190261 0.110888 0.0485261 0.290498 0.0263592
threshold=0.23625000000000004 0.87855000000000005 0.52500000000000013 0.35230000000000006 0.47130000000000005 0.55000000000000016 0.59500000000000008
decision_type=2 2 2 2 2 2 2
left_child=-1 -2 -3 6 5 -5 -4
right_child=1 2 3 4 -6 -7 -8
leaf_value=0.057383842577710176 -0.082261064313262564 0.023708506763056397 -0.016697344761642106 -0.028026677316793192 -0.022856717809138484 0.03066816454196692 -0.049829493640111439
leaf_weight=1.0631963014602668 0.73996980115771105 2.357476569712162 0.35843573883175828 1.6215861905366182 0.97237250581383694 1.7567117959260941 0.72746252082288265
leaf_count=4 8 6 6 8 8 8 8
internal_value=0 -0.00714907 -1.79054e-05 -0.0103065 -0.00317142 0.00249459 -0.0388932
internal_weight=0 8.53402 7.79405 5.43657 4.35067 3.3783 1.0859
internal_count=56 52 44 38 24 16 14
is_linear=0
shrinkage=0.1


Tree=13
num_leaves=8
num_cat=0
split_feature=1 3 1 3 3 1 3
split_gain=0.3442 0.445497 0.14101 0.104103 0.347907 0.147492 0.0198695
threshold=0.41000000000000009 0.35230000000000006 0.66500000000000015 0.47130000000000005 0.49670000000000009 0.6100000000000001 0.30405000000000004
decision_type=2 2 2 2 2 2 2
left_child=-1 2 6 5 -5 -3 -2
right_child=1 3 -4 4 -6 -7 -8
leaf_value=0.03190503120476889 -0.058348939526537295 -0.0069082865362888896 -0.024304268701650804 0.041191595751617967 -0.072725491506897957 0.033497815111813212 -0.086348334358938003
leaf_weight=2.4850550442934036 0.42371986992657207 1.7468844149261715 1.1348319686949251 0.48827325180172898 0.59452581778168678 1.8709280043840406 0.63070717640221119
leaf_count=6 6 12 6 4 6 6 10
internal_value=0 -0.0115076 -0.0487678 0.00584596 -0.0213562 0.0139875 -0.0750968
internal_weight=0 6.88987 2.18926 4.70061 1.0828 3.61781 1.05443
internal_count=56 50 22 28 10 18 16
is_linear=0
shrinkage=0.1


Tree=14
num_leaves=9
num_cat=0
split_feature=3 4 3 1 1 2 1 3
split_gain=0.349149 0.152278 0.217504 0.160208 0.123345 0.0994084 0.0360174 0.263531
threshold=0.23625000000000004 0.52050000000000007 0.42870000000000003 0.69000000000000006 0.52500000000000013 0.55000000000000016 0.57000000000000017 0.42870000000000003
decision_type=2 2 2 2 2 2 2 2
left_child=-1 2 3 -2 -3 -6 -7 -8
right_child=1 4 -4 -5 5 6 7 -9
leaf_value=0.057194616533302656 -0.092467013445308721 0.019398764627168736 -0.00028144477026936218 -0.018986909469086519 -0.038237822052510702 0.014380706052042983 0.030868804121191792 -0.067007828999343808
leaf_weight=0.95558235049247819 0.63435818254947507 2.4612536765635014 1.4331323727965353 0.55747462436556816 0.91610730066895518 1.0476312264800074 0.63687006570398785 0.48426113277673721
leaf_count=4 8 8 6 4 10 4 6 6
internal_value=0 -0.00668872 -0.0265319 -0.058097 0.00270299 -0.0106177 0.00104936 -0.011408
internal_weight=0 8.17109 2.62497 1.19183 5.54612 3.08487 2.16876 1.12113
internal_count=56 52 18 12 34 26 16 12
is_linear=0
shrinkage=0.1


Tree=15
num_leaves=8
num_cat=0
split_feature=1 3 4 4 1 1 0
split_gain=0.313659 0.312543 0.0924265 0.108228 0.181627 0.0895863 0.019249
threshold=0.41000000000000009 0.35230000000000006 0.52050000000000007 0.55125000000000013 0.63000000000000012 0.66500000000000015 0.64285000000000003
decision_type=2 2 2 2 2 2 2
left_child=-1 5 -3 -4 -5 6 -2
right_child=1 2 3 4 -6 -7 -8
leaf_value=0.031066891181313245 -0.047662070932682599 -0.016627617882451609 0.047205925056464405 -0.017759712722006937 0.041652444633885261 -0.023870705365570913 -0.076878544900500292
leaf_weight=2.3836541548371315 0.35906522348523173 1.540163731202483 0.7233158424496654 1.4871958643198016 0.78676123172044743 1.0567817687988279 0.6062377355992794
leaf_count=6 4 8 6 10 4 6 12
internal_value=0 -0.0112893 0.00328245 0.0135133 0.00279616 -0.0439876 -0.0660108
internal_weight=0 6.55952 4.53744 2.99727 2.27396 2.02208 0.965303
internal_count=56 50 28 20 14 22 16
is_linear=0
shrinkage=0.1


Tree=16
num_leaves=8
num_cat=0
split_feature=1 0 1 4 1 3 1
split_gain=0.330447 0.169951 0.0956786 0.135263 0.140135 0.128913 0.0710557
threshold=0.41000000000000009 0.87855000000000005 0.55500000000000016 0.54305000000000014 0.63000000000000012 0.30405000000000004 0.63000000000000012
decision_type=2 2 2 2 2 2 2
left_child=-1 -2 -3 6 5 -5 -4
right_child=1 2 3 4 -6 -7 -8
leaf_value=0.031649518156395662 -0.063284713590119654 0.01423682439913327 0.012684556078633523 -0.025213203840326381 -0.012379769800614358 -0.11551586625461514 -0.020364874533304309
leaf_weight=2.3936109989881516 0.58568852953612793 1.5775677114725111 1.5488353185355666 0.29089327901601769 0.85796836391091347 0.34626761358231306 1.1216439474374054
leaf_count=6 8 10 6 4 6 8 8
internal_value=0 -0.01197 -0.00673695 -0.01468 -0.0387627 -0.0742885 -0.00119673
internal_weight=0 6.32886 5.74318 4.16561 1.49513 0.637161 2.67048
internal_count=56 50 42 32 18 12 14
is_linear=0
shrinkage=0.1


Tree=17
num_leaves=6
num_cat=0
split_feature=1 3 1 2 1
split_gain=0.245066 0.0799921 0.139152 0.0483007 0.00663596
threshold=0.52500000000000013 0.35230000000000006 0.66500000000000015 0.55000000000000016 0.59500000000000008
decision_type=2 2 2 2 2
left_child=-1 2 -2 -3 -5
right_child=1 3 -4 4 -6
leaf_value=0.022286377656306828 -0.072234868008590858 -0.016045767482159971 -0.0099784081285531588 0.011780752213977065 -0.0002096440880254329
leaf_weight=3.125941751524806 0.5536076072603463 1.9618064183741808 1.0214278176426885 1.0330173745751379 0.83438660576939594
leaf_count=14 12 12 6 4 8
internal_value=0 -0.012891 -0.0318609 -0.00508823 0.00642325
internal_weight=0 5.40425 1.57504 3.82921 1.8674
internal_count=56 42 18 24 12
is_linear=0
shrinkage=0.1


Tree=18
num_leaves=8
num_cat=0
split_feature=3 4 3 1 4 3 4
split_gain=0.311762 0.0778423 0.159716 0.132479 0.0802775 0.0498341 0.0316417
threshold=0.23625000000000004 0.52050000000000007 0.42870000000000003 0.69000000000000006 0.56205000000000005 0.39770000000000005 0.55125000000000013
decision_type=2 2 2 2 2 2 2
left_child=-1 2 3 -2 5 -3 -7
right_child=1 4 -4 -5 -6 6 -8
leaf_value=0.058665939114199289 -0.083334198413233723 0.00065717600061905492 0.0019532910117609826 -0.014680838409302024 -0.017905946367686269 0.041617610606999318 0.0090965996222431462
leaf_weight=0.81791064143180836 0.55759358778595947 2.3135178182274108 1.3912573829293249 0.5667831227183342 1.5813712198287246 0.61462861299514748 0.58292760699987411
leaf_count=4 8 8 6 4 16 6 4
internal_value=0 -0.00630691 -0.0206985 -0.048727 0.000802458 0.00922864 0.0257875
internal_weight=0 7.60808 2.51563 1.12438 5.09245 3.51107 1.19756
internal_count=56 52 18 12 34 18 10
is_linear=0
shrinkage=0.1


Tree=19
num_leaves=6
num_cat=0
split_feature=1 3 1 2 1
split_gain=0.191166 0.12409 0.0677553 0.0431401 0.00351875
threshold=0.52500000000000013 0.35230000000000006 0.66500000000000015 0.55000000000000016 0.59500000000000008
decision_type=2 2 2 2 2
left_child=-1 2 -2 -3 -5
right_child=1 3 -4 4 -6
leaf_value=0.019986147866086185 -0.065162192703456537 -0.012401057549025757 -0.020516450658534798 0.012950419095140681 0.0042386766757343671
leaf_weight=3.038456916809082 0.51389358285814513 1.8943809922784567 1.0041223894804714 1.0240311548113821 0.84722294658422481
leaf_count=14 12 12 6 4 8
internal_value=0 -0.0114934 -0.0356304 -0.00176321 0.00900612
internal_weight=0 5.28365 1.51802 3.76564 1.87125
internal_count=56 42 18 24 12
is_linear=0
shrinkage=0.1


Tree=20
num_leaves=8
num_cat=0
split_feature=3 1 3 4 3 4 4
split_gain=0.178793 0.0762804 0.154089 0.0756186 0.0742164 0.0676728 0.0109091
threshold=0.23625000000000004 0.66500000000000015 0.33050000000000007 0.56205000000000005 0.39770000000000005 0.52050000000000007 0.54305000000000014
decision_type=2 2 2 2 2 2 2
left_child=-1 2 6 4 -4 -6 -2
right_child=1 -3 3 -5 5 -7 -8
leaf_value=0.045606262864267097 -0.056615376850842683 -0.037161118171028268 -0.0036251102264693762 -0.015801804613264685 0.0073601736192661681 0.041023562148805842 -0.031732778146367401
leaf_weight=0.77840994298458088 0.39666930399835099 0.66202509216964234 2.1373409740626812 1.5160115975886581 1.3812701851129534 1.0519752092659471 0.31700915936380625
leaf_count=4 6 6 6 14 6 8 6
internal_value=0 -0.0047573 -0.0016027 0.00355179 0.00997116 0.021914 -0.0455628
internal_weight=0 7.4623 6.80028 6.0866 4.57059 2.43325 0.713678
internal_count=56 52 46 34 20 14 12
is_linear=0
shrinkage=0.1


Tree=21
num_leaves=8
num_cat=0
split_feature=1 3 3 2 2 1 0
split_gain=0.203111 0.132913 0.0664905 0.106344 0.0543002 0.04624 0.00937967
threshold=0.41000000000000009 0.35230000000000006 0.47130000000000005 0.55000000000000016 0.55000000000000016 0.66500000000000015 0.64285000000000003
decision_type=2 2 2 2 2 2 2
left_child=-1 5 4 -4 -3 6 -2
right_child=1 2 3 -5 -6 -7 -8
leaf_value=0.025039524006068539 -0.037379178362182887 -0.0060125665599898431 0.013158737590300973 -0.062005535037672005 0.019746141588148178 -0.018155363148253331 -0.059455154176754767
leaf_weight=2.3165102079510689 0.32177386991679646 1.7249391693621874 0.35502487421035755 0.40065073035657406 1.557147903367877 0.97534621506929398 0.47892187442630529
leaf_count=6 4 10 4 6 8 6 12
internal_value=0 -0.009977 5.08865e-05 -0.0266925 0.00620835 -0.032775 -0.0505835
internal_weight=0 5.8138 4.03776 0.755676 3.28209 1.77604 0.800696
internal_count=56 50 28 10 18 22 16
is_linear=0
shrinkage=0.1


Tree=22
num_leaves=9
num_cat=0
split_feature=1 0 3 2 3 3 3 1
split_gain=0.183904 0.11323 0.0566113 0.398106 0.185241 0.0784732 0.0526715 0.00552721
threshold=0.41000000000000009 0.87855000000000005 0.42870000000000003 0.55000000000000016 0.35230000000000006 0.35230000000000006 0.47130000000000005 0.69000000000000006
decision_type=2 2 2 2 2 2 2 2
left_child=-1 -2 3 4 -3 7 -4 -5
right_child=1 2 6 5 -6 -7 -8 -9
leaf_value=0.023849007807317451 -0.054764224635069331 -0.037333854222127059 0.017045492930160291 -0.025670978971292724 -0.14995750415701448 0.018633296417160144 -0.0177934593519232 -0.010863033705301631
leaf_weight=2.3035443499684334 0.50643242523074139 0.32655338104814324 1.539753904566169 0.46301150042563699 0.26419713348150253 1.4495088085532186 0.60425523295998562 0.55327493138611317
leaf_count=6 8 6 8 6 4 6 8 4
internal_value=0 -0.00962631 -0.00523076 -0.013969 -0.0877017 0.00369573 0.00722668 -0.0176094
internal_weight=0 5.70699 5.20055 3.05655 0.590751 2.4658 2.14401 1.01629
internal_count=56 50 42 26 10 16 16 10
is_linear=0
shrinkage=0.1


Tree=23
num_leaves=9
num_cat=0
split_feature=3 3 1 1 2 3 4 3
split_gain=0.194234 0.0852914 0.0717685 0.0419026 0.199 0.296112 0.00877688 0.00718305
threshold=0.23625000000000004 0.33050000000000007 0.52500000000000013 0.6100000000000001 0.55000000000000016 0.47130000000000005 0.54305000000000014 0.42870000000000003
decision_type=2 2 2 2 2 2 2 2
left_child=-1 6 -3 4 5 -4 -2 -5
right_child=1 2 3 7 -6 -7 -8 -9
leaf_value=0.051519909098004114 -0.048819650116800041 0.012837462097151401 -0.14005259425357794 0.0058773372176286719 0.0044814398168526283 -0.0010310635306102875 -0.02603754051727818 -0.0051397209460199156
leaf_weight=0.66939333081245411 0.37144013680517662 2.3190910536795855 0.29020915552973714 0.97812828235328231 1.0911110052838922 0.32455739006400108 0.31043173465877771 1.4983771611005066
leaf_count=4 6 8 6 6 8 4 6 8
internal_value=0 -0.00480098 -0.00127212 -0.00909574 -0.0211559 -0.0666581 -0.0384478 -0.000788389
internal_weight=0 7.18335 6.50147 4.18238 1.70588 0.614767 0.681872 2.47651
internal_count=56 52 40 32 18 10 12 14
is_linear=0
shrinkage=0.1


Tree=24
num_leaves=7
num_cat=0
split_feature=1 3 1 1 3 1
split_gain=0.163209 0.0756101 0.0404357 0.0275229 0.0492468 0.00877583
threshold=0.52500000000000013 0.35230000000000006 0.69000000000000006 0.6100000000000001 0.39770000000000005 0.59500000000000008
decision_type=2 2 2 2 2 2
left_child=-1 2 5 4 -3 -2
right_child=1 3 -4 -5 -6 -7
leaf_value=0.01876501844369409 -0.033721332742283623 -0.0014959159485363445 -0.01016974447562174 0.0046652048519287125 -0.040173832019340959 -0.054545267154862992
leaf_weight=2.8970389142632484 0.36583459097892024 1.0821603909134867 0.54929333180189133 1.9058659411966798 0.47311629354953755 0.45294351316988468
leaf_count=14 8 6 4 10 8 6
internal_value=0 -0.0112571 -0.0311596 -0.00339034 -0.0132618 -0.045241
internal_weight=0 4.82921 1.36807 3.46114 1.55528 0.818778
internal_count=56 42 18 24 14 14
is_linear=0
shrinkage=0.1


Tree=25
num_leaves=9
num_cat=0
split_feature=3 3 3 2 1 1 4 1
split_gain=0.153605 0.058687 0.100075 0.0994814 0.0349095 0.053094 0.0107436 0.000609813
threshold=0.23625000000000004 0.47130000000000005 0.33050000000000007 0.55000000000000016 0.52500000000000013 0.6100000000000001 0.54305000000000014 0.63000000000000012
decision_type=2 2 2 2 2 2 2 2
left_child=-1 2 6 -3 -4 -6 -2 -7
right_child=1 3 4 -5 5 7 -8 -9
leaf_value=0.047606878534284761 -0.049423481169463788 0.0074995125997509657 0.01295135254806634 -0.069912779997622312 -0.018901788246953433 0.0049679039880664074 -0.024067844276554552 0.0083319437343157832
leaf_weight=0.62274476885795582 0.36284644715487946 0.3214198164641856 2.1892817765474319 0.343323590233922 1.3290397059172394 1.2466062568128111 0.30977559136226773 0.94912846758961666
leaf_count=4 6 4 6 6 14 4 6 6
internal_value=0 -0.00420439 -0.00126118 -0.032482 0.00303358 -0.00312648 -0.037746 0.00642204
internal_weight=0 7.05142 6.38668 0.664743 5.71406 3.52477 0.672622 2.19573
internal_count=56 52 42 10 30 24 12 10
is_linear=0
shrinkage=0.1


Tree=26
num_leaves=9
num_cat=0
split_feature=1 3 4 3 1 4 1 0
split_gain=0.121168 0.11314 0.0347533 0.0518363 0.0342907 0.0196731 0.0169903 0.0218636
threshold=0.41000000000000009 0.35230000000000006 0.52050000000000007 0.47130000000000005 0.69000000000000006 0.58535000000000015 0.59500000000000008 0.87855000000000005
decision_type=2 2 2 2 2 2 2 2
left_child=-1 4 -3 5 6 -4 7 -2
right_child=1 2 3 -5 -6 -7 -8 -9
leaf_value=0.019417212907522394 -0.046845836737427926 -0.010614691754414192 0.030828076616792932 -0.018583061340540254 -0.0096251078144731217 0.0090274570060404295 -0.055672476753517046 -0.010593021775730934
leaf_weight=2.2594334930181503 0.36239815689623334 1.4402910461649301 0.67785053327679667 0.51560114324092854 0.5523565001785754 1.0631818380206821 0.43012164207175374 0.3075211588293314
leaf_count=6 6 8 6 8 4 6 6 6
internal_value=0 -0.00820139 0.00152153 0.00926744 -0.0299546 0.0175153 -0.0401625 -0.0302043
internal_weight=0 5.34932 3.69692 2.25663 1.6524 1.74103 1.10004 0.669919
internal_count=56 50 28 20 22 12 18 12
is_linear=0
shrinkage=0.1


Tree=27
num_leaves=8
num_cat=0
split_feature=3 3 1 4 4 4 4
split_gain=0.157951 0.0769248 0.0415526 0.0343448 0.0421192 0.0092193 2.26837e-05
threshold=0.23625000000000004 0.33050000000000007 0.52500000000000013 0.58535000000000015 0.54930000000000012 0.54305000000000014 0.50170000000000015
decision_type=2 2 2 2 2 2 2
left_child=-1 5 -3 4 6 -2 -4
right_child=1 2 3 -5 -6 -7 -8
leaf_value=0.050237664901373005 -0.047523038776525708 0.010081538692115609 -0.0052556670538982508 0.0083742336619571315 -0.033063288789537564 -0.023854601667107275 -0.0059118455719562486
leaf_weight=0.5778297334909438 0.35642746649682511 2.2629112116992474 1.3339955182746059 1.0831972509622572 0.74170044250786293 0.30574412690475583 0.87068617716431607
leaf_count=4 6 8 6 8 10 6 8
internal_value=0 -0.00417401 -0.000762318 -0.00685196 -0.0124497 -0.0365946 -0.00551481
internal_weight=0 6.95466 6.29249 4.02958 2.94638 0.662172 2.20468
internal_count=56 52 40 32 24 12 14
is_linear=0
shrinkage=0.1


Tree=28
num_leaves=6
num_cat=0
split_feature=1 0 4 0 4
split_gain=0.113486 0.082446 0.0408728 0.0555323 0.0380858
threshold=0.66500000000000015 0.64285000000000003 0.52050000000000007 0.91155000000000019 0.56205000000000005
decision_type=2 2 2 2 2
left_child=1 -1 -3 -4 -5
right_child=-2 2 3 4 -6
leaf_value=0.042092257031043884 -0.031694459852429378 -0.01306463293674372 -0.0043394959729073255 0.034492077493478754 0.007037237766015253
leaf_weight=0.54281156510114659 0.98168689385056485 1.4739236040040848 2.3819584287703037 0.83794088289141688 1.2727023870684204
leaf_count=6 8 10 12 8 12
internal_value=0 0.00477991 0.00138537 0.0061261 0.017937
internal_weight=0 6.50934 5.96653 4.4926 2.11064
internal_count=56 48 42 32 20
is_linear=0
shrinkage=0.1


Tree=29
num_leaves=8
num_cat=0
split_feature=1 3 1 4 1 3 3
split_gain=0.11103 0.0653969 0.0314848 0.0130718 0.0411424 0.00519804 0.000553559
threshold=0.41000000000000009 0.35230000000000006 0.66500000000000015 0.52050000000000007 0.55500000000000016 0.30405000000000004 0.47130000000000005
decision_type=2 2 2 2 2 2 2
left_child=-1 2 5 -3 -5 -2 -6
right_child=1 3 -4 4 6 -7 -8
leaf_value=0.018768805288606367 -0.030693287500418599 -0.0079522909750507388 -0.012084512857540274 0.016181245304015556 -0.013817467771030914 -0.047771001596494819 -0.0088521450359475614
leaf_weight=2.2106178179383278 0.31876421719789483 1.418378181755543 0.88098254427313805 1.2520514335483315 0.52519994415342797 0.4042664491571486 0.39219320565462112
leaf_count=6 6 8 6 8 6 10 6
internal_value=0 -0.00799152 -0.0247768 -0.000487284 0.00439332 -0.0402419 -0.0116948
internal_weight=0 5.19184 1.60401 3.58782 2.16944 0.723031 0.917393
internal_count=56 50 22 28 20 16 12
is_linear=0
shrinkage=0.1


Tree=30
num_leaves=8
num_cat=0
split_feature=3 3 1 1 2 3 4
split_gain=0.0967538 0.0599297 0.0178428 0.0375611 0.173704 0.00774848 0.00646471
threshold=0.23625000000000004 0.33050000000000007 0.52500000000000013 0.6100000000000001 0.55000000000000016 0.42870000000000003 0.54305000000000014
decision_type=2 2 2 2 2 2 2
left_child=-1 6 -3 4 -4 -5 -2
right_child=1 2 3 5 -6 -7 -8
leaf_value=0.040504629119733619 -0.041898807144778463 0.0068883940100546506 -0.063912509365428569 0.010947886948457986 0.0068675535228117715 -0.00084698838669378107 -0.021719082534944811
leaf_weight=0.54591916501522053 0.33866936340928067 2.2401025481522083 0.514707436785102 0.90929032862186465 1.0624041818082333 1.4374465011060236 0.29882751358672976
leaf_count=4 6 8 10 6 8 8 6
internal_value=0 -0.0032511 -0.000232336 -0.00429752 -0.0162323 0.00372317 -0.0324395
internal_weight=0 6.80145 6.16395 3.92385 1.57711 2.34674 0.637497
internal_count=56 52 40 32 18 14 12
is_linear=0
shrinkage=0.1


Tree=31
num_leaves=8
num_cat=0
split_feature=1 3 1 1 3 1 3
split_gain=0.0840192 0.0841254 0.0325624 0.0126444 0.0212954 0.0123646 0.0129976
threshold=0.41000000000000009 0.35230000000000006 0.69000000000000006 0.6100000000000001 0.42870000000000003 0.59500000000000008 0.30405000000000004
decision_type=2 2 2 2 2 2 2
left_child=-1 2 5 4 -3 6 -2
right_child=1 3 -4 -5 -6 -7 -8
leaf_value=0.016363172136506694 -0.011803190179811983 -0.012539523309380849 -0.0069025078671710056 0.0074722797033162482 0.010663273967012355 -0.051066083600639134 -0.040784842514249728
leaf_weight=2.1945698112249374 0.27163963019847848 1.1416232204064729 0.56092823483049858 1.7820080462843177 0.60527058877050866 0.38421357749029994 0.35959906224161386
leaf_count=6 4 8 4 10 10 6 8
internal_value=0 -0.00703391 -0.0262402 0.00154564 -0.00450013 -0.0369222 -0.0283132
internal_weight=0 5.10528 1.57638 3.5289 1.74689 1.01545 0.631239
internal_count=56 50 22 28 18 18 12
is_linear=0
shrinkage=0.1


Tree=32
num_leaves=8
num_cat=0
split_feature=3 3 1 1 2 3 4
split_gain=0.0933604 0.0490179 0.0138987 0.0215196 0.13689 0.00692158 0.00552723
threshold=0.23625000000000004 0.33050000000000007 0.52500000000000013 0.6100000000000001 0.55000000000000016 0.42870000000000003 0.54305000000000014
decision_type=2 2 2 2 2 2 2
left_child=-1 6 -3 4 -4 -5 -2
right_child=1 2 3 5 -6 -7 -8
leaf_value=0.040979790805687234 -0.038750149280311896 0.0058810938601134045 -0.056693873376278993 0.0089208755356979218 0.0071277755115718286 -0.0022726506922068246 -0.019944696339707225
leaf_weight=0.51636277884244908 0.32765915989875782 2.2303876653313637 0.49264929536730062 0.899635519832373 1.057431548833847 1.4313357118517158 0.29883893951773643
leaf_count=4 6 8 10 6 8 8 6
internal_value=0 -0.00314049 -0.000409614 -0.0040248 -0.0131561 0.00204748 -0.02978
internal_weight=0 6.73794 6.11144 3.88105 1.55008 2.33097 0.626498
internal_count=56 52 40 32 18 14 12
is_linear=0
shrinkage=0.1


Tree=33
num_leaves=8
num_cat=0
split_feature=1 3 1 0 0 1 4
split_gain=0.076399 0.0678758 0.0282442 0.0115861 0.0114652 0.00678012 0.020243
threshold=0.41000000000000009 0.35230000000000006 0.69000000000000006 0.91155000000000019 0.87855000000000005 0.6100000000000001 0.55125000000000013
decision_type=2 2 2 2 2 2 2
left_child=-1 2 3 4 -2 6 -3
right_child=1 5 -4 -5 -6 -7 -8
leaf_value=0.015654700532705734 -0.038310346371610286 0.013216097065484454 -0.0063953945644248406 -0.047971656288201728 -0.010553521741899738 0.0053498407798529234 -0.01047620496018109
leaf_weight=2.1772622093558311 0.32829563692212083 0.51218043547123704 0.56773975677788258 0.38387996051460505 0.27219640463590622 1.7590498272329567 1.2187631595879791
leaf_count=6 6 8 4 8 4 10 10
internal_value=0 -0.00675995 -0.0241581 -0.0344028 -0.0257285 0.000977552 -0.00346573
internal_weight=0 5.04211 1.55211 0.984372 0.600492 3.48999 1.73094
internal_count=56 50 22 18 10 28 18
is_linear=0
shrinkage=0.1


Tree=34
num_leaves=8
num_cat=0
split_feature=3 3 1 4 4 4 4
split_gain=0.0863498 0.0412766 0.0107235 0.0195093 0.0403737 0.00503297 6.78878e-06
threshold=0.23625000000000004 0.33050000000000007 0.52500000000000013 0.58535000000000015 0.54930000000000012 0.54305000000000014 0.50170000000000015
decision_type=2 2 2 2 2 2 2
left_child=-1 5 -3 4 6 -2 -4
right_child=1 2 3 -5 -6 -7 -8
leaf_value=0.040430484848097512 -0.036337765663517686 0.0050707139426919533 -0.001631348050626293 0.0079369305305422976 -0.030092146499282144 -0.018269199693672199 -0.0012689510428988671
leaf_weight=0.49204881489276875 0.31914500892162312 2.2174661755561829 1.300830863416196 1.0540272430516777 0.63963420689105976 0.29821209376677871 0.85778000950813282
leaf_count=4 6 8 6 8 10 6 8
internal_value=0 -0.00297495 -0.000469325 -0.00365831 -0.00802594 -0.0276098 -0.00148734
internal_weight=0 6.6871 6.06974 3.85227 2.79825 0.617357 2.15861
internal_count=56 52 40 32 24 12 14
is_linear=0
shrinkage=0.1


Tree=35
num_leaves=7
num_cat=0
split_feature=1 1 0 4 4 0
split_gain=0.0609418 0.0314189 0.085833 0.0371131 0.0477238 0.024614
threshold=0.66500000000000015 0.41000000000000009 0.91155000000000019 0.52050000000000007 0.56205000000000005 0.87855000000000005
decision_type=2 2 2 2 2 2
left_child=1 -1 5 -4 -5 -3
right_child=-2 2 3 4 -6 -7
leaf_value=0.013287704173166987 -0.023997355288389879 -0.048812312670801203 -0.0072953205997262089 0.033923430610180126 0.001652413887129644 -0.010163730345842475
leaf_weight=2.1634230352938175 0.92174999602138985 0.42160666827112425 1.425744239240885 0.74036251381039608 1.2026630132459102 0.27051430847495794
leaf_count=6 8 8 10 8 12 4
internal_value=0 0.00355374 -0.001632 0.0049578 0.0139488 -0.0337066
internal_weight=0 6.22431 4.06089 3.36877 1.94303 0.692121
internal_count=56 48 42 30 20 12
is_linear=0
shrinkage=0.1


Tree=36
num_leaves=8
num_cat=0
split_feature=3 3 1 1 2 3 4
split_gain=0.0624426 0.0310738 0.00972713 0.0258866 0.133683 0.0074987 0.00419048
threshold=0.23625000000000004 0.33050000000000007 0.52500000000000013 0.6100000000000001 0.55000000000000016 0.42870000000000003 0.54305000000000014
decision_type=2 2 2 2 2 2 2
left_child=-1 6 -3 4 -4 -5 -2
right_child=1 2 3 5 -6 -7 -8
leaf_value=0.034939644625289569 -0.032152715906527136 0.0049386711063622432 -0.058646948446521158 0.010514074972060791 0.0062058440577077711 -0.0012501829925510837 -0.015556203073605194
leaf_weight=0.47703294456005085 0.3115541199222206 2.2071743980050087 0.45801351591944706 0.88003025017678771 1.0386250936426222 1.4098405726253984 0.29731974005699158
leaf_count=4 6 8 10 6 8 8 6
internal_value=0 -0.00252438 -0.000337838 -0.00341354 -0.0136409 0.00327099 -0.0240485
internal_weight=0 6.60256 5.99368 3.78651 1.49664 2.28987 0.608874
internal_count=56 52 40 32 18 14 12
is_linear=0
shrinkage=0.1


Tree=37
num_leaves=9
num_cat=0
split_feature=1 3 1 0 0 4 1 1
split_gain=0.0592774 0.0562225 0.0255844 0.0184371 0.00752914 0.00742523 0.0128926 0.0119491
threshold=0.41000000000000009 0.35230000000000006 0.69000000000000006 0.91155000000000019 0.87855000000000005 0.56205000000000005 0.6100000000000001 0.55500000000000016
decision_type=2 2 2 2 2 2 2 2
left_child=-1 2 3 4 -2 6 7 -3
right_child=1 5 -4 -5 -6 -7 -8 -9
leaf_value=0.013823589921830672 -0.031781104397249946 0.0051052604596491819 -0.0053519810907692936 -0.050001331203767652 -0.0090128598348289853 -0.0050657568725278887 0.0092455297622295683 -0.024243790074106111
leaf_weight=2.1547681093215942 0.31338976416736819 0.30092377681285221 0.56876681372523308 0.35997523507103324 0.27069180365651846 1.2443894166499374 1.5859747547656295 0.25736334174871445
leaf_count=6 6 6 4 8 4 10 8 4
internal_value=0 -0.00607707 -0.0221062 -0.0322002 -0.0212292 0.00107896 0.00464496 -0.00842428
internal_weight=0 4.90147 1.51282 0.944057 0.584082 3.38865 2.14426 0.558287
internal_count=56 50 22 18 10 28 18 10
is_linear=0
shrinkage=0.1


Tree=38
num_leaves=8
num_cat=0
split_feature=3 3 4 1 1 4 1
split_gain=0.0651294 0.0302953 0.0107889 0.0162821 0.0713352 0.00359981 0.00314087
threshold=0.23625000000000004 0.33050000000000007 0.56205000000000005 0.52500000000000013 0.6100000000000001 0.54305000000000014 0.63000000000000012
decision_type=2 2 2 2 2 2 2
left_child=-1 5 3 -3 -5 -2 -6
right_child=1 2 -4 4 6 -7 -8
leaf_value=0.036659931605973785 -0.031467744688914098 0.0083857729514680238 -0.008428049363624469 -0.041133608645529604 0.0072370121547934421 -0.016012778807256264 -0.00047730855669138685
leaf_weight=0.45337692648172367 0.30726997833698977 2.1070808693766594 1.3003197009675203 0.42063594469800625 1.2188701108098032 0.29579117009416223 0.9308461770415305
leaf_count=4 6 6 14 8 4 6 8
internal_value=0 -0.00252564 -0.000370583 0.00186938 -0.00347252 -0.0238873 0.00389664
internal_weight=0 6.58081 5.97775 4.67743 2.57035 0.603061 2.14972
internal_count=56 52 40 26 20 12 12
is_linear=0
shrinkage=0.1


Tree=39
num_leaves=8
num_cat=0
split_feature=3 2 1 3 2 1 1
split_gain=0.0533918 0.197565 0.0449872 0.0533665 0.037797 0.0289231 0.00980444
threshold=0.47130000000000005 0.55000000000000016 0.52500000000000013 0.35230000000000006 0.55000000000000016 0.69000000000000006 0.59500000000000008
decision_type=2 2 2 2 2 2 2
left_child=2 -2 -1 5 -5 6 -4
right_child=1 -3 3 4 -6 -7 -8
leaf_value=0.013016267517763884 0.028421706388878167 -0.085278687344458384 -0.023365769912406138 -0.0079744436465618487 0.015894598750208998 -0.0048591022807251459 -0.047769312301652211
leaf_weight=2.5459880279377103 0.30665128678083409 0.30464490316808224 0.32877687411382817 1.3338405778631568 1.3199026994407177 0.57282513752579689 0.32975698774680495
leaf_count=12 4 6 8 8 8 4 6
internal_value=0 -0.0282419 0.00268448 -0.00408615 0.0038974 -0.0212918 -0.0355857
internal_weight=0 0.611296 6.43109 3.8851 2.65374 1.23136 0.658534
internal_count=56 10 46 34 16 18 14
is_linear=0
shrinkage=0.1


Tree=40
num_leaves=9
num_cat=0
split_feature=3 3 1 1 2 4 1 3
split_gain=0.0586642 0.024555 0.00884805 0.0264948 0.130664 0.00591052 0.00339138 0.00169862
threshold=0.23625000000000004 0.33050000000000007 0.52500000000000013 0.6100000000000001 0.55000000000000016 0.54305000000000014 0.63000000000000012 0.39770000000000005
decision_type=2 2 2 2 2 2 2 2
left_child=-1 5 -3 4 -4 -2 -5 -8
right_child=1 2 3 6 -6 -7 7 -9
leaf_value=0.035772240088585767 -0.031416312763514739 0.0046478493934396159 -0.05901707051398556 0.0070048405282580693 0.0058236275511003811 -0.011615273588596089 -0.0043508446122630324 0.0038319865814286725
leaf_weight=0.43006981909275044 0.30355674494057883 2.1879874374717474 0.44562099687755119 1.2249726578593256 1.0271334243007004 0.29946088278666139 0.58097927831113316 0.4503028467297554
leaf_count=4 6 8 10 4 8 6 4 6
internal_value=0 -0.00235959 -0.000400478 -0.00336257 -0.0137956 -0.021583 0.00344755 -0.000777863
internal_weight=0 6.52001 5.917 3.72901 1.47275 0.603018 2.25625 1.03128
internal_count=56 52 40 32 18 12 14 10
is_linear=0
shrinkage=0.1


Tree=41
num_leaves=9
num_cat=0
split_feature=1 3 1 0 1 3 4 0
split_gain=0.048771 0.045471 0.0244572 0.0162777 0.0111763 0.0109843 0.0173649 0.00868837
threshold=0.41000000000000009 0.35230000000000006 0.69000000000000006 0.91155000000000019 0.6100000000000001 0.39770000000000005 0.54930000000000012 0.87855000000000005
decision_type=2 2 2 2 2 2 2 2
left_child=-1 2 3 7 5 -3 -7 -2
right_child=1 4 -4 -5 -6 6 -8 -9
leaf_value=0.012570345359121307 -0.031867263566887245 0.001353503345707358 -0.0040664857836662707 -0.048341817195939787 0.0066591589083432826 0.0030114438323532262 -0.030893465765870272 -0.0073577617749769151
leaf_weight=2.135461650788784 0.30869678314775206 1.0270833913236859 0.57715298049151897 0.32464455859735608 1.6752205807715652 0.27536464110016812 0.33463125303387642 0.2721389508806169
leaf_count=6 6 6 4 8 10 4 8 4
internal_value=0 -0.00559831 -0.0201537 -0.0304077 0.0009169 -0.00495914 -0.0155881 -0.0203838
internal_weight=0 4.79493 1.48263 0.90548 3.3123 1.63708 0.609996 0.580836
internal_count=56 50 22 18 28 18 12 10
is_linear=0
shrinkage=0.1


Tree=42
num_leaves=8
num_cat=0
split_feature=3 3 4 3 1 3 4
split_gain=0.0561897 0.0257813 0.00841956 0.0352355 0.0134971 0.0179095 0.00431507
threshold=0.23625000000000004 0.33050000000000007 0.55125000000000013 0.39770000000000005 0.52500000000000013 0.42870000000000003 0.54305000000000014
decision_type=2 2 2 2 2 2 2
left_child=-1 6 4 -4 -3 -6 -2
right_child=1 2 3 -5 5 -7 -8
leaf_value=0.035788486920702196 -0.03050506819998185 0.0077677583454475695 0.0048321362139423689 -0.025865465310235387 -0.017394000257355761 0.0024177083654458109 -0.013504350717999467
leaf_weight=0.41251289099454869 0.30094966385513533 2.1023380793631077 1.0186337414197622 0.5907697184011339 0.64836468314752016 1.5402420386672018 0.29627821664325893
leaf_count=4 6 6 8 10 6 10 6
internal_value=0 -0.00227211 -0.000268069 -0.00643615 0.00204539 -0.00345142 -0.0220712
internal_weight=0 6.49758 5.90035 1.6094 4.29094 2.18861 0.597228
internal_count=56 52 40 18 22 16 12
is_linear=0
shrinkage=0.1


Tree=43
num_leaves=8
num_cat=0
split_feature=1 1 3 1 2 3 3
split_gain=0.0409601 0.0204184 0.0512583 0.02623 0.0111192 0.00805929 0.00398498
threshold=0.66500000000000015 0.41000000000000009 0.35230000000000006 0.6100000000000001 0.55000000000000016 0.47130000000000005 0.30405000000000004
decision_type=2 2 2 2 2 2 2
left_child=1 -1 6 4 5 -4 -3
right_child=-2 2 3 -5 -6 -7 -8
leaf_value=0.010819215532335131 -0.020212020241163184 -0.018560245101286694 -0.029422852510203386 0.012833589703573173 0.0005806512147639093 -0.004738025448563405 -0.034234389616777626
leaf_weight=2.1269089393317699 0.87513377517461766 0.30316742695868049 0.26472032675519597 1.6094231009483335 1.089453924447298 0.26432990282773972 0.34884309582412243
leaf_count=6 8 6 6 8 8 4 10
internal_value=0 0.00294468 -0.00137199 0.00379378 -0.00519531 -0.0170895 -0.0269463
internal_weight=0 6.00685 3.87994 3.22793 1.6185 0.52905 0.652011
internal_count=56 48 42 26 18 10 16
is_linear=0
shrinkage=0.1


Tree=44
num_leaves=9
num_cat=0
split_feature=1 3 3 2 1 1 0 0
split_gain=0.0358339 0.0473228 0.0622868 0.0392239 0.0205214 0.01354 0.0126201 0.00851856
threshold=0.41000000000000009 0.47130000000000005 0.35230000000000006 0.55000000000000016 0.69000000000000006 0.6100000000000001 0.91155000000000019 0.87855000000000005
decision_type=2 2 2 2 2 2 2 2
left_child=-1 2 4 -3 6 -4 7 -2
right_child=1 3 5 -5 -6 -7 -8 -9
leaf_value=0.010790182172210054 -0.030239419344320062 -0.0071129252213343961 -9.0626804931720056e-05 -0.062694652554576333 -0.0033205169151976212 0.013949902704026004 -0.043670093049844434 -0.0058983845695197469
leaf_weight=2.125033013522625 0.30476881470531203 0.26594528928399075 1.2757207439281049 0.24295687396079302 0.57633829116821289 1.4879092015326021 0.31397078325971961 0.27217821078374982
leaf_count=6 6 4 12 6 4 6 8 4
internal_value=0 -0.00483766 -0.00137223 -0.0336484 -0.0180243 0.00746865 -0.0275363 -0.0187564
internal_weight=0 4.73979 4.23089 0.508902 1.46726 2.76363 0.890918 0.576947
internal_count=56 50 40 10 22 18 18 10
is_linear=0
shrinkage=0.1


Tree=45
num_leaves=9
num_cat=0
split_feature=1 3 3 1 2 1 0 0
split_gain=0.0355868 0.0412937 0.0464028 0.0167675 0.0114451 0.0104868 0.00304848 0.00933721
threshold=0.41000000000000009 0.47130000000000005 0.35230000000000006 0.69000000000000006 0.55000000000000016 0.6100000000000001 0.91155000000000019 0.87855000000000005
decision_type=2 2 2 2 2 2 2 2
left_child=-1 2 3 6 -3 -4 7 -2
right_child=1 4 5 -5 -6 -7 -8 -9
leaf_value=0.010749524131550982 -0.032353510376772344 -0.017983145375495679 -0.00065476498651102647 -0.0028420966823324233 -0.048660028071438786 0.01169300199740772 -0.032725400020887828 -0.0069323296823982517
leaf_weight=2.1244702227413654 0.3074073167517779 0.25935405679047097 1.2817395026795568 0.58317737188190222 0.22900204081088305 1.4843137413263319 0.30721080210059881 0.27262289775535464
leaf_count=6 6 4 12 4 6 6 8 4
internal_value=0 -0.00483342 -0.00165936 -0.0160136 -0.0323683 0.00597127 -0.0246711 -0.0204052
internal_weight=0 4.72483 4.23647 1.47042 0.488356 2.76605 0.887241 0.58003
internal_count=56 50 40 22 10 18 18 10
is_linear=0
shrinkage=0.1


Tree=46
num_leaves=8
num_cat=0
split_feature=1 3 3 1 3 3 2
split_gain=0.0350245 0.0404107 0.0384327 0.0148929 0.0118412 0.00428534 0.00217993
threshold=0.41000000000000009 0.47130000000000005 0.35230000000000006 0.69000000000000006 0.42870000000000003 0.30405000000000004 0.55000000000000016
decision_type=2 2 2 2 2 2 2
left_child=-1 2 3 5 -4 -2 -3
right_child=1 6 4 -5 -6 -7 -8
leaf_value=0.010667930246464733 -0.017304753732743424 -0.025959341681638978 -0.0014184269737730179 -0.0024092136652434839 0.01166592510667306 -0.03155682532170382 -0.039411443722922074
leaf_weight=2.1230995655059814 0.53171804128214695 0.26236245036125172 1.3525885376147926 0.58780424110591412 1.4154748562723398 0.34974626149050891 0.22273564618080854
leaf_count=6 8 4 10 4 8 10 6
internal_value=0 -0.00479607 -0.00166614 -0.0147381 0.00527238 -0.0229597 -0.032136
internal_weight=0 4.72243 4.23733 1.46927 2.76806 0.881464 0.485098
internal_count=56 50 40 22 18 18 10
is_linear=0
shrinkage=0.1


Tree=47
num_leaves=7
num_cat=0
split_feature=1 3 3 1 3 0
split_gain=0.0321125 0.0482287 0.0391442 0.0151656 0.0122754 0.00350666
threshold=0.41000000000000009 0.47130000000000005 0.35230000000000006 0.66500000000000015 0.42870000000000003 0.64285000000000003
decision_type=2 2 2 2 2 2
left_child=-1 2 3 5 -4 -2
right_child=1 -3 4 -5 -6 -7
leaf_value=0.010219352790268902 -0.016861666861683985 -0.034184909407281604 -0.00096609707621246122 -0.0052714934483547695 0.012352478452832352 -0.031808635459496408
leaf_weight=2.1224798634648323 0.26437256345525362 0.49309567920863617 1.3512122561223805 0.81659507192671299 1.4185146577656269 0.38631839281879365
leaf_count=6 4 10 10 6 8 12
internal_value=0 -0.00458559 -0.00114088 -0.0143467 0.00585501 -0.0257358
internal_weight=0 4.73011 4.23701 1.46729 2.76973 0.650691
internal_count=56 50 40 22 18 16
is_linear=0
shrinkage=0.1


Tree=48
num_leaves=8
num_cat=0
split_feature=3 3 1 2 3 3 3
split_gain=0.0963604 0.0261672 0.0364364 0.166077 0.0403598 0.157785 0.0255896
threshold=0.47130000000000005 0.42870000000000003 0.41000000000000009 0.55000000000000016 0.30405000000000004 0.33050000000000007 0.35230000000000006
decision_type=2 2 2 2 2 2 2
left_child=1 2 -1 4 -4 -6 -5
right_child=-2 -3 3 6 5 -7 -8
leaf_value=0.0098371161728489243 -0.041341943379212438 0.01533383417636712 -0.019420108532248386 -0.0061235974380221513 -0.017236423726963403 -0.13765866296310511 0.016475775396304577
leaf_weight=2.1216466054320335 0.52108125388622273 1.4232800267636774 0.29909157101064954 0.85573235643096301 0.26418756321072578 0.18499708129093051 1.2088020481169222
leaf_count=6 10 8 6 10 4 6 6
internal_value=0 0.00338839 -5.71118e-05 -0.00752013 -0.0478814 -0.0668324 0.00710852
internal_weight=0 6.35774 4.93446 2.81281 0.748276 0.449185 2.06453
internal_count=56 46 38 32 16 10 16
is_linear=0
shrinkage=0.1


Tree=49
num_leaves=7
num_cat=0
split_feature=3 3 1 2 3 3
split_gain=0.332472 0.099225 0.0362217 0.12682 0.03506 0.0277974
threshold=0.47130000000000005 0.42870000000000003 0.41000000000000009 0.55000000000000016 0.30405000000000004 0.35230000000000006
decision_type=2 2 2 2 2 2
left_child=1 2 -1 4 -4 -5
right_child=-2 -3 3 5 -6 -7
leaf_value=0.0099024274899184132 -0.07002999187530437 0.030019990948838317 -0.017389836508946679 -0.0086659730616213994 -0.061819706368449884 0.015064147584348332
leaf_weight=2.1217091903090477 0.61759718414396036 1.4293483123183248 0.30533927958458695 0.83663538401015136 0.4245679066516459 1.2040484212338922
leaf_count=6 10 8 6 10 10 6
internal_value=0 0.00684162 6.9765e-05 -0.00746005 -0.0432335 0.00533532
internal_weight=0 6.32165 4.8923 2.77059 0.729907 2.04068
internal_count=56 46 38 32 16 16
is_linear=0
shrinkage=0.1


Tree=50
num_leaves=7
num_cat=0
split_feature=3 3 1 2 3 3
split_gain=0.140201 0.0255017 0.0355261 0.123009 0.0366458 0.0270841
threshold=0.47130000000000005 0.42870000000000003 0.41000000000000009 0.55000000000000016 0.30405000000000004 0.35230000000000006
decision_type=2 2 2 2 2 2
left_child=1 2 -1 4 -4 -5
right_child=-2 -3 3 5 -6 -7
leaf_value=0.0099695747771631951 -0.048874550472635094 0.014176738794278713 -0.016293527179216023 -0.0084695448090999492 -0.061540402295033762 0.015000191526096785
leaf_weight=2.120909471064806 0.54282390139996994 1.7917636744678018 0.31073571881279383 0.83088436792604659 0.42220785794779658 1.204476077109575
leaf_count=6 10 8 6 10 10 6
internal_value=0 0.00397102 0.000230897 -0.0072303 -0.0423577 0.00541927
internal_weight=0 6.68098 4.88921 2.7683 0.732944 2.03536
internal_count=56 46 38 32 16 16
is_linear=0
shrinkage=0.1


Tree=51
num_leaves=9
num_cat=0
split_feature=1 3 3 1 4 4 4 4
split_gain=0.0302258 0.0253946 0.0328672 0.0117534 0.0123442 0.0227 0.0088841 0.000917404
threshold=0.41000000000000009 0.47130000000000005 0.33050000000000007 0.55500000000000016 0.50170000000000015 0.55125000000000013 0.54305000000000014 0.54930000000000012
decision_type=2 2 2 2 2 2 2 2
left_child=-1 2 6 -4 -5 -6 -2 -3
right_child=1 7 3 4 5 -7 -8 -9
leaf_value=0.010019463690750291 -0.028560847213052128 -0.029889291559412869 0.010271585210668548 0.0034206038256694802 0.00062386039639304909 -0.031990397774337681 -0.0069742840892729951 -0.020973184076033963
leaf_weight=2.1196652911603451 0.49549405556172121 0.27886033803224552 1.1801298251375558 1.6493187583982947 0.59971322584897269 0.33130204817280173 0.30989424418658018 0.1968737319111824
leaf_count=6 8 4 10 4 4 8 6 6
internal_value=0 -0.00421254 -0.00192163 0.00200484 -0.001776 -0.0109819 -0.0202549 -0.0261995
internal_weight=0 5.04159 4.56585 3.76046 2.58033 0.931015 0.805388 0.475734
internal_count=56 50 40 26 16 12 14 10
is_linear=0
shrinkage=0.1


Tree=52
num_leaves=9
num_cat=0
split_feature=1 2 1 1 1 1 4 4
split_gain=0.0240671 0.0270217 0.0685229 0.0587151 0.0171659 0.003434 0.0161422 0.0200263
threshold=0.52500000000000013 0.55000000000000016 0.6100000000000001 0.57000000000000017 0.57000000000000017 0.69000000000000006 0.55125000000000013 0.56205000000000005
decision_type=2 2 2 2 2 2 2 2
left_child=-1 2 3 -2 -3 6 -6 -8
right_child=1 4 -4 -5 5 -7 7 -9
leaf_value=0.0077379748512249108 -0.061421911729475955 0.01351876423388812 -0.00073760914828494538 -0.0024877517330137966 -0.031383376128351459 0.0010130000695143741 0.02382817587389565 -0.022156544829469334
leaf_weight=2.5713973296806216 0.4233055226504806 0.97890073806047473 1.6806465755216775 0.28144862595945597 0.21801252197474219 0.60239420179277658 0.20640569925308228 0.17500003939494491
leaf_count=14 10 4 6 4 4 4 2 8
internal_value=0 -0.00435762 -0.0117129 -0.0378861 0.00368809 -0.0043192 -0.00967787 0.00272905
internal_weight=0 4.56611 2.3854 0.704754 2.18071 1.20181 0.599418 0.381406
internal_count=56 42 20 14 22 18 14 10
is_linear=0
shrinkage=0.1


Tree=53
num_leaves=7
num_cat=0
split_feature=1 3 4 2 1 1
split_gain=0.0250953 0.0215504 0.00807874 0.00792388 0.00217833 0.00187987
threshold=0.41000000000000009 0.33050000000000007 0.52050000000000007 0.55000000000000016 0.57000000000000017 0.69000000000000006
decision_type=2 2 2 2 2 2
left_child=-1 2 -2 -3 -5 -6
right_child=1 3 -4 4 5 -7
leaf_value=0.0091153119224991613 -0.031763912364218376 -0.0052003807535289676 -0.011046105562429475 0.0066511706270529995 -0.0055021185013483832 0.003504389782878941
leaf_weight=2.1217271536588669 0.30355333909392346 2.1751259679440409 0.49535872810520232 1.0495242150500419 0.3721844651736318 0.61417153012007475
leaf_count=6 6 16 8 6 10 4
internal_value=0 -0.00386039 -0.018918 -0.00100366 0.0034801 0.000105939
internal_weight=0 5.00992 0.798912 4.21101 2.03588 0.986356
internal_count=56 50 14 36 20 14
is_linear=0
shrinkage=0.1


Tree=54
num_leaves=8
num_cat=0
split_feature=1 0 0 4 1 3 3
split_gain=0.0228357 0.0221447 0.0179828 0.0123121 0.0495514 0.0281214 0.000477929
threshold=0.41000000000000009 0.91155000000000019 0.87855000000000005 0.52050000000000007 0.55500000000000016 0.47130000000000005 0.39770000000000005
decision_type=2 2 2 2 2 2 2
left_child=-1 2 -2 -3 -5 6 -6
right_child=1 3 -4 4 5 -7 -8
leaf_value=0.0086908387009798967 -0.035249233242553128 -0.0057957466316510432 -0.0018557340966711936 0.019051025386211 -0.024401173194847831 0.010325432286726213 -0.030569439650576791
leaf_weight=2.1220180168747902 0.37272840598598111 2.441961464472115 0.28423942578956485 1.0766030289232729 0.22027026675641526 0.3076770193874836 0.29230912495404482
leaf_count=6 8 14 4 6 6 6 6
internal_value=0 -0.00369154 -0.0208014 -0.00110082 0.00494328 -0.0135734 -0.0279188
internal_weight=0 4.99579 0.656968 4.33882 1.89686 0.820256 0.512579
internal_count=56 50 12 38 24 18 12
is_linear=0
shrinkage=0.1


Tree=55
num_leaves=8
num_cat=0
split_feature=3 3 1 4 3 4 1
split_gain=0.0215398 0.0635206 0.0127773 0.0320628 0.015245 0.0144375 0.00104229
threshold=0.30405000000000004 0.23625000000000004 0.6100000000000001 0.54765000000000008 0.47130000000000005 0.55125000000000013 0.63000000000000012
decision_type=2 2 2 2 2 2 2
left_child=1 -1 3 4 -2 -5 -4
right_child=2 -3 6 5 -6 -7 -8
leaf_value=0.047152613216265196 -0.041164446765657461 -0.015051866346119004 0.0021995423232071204 0.0035643718606557153 -0.009245040234500311 -0.010225413242692105 0.0063971013703710321
leaf_weight=0.34136673063039769 0.32731807301752303 0.31623946269974113 1.6293147616088393 2.0761346835643057 0.27563231438398361 1.1969652643892912 0.92875694017857302
leaf_count=4 6 6 4 6 4 16 10
internal_value=0 0.0172388 -0.00176191 -0.00538214 -0.0265728 -0.00147852 0.00372355
internal_weight=0 0.657606 6.43412 3.87605 0.60295 3.2731 2.55807
internal_count=56 10 46 32 10 22 14
is_linear=0
shrinkage=0.1


Tree=56
num_leaves=9
num_cat=0
split_feature=1 2 1 1 1 1 4 4
split_gain=0.0185565 0.0200997 0.0470181 0.0454487 0.00960419 0.0075084 0.0162537 0.0284378
threshold=0.52500000000000013 0.55000000000000016 0.6100000000000001 0.57000000000000017 0.57000000000000017 0.69000000000000006 0.55125000000000013 0.56205000000000005
decision_type=2 2 2 2 2 2 2 2
left_child=-1 2 3 -2 -3 6 -6 -8
right_child=1 4 -4 -5 5 -7 7 -9
leaf_value=0.0068191886750602537 -0.052444919299980047 0.010566134463168092 -0.0010044469840108118 -0.00074867366471891212 -0.033357886590960582 0.0047481579330003647 0.028017048960270415 -0.028541958721489836
leaf_weight=2.5508975023403764 0.42514527542516622 0.96440262719988856 1.6630084067583082 0.28343704156577587 0.20884208194911458 0.61769656930118799 0.19146668910980225 0.16594739025458694
leaf_count=14 10 4 6 4 4 4 2 8
internal_value=0 -0.00384851 -0.0101954 -0.0317661 0.00315789 -0.00287659 -0.011194 0.0017567
internal_weight=0 4.51995 2.37159 0.708582 2.14836 1.18395 0.566256 0.357414
internal_count=56 42 20 14 22 18 14 10
is_linear=0
shrinkage=0.1


Tree=57
num_leaves=7
num_cat=0
split_feature=3 1 1 2 1 1
split_gain=0.0380782 0.0771591 0.0175716 0.0343835 0.00942602 0.0164424
threshold=0.47130000000000005 0.55500000000000016 0.52500000000000013 0.55000000000000016 0.69000000000000006 0.57000000000000017
decision_type=2 2 2 2 2 2
left_child=2 -2 -1 -4 5 -5
right_child=1 -3 3 4 -6 -7
leaf_value=0.0088341758529786631 -0.06065471511096221 0.011685637514133511 -0.010835152629439558 0.0097678574606852829 0.017071823804764071 -0.014200038950380975
leaf_weight=2.4761292738839984 0.29376610182225693 0.29601684492081404 2.0905800906475633 0.96175676211714767 0.67529313173145045 0.40749566839076579
leaf_count=12 4 6 16 4 4 10
internal_value=0 -0.0243465 0.00217192 -0.00181746 0.00740328 0.0026349
internal_weight=0 0.589783 6.61125 4.13513 2.04455 1.36925
internal_count=56 10 46 34 18 14
is_linear=0
shrinkage=0.1


Tree=58
num_leaves=7
num_cat=0
split_feature=1 4 3 1 0 3
split_gain=0.0239551 0.0244515 0.0274451 0.0141046 0.0114379 0.00274623
threshold=0.55500000000000016 0.54305000000000014 0.30405000000000004 0.63000000000000012 0.91155000000000019 0.42870000000000003
decision_type=2 2 2 2 2 2
left_child=4 3 -3 -2 -1 -4
right_child=1 2 5 -5 -6 -7
leaf_value=0.001702442862968847 0.00367102814409757 0.0014963054008724499 -0.031992002119546302 -0.01118790142762683 0.013528108344813258 -0.048371936093815078
leaf_weight=2.4762997324578464 1.7727234885096557 0.28791400790214527 0.26152564585208893 0.99874861910939206 1.2212629797868433 0.16817716928198934
leaf_count=14 6 4 8 8 10 6
internal_value=0 -0.00594343 -0.0223949 -0.00168365 0.00560833 -0.0384028
internal_weight=0 3.48909 0.717617 2.77147 3.69756 0.429703
internal_count=56 32 18 14 24 14
is_linear=0
shrinkage=0.1


Tree=59
num_leaves=8
num_cat=0
split_feature=1 3 1 2 1 4 4
split_gain=0.0160471 0.0107258 0.0284185 0.094829 0.0405898 0.0190012 0.00976881
threshold=0.66500000000000015 0.42870000000000003 0.41000000000000009 0.55000000000000016 0.57000000000000017 0.50170000000000015 0.54930000000000012
decision_type=2 2 2 2 2 2 2
left_child=1 2 -1 4 -4 -3 -7
right_child=-2 5 3 -5 -6 6 -8
leaf_value=0.0067752584201983407 -0.011776777303281784 0.0018981526711146512 -0.058580036644153004 0.0078279132847207979 -0.011265730146438856 0.036025529767255059 0.010223146600834093
leaf_weight=2.1137301400303841 0.99692770093679417 1.6163528375327589 0.4184075754601505 1.1523101176135242 0.31997278518974781 0.28851169906556595 0.29858514666557312
leaf_count=6 8 4 10 10 6 4 8
internal_value=0 0.00189124 -0.00119213 -0.0100994 -0.0380767 0.00749477 0.022903
internal_weight=0 6.20787 4.00442 1.89069 0.73838 2.20345 0.587097
internal_count=56 48 32 26 16 16 12
is_linear=0
shrinkage=0.1


Tree=60
num_leaves=8
num_cat=0
split_feature=3 1 1 3 3 3 2
split_gain=0.0734792 0.0552723 0.0231644 0.0295411 0.0597146 0.0155255 0.0251965
threshold=0.47130000000000005 0.55500000000000016 0.69000000000000006 0.30405000000000004 0.23625000000000004 0.42870000000000003 0.55000000000000016
decision_type=2 2 2 2 2 2 2
left_child=2 -2 3 4 -1 6 -5
right_child=1 -3 -4 5 -6 -7 -8
leaf_value=0.052925440120249079 -0.061798367915754673 -0.001399441861028078 0.02036705222532572 -0.011101666449857267 -0.0085756094843603605 0.0062985962582561049 0.0069413421739762853
leaf_weight=0.30866727977991093 0.32074908446520556 0.28715787781402469 0.69260775111615647 2.3788755084387958 0.3231685352511704 1.7461976697668431 1.1472089767921718
leaf_count=4 4 6 4 14 6 8 10
internal_value=0 -0.0332676 0.00306571 0.0010361 0.0214692 -0.00141262 -0.00523139
internal_weight=0 0.607907 6.59673 5.90412 0.631836 5.27228 3.52608
internal_count=56 10 46 42 10 32 24
is_linear=0
shrinkage=0.1


Tree=61
num_leaves=7
num_cat=0
split_feature=1 4 3 1 0 3
split_gain=0.0202947 0.0106912 0.0238886 0.0170257 0.00765248 0.00477452
threshold=0.55500000000000016 0.54305000000000014 0.30405000000000004 0.63000000000000012 0.91155000000000019 0.42870000000000003
decision_type=2 2 2 2 2 2
left_child=4 3 -3 -2 -1 -4
right_child=1 2 5 -5 -6 -7
leaf_value=0.0019836877469841955 0.0032273325014601541 0.005694194889816844 -0.023370845376914039 -0.013173504856232914 0.011705649339535225 -0.045335347110861429
leaf_weight=2.4533660947345197 1.7658209539949901 0.29102798365056504 0.26729357591830194 0.98660216014832247 1.2084486538078638 0.15715253353118896
leaf_count=14 6 4 8 8 10 6
internal_value=0 -0.0054824 -0.0163727 -0.00265152 0.00519207 -0.0315033
internal_weight=0 3.4679 0.715474 2.75242 3.66181 0.424446
internal_count=56 32 18 14 24 14
is_linear=0
shrinkage=0.1


Tree=62
num_leaves=6
num_cat=0
split_feature=1 3 1 4 2
split_gain=0.018708 0.00845747 0.0216167 0.104369 0.012811
threshold=0.66500000000000015 0.42870000000000003 0.41000000000000009 0.54305000000000014 0.55000000000000016
decision_type=2 2 2 2 2
left_child=1 2 -1 -4 -5
right_child=-2 -3 3 4 -6
leaf_value=0.0063173863162784396 -0.012836022727150887 0.0070748562528784534 -0.056259558465851935 -0.012707254436449881 0.0083214173583680811
leaf_weight=2.1001176424324512 0.97988630086183537 2.1644434020854533 0.36765651358291496 0.38688280386850205 1.1533940304070711
leaf_count=6 8 16 8 8 10
internal_value=0 0.00203772 -0.000682447 -0.00838737 0.00303949
internal_weight=0 6.17249 4.00805 1.90793 1.54028
internal_count=56 48 32 26 18
is_linear=0
shrinkage=0.1


Tree=63
num_leaves=8
num_cat=0
split_feature=1 4 3 3 3 4 3
split_gain=0.0209232 0.00977557 0.0178769 0.01312 0.0269265 0.00390355 0.000413576
threshold=0.66500000000000015 0.55125000000000013 0.39770000000000005 0.42870000000000003 0.33050000000000007 0.54305000000000014 0.42870000000000003
decision_type=2 2 2 2 2 2 2
left_child=1 3 -3 4 5 -1 -4
right_child=-2 2 6 -5 -6 -7 -8
leaf_value=0.022590053313326173 -0.013522800173119126 0.0020067333935371873 -0.019898989603337396 0.010485398531926177 -0.0060665693175919527 0.007621745544956292 -0.026296584582591761
leaf_weight=0.42474236991256509 0.98644723650068034 1.0119623269420115 0.22368600498884905 2.0059651639312506 2.0231028287671506 0.2953960569575429 0.1843021372333169
leaf_count=8 8 10 4 10 6 4 6
internal_value=0 0.00216229 -0.00511772 0.00433892 -0.000155621 0.0164502 -0.022789
internal_weight=0 6.16916 1.41995 4.74921 2.74324 0.720138 0.407988
internal_count=56 48 20 28 18 12 10
is_linear=0
shrinkage=0.1


Tree=64
num_leaves=5
num_cat=0
split_feature=1 3 1 2
split_gain=0.0472087 0.0312017 0.0173722 0.0126575
threshold=0.66500000000000015 0.47130000000000005 0.52500000000000013 0.55000000000000016
decision_type=2 2 2 2
left_child=1 2 -1 -4
right_child=-2 -3 3 -5
leaf_value=0.0073520970532617962 -0.019908779928288434 0.025245260782482272 -0.0084180931832256757 0.0045912854873097174
leaf_weight=2.4494871655479074 1.0244117588736115 0.58447951870039094 2.1024941941723228 1.1608011124189945
leaf_count=12 8 8 16 12
internal_value=0 0.00323867 0.000987163 -0.00379047
internal_weight=0 6.29726 5.71278 3.2633
internal_count=56 48 40 28
is_linear=0
shrinkage=0.1


Tree=65
num_leaves=8
num_cat=0
split_feature=3 1 4 3 4 1 3
split_gain=0.0198668 0.0317701 0.0586358 0.0282736 0.0114457 0.00371888 0.00135719
threshold=0.30405000000000004 0.6100000000000001 0.54765000000000008 0.23625000000000004 0.55125000000000013 0.63000000000000012 0.47130000000000005
decision_type=2 2 2 2 2 2 2
left_child=3 2 6 -1 -4 -3 -2
right_child=1 5 4 -5 -6 -7 -8
leaf_value=0.03922971653757984 -0.04000711181730808 0.0041532250523013299 0.002524124780852263 -0.0032861743786688174 -0.0098678817449108537 0.012137299976963807 -0.030660633391327286
leaf_weight=0.29894851148128498 0.32213300606235895 1.6157660782337191 2.0550217870622878 0.32806410174816847 1.1695361931342629 0.91307384520769108 0.30009647458791733
leaf_count=4 6 4 6 6 16 10 4
internal_value=0 -0.00167036 -0.00739382 0.0169846 -0.00197041 0.00703599 -0.0354994
internal_weight=0 6.37563 3.84679 0.627013 3.22456 2.52884 0.622229
internal_count=56 46 32 10 22 14 10
is_linear=0
shrinkage=0.1


Tree=66
num_leaves=5
num_cat=0
split_feature=1 3 1 2
split_gain=0.057568 0.0349438 0.0166718 0.01074
threshold=0.66500000000000015 0.47130000000000005 0.52500000000000013 0.55000000000000016
decision_type=2 2 2 2
left_child=1 2 -1 -4
right_child=-2 -3 3 -5
leaf_value=0.0073695208907963387 -0.021875213700839086 0.026010124468447349 -0.0078490557505206792 0.0041648494167047722
leaf_weight=2.4349662356544286 1.0336517784744499 0.62589413858950127 2.0922752632759511 1.1548157802317294
leaf_count=12 8 8 16 12
internal_value=0 0.00358458 0.00111435 -0.00357636
internal_weight=0 6.30795 5.68206 3.24709
internal_count=56 48 40 28
is_linear=0
shrinkage=0.1


Tree=67
num_leaves=8
num_cat=0
split_feature=3 1 4 3 4 2 3
split_gain=0.0194766 0.0283037 0.0474891 0.0202342 0.0137708 0.00241467 0.00145332
threshold=0.30405000000000004 0.6100000000000001 0.54765000000000008 0.23625000000000004 0.55125000000000013 0.55000000000000016 0.47130000000000005
decision_type=2 2 2 2 2 2 2
left_child=3 2 6 -1 -4 -3 -2
right_child=1 5 4 -5 -6 -7 -8
leaf_value=0.03619024322590994 -0.037355287103229218 0.0042373669944333631 0.0027195376843068115 1.1794823188517739e-05 -0.010902666778333694 0.010676851317462703 -0.027586736956941766
leaf_weight=0.2899360880255698 0.31675921892747316 1.6122045516967776 2.0453365426510577 0.33116732211783528 1.16468592104502 0.91155449859797943 0.29334227554500103
leaf_count=4 6 4 6 6 16 10 4
internal_value=0 -0.00165463 -0.00708375 0.0169002 -0.00222298 0.00656324 -0.0326585
internal_weight=0 6.34388 3.82012 0.621103 3.21002 2.52376 0.610101
internal_count=56 46 32 10 22 14 10
is_linear=0
shrinkage=0.1


Tree=68
num_leaves=8
num_cat=0
split_feature=3 1 3 4 3 2 4
split_gain=0.0859715 0.027227 0.0244801 0.0211701 0.0129715 0.027458 0.000420521
threshold=0.47130000000000005 0.69000000000000006 0.30405000000000004 0.52050000000000007 0.42870000000000003 0.55000000000000016 0.54305000000000014
decision_type=2 2 2 2 2 2 2
left_child=1 2 6 -2 5 -4 -1
right_child=3 -3 4 -5 -6 -7 -8
leaf_value=0.022778077086774443 -0.057145326704883419 0.022091188801320348 -0.010764492558882184 -0.019462950036153816 0.0060039189931466626 0.008124334301415426 0.017512887691036705
leaf_weight=0.30158255156129588 0.26649492606520642 0.69247992429882277 2.3546130624599755 0.33841256331652403 1.7257615718990562 1.1432537476066502 0.30520293652079999
leaf_count=6 2 4 14 8 8 10 4
internal_value=0 0.00334444 0.00111789 -0.0360641 -0.00109057 -0.00459081 0.0201298
internal_weight=0 6.52289 5.83041 0.604907 5.22363 3.49787 0.606785
internal_count=56 46 42 10 32 24 10
is_linear=0
shrinkage=0.1


Tree=69
num_leaves=7
num_cat=0
split_feature=1 3 3 3 2 1
split_gain=0.0210974 0.0321527 0.0694284 0.0176775 0.0272793 0.00538753
threshold=0.63000000000000012 0.33050000000000007 0.30405000000000004 0.42870000000000003 0.55000000000000016 0.69000000000000006
decision_type=2 2 2 2 2 2
left_child=1 2 -1 4 -3 -2
right_child=5 3 -4 -5 -6 -7
leaf_value=0.047861598049699271 -0.020112778291982492 -0.011409742107957095 -0.015983165623674151 0.0069983907119853476 0.0089277372880525157 -0.0066363216773388748
leaf_weight=0.42824607715010632 0.4757060771808026 2.1022219271399085 0.28281217813491821 2.0329372836276889 0.96104865823872376 0.78809324558824301
leaf_count=6 10 10 6 14 6 4
internal_value=0 0.00254815 0.0224684 -0.000231256 -0.00502921 -0.011709
internal_weight=0 5.80727 0.711058 5.09621 3.06327 1.2638
internal_count=56 42 12 30 16 14
is_linear=0
shrinkage=0.1


Tree=70
num_leaves=9
num_cat=0
split_feature=3 3 3 4 2 4 4 4
split_gain=0.0234824 0.0369744 0.0161997 0.0396646 0.0256121 0.0133856 0.00404545 0.0845725
threshold=0.33050000000000007 0.30405000000000004 0.42870000000000003 0.54765000000000008 0.55000000000000016 0.54305000000000014 0.50170000000000015 0.56205000000000005
decision_type=2 2 2 2 2 2 2 2
left_child=1 5 3 -2 -5 -1 -4 -8
right_child=2 -3 6 4 -6 -7 7 -9
leaf_value=0.012558424142974992 -0.024704578777232554 -0.015249948334418117 0.0022482709059511051 -0.0073970327902610827 0.011371752000379459 0.041673138976999716 0.039962700230259419 -0.042704433919356619
leaf_weight=0.29220634559169401 0.88088345434516657 0.28130550612695515 1.6019476689398291 2.0432983869686723 1.1286823668051513 0.34359159739688039 0.36795246507972468 0.186472381465137
leaf_count=6 6 6 4 8 8 4 8 6
internal_value=0 0.0149365 -0.00220612 -0.00593188 -0.000718557 0.0282923 0.00479638 0.0121589
internal_weight=0 0.917103 6.20924 4.05286 3.17198 0.635798 2.15637 0.554425
internal_count=56 16 40 22 16 10 18 14
is_linear=0
shrinkage=0.1


Tree=71
num_leaves=7
num_cat=0
split_feature=3 3 1 4 3 1
split_gain=0.0888231 0.0492219 0.0454657 0.0369143 0.0244527 0.034922
threshold=0.47130000000000005 0.30405000000000004 0.63000000000000012 0.52050000000000007 0.42870000000000003 0.52500000000000013
decision_type=2 2 2 2 2 2
left_child=1 -1 4 -2 5 -3
right_child=3 2 -4 -5 -6 -7
leaf_value=0.028450798984021503 -0.064780103914649861 -0.00072257536858785082 0.021627152593753418 -0.014298883263121162 0.0064645008294897796 -0.021999664289762608
leaf_weight=0.69548886129632581 0.2671879045665263 2.2067343164235358 0.85926200449466694 0.31638077180832624 1.7243433743715284 1.1859595761634407
leaf_count=10 2 8 6 8 8 14
internal_value=0 0.00327234 0.000342213 -0.0374118 -0.00323199 -0.00816025
internal_weight=0 6.67179 5.9763 0.583569 5.11704 3.39269
internal_count=56 46 36 10 30 22
is_linear=0
shrinkage=0.1


Tree=72
num_leaves=5
num_cat=0
split_feature=3 1 3 0
split_gain=0.0664052 0.020189 0.0445875 0.0137672
threshold=0.30405000000000004 0.55500000000000016 0.42870000000000003 0.91155000000000019
decision_type=2 2 2 2
left_child=-1 3 -3 -2
right_child=1 2 -4 -5
leaf_value=0.029078100799436707 -0.0024853875513854832 -0.024880015464019738 0.00023688254629461236 0.010824895270642334
leaf_weight=0.70805355766788114 2.2890502370428294 1.1287297187373044 1.8906295718625186 1.1764838623348626
leaf_count=10 12 12 12 10
internal_value=0 -0.00317489 -0.00915259 0.0020332
internal_weight=0 6.48489 3.01936 3.46553
internal_count=56 46 24 22
is_linear=0
shrinkage=0.1


Tree=73
num_leaves=5
num_cat=0
split_feature=1 3 3 2
split_gain=0.0308131 0.0562171 0.0171822 0.0398896
threshold=0.66500000000000015 0.30405000000000004 0.42870000000000003 0.55000000000000016
decision_type=2 2 2 2
left_child=1 -1 3 -3
right_child=-2 2 -4 -5
leaf_value=0.030306712484759753 -0.016784885717032755 -0.012322073961150766 0.0064518615384124671 0.010295453072817607
leaf_weight=0.65311534050852049 0.95060350140556682 2.3872718827333301 2.1165450601838529 1.1580334065947684
leaf_count=8 8 14 16 10
internal_value=0 0.00252666 -0.000677871 -0.00493432
internal_weight=0 6.31497 5.66185 3.54531
internal_count=56 48 40 24
is_linear=0
shrinkage=0.1


Tree=74
num_leaves=5
num_cat=0
split_feature=1 1 3 0
split_gain=0.0335822 0.0105661 0.0108851 0.00887038
threshold=0.66500000000000015 0.55500000000000016 0.42870000000000003 0.91155000000000019
decision_type=2 2 2 2
left_child=1 3 -3 -1
right_child=-2 2 -4 -5
leaf_value=0.0025944648566554596 -0.017368620567534462 -0.011874728841409395 0.0020641263471135123 0.01299925399388264
leaf_weight=2.3836143065709621 0.96530927903950203 0.80031173513270948 1.8677028510719536 1.2485475214198234
leaf_count=14 8 14 10 10
internal_value=0 0.00266121 -0.00211705 0.00617109
internal_weight=0 6.30018 2.66801 3.63216
internal_count=56 48 24 24
is_linear=0
shrinkage=0.1


Tree=75
num_leaves=8
num_cat=0
split_feature=3 4 1 1 4 3 3
split_gain=0.0647666 0.0369001 0.0259932 0.0185165 0.0109809 0.0435982 0.0592549
threshold=0.47130000000000005 0.52050000000000007 0.69000000000000006 0.52500000000000013 0.58535000000000015 0.42870000000000003 0.33050000000000007
decision_type=2 2 2 2 2 2 2
left_child=2 -2 3 -1 5 6 -5
right_child=1 -3 -4 4 -6 -7 -8
leaf_value=0.0074772734286960314 -0.06219713912560218 -0.010150274002375599 0.021290412134212712 -0.006903259555582195 0.0050106765950023256 0.002904619853276605 -0.05888308185044791
leaf_weight=2.381445134524256 0.24167452752590168 0.31217687530443072 0.67761203926056612 0.68116440158337399 1.0046543063363058 1.6113671138882637 0.32344414154067636
leaf_count=12 2 8 4 8 10 4 8
internal_value=0 -0.0328611 0.0027247 0.000628696 -0.00387591 -0.00728877 -0.0236387
internal_weight=0 0.553851 6.67969 6.00208 3.62063 2.61598 1.00461
internal_count=56 10 46 42 30 20 16
is_linear=0
shrinkage=0.1


Tree=76
num_leaves=7
num_cat=0
split_feature=1 3 0 4 4 1
split_gain=0.0252212 0.00710119 0.00843674 0.0176169 0.0377296 0.0107676
threshold=0.66500000000000015 0.30405000000000004 0.91155000000000019 0.50170000000000015 0.55125000000000013 0.55500000000000016
decision_type=2 2 2 2 2 2
left_child=1 -1 -3 -4 -5 -6
right_child=-2 2 3 4 5 -7
leaf_value=0.012435250080418984 -0.015169500631951719 -0.0034700122867404697 -0.0028331788677746651 0.042691035306078103 0.009963971186343127 -0.010180773027453524
leaf_weight=0.62456394312903274 0.95047622639685858 2.2898249032441527 1.6569915574509653 0.31835302710533131 0.94856686145067193 0.36838072375394404
leaf_count=8 8 12 6 6 4 12
internal_value=0 0.00232302 0.0011916 0.0044338 0.0117972 0.00432902
internal_weight=0 6.20668 5.58212 3.29229 1.6353 1.31695
internal_count=56 48 40 28 22 16
is_linear=0
shrinkage=0.1


Tree=77
num_leaves=5
num_cat=0
split_feature=1 3 2 1
split_gain=0.0387558 0.00889779 0.0205464 0.0642294
threshold=0.66500000000000015 0.42870000000000003 0.55000000000000016 0.52500000000000013
decision_type=2 2 2 2
left_child=1 2 3 -1
right_child=-2 -3 -4 -5
leaf_value=0.0035995070811165523 -0.018563503492834265 0.0080513222164229313 0.011541368377100715 -0.031930524438741885
leaf_weight=2.2978133400902157 0.97342804959043849 2.1753299348056316 1.1395015867892651 0.65349518531002093
leaf_count=10 8 16 10 12
internal_value=0 0.00288379 0.000135904 -0.00426775
internal_weight=0 6.26614 4.09081 2.95131
internal_count=56 48 32 22
is_linear=0
shrinkage=0.1


Tree=78
num_leaves=8
num_cat=0
split_feature=3 4 1 1 3 4 2
split_gain=0.0790448 0.0273172 0.0227907 0.010202 0.0279884 0.0386905 0.0169033
threshold=0.47130000000000005 0.52050000000000007 0.69000000000000006 0.52500000000000013 0.35230000000000006 0.54305000000000014 0.55000000000000016
decision_type=2 2 2 2 2 2 2
left_child=2 -2 3 -1 5 -5 -6
right_child=1 -3 -4 4 6 -7 -8
leaf_value=0.0061334637886850943 -0.062388822551070082 -0.017273471790444219 0.020472589614695114 -0.059801729110382763 -0.0041404653656924679 -0.0064899213713955108 0.011603531881250594
leaf_weight=2.3726774589158595 0.2334918975830077 0.31564027722924948 0.67268718406558026 0.18183739203959737 1.7096938281320035 0.54158280929550529 1.1344015868380666
leaf_count=12 2 8 4 4 8 10 8
internal_value=0 -0.0364566 0.00302735 0.00105179 -0.00232792 -0.0198903 0.00213922
internal_weight=0 0.549132 6.61288 5.94019 3.56752 0.72342 2.8441
internal_count=56 10 46 42 30 14 16
is_linear=0
shrinkage=0.1


Tree=79
num_leaves=5
num_cat=0
split_feature=1 3 3 2
split_gain=0.0134819 0.00745699 0.00853094 0.0255587
threshold=0.66500000000000015 0.30405000000000004 0.42870000000000003 0.55000000000000016
decision_type=2 2 2 2
left_child=1 -1 3 -3
right_child=-2 2 -4 -5
leaf_value=0.012153138878052314 -0.011054332184301069 -0.0084965899660072331 0.0056083122874915955 0.0098040866175472183
leaf_weight=0.61585553362965573 0.95519754569977511 2.324922373984009 2.0845026494935155 1.1360399682307618
leaf_count=8 8 14 16 10
internal_value=0 0.00171376 0.00055441 -0.0024895
internal_weight=0 6.16132 5.54546 3.46096
internal_count=56 48 40 24
is_linear=0
shrinkage=0.1


Tree=80
num_leaves=5
num_cat=0
split_feature=1 3 0 2
split_gain=0.015414 0.0110255 0.0082669 0.00362778
threshold=0.55500000000000016 0.42870000000000003 0.91155000000000019 0.55000000000000016
decision_type=2 2 2 2
left_child=2 3 -1 -2
right_child=1 -3 -4 -5
leaf_value=0.0012707552449991424 -0.017008294227907225 0.00064382615751287342 0.011523923432811578 -0.0072040971131267246
leaf_weight=2.3757828685920686 0.56732458621263515 1.874508701264858 1.1754278349690142 1.127446481375955
leaf_count=14 8 12 10 12
internal_value=0 -0.00464088 0.00466449 -0.0104861
internal_weight=0 3.56928 3.55121 1.69477
internal_count=56 32 24 20
is_linear=0
shrinkage=0.1


Tree=81
num_leaves=5
num_cat=0
split_feature=1 3 2 1
split_gain=0.0172815 0.0073494 0.0130544 0.0561704
threshold=0.66500000000000015 0.42870000000000003 0.55000000000000016 0.52500000000000013
decision_type=2 2 2 2
left_child=1 2 3 -1
right_child=-2 -3 -4 -5
leaf_value=0.0033332564097914921 -0.012489260303200429 0.0067287703568114218 0.0085925873173050629 -0.029850464318361219
leaf_weight=2.2949147413019095 0.95928011974319805 2.1088988455012441 1.1311462518060578 0.65588987851515401
leaf_count=10 8 16 10 12
internal_value=0 0.00193523 -0.000541311 -0.00404265
internal_weight=0 6.19085 4.08195 2.9508
internal_count=56 48 32 22
is_linear=0
shrinkage=0.1


Tree=82
num_leaves=6
num_cat=0
split_feature=1 3 3 2 4
split_gain=0.025754 0.0196184 0.018776 0.0142551 0.00237138
threshold=0.63000000000000012 0.30405000000000004 0.42870000000000003 0.55000000000000016 0.52050000000000007
decision_type=2 2 2 2 2
left_child=1 -1 3 -3 -2
right_child=4 2 -4 -5 -6
leaf_value=0.020227933806664745 -0.016148084973276119 -0.0080672545916722106 0.0082980396480190274 0.0063270580610170508 -0.0066905571502048344
leaf_weight=0.57779490062966932 0.84339183848351218 2.3386885800864552 2.0749568548053503 0.97475652582943428 0.38667277153581381
leaf_count=6 6 14 14 8 8
internal_value=0 0.00271634 0.000838582 -0.0038327 -0.0131751
internal_weight=0 5.9662 5.3884 3.31345 1.23006
internal_count=56 42 36 22 14
is_linear=0
shrinkage=0.1


Tree=83
num_leaves=7
num_cat=0
split_feature=3 1 4 1 3 2
split_gain=0.0954932 0.0336251 0.025944 0.00970351 0.0169935 0.0089472
threshold=0.47130000000000005 0.69000000000000006 0.52050000000000007 0.52500000000000013 0.35230000000000006 0.55000000000000016
decision_type=2 2 2 2 2 2
left_child=1 3 -2 -1 -5 -6
right_child=2 -3 -4 4 5 -7
leaf_value=0.005896074948881517 -0.061867802347993807 0.024213531996485654 -0.019144556291699436 -0.016261955080230244 -0.0034551059903132619 0.0080443849611767423
leaf_weight=2.3707008752971888 0.26849844492971886 0.69407373853027809 0.3020218200981617 0.70521656132768873 1.7129323990084231 1.1183287193998694
leaf_count=12 2 4 8 14 8 8
internal_value=0 0.00339231 -0.039251 0.000945889 -0.0023725 0.00108711
internal_weight=0 6.60125 0.57052 5.90718 3.53648 2.83126
internal_count=56 46 10 42 30 16
is_linear=0
shrinkage=0.1


Tree=84
num_leaves=6
num_cat=0
split_feature=1 3 3 2 1
split_gain=0.0165783 0.0166981 0.0152389 0.0140017 0.00628321
threshold=0.63000000000000012 0.30405000000000004 0.42870000000000003 0.55000000000000016 0.69000000000000006
decision_type=2 2 2 2 2
left_child=1 -1 3 -3 -2
right_child=4 2 -4 -5 -6
leaf_value=0.018405796006580096 -0.020149143389768837 -0.007896587669202244 0.0073960460031893497 0.006371901403672664 -0.0052253968565068301
leaf_weight=0.57438730751164246 0.43942780001088955 2.3360930220223968 1.9789559803903101 0.97468698141165067 0.78804080653935671
leaf_count=6 10 14 14 8 4
internal_value=0 0.00221209 0.000453689 -0.00369597 -0.010568
internal_weight=0 5.86412 5.28974 3.31078 1.22747
internal_count=56 42 36 22 14
is_linear=0
shrinkage=0.1


Tree=85
num_leaves=5
num_cat=0
split_feature=1 3 2 1
split_gain=0.0109582 0.00632086 0.0133967 0.0546341
threshold=0.66500000000000015 0.42870000000000003 0.55000000000000016 0.52500000000000013
decision_type=2 2 2 2
left_child=1 2 3 -1
right_child=-2 -3 -4 -5
leaf_value=0.0029226854782596042 -0.0099880274416995658 0.0060459216921591608 0.0085086625816493695 -0.030070337238236745
leaf_weight=2.2905838703736667 0.9509988180361687 2.0703125270083547 1.1299465732881797 0.64273579046130169
leaf_count=10 8 16 10 12
internal_value=0 0.00154863 -0.000742824 -0.0043066
internal_weight=0 6.13358 4.06327 2.93332
internal_count=56 48 32 22
is_linear=0
shrinkage=0.1


Tree=86
num_leaves=6
num_cat=0
split_feature=1 3 3 2 1
split_gain=0.0123862 0.0135463 0.0121109 0.014051 0.001601
threshold=0.63000000000000012 0.30405000000000004 0.42870000000000003 0.55000000000000016 0.69000000000000006
decision_type=2 2 2 2 2
left_child=1 -1 3 -3 -2
right_child=4 2 -4 -5 -6
leaf_value=0.016536018594864123 -0.01420722739229072 -0.0076098038664293381 0.0064695249233199179 0.0066792080467580192 -0.0065640504027736045
leaf_weight=0.57084245327860106 0.41854463843628742 2.3305100054712971 1.9986343486234543 0.97654719441197801 0.79389490932226181
leaf_count=6 10 14 14 8 4
internal_value=0 0.00189866 0.000323813 -0.00339037 -0.00920254
internal_weight=0 5.87653 5.30569 3.30706 1.21244
internal_count=56 42 36 22 14
is_linear=0
shrinkage=0.1


Tree=87
num_leaves=5
num_cat=0
split_feature=1 3 2 1
split_gain=0.0132018 0.00756237 0.0131376 0.0536036
threshold=0.66500000000000015 0.42870000000000003 0.55000000000000016 0.52500000000000013
decision_type=2 2 2 2
left_child=1 2 3 -1
right_child=-2 -3 -4 -5
leaf_value=0.0027830165290481444 -0.010929598077210625 0.0065809235996418195 0.0083474830704598352 -0.030028296315710253
leaf_weight=2.2882393074687575 0.95635248441249121 2.093612517695874 1.1279735332354901 0.63637588231358666
leaf_count=10 8 16 10 12
internal_value=0 0.00170066 -0.000820546 -0.0043565
internal_weight=0 6.1462 4.05259 2.92462
internal_count=56 48 32 22
is_linear=0
shrinkage=0.1


Tree=88
num_leaves=6
num_cat=0
split_feature=1 3 3 2 4
split_gain=0.0228433 0.00998198 0.0135702 0.0168004 0.00331294
threshold=0.63000000000000012 0.30405000000000004 0.42870000000000003 0.55000000000000016 0.52050000000000007
decision_type=2 2 2 2 2
left_child=1 -1 3 -3 -2
right_child=4 2 -4 -5 -6
leaf_value=0.015169809648844394 -0.015938575552689221 -0.0073719853971080818 0.0076114317233978226 0.0082181079132185742 -0.0046468800762074205
leaf_weight=0.56794007821008552 0.84433070942759492 2.3245140713406731 2.0544980545528233 0.98376515530981112 0.37534065032377839
leaf_count=6 6 14 14 8 8
internal_value=0 0.0025632 0.00122811 -0.00273604 -0.0124637
internal_weight=0 5.93072 5.36278 3.30828 1.21967
internal_count=56 42 36 22 14
is_linear=0
shrinkage=0.1


Tree=89
num_leaves=7
num_cat=0
split_feature=3 1 1 3 1 2
split_gain=0.113951 0.0469026 0.00834775 0.0135852 0.0123954 0.00679195
threshold=0.47130000000000005 0.69000000000000006 0.52500000000000013 0.35230000000000006 0.59500000000000008 0.55000000000000016
decision_type=2 2 2 2 2 2
left_child=1 2 -1 4 -4 -5
right_child=-2 -3 3 5 -6 -7
leaf_value=0.0054325418121654355 -0.041970275487492797 0.027954712043088033 -0.0064804942821477772 -0.0030967146960922814 -0.036135998820796343 0.0069577980744792104
leaf_weight=2.363441554363817 0.59351822175085533 0.71524810977280129 0.51135092508047852 1.7072226151358336 0.19457729044370353 1.1078119892627001
leaf_count=12 10 4 8 8 6 8
internal_value=0 0.00377446 0.00083536 -0.00225049 -0.0146545 0.000860079
internal_weight=0 6.59965 5.8844 3.52096 0.705928 2.81503
internal_count=56 46 42 30 14 16
is_linear=0
shrinkage=0.1


Tree=90
num_leaves=6
num_cat=0
split_feature=1 3 3 2 4
split_gain=0.0093627 0.00861858 0.00918408 0.0173655 0.00170455
threshold=0.63000000000000012 0.30405000000000004 0.42870000000000003 0.55000000000000016 0.52050000000000007
decision_type=2 2 2 2 2
left_child=1 -1 3 -3 -2
right_child=4 2 -4 -5 -6
leaf_value=0.01337895161851569 -0.010574675786961217 -0.0075265450970703144 0.0057905267552585266 0.008344746295783469 -0.0025036616512772551
leaf_weight=0.56633934914134432 0.82490798551589228 2.327253137598746 1.9769598855637012 0.97955609508790065 0.3832352333702147
leaf_count=6 6 14 14 8 8
internal_value=0 0.00165512 0.000398505 -0.00282509 -0.00801447
internal_weight=0 5.85011 5.28377 3.30681 1.20814
internal_count=56 42 36 22 14
is_linear=0
shrinkage=0.1


Tree=91
num_leaves=5
num_cat=0
split_feature=1 3 0 2
split_gain=0.0100635 0.0107966 0.00768223 0.00533904
threshold=0.55500000000000016 0.42870000000000003 0.91155000000000019 0.55000000000000016
decision_type=2 2 2 2
left_child=2 3 -1 -2
right_child=1 -3 -4 -5
leaf_value=0.00049495238608172063 -0.017526406117695261 0.0014994957420913311 0.010407111951981561 -0.0055834803814036917
leaf_weight=2.3615087585058063 0.56140046776272368 1.8519439869560299 1.1689343876205387 1.1232670979807153
leaf_count=14 8 12 10 12
internal_value=0 -0.0037703 0.00377688 -0.00956335
internal_weight=0 3.53661 3.53044 1.68467
internal_count=56 32 24 20
is_linear=0
shrinkage=0.1


Tree=92
num_leaves=5
num_cat=0
split_feature=1 3 0 2
split_gain=0.0149578 0.014795 0.0130014 0.00991979
threshold=0.55500000000000016 0.42870000000000003 0.91155000000000019 0.55000000000000016
decision_type=2 2 2 2
left_child=2 3 -1 -2
right_child=1 -3 -4 -5
leaf_value=0.00032848057952426427 -0.022148629638960315 0.0015916317837669882 0.013205350580005926 -0.0059247585906527988
leaf_weight=2.3627617419697344 0.56572580616921198 1.8507041321136055 1.1735389039386066 1.1289463265566155
leaf_count=14 8 12 10 12
internal_value=0 -0.00458996 0.00460173 -0.0113407
internal_weight=0 3.54538 3.5363 1.69467
internal_count=56 32 24 20
is_linear=0
shrinkage=0.1


Tree=93
num_leaves=5
num_cat=0
split_feature=1 3 0 2
split_gain=0.0204808 0.019426 0.0184628 0.00411424
threshold=0.55500000000000016 0.42870000000000003 0.91155000000000019 0.55000000000000016
decision_type=2 2 2 2
left_child=2 3 -1 -2
right_child=1 -3 -4 -5
leaf_value=0.00013547631911941266 -0.020154287008653127 0.0016886609940989254 0.015220501232914734 -0.0096743542597952648
leaf_weight=2.3642193372361362 0.55946647026576113 1.8487842772155998 1.2352540966821837 1.1336997435428202
leaf_count=14 8 12 10 12
internal_value=0 -0.00539858 0.0053123 -0.0131372
internal_weight=0 3.54195 3.59947 1.69317
internal_count=56 32 24 20
is_linear=0
shrinkage=0.1


Tree=94
num_leaves=7
num_cat=0
split_feature=1 3 4 1 3 2
split_gain=0.0383417 0.0613121 0.0377118 0.00658033 0.0101329 0.00891018
threshold=0.69000000000000006 0.47130000000000005 0.52050000000000007 0.52500000000000013 0.35230000000000006 0.55000000000000016
decision_type=2 2 2 2 2 2
left_child=1 3 -3 -1 -5 -6
right_child=-2 2 -4 4 5 -7
leaf_value=0.004572871707847757 0.022508263329532232 -0.064630302253229258 -0.010441261987666454 -0.012971540877886836 -0.0041180629300672927 0.0074142355404861766
leaf_weight=2.3659846656955779 0.68366091465577472 0.23831989616155613 0.27851057564839721 0.70461802964564446 1.693709188955836 1.108418514020741
leaf_count=12 4 2 8 14 8 8
internal_value=0 -0.00240831 -0.0354288 0.000497662 -0.00225186 0.00044369
internal_weight=0 6.38956 0.51683 5.87273 3.50675 2.80213
internal_count=56 52 10 42 30 16
is_linear=0
shrinkage=0.1


Tree=95
num_leaves=6
num_cat=0
split_feature=3 4 1 2 1
split_gain=0.00833687 0.0118479 0.0265236 0.0215776 0.0349849
threshold=0.42870000000000003 0.58535000000000015 0.41000000000000009 0.55000000000000016 0.57000000000000017
decision_type=2 2 2 2 2
left_child=1 2 -1 4 -4
right_child=-2 -3 3 -5 -6
leaf_value=0.0033584464070814247 0.0053583894996360433 0.007669714079627632 -0.048189531225701583 -0.0034774066094726414 -0.0076917658548763465
leaf_weight=2.0377810634672646 2.0543564972467721 0.97474416322074819 0.36606943199876663 1.0798663790337741 0.51119114644825459
leaf_count=6 18 8 10 8 6
internal_value=0 -0.00221505 -0.0046269 -0.0129413 -0.024591
internal_weight=0 4.96965 3.99491 1.95713 0.877261
internal_count=56 38 30 24 16
is_linear=0
shrinkage=0.1


Tree=96
num_leaves=5
num_cat=0
split_feature=1 0 1 3
split_gain=0.00998799 0.0106167 0.00999785 0.0107207
threshold=0.55500000000000016 0.91155000000000019 0.6100000000000001 0.39770000000000005
decision_type=2 2 2 2
left_child=1 -1 -2 -4
right_child=2 -3 3 -5
leaf_value=-5.6670403636124102e-05 -0.014377645574853829 0.011677297078435215 -0.0096479684919507716 0.0034007458334415529
leaf_weight=2.3638181511778384 0.70961304754018817 1.1443801060086118 0.95939636672847006 1.8318006452172992
leaf_count=14 14 10 8 10
internal_value=0 0.00377097 -0.00377893 -0.00108439
internal_weight=0 3.5082 3.50081 2.7912
internal_count=56 24 32 18
is_linear=0
shrinkage=0.1


Tree=97
num_leaves=5
num_cat=0
split_feature=1 0 3 2
split_gain=0.0101704 0.0114009 0.0108387 0.00454259
threshold=0.55500000000000016 0.91155000000000019 0.42870000000000003 0.55000000000000016
decision_type=2 2 2 2
left_child=1 -1 3 -2
right_child=2 -3 -4 -5
leaf_value=-0.00019735449575226913 -0.0171096358181443 0.011894692755354382 0.0014702255019102444 -0.0059964555115580333
leaf_weight=2.3656649552285671 0.54979970073327433 1.1630713151535021 1.8382522603496907 1.1111984296003357
leaf_count=14 8 10 12 12
internal_value=0 0.00378818 -0.0038201 -0.00967498
internal_weight=0 3.52874 3.49925 1.661
internal_count=56 24 32 20
is_linear=0
shrinkage=0.1


Tree=98
num_leaves=6
num_cat=0
split_feature=3 1 2 0 1
split_gain=0.0123684 0.013691 0.00783539 0.00577209 0.00756019
threshold=0.42870000000000003 0.55500000000000016 0.55000000000000016 0.91155000000000019 0.69000000000000006
decision_type=2 2 2 2 2
left_child=1 2 -1 -3 -5
right_child=-2 3 -4 4 -6
leaf_value=-0.0020745871794895158 0.0064432965600982666 -0.00094648274229203872 0.0087056394601386384 -0.025708176903451219 -0.0084627717101763787
leaf_weight=2.3585445021744822 2.0951427826657891 0.48565259552560713 0.94411341100931157 0.37137406226247549 0.80572932399809361
leaf_count=14 18 4 4 12 4
internal_value=0 -0.00271873 0.0010071 -0.0101192 -0.0139037
internal_weight=0 4.96541 3.30266 1.66276 1.1771
internal_count=56 38 18 20 16
is_linear=0
shrinkage=0.1


Tree=99
num_leaves=6
num_cat=0
split_feature=1 3 3 2 4
split_gain=0.0184026 0.01312 0.0182215 0.0165914 0.00518002
threshold=0.63000000000000012 0.42870000000000003 0.30405000000000004 0.55000000000000016 0.52050000000000007
decision_type=2 2 2 2 2
left_child=1 2 -1 -4 -2
right_child=4 -3 3 -5 -6
leaf_value=0.015361990208148549 -0.015538656645427055 0.0087411519353221365 -0.0086162953743419458 0.0069402417733079192 -0.0012250351327762873
leaf_weight=0.56992689426988397 0.84540420304983832 2.0587439327500761 2.3135798412840818 0.97428793017752457 0.36070787999778986
leaf_count=6 6 14 14 8 8
internal_value=0 0.00229498 -0.00114508 -0.00400645 -0.0112579
internal_weight=0 5.91654 3.85779 3.28787 1.20611
internal_count=56 42 28 22 14
is_linear=0
shrinkage=0.1


end of trees

feature_importances:
syntactic=217
phonological=209
inventory=99
featural=61
genetic=45

parameters:
[boosting: gbdt]
[objective: lambdarank]
[metric: ndcg]
[tree_learner: serial]
[device_type: cpu]
[data: ]
[valid: ]
[num_iterations: 100]
[learning_rate: 0.1]
[num_leaves: 16]
[num_threads: 6]
[deterministic: 0]
[force_col_wise: 0]
[force_row_wise: 0]
[histogram_pool_size: -1]
[max_depth: -1]
[min_data_in_leaf: 5]
[min_sum_hessian_in_leaf: 0.001]
[bagging_fraction: 1]
[pos_bagging_fraction: 1]
[neg_bagging_fraction: 1]
[bagging_freq: 0]
[bagging_seed: 3]
[feature_fraction: 1]
[feature_fraction_bynode: 1]
[feature_fraction_seed: 2]
[extra_trees: 0]
[extra_seed: 6]
[early_stopping_round: 0]
[first_metric_only: 0]
[max_delta_step: 0]
[lambda_l1: 0]
[lambda_l2: 0]
[linear_lambda: 0]
[min_gain_to_split: 0]
[drop_rate: 0.1]
[max_drop: 50]
[skip_drop: 0.5]
[xgboost_dart_mode: 0]
[uniform_drop: 0]
[drop_seed: 4]
[top_rate: 0.2]
[other_rate: 0.1]
[min_data_per_group: 100]
[max_cat_threshold: 32]
[cat_l2: 10]
[cat_smooth: 10]
[max_cat_to_onehot: 4]
[top_k: 20]
[monotone_constraints: ]
[monotone_constraints_method: basic]
[monotone_penalty: 0]
[feature_contri: ]
[forcedsplits_filename: ]
[refit_decay_rate: 0.9]
[cegb_tradeoff: 1]
[cegb_penalty_split: 0]
[cegb_penalty_feature_lazy: ]
[cegb_penalty_feature_coupled: ]
[path_smooth: 0]
[interaction_constraints: ]
[verbosity: 1]
[saved_feature_importance_type: 0]
[linear_tree: 0]
[max_bin: 255]
[max_bin_by_feature: ]
[min_data_in_bin: 3]
[bin_construct_sample_cnt: 200000]
[data_random_seed: 1]
[is_enable_sparse: 1]
[enable_bundle: 1]
[use_missing: 1]
[zero_as_missing: 0]
[feature_pre_filter: 1]
[pre_partition: 0]
[two_round: 0]
[header: 0]
[label_column: ]
[weight_column: ]
[group_column: ]
[ignore_column: ]
[categorical_feature: ]
[forcedbins_filename: ]
[precise_float_parser: 0]
[parser_config_file: ]
[objective_seed: 5]
[num_class: 1]
[is_unbalance: 0]
[scale_pos_weight: 1]
[sigmoid: 1]
[boost_from_average: 1]
[reg_sqrt: 0]
[alpha: 0.9]
[fair_c: 1]
[poisson_max_delta_step: 0.7]
[tweedie_variance_power: 1.5]
[lambdarank_truncation_level: 30]
[lambdarank_norm: 1]
[label_gain: ]
[eval_at: 1,2,3,4,5]
[multi_error_top_k: 1]
[auc_mu_weights: ]
[num_machines: 1]
[local_listen_port: 12400]
[time_out: 120]
[machine_list_filename: ]
[machines: ]
[gpu_platform_id: -1]
[gpu_device_id: -1]
[gpu_use_dp: 0]
[num_gpu: 1]

end of parameters

pandas_categorical:null
