tree
version=v4
num_class=1
num_tree_per_iteration=1
label_index=0
max_feature_idx=4
objective=lambdarank
feature_names=genetic syntactic featural phonological inventory
feature_infos=[0:1] [0:0.69999999999999996] [0:0.59999999999999998] [0.00020000000000000001:0.53190000000000004] [0:0.63929999999999998]
tree_sizes=1052 1060 1055 1050 950 858 858 956 852 1056 959 957 754 1066 961 966 752 758 963 859 864 963 865 1065 863 1176 863 761 763 1065 764 965 767 1074 761 867 977 870 970 972 967 972 868 977 972 767 767 871 765 767 766 768 871 770 871 766 866 869 868 982 773 975 664 872 657 873 768 873 767 769 973 665 768 667 877 667 875 662 879 666 879 666 874 877 767 769 873 985 869 768 772 665 875 872 876 882 879 668 664 666

Tree=0
num_leaves=9
num_cat=0
split_feature=1 4 1 1 3 1 0 3
split_gain=2.17584 0.735861 0.508928 0.364663 0.430381 0.340038 1.02869 0.38354
threshold=0.57500000000000007 0.5697000000000001 0.55500000000000016 0.66500000000000015 0.39985000000000009 0.41000000000000009 0.95000000000000007 0.42870000000000003
decision_type=2 2 2 2 2 2 2 2
left_child=2 3 5 4 -2 -1 -7 -8
right_child=1 -3 -4 -5 -6 6 7 -9
leaf_value=0.10212147266905416 -0.078206219126179713 -0.16638170318612189 0.14624188407753078 -0.12388643427477875 0.060731380079760137 -0.12673568764781434 0.12018870567355636 0.0089170033911206547
leaf_weight=0.57994500175118524 0.4110426716506479 0.67035058513283718 0.51756658032536496 0.3443024717271328 0.48723096959292889 0.3991132769733664 0.54984460771083832 0.70947502180933952
leaf_count=6 8 6 4 6 6 8 4 8
internal_value=0 -0.0819396 0.056875 -0.0363843 -0.00284533 0.0362112 0.0131628 0.0575005
internal_weight=0 1.91293 2.75594 1.24258 0.898274 2.23838 1.65843 1.25932
internal_count=56 26 30 20 14 26 20 12
is_linear=0
shrinkage=0.1


Tree=1
num_leaves=9
num_cat=0
split_feature=0 3 3 3 1 1 4 1
split_gain=6.6065 4.05276 1.75092 2.08344 1.57446 0.965501 0.757406 0.125709
threshold=1.0000000180025095e-35 0.33550000000000008 0.39985000000000009 0.42870000000000003 0.53500000000000014 0.53500000000000014 0.49515000000000003 0.57500000000000007
decision_type=2 2 2 2 2 2 2 2
left_child=-1 -2 5 -4 -5 -3 -6 -7
right_child=1 2 3 4 6 7 -8 -9
leaf_value=0.19909063763148702 -0.16001218556017113 -0.082901432447989712 0.11592915082625939 0.079553960404983734 0.014837085725498245 0.0079233861152394718 -0.075828093937286872 -0.029340675985008113
leaf_weight=1.5224261879920984 1.8057396113872553 2.8104984909296018 2.1248660087585449 1.6829280629754064 1.6170180290937426 2.4363845586776738 2.1418604515492916 1.4405460469424722
leaf_count=2 10 6 4 6 4 4 10 10
internal_value=0 -0.0188732 -0.000993425 0.0319554 -0.000833872 -0.0382743 -0.0368252 -0.00592277
internal_weight=0 16.0598 14.2541 7.56667 5.44181 6.68743 3.75888 3.87693
internal_count=56 54 44 24 20 20 14 14
is_linear=0
shrinkage=0.1


Tree=2
num_leaves=9
num_cat=0
split_feature=4 3 4 3 3 4 3 2
split_gain=3.81591 2.67692 0.944677 0.933753 1.95004 0.314049 0.16449 0.0332561
threshold=1.0000000180025095e-35 0.33550000000000008 0.52050000000000007 0.47130000000000005 0.39985000000000009 0.49515000000000003 0.42870000000000003 0.45000000000000007
decision_type=2 2 2 2 2 2 2 2
left_child=-1 7 5 4 -4 -3 -6 -2
right_child=1 2 3 -5 6 -7 -8 -9
leaf_value=0.1719990246628838 -0.13074436841174561 -0.019310068248010744 -0.016713902083592722 -0.038380732606539403 0.11611624473792777 -0.079210077011362595 0.070811448243002659 -0.16294572737134078
leaf_weight=1.1880141496658332 0.54225392639636882 2.1845280528068538 3.4033849760889989 2.2585436142981052 1.4948106408119202 1.4604209847748277 1.7276129126548767 0.78501827269792557
leaf_count=2 4 8 10 8 4 8 6 6
internal_value=0 -0.0147466 -0.000440988 0.0171468 0.0360745 -0.0433102 0.0918273 -0.14979
internal_weight=0 13.8566 12.5293 8.88435 6.62581 3.64495 3.22242 1.32727
internal_count=56 54 44 28 20 16 10 10
is_linear=0
shrinkage=0.1


Tree=3
num_leaves=9
num_cat=0
split_feature=4 3 3 4 1 3 3 0
split_gain=0.97936 2.80406 1.64007 1.63783 0.944743 1.53503 0.455402 0.0358367
threshold=0.55425000000000013 0.42870000000000003 0.39985000000000009 0.54930000000000012 0.41000000000000009 0.45575000000000004 0.33550000000000008 0.95000000000000007
decision_type=2 2 2 2 2 2 2 2
left_child=3 2 -2 4 -1 6 -6 -8
right_child=1 -3 -4 -5 5 -7 7 -9
leaf_value=0.058762859792848933 -0.044224897698904898 -0.15615410785057687 0.10536252541593827 0.12917349173265727 -0.13082172760234531 0.029659335491769301 -0.057755087956200726 -0.029435294132547953
leaf_weight=2.1714794635772687 1.8504972085356721 1.3915399461984632 1.2136537432670593 1.1710079833865163 0.91724854707717929 3.0838736072182655 0.93144920468330361 0.85883719474077225
leaf_count=6 8 8 4 4 8 8 6 4
internal_value=0 -0.038436 0.0150239 0.0187498 0.00251114 -0.0185804 -0.0735252 -0.0441695
internal_weight=0 4.45569 3.06415 9.1339 7.96289 5.79141 2.70753 1.79029
internal_count=56 20 12 36 32 26 18 10
is_linear=0
shrinkage=0.1


Tree=4
num_leaves=8
num_cat=0
split_feature=1 4 4 0 3 4 3
split_gain=0.945056 1.05622 0.785472 0.556511 1.2076 0.323387 0.0216667
threshold=0.57500000000000007 0.52050000000000007 0.59120000000000006 0.64285000000000003 0.45575000000000004 0.5697000000000001 0.45575000000000004
decision_type=2 2 2 2 2 2 2
left_child=2 6 3 -1 -5 -3 -2
right_child=1 5 -4 4 -6 -7 -8
leaf_value=0.06461234897979877 0.0036960121529794458 -0.055845970498240451 0.071190892610009299 -0.070358318210589951 0.039295243173892505 -0.14863690352164774 -0.011432914888120546
leaf_weight=1.0849813371896742 1.8225917816162109 0.7356607988476751 2.3247764408588409 2.0296726748347282 1.9880744293332098 0.76735958456993103 1.9696014821529388
leaf_count=6 10 6 8 8 8 6 4
internal_value=0 -0.0322789 0.0230123 0.00106232 -0.0160992 -0.10322 -0.0041617
internal_weight=0 5.29521 7.4275 5.10273 4.01775 1.50302 3.79219
internal_count=56 26 30 22 16 12 14
is_linear=0
shrinkage=0.1


Tree=5
num_leaves=7
num_cat=0
split_feature=0 0 1 3 3 4
split_gain=1.83916 1.05896 0.668127 0.481213 0.169451 0.216732
threshold=1.0000000180025095e-35 0.8660500000000001 0.59500000000000008 0.39985000000000009 0.45575000000000004 0.59120000000000006
decision_type=2 2 2 2 2 2
left_child=-1 -2 4 -4 5 -3
right_child=1 2 3 -5 -6 -7
leaf_value=0.15063520142810222 -0.10962394512156973 -0.011828139568665852 -0.079180167464360199 -0.0048231529192295465 0.043836683985999776 0.033425684328797646
leaf_weight=0.75747555494308549 0.98099257051944633 2.3980236500501615 1.460076902061701 2.1548546999692917 1.9272709786891935 1.8943256661295889
leaf_count=2 8 10 10 10 8 8
internal_value=0 -0.0105499 -0.000667258 -0.0348561 0.0192038 0.00814355
internal_weight=0 10.8155 9.83455 3.61493 6.21962 4.29235
internal_count=56 54 46 20 26 18
is_linear=0
shrinkage=0.1


Tree=6
num_leaves=7
num_cat=0
split_feature=1 0 1 3 4 3
split_gain=1.41143 0.469325 0.527217 0.369595 0.241538 0.294826
threshold=1.0000000180025095e-35 0.8660500000000001 0.59500000000000008 0.39985000000000009 0.55425000000000013 0.45575000000000004
decision_type=2 2 2 2 2 2
left_child=-1 -2 4 -4 5 -3
right_child=1 2 3 -5 -6 -7
leaf_value=0.1428639181235144 -0.078720238628432318 0.0076619655201316337 -0.072652738188131435 -0.0062929850338699321 -0.0094597988368181965 0.065799773199999981
leaf_weight=0.65031546354293901 0.88373964279889961 2.0867980420589434 1.418934151530266 2.0545808039605618 2.3175665140151978 1.4987164810299871
leaf_count=2 8 8 10 10 12 6
internal_value=0 -0.00905493 -0.00248901 -0.033401 0.0157004 0.0319631
internal_weight=0 10.2603 9.3766 3.47351 5.90308 3.58551
internal_count=56 54 46 20 26 14
is_linear=0
shrinkage=0.1


Tree=7
num_leaves=8
num_cat=0
split_feature=1 1 1 4 1 2 3
split_gain=0.4304 0.550207 0.525979 0.280635 0.611496 0.0941687 0.0545734
threshold=0.57500000000000007 0.55500000000000016 0.48500000000000004 0.52050000000000007 0.63000000000000012 0.45000000000000007 0.45575000000000004
decision_type=2 2 2 2 2 2 2
left_child=1 2 5 6 -5 -1 -2
right_child=3 -3 -4 4 -6 -7 -8
leaf_value=0.056485032102973613 -0.020427302577697839 0.087998621646454653 -0.033340418909490729 -0.1359573046319385 0.0098124544513892974 0.018954691538409663 0.0058899357358554354
leaf_weight=0.99354384839534793 1.7824922688305378 0.92824044078588475 2.1576010175049305 0.602564677596092 0.55086701363325119 2.0439453572034836 1.412233367562294
leaf_count=6 10 4 12 8 4 8 4
internal_value=0 0.017084 0.00441328 -0.0240588 -0.0663392 0.0312306 -0.00879373
internal_weight=0 6.12333 5.19509 4.34816 1.15343 3.03749 3.19473
internal_count=56 30 26 26 12 14 14
is_linear=0
shrinkage=0.1


Tree=8
num_leaves=7
num_cat=0
split_feature=1 4 1 1 3 0
split_gain=0.4646 0.247356 0.370481 0.313524 0.193211 0.0708853
threshold=0.59500000000000008 0.59120000000000006 0.48500000000000004 0.57500000000000007 0.39985000000000009 0.8660500000000001
decision_type=2 2 2 2 2 2
left_child=1 2 5 -4 -2 -1
right_child=4 -3 3 -5 -6 -7
leaf_value=0.046648405657988889 -0.06176052328992665 0.043721050069747573 -0.065815658413604622 0.017255120485940276 -0.011896691559039167 0.013717773560704534
leaf_weight=0.95586974546313319 1.2586595080792906 2.0582286529242992 1.1270494572818277 0.76117736846208561 2.0309073254466057 2.0675478130578995
leaf_count=6 10 10 8 4 10 8
internal_value=0 0.0146196 0.00242458 -0.0323284 -0.0309757 0.024129
internal_weight=0 6.96987 4.91164 1.88823 3.28957 3.02342
internal_count=56 36 26 12 20 14
is_linear=0
shrinkage=0.1


Tree=9
num_leaves=9
num_cat=0
split_feature=1 4 1 4 1 4 3 4
split_gain=0.329622 0.347669 0.458526 0.174149 0.180671 0.557859 0.150554 0.0304515
threshold=0.57500000000000007 0.52050000000000007 0.63000000000000012 0.52050000000000007 0.44000000000000006 0.55425000000000013 0.39985000000000009 0.47750000000000004
decision_type=2 2 2 2 2 2 2 2
left_child=3 7 -3 -1 -5 -6 -7 -2
right_child=1 2 -4 4 5 6 -8 -9
leaf_value=-0.01689527363909887 -0.020116353671159756 -0.1348621834178155 -0.0010525476289537201 -0.0066338176662459258 0.098500751640884926 0.031601639924370373 -0.021272776309744099 0.0016189146816539088
leaf_weight=1.3085601069033144 0.920203156769276 0.54571396112441994 0.4825209453701973 1.32049323618412 1.0180006399750712 1.2580249458551409 0.94157288223505009 2.1520380489528179
leaf_count=10 6 8 4 4 4 4 8 8
internal_value=0 -0.0217368 -0.0720692 0.0152448 0.0245124 0.0372948 0.0089679 -0.00489127
internal_weight=0 4.10048 1.02823 5.84665 4.53809 3.2176 2.1996 3.07224
internal_count=56 26 12 30 20 16 12 14
is_linear=0
shrinkage=0.1


Tree=10
num_leaves=8
num_cat=0
split_feature=1 3 3 1 4 1 1
split_gain=0.295943 0.155869 0.315014 0.220317 0.103312 0.25743 0.150049
threshold=0.57500000000000007 0.47130000000000005 0.39985000000000009 0.41000000000000009 0.52050000000000007 0.63000000000000012 0.63000000000000012
decision_type=2 2 2 2 2 2 2
left_child=1 2 3 -1 6 -6 -2
right_child=4 -3 -4 -5 5 -7 -8
leaf_value=0.03438150806930549 0.0025890703917971474 -0.020131790627853113 0.07482581401845094 -0.014763651641379952 -0.11829839541916715 -0.0049713751828173924 -0.043827502135501038
leaf_weight=1.8029944002628326 2.1248879581689843 1.0412842035293577 0.92597702890634526 1.8462860807776451 0.34463862515985955 0.47907604277133942 1.0360026247799394
leaf_count=6 8 8 6 10 8 4 6
internal_value=0 0.0147877 0.0227351 0.00951742 -0.0208442 -0.0523869 -0.0126243
internal_weight=0 5.61654 4.57526 3.64928 3.98461 0.823715 3.16089
internal_count=56 30 22 16 26 12 14
is_linear=0
shrinkage=0.1


Tree=11
num_leaves=8
num_cat=0
split_feature=1 1 1 1 4 3 3
split_gain=0.244441 0.184137 0.24558 0.202281 0.780488 0.135913 0.118167
threshold=0.59500000000000008 0.55500000000000016 0.57500000000000007 0.41000000000000009 0.54930000000000012 0.39985000000000009 0.42870000000000003
decision_type=2 2 2 2 2 2 2
left_child=1 3 -3 -1 -5 -2 -6
right_child=5 2 -4 4 6 -7 -8
leaf_value=0.027499795636667487 -0.050250203155788792 0.082585992777802208 0.0041219077111677299 -0.10021431105492769 0.035947061692321911 -0.0068804059279682049 -0.010933239410858555
leaf_weight=1.8312613070011137 1.1560448408126833 0.74292902648448922 0.8613700270652771 0.78634857386350665 1.2564225345849993 1.9271038863807914 0.93987591937184323
leaf_count=6 10 4 6 8 4 10 8
internal_value=0 0.0111169 0.0404576 0.00133878 -0.0147234 -0.0231422 0.0158853
internal_weight=0 6.41821 1.6043 4.81391 2.98265 3.08315 2.1963
internal_count=56 36 10 26 20 20 12
is_linear=0
shrinkage=0.1


Tree=12
num_leaves=6
num_cat=0
split_feature=1 3 3 1 4
split_gain=0.29464 0.126155 0.0879963 0.0790048 0.219134
threshold=0.59500000000000008 0.47130000000000005 0.39985000000000009 0.48500000000000004 0.59120000000000006
decision_type=2 2 2 2 2
left_child=1 3 -2 -1 -5
right_child=2 -3 -4 4 -6
leaf_value=0.030927835453940896 -0.047358077564869226 -0.02179511100329801 -0.012259691738126147 -0.028792636603011595 0.029793201841974093
leaf_weight=2.5960032902657986 1.1446125861257317 0.91088461130857457 1.9001196194440124 1.0625191591680052 1.5996378697454927
leaf_count=12 10 8 10 8 8
internal_value=0 0.012563 -0.0254543 0.0185149 0.00641044
internal_weight=0 6.16904 3.04473 5.25816 2.66216
internal_count=56 36 20 28 16
is_linear=0
shrinkage=0.1


Tree=13
num_leaves=9
num_cat=0
split_feature=3 0 3 3 4 0 3 3
split_gain=0.284023 0.305232 0.164183 0.143048 0.133102 0.127893 0.0246173 0.0430695
threshold=0.27740000000000004 0.8660500000000001 0.47130000000000005 0.36475000000000007 0.54930000000000012 0.95000000000000007 0.39985000000000009 0.42870000000000003
decision_type=2 2 2 2 2 2 2 2
left_child=-1 -2 3 5 -5 -3 -6 -8
right_child=1 2 -4 4 6 -7 7 -9
leaf_value=0.065797927694862854 -0.066316932621291277 0.0053200928629887562 -0.040603954112049291 -0.005239426327314071 0.023938386986184043 -0.036891617215699883 0.064182527468519879 0.025400301049119611
leaf_weight=0.61178955435752946 0.73545644804835131 2.0466501787304878 0.84108000993728627 1.3771468847990038 1.2072470039129259 1.1054429039359095 0.56142485141754128 0.58445712737739086
leaf_count=4 8 8 8 4 4 10 4 6
internal_value=0 -0.00475883 0.00110297 0.00619989 0.0194525 -0.00948361 0.0339032 0.0444017
internal_weight=0 8.45891 7.72345 6.88237 3.73028 3.15209 2.35313 1.14588
internal_count=56 52 44 36 18 18 14 10
is_linear=0
shrinkage=0.1


Tree=14
num_leaves=8
num_cat=0
split_feature=1 1 1 4 3 3 3
split_gain=0.219689 0.133289 0.198213 0.406914 0.124879 0.0723933 0.0464502
threshold=0.59500000000000008 0.55500000000000016 0.41000000000000009 0.54930000000000012 0.39985000000000009 0.39985000000000009 0.42870000000000003
decision_type=2 2 2 2 2 2 2
left_child=1 2 -1 -4 -3 -2 -5
right_child=5 4 3 6 -6 -7 -8
leaf_value=0.029071959099447577 -0.04205157937023208 0.01281779734498475 -0.080711407970586221 0.020886011464044788 0.071571833714517211 -0.0098517876825927348 -0.0093096299786249014
leaf_weight=1.7163457572460172 1.1445525065064432 0.88504868745803811 0.69014717265963588 1.1853733807802203 0.61183523386716843 1.7904817238450048 0.8934175819158553
leaf_count=6 10 6 8 4 4 10 8
internal_value=0 0.0109943 0.00237111 -0.0141796 0.0368329 -0.0224085 0.0079086
internal_weight=0 5.98217 4.48528 2.76894 1.49688 2.93503 2.07879
internal_count=56 36 26 20 10 20 12
is_linear=0
shrinkage=0.1


Tree=15
num_leaves=8
num_cat=0
split_feature=0 3 3 3 0 1 3
split_gain=0.174146 0.120042 0.659649 0.124642 0.104152 0.208405 0.124881
threshold=0.64285000000000003 0.47130000000000005 0.51265000000000016 0.45575000000000004 0.95000000000000007 0.55500000000000016 0.36475000000000007
decision_type=2 2 2 2 2 2 2
left_child=-1 3 -3 4 5 -2 -6
right_child=1 2 -4 -5 6 -7 -8
leaf_value=0.043559072370759913 -0.016688805970880623 0.039651753234812757 -0.12969783701771184 0.023347606400383344 -0.04205914151118928 0.043532657654065145 -0.0011886607510738388
leaf_weight=0.83167094737291414 1.3969450350850805 0.49916337057948101 0.42656507715582848 1.7188107147812841 1.3807295206934216 0.9762464016675948 1.6304264906793831
leaf_count=6 6 4 6 6 12 6 10
internal_value=0 -0.00451206 -0.0383826 -9.78368e-05 -0.00758218 0.00808416 -0.0199293
internal_weight=0 8.02889 0.925728 7.10316 5.38435 2.37319 3.01116
internal_count=56 50 10 40 34 12 22
is_linear=0
shrinkage=0.1


Tree=16
num_leaves=6
num_cat=0
split_feature=1 4 3 4 1
split_gain=0.160707 0.203812 0.203244 0.16219 0.0191941
threshold=0.59500000000000008 0.55425000000000013 0.45575000000000004 0.49515000000000003 0.66500000000000015
decision_type=2 2 2 2 2
left_child=1 2 3 -1 -2
right_child=4 -3 -4 -5 -6
leaf_value=0.030439657014978423 -0.025493964505108848 -0.016388809325401051 0.06660963020853071 -0.014935323061936926 -0.0081445988666656189
leaf_weight=1.8276863805949688 1.88270347006619 2.0656131953001022 0.82192035019397724 1.384489219635725 0.96428086608648289
leaf_count=10 14 14 6 6 6
internal_value=0 0.00915637 0.0222365 0.0108825 -0.0196177
internal_weight=0 6.09971 4.0341 3.21218 2.84698
internal_count=56 36 22 16 20
is_linear=0
shrinkage=0.1


Tree=17
num_leaves=6
num_cat=0
split_feature=1 4 3 1 3
split_gain=0.165662 0.070712 0.171413 0.126403 0.0157285
threshold=0.59500000000000008 0.55425000000000013 0.45575000000000004 0.41000000000000009 0.39985000000000009
decision_type=2 2 2 2 2
left_child=1 2 3 -1 -2
right_child=4 -3 -4 -5 -6
leaf_value=0.026044929386479551 -0.029167175771386111 -0.0059070654715087474 0.059669299193651694 -0.013865375313628515 -0.013905182732842334
leaf_weight=1.6634251102805142 1.1129896743223073 1.9833085797727106 0.7670575939118861 1.5175651032477617 1.7168889623135326
leaf_count=6 10 14 6 10 10
internal_value=0 0.00949807 0.0172369 0.00700479 -0.0199077
internal_weight=0 5.93136 3.94805 3.18099 2.82988
internal_count=56 36 22 16 20
is_linear=0
shrinkage=0.1


Tree=18
num_leaves=8
num_cat=0
split_feature=1 4 1 4 1 1 3
split_gain=0.120826 0.546164 0.234534 0.123367 0.203336 0.0599787 0.0435446
threshold=0.57500000000000007 0.52050000000000007 0.63000000000000012 0.59120000000000006 0.48500000000000004 0.41000000000000009 0.45575000000000004
decision_type=2 2 2 2 2 2 2
left_child=3 6 -3 4 5 -1 -2
right_child=1 2 -4 -5 -6 -7 -8
leaf_value=0.023660074880781781 0.015054575036819388 -0.13578435050396997 -0.025032493270428075 0.03426914822054785 -0.049792423353586621 -0.0090825930457274148 -0.0085051970610542874
leaf_weight=1.6625586077570922 1.9056432358920574 0.44223737064748991 0.3368474543094635 1.5249165371060369 0.65877308323979367 0.84320092573761929 1.3334346860647202
leaf_count=6 10 8 4 8 8 8 4
internal_value=0 -0.0127256 -0.0878993 0.0109039 -0.000355218 0.012642 0.0053557
internal_weight=0 4.01816 0.779085 4.68945 3.16453 2.50576 3.23908
internal_count=56 26 12 30 22 14 14
is_linear=0
shrinkage=0.1


Tree=19
num_leaves=7
num_cat=0
split_feature=1 1 4 1 2 3
split_gain=0.18887 0.0598846 0.139699 0.301267 0.0631063 0.0309277
threshold=0.59500000000000008 0.41000000000000009 0.52050000000000007 0.57500000000000007 0.55000000000000016 0.39985000000000009
decision_type=2 2 2 2 2 2
left_child=1 -1 3 -3 -4 -2
right_child=5 2 4 -5 -6 -7
leaf_value=0.026450699263468803 -0.034503913773835486 -0.074523154975696462 0.043401611325722532 0.014645247043429999 0.0084054340965681647 -0.012938517404266551
leaf_weight=1.6576410084962843 1.0799975562840702 0.60788206197321382 0.73784631863236438 1.0059047415852547 1.7080928795039654 1.7307235067710278
leaf_count=6 10 8 6 4 12 10
internal_value=0 0.0104344 0.0038947 -0.0189428 0.0189624 -0.0212249
internal_weight=0 5.71737 4.05973 1.61379 2.44594 2.81072
internal_count=56 36 30 12 18 20
is_linear=0
shrinkage=0.1


Tree=20
num_leaves=7
num_cat=0
split_feature=1 3 1 4 3 1
split_gain=0.208984 0.0974571 0.0328887 0.0686804 0.0227521 0.121266
threshold=0.59500000000000008 0.47130000000000005 0.48500000000000004 0.59120000000000006 0.45575000000000004 0.66500000000000015
decision_type=2 2 2 2 2 2
left_child=1 2 -1 -4 5 -2
right_child=4 -3 3 -5 -6 -7
leaf_value=0.024633040495045271 -0.066882786264269564 -0.024194233060639697 -0.0092005613996571697 0.023060544529276722 -0.013262630333807557 -0.0071396964171224139
leaf_weight=2.3188613206148148 0.56999932043254398 0.68919577077031124 1.2137273941189053 1.4461586158722637 1.3948893845081327 0.84110436215996742
leaf_count=12 10 8 8 8 6 4
internal_value=0 0.0110496 0.0159283 0.00833954 -0.0223195 -0.0312722
internal_weight=0 5.66794 4.97875 2.65989 2.80599 1.4111
internal_count=56 36 28 16 20 14
is_linear=0
shrinkage=0.1


Tree=21
num_leaves=8
num_cat=0
split_feature=1 1 1 4 1 3 1
split_gain=1.24516 0.634821 0.568558 0.0790753 0.202912 0.246266 0.0780508
threshold=0.41000000000000009 0.63000000000000012 0.66500000000000015 0.59120000000000006 0.55500000000000016 0.45575000000000004 0.59500000000000008
decision_type=2 2 2 2 2 2 2
left_child=-1 3 -3 4 5 -2 -6
right_child=1 2 -4 -5 6 -7 -8
leaf_value=0.075256447735334131 -0.088849067547655106 -0.12490400037736048 -0.013561016950064703 0.017800780835265161 0.023839370164239114 0.0049612697936173957 -0.010351518012995784
leaf_weight=1.7655954658985136 0.59284722805023216 0.91730298474431016 0.91716132126748562 1.5679494575597344 1.2857268527150154 0.53001037612557411 1.388899496756494
leaf_count=6 8 4 6 12 6 6 8
internal_value=0 -0.0184548 -0.0692368 -0.00109217 -0.00889291 -0.0445688 0.00608448
internal_weight=0 7.1999 1.83446 5.36543 3.79748 1.12286 2.67463
internal_count=56 50 10 40 28 14 14
is_linear=0
shrinkage=0.1


Tree=22
num_leaves=7
num_cat=0
split_feature=4 0 1 1 3 3
split_gain=0.088798 0.10782 0.0568206 0.0821436 0.0552198 0.0063268
threshold=0.59120000000000006 0.64285000000000003 0.55500000000000016 0.59500000000000008 0.39985000000000009 0.36475000000000007
decision_type=2 2 2 2 2 2
left_child=1 -1 5 -4 -5 -3
right_child=-2 2 3 4 -6 -7
leaf_value=0.03307565679668828 0.020744590456132694 -0.017681645818534004 0.019514170480032785 -0.02984108931733951 -0.00019526255823196313 -0.028930280415906069
leaf_weight=0.67568346485495556 1.6686072293668983 1.7421780079603197 1.2634022869169714 1.0120553551241758 1.6569845918565986 0.70129195228219021
leaf_count=6 12 4 6 10 8 10
internal_value=0 -0.00490876 -0.00893414 -0.00149275 -0.0114365 -0.0209101
internal_weight=0 7.0516 6.37591 3.93244 2.66904 2.44347
internal_count=56 44 38 24 18 14
is_linear=0
shrinkage=0.1


Tree=23
num_leaves=9
num_cat=0
split_feature=3 4 3 4 4 3 1 2
split_gain=0.117978 0.13833 0.0959528 0.259544 0.182849 0.039749 0.0200384 0.0340622
threshold=0.47130000000000005 0.54930000000000012 0.36475000000000007 0.52050000000000007 0.54930000000000012 0.39985000000000009 0.66500000000000015 0.45000000000000007
decision_type=2 2 2 2 2 2 2 2
left_child=2 -2 3 6 -4 -6 7 -1
right_child=1 -3 4 -5 5 -7 -8 -9
leaf_value=0.0271631802697836 0.0008224642016596102 -0.088199662581406588 -0.01184193682258332 -0.032656219093401759 0.023729363838205175 0.052332533039518597 0.02914764287514611 -0.0012201051408404482
leaf_weight=0.68404204770922672 0.38831942155957211 0.31707605719566345 1.3751275632530453 2.0269550736993551 1.1808406114578249 0.82548037543892849 0.74357715621590603 1.1071496233344078
leaf_count=6 4 6 6 10 4 10 4 6
internal_value=0 -0.0391931 0.00348056 -0.00598222 0.0162463 0.0354978 0.0153479 0.00961925
internal_weight=0 0.705395 7.94317 4.56172 3.38145 2.00632 2.53477 1.79119
internal_count=56 10 46 26 20 14 16 12
is_linear=0
shrinkage=0.1


Tree=24
num_leaves=7
num_cat=0
split_feature=1 3 1 4 1 3
split_gain=0.127106 0.0391419 0.0720301 0.0839136 0.0528701 0.0122381
threshold=0.59500000000000008 0.45575000000000004 0.41000000000000009 0.59120000000000006 0.48500000000000004 0.39985000000000009
decision_type=2 2 2 2 2 2
left_child=1 2 -1 -4 -3 -2
right_child=5 4 3 -5 -6 -7
leaf_value=0.019882470626882864 -0.02644513532524273 0.057124170510012812 -0.020764719950809665 0.013036198435858147 0.006978777744283968 -0.012606676703691777
leaf_weight=1.9522527083754537 1.0097182691097262 0.36305626481771458 1.5630092918872835 1.385559184476733 0.49957178719341755 1.7408336605876682
leaf_count=6 10 4 12 8 6 10
internal_value=0 0.00844083 0.00498337 -0.00488136 0.0280836 -0.0176867
internal_weight=0 5.76345 4.90082 2.94857 0.862628 2.75055
internal_count=56 36 26 20 10 20
is_linear=0
shrinkage=0.1


Tree=25
num_leaves=10
num_cat=0
split_feature=1 3 3 4 4 1 4 3 3
split_gain=0.066716 0.0655999 0.089543 0.113239 0.103726 0.048187 0.150446 0.0114771 0.00105986
threshold=0.41000000000000009 0.36475000000000007 0.47130000000000005 0.54930000000000012 0.54930000000000012 0.66500000000000015 0.45240000000000008 0.39985000000000009 0.42870000000000003
decision_type=2 2 2 2 2 2 2 2 2
left_child=-1 5 4 -4 -3 6 -2 -6 -9
right_child=1 2 3 -5 7 -7 -8 8 -10
leaf_value=0.016233358327586621 -0.075028736293220197 -0.010887622006554545 0.0079426290299581277 -0.075233394000963488 0.018666405734114933 0.0021285324385845019 -0.0088243572703907685 0.037916019154068649 0.030529398675108222
leaf_weight=1.9510204121470449 0.47076099738478694 1.3792705480009324 0.35537824407219876 0.30344258993864059 1.1347607076168058 0.86494518816471089 1.2672213148325679 0.41125781461596478 0.36812082305550575
leaf_count=6 6 6 4 6 4 4 10 4 6
internal_value=0 -0.00483156 0.00328683 -0.0303669 0.010019 -0.0171584 -0.0267569 0.0250837 0.0344271
internal_weight=0 6.55516 3.95223 0.658821 3.29341 2.60293 1.73798 1.91414 0.779379
internal_count=56 50 30 10 20 20 16 14 10
is_linear=0
shrinkage=0.1


Tree=26
num_leaves=7
num_cat=0
split_feature=1 4 3 4 1 3
split_gain=0.0885113 0.0399015 0.0494492 0.0493072 0.173619 0.0092608
threshold=0.59500000000000008 0.49515000000000003 0.36475000000000007 0.59120000000000006 0.48500000000000004 0.39985000000000009
decision_type=2 2 2 2 2 2
left_child=1 -1 -3 4 -4 -2
right_child=5 2 3 -5 -6 -7
leaf_value=0.02012365547028663 -0.022556191412429667 -0.010624491217496649 0.048921822574929885 0.023444900323050813 -0.043943449617990273 -0.010420084815696673
leaf_weight=1.661574190482497 0.99851529672741923 1.7974384166300295 0.3324777185916904 1.3664780613034961 0.51034604012966156 1.6980024911463258
leaf_count=10 10 6 4 8 8 10
internal_value=0 0.00709489 0.00169193 0.0117123 -0.00730989 -0.0149141
internal_weight=0 5.66831 4.00674 2.2093 0.842824 2.69652
internal_count=56 36 26 20 12 20
is_linear=0
shrinkage=0.1


Tree=27
num_leaves=6
num_cat=0
split_feature=1 4 1 1 4
split_gain=0.0966649 0.072357 0.0305779 0.0101204 0.00345585
threshold=0.59500000000000008 0.55425000000000013 0.44000000000000006 0.66500000000000015 0.49515000000000003
decision_type=2 2 2 2 2
left_child=1 2 -1 -2 -4
right_child=3 -3 4 -5 -6
leaf_value=0.0073739505072699524 -0.019750403447325239 -0.0096165014179867107 0.0216944196710484 -0.0068534421453552933 0.031106300650876269
leaf_weight=2.2743181269615889 1.8214633120223882 1.7285009771585462 1.0498906150460245 0.91364427655935276 0.62080424465239037
leaf_count=10 14 14 4 6 8
internal_value=0 0.00744446 0.0149197 -0.0154423 0.0251917
internal_weight=0 5.67351 3.94501 2.73511 1.67069
internal_count=56 36 22 20 12
is_linear=0
shrinkage=0.1


Tree=28
num_leaves=6
num_cat=0
split_feature=1 4 3 3 2
split_gain=0.0798893 0.045557 0.0537899 0.0490886 0.00868188
threshold=0.59500000000000008 0.49515000000000003 0.36475000000000007 0.47130000000000005 0.55000000000000016
decision_type=2 2 2 2 2
left_child=1 -1 -3 -4 -2
right_child=4 2 3 -5 -6
leaf_value=0.020552220421445954 -0.019238352595022983 -0.011760421584784658 0.020594212140286713 -0.013977524647000458 -0.0079056252297274362
leaf_weight=1.6866198815405367 1.4798861630260944 1.8116768822073939 1.5875931289047005 0.55404547788202752 1.2444499605335295
leaf_count=10 8 6 12 8 12
internal_value=0 0.00679241 0.000922001 0.0116504 -0.0140617
internal_weight=0 5.63994 3.95332 2.14164 2.72434
internal_count=56 36 26 20 20
is_linear=0
shrinkage=0.1


Tree=29
num_leaves=9
num_cat=0
split_feature=1 3 4 2 1 4 3 3
split_gain=0.0813303 0.0723807 0.0749747 0.0555124 0.0524172 0.148621 0.0239391 0.173692
threshold=0.41000000000000009 0.36475000000000007 0.52050000000000007 0.55000000000000016 0.66500000000000015 0.45240000000000008 0.39985000000000009 0.42870000000000003
decision_type=2 2 2 2 2 2 2 2
left_child=-1 4 -3 -4 5 -2 -5 -8
right_child=1 2 3 6 -6 -7 7 -9
leaf_value=0.018097821889289708 -0.076706451107562315 -0.014193478441670529 0.043143569888890794 0.015289234715892533 0.001469850166427757 -0.010364405718175316 0.034787349956122947 -0.067060586631019839
leaf_weight=1.9098866209387777 0.46689900010824237 1.488598579540849 0.52564797550439846 1.1046699881553648 0.87210191413760174 1.2200960805639622 0.39394193887710582 0.29123787302523851
leaf_count=6 6 8 6 4 4 10 4 8
internal_value=0 -0.00543198 0.00331567 0.014572 -0.0184354 -0.0287255 0.00618106 -0.00850344
internal_weight=0 6.36319 3.8041 2.3155 2.5591 1.687 1.78985 0.68518
internal_count=56 50 30 22 20 16 16 12
is_linear=0
shrinkage=0.1


Tree=30
num_leaves=6
num_cat=0
split_feature=1 3 4 1 0
split_gain=0.0851556 0.0548432 0.0684137 0.0599119 0.0405717
threshold=0.41000000000000009 0.36475000000000007 0.59120000000000006 0.55500000000000016 0.95000000000000007
decision_type=2 2 2 2 2
left_child=-1 4 3 -3 -2
right_child=1 2 -4 -5 -6
leaf_value=0.018467928063388803 -0.00558215275300718 -0.037387893125852584 0.019857361057462584 0.0003458410208957059 -0.031367674145673478
leaf_weight=1.9099072143435476 1.3459477629512548 0.54463910311460573 1.3586503313854335 1.8502468280494211 1.1162739899009466
leaf_count=6 8 10 10 10 12
internal_value=0 -0.00567461 0.00193316 -0.00823547 -0.0172723
internal_weight=0 6.21576 3.75354 2.39489 2.46222
internal_count=56 50 30 20 20
is_linear=0
shrinkage=0.1


Tree=31
num_leaves=8
num_cat=0
split_feature=1 3 4 2 0 3 3
split_gain=0.0715757 0.0524232 0.059491 0.0406873 0.035513 0.0180706 0.117958
threshold=0.41000000000000009 0.36475000000000007 0.52050000000000007 0.55000000000000016 0.95000000000000007 0.39985000000000009 0.42870000000000003
decision_type=2 2 2 2 2 2 2
left_child=-1 4 -3 -4 -2 -5 -7
right_child=1 2 3 5 -6 6 -8
leaf_value=0.016938192975797451 -0.0056359650004424054 -0.013328399757593763 0.03741412939064933 0.012961672323839433 -0.029805180362807063 0.027985531666814861 -0.059899130853999664
leaf_weight=1.9058865085244177 1.3430619612336159 1.475708791986108 0.50810948386788379 1.100506395101547 1.1107058944180608 0.37015840411186229 0.25998994149267673
leaf_count=6 8 8 6 4 12 4 8
internal_value=0 -0.00523363 0.00225926 0.0125341 -0.0165762 0.00522941 -0.00827439
internal_weight=0 6.16824 3.71447 2.23876 2.45377 1.73065 0.630148
internal_count=56 50 30 22 20 16 12
is_linear=0
shrinkage=0.1


Tree=32
num_leaves=6
num_cat=0
split_feature=1 3 4 1 0
split_gain=0.0717132 0.0459732 0.0597038 0.0408808 0.0274349
threshold=0.41000000000000009 0.36475000000000007 0.59120000000000006 0.55500000000000016 0.95000000000000007
decision_type=2 2 2 2 2
left_child=-1 4 3 -3 -2
right_child=1 2 -4 -5 -6
leaf_value=0.016957956495001949 -0.0062839814458795096 -0.032366678781232526 0.018603897453447347 -0.00070954971644791203 -0.027565641488546712
leaf_weight=1.9021935090422628 1.3414150383323431 0.52732504718005735 1.341926861554384 1.8015147242695091 1.1045253169722855
leaf_count=6 8 10 10 10 12
internal_value=0 -0.00527364 0.00180318 -0.00787775 -0.0158942
internal_weight=0 6.11671 3.67077 2.32884 2.44594
internal_count=56 50 30 20 20
is_linear=0
shrinkage=0.1


Tree=33
num_leaves=9
num_cat=0
split_feature=1 3 3 4 4 1 4 3
split_gain=0.0605636 0.0433138 0.0535116 0.0524481 0.0452405 0.0327386 0.122704 0.0188549
threshold=0.41000000000000009 0.36475000000000007 0.47130000000000005 0.54930000000000012 0.54930000000000012 0.66500000000000015 0.45240000000000008 0.39985000000000009
decision_type=2 2 2 2 2 2 2 2
left_child=-1 5 3 -3 -4 6 -2 -5
right_child=1 2 4 7 -6 -7 -8 -9
leaf_value=0.015604960749723907 -0.069069940108723402 -0.0075075238455851291 0.00031894336513659237 0.010814011958545618 -0.057087593945368713 0.00071056125223747154 -0.006718246897771416 0.032501560655419794
leaf_weight=1.8964707329869268 0.43236331641674075 1.3584220111370093 0.29238735139369953 1.094716854393482 0.25877867639064789 0.8518470712006091 1.1688802330754695 0.6324739335104822
leaf_count=6 6 6 4 4 6 4 10 10
internal_value=0 -0.0048596 0.0020668 0.00719348 -0.0266341 -0.0151282 -0.0235543 0.0187557
internal_weight=0 6.08987 3.63678 3.08561 0.551166 2.45309 1.60124 1.72719
internal_count=56 50 30 20 10 20 16 14
is_linear=0
shrinkage=0.1


Tree=34
num_leaves=6
num_cat=0
split_feature=1 3 4 0 1
split_gain=0.0641483 0.0356296 0.0480224 0.0294797 0.0158424
threshold=0.41000000000000009 0.36475000000000007 0.59120000000000006 0.95000000000000007 0.55500000000000016
decision_type=2 2 2 2 2
left_child=-1 3 4 -2 -3
right_child=1 2 -4 -5 -6
leaf_value=0.01603562033494076 -0.0045025205095563124 -0.02324092387742312 0.016364783347031699 -0.02679123761917972 -0.0031400670667037379
leaf_weight=1.8956935107707975 1.3217787556350231 0.50340006593614894 1.3242425797507165 1.0768559030257165 1.773354774340987
leaf_count=6 8 10 10 12 10
internal_value=0 -0.00506675 0.00122272 -0.0145089 -0.00758445
internal_weight=0 5.99963 3.601 2.39863 2.27675
internal_count=56 50 30 20 20
is_linear=0
shrinkage=0.1


Tree=35
num_leaves=7
num_cat=0
split_feature=1 1 1 0 3 3
split_gain=0.0527356 0.0671497 0.0390344 0.0464288 0.0330434 0.0206851
threshold=0.41000000000000009 0.44000000000000006 0.57500000000000007 0.95000000000000007 0.47130000000000005 0.39985000000000009
decision_type=2 2 2 2 2 2
left_child=-1 -2 4 -4 -3 -5
right_child=1 2 3 5 -6 -7
leaf_value=0.014541351950942303 -0.047864959731077829 0.016527605725793686 0.01047198536899293 -0.025716548393194968 -0.013823802160677452 -0.0077632302679593096
leaf_weight=1.89325825124979 0.33859488926827896 1.5068815844133494 0.98023439198732409 1.0725650424137714 0.47075387835502613 1.5977302705869076
leaf_count=6 4 12 4 12 8 10
internal_value=0 -0.00461398 -0.00201197 -0.00814162 0.00930279 -0.0149745
internal_weight=0 5.96676 5.62817 3.65053 1.97764 2.6703
internal_count=56 50 46 26 20 22
is_linear=0
shrinkage=0.1


Tree=36
num_leaves=8
num_cat=0
split_feature=0 1 3 3 1 1 3
split_gain=0.0583987 0.0188559 0.028288 0.105655 0.0139828 0.00809785 0.00689407
threshold=0.64285000000000003 0.59500000000000008 0.39985000000000009 0.47130000000000005 0.53500000000000014 0.57500000000000007 0.39985000000000009
decision_type=2 2 2 2 2 2 2
left_child=-1 2 4 -4 -2 -6 -3
right_child=1 6 3 -5 5 -7 -8
leaf_value=0.030030629107562486 -0.0091289786005540347 -0.01616869194892883 0.059415840010635823 -0.013338759018644009 0.0090932893071901093 -0.0031069220387370268 -0.0053907814229231694
leaf_weight=0.59792408160865296 1.6877649668604138 0.95230613602325354 0.35257941670715798 0.46004442125558853 1.0892282649874687 1.0869555361568928 1.5750711904838679
leaf_count=6 6 10 6 8 4 6 10
internal_value=0 -0.00249252 0.00126853 0.0182278 -0.00229816 0.00299955 -0.00945186
internal_weight=0 7.20395 4.67657 0.812624 3.86395 2.17618 2.52738
internal_count=56 50 30 14 16 10 20
is_linear=0
shrinkage=0.1


Tree=37
num_leaves=7
num_cat=0
split_feature=1 1 1 0 3 3
split_gain=0.0465305 0.0721159 0.0283841 0.0357399 0.027481 0.0202932
threshold=0.41000000000000009 0.44000000000000006 0.57500000000000007 0.95000000000000007 0.45575000000000004 0.39985000000000009
decision_type=2 2 2 2 2 2
left_child=-1 -2 4 -4 -3 -5
right_child=1 2 3 5 -6 -7
leaf_value=0.013721767222651391 -0.049054940453308049 -0.00023309726958423897 0.009601742074140442 -0.023267611135823957 0.025105841965378434 -0.0055301131849983792
leaf_weight=1.8756449520587919 0.34017434157431115 1.2900520972907541 0.97046824544668231 1.0941988499835136 0.64052403718233097 1.571199092082679
leaf_count=6 4 10 4 12 10 10
internal_value=0 -0.00435734 -0.0016258 -0.00682922 0.00817382 -0.0128117
internal_weight=0 5.90662 5.56644 3.63587 1.93058 2.6654
internal_count=56 50 46 26 20 22
is_linear=0
shrinkage=0.1


Tree=38
num_leaves=8
num_cat=0
split_feature=0 3 0 4 2 3 3
split_gain=0.0530134 0.0147911 0.0415029 0.039601 0.0368164 0.0152777 0.0851541
threshold=0.64285000000000003 0.36475000000000007 0.95000000000000007 0.52050000000000007 0.55000000000000016 0.39985000000000009 0.42870000000000003
decision_type=2 2 2 2 2 2 2
left_child=-1 2 -2 -3 -5 -6 -7
right_child=1 3 -4 4 5 6 -8
leaf_value=0.029018917710277443 9.2924632790556669e-05 -0.010424478387875634 -0.023202404004702297 0.03709679601210799 0.011060245379202692 0.025924809171198788 -0.055356625092093076
leaf_weight=0.58213839679956425 2.5904119424521923 1.4331316547468307 1.0851696338504555 0.43428421765565883 1.0828001797199247 0.29367860406637203 0.22970499657094479
leaf_count=6 8 8 12 6 4 4 8
internal_value=0 -0.00236293 -0.00678473 0.00231599 0.0112643 0.00427965 -0.00974836
internal_weight=0 7.14918 3.67558 3.4736 2.04047 1.60618 0.523384
internal_count=56 50 20 30 22 16 12
is_linear=0
shrinkage=0.1


Tree=39
num_leaves=8
num_cat=0
split_feature=1 3 1 4 4 4 4
split_gain=0.0422416 0.0299377 0.0433289 0.0934462 0.0395204 0.0184411 0.0833044
threshold=0.41000000000000009 0.36475000000000007 0.66500000000000015 0.45240000000000008 0.59120000000000006 0.49515000000000003 0.55425000000000013
decision_type=2 2 2 2 2 2 2
left_child=-1 2 3 -2 5 -3 -7
right_child=1 4 -4 -5 -6 6 -8
leaf_value=0.013123540860468236 -0.063840468796798555 0.001180574701764265 0.005331823114670088 -0.0080471476898651747 0.015674906719909534 0.0082069982796758364 -0.054445087763909196
leaf_weight=1.8604596778750417 0.40720943175256286 1.2783156670629985 0.85509591922163952 1.1422326560132203 1.2863730825483797 0.51406573690474022 0.36144137568771839
leaf_count=6 6 4 4 10 10 10 6
internal_value=0 -0.0041774 -0.012738 -0.0227102 0.00180605 -0.00647715 -0.0176581
internal_weight=0 5.84473 2.40454 1.54944 3.4402 2.15382 0.875507
internal_count=56 50 20 16 30 20 16
is_linear=0
shrinkage=0.1


Tree=40
num_leaves=8
num_cat=0
split_feature=1 3 4 2 0 3 3
split_gain=0.0273725 0.0325256 0.0456328 0.023442 0.0222684 0.00280374 0.0798488
threshold=0.41000000000000009 0.36475000000000007 0.52050000000000007 0.55000000000000016 0.95000000000000007 0.39985000000000009 0.42870000000000003
decision_type=2 2 2 2 2 2 2
left_child=-1 4 -3 -4 -2 -5 -7
right_child=1 2 3 5 -6 6 -8
leaf_value=0.010528629110082526 -0.0037041066333266081 -0.010787327171296195 0.033996116328969275 0.0099568415663161894 -0.023359629061162943 0.036110568609563187 -0.045386183494929427
leaf_weight=1.863565109670162 1.2843641433864832 1.4306769669055941 0.40867613255977597 1.074412368237972 1.0456696888431907 0.27768879383802425 0.21201174333691597
leaf_count=6 8 8 6 4 12 4 8
internal_value=0 -0.00342213 0.0028098 0.0126705 -0.0125251 0.0070985 0.000827233
internal_weight=0 5.7335 3.40347 1.97279 2.33003 1.56411 0.489701
internal_count=56 50 30 22 20 16 12
is_linear=0
shrinkage=0.1


Tree=41
num_leaves=8
num_cat=0
split_feature=1 3 4 0 2 3 3
split_gain=0.0296144 0.0273917 0.0348503 0.0183819 0.0119507 0.00366153 0.0419187
threshold=0.41000000000000009 0.36475000000000007 0.52050000000000007 0.95000000000000007 0.55000000000000016 0.39985000000000009 0.42870000000000003
decision_type=2 2 2 2 2 2 2
left_child=-1 3 -3 -2 -4 -6 -7
right_child=1 2 4 -5 5 6 -8
leaf_value=0.010952760555454757 -0.0039215639800113545 -0.0097181628281987342 0.026257419961559919 -0.02180675573368019 0.010120692149354271 0.025244941868856691 -0.034704052319582353
leaf_weight=1.8608449175953863 1.2831158973276615 1.4235181715339424 0.40061951801180806 1.040763249155134 1.0728626474738119 0.27251167409122001 0.20391940418630838
leaf_count=6 8 8 6 12 4 4 8
internal_value=0 -0.00357737 0.00217763 -0.0119316 0.0108621 0.00688109 -0.000414096
internal_weight=0 5.69731 3.37343 2.32388 1.94991 1.54929 0.476431
internal_count=56 50 30 20 22 16 12
is_linear=0
shrinkage=0.1


Tree=42
num_leaves=7
num_cat=0
split_feature=1 3 4 1 1 4
split_gain=0.0307411 0.0236304 0.038909 0.0510378 0.0180612 0.0651261
threshold=0.41000000000000009 0.36475000000000007 0.59120000000000006 0.55500000000000016 0.66500000000000015 0.45240000000000008
decision_type=2 2 2 2 2 2
left_child=-1 4 3 -3 5 -2
right_child=1 2 -4 -5 -6 -7
leaf_value=0.01116379357217624 -0.053906118288891428 -0.036830249119330381 0.015547479031674078 0.0014314239806906813 0.0003667448096694927 -0.0058133961423105073
leaf_weight=1.8581079840660093 0.37736772745847735 0.4423261387273677 1.265596095472574 1.6458192272111771 0.83373964019119728 1.1092629386112092
leaf_count=6 6 10 10 10 4 10
internal_value=0 -0.00365582 0.00171203 -0.00667344 -0.0114142 -0.0180213
internal_weight=0 5.67411 3.35374 2.08815 2.32037 1.48663
internal_count=56 50 30 20 20 16
is_linear=0
shrinkage=0.1


Tree=43
num_leaves=8
num_cat=0
split_feature=0 4 3 1 1 1 1
split_gain=0.0307348 0.0125064 0.0212721 0.0368515 0.0174578 0.0177945 0.0199852
threshold=0.8660500000000001 0.55425000000000013 0.39985000000000009 0.63000000000000012 0.63000000000000012 0.44000000000000006 0.59500000000000008
decision_type=2 2 2 2 2 2 2
left_child=-1 4 -3 -4 5 -2 -7
right_child=1 2 3 -5 -6 6 -8
leaf_value=0.019921327314418265 -0.0052472078534445063 -0.0029764157485524909 -0.056557213221020988 0.0032563053504803918 -0.012235968918390197 0.016575198582723414 -0.0008080682708906967
leaf_weight=0.70182224921882141 1.6176777705550192 1.1915006032213566 0.2257126411423086 0.18946907669305801 0.91083987895399321 1.3510602470487356 1.2955886973068118
leaf_count=10 4 8 8 2 8 10 6
internal_value=0 -0.00206157 -0.00976865 -0.0292612 0.000331172 0.00301545 0.00806573
internal_weight=0 6.78185 1.60668 0.415182 5.17517 4.26433 2.64665
internal_count=56 46 18 10 28 20 16
is_linear=0
shrinkage=0.1


Tree=44
num_leaves=8
num_cat=0
split_feature=1 4 1 3 4 1 1
split_gain=0.0299142 0.0776589 0.0123046 0.0344468 0.0309348 0.0455354 0.0803442
threshold=0.41000000000000009 0.45240000000000008 0.57500000000000007 0.47130000000000005 0.51755000000000007 0.66500000000000015 0.63000000000000012
decision_type=2 2 2 2 2 2 2
left_child=-1 -2 3 -3 -4 6 -6
right_child=1 2 4 -5 5 -7 -8
leaf_value=0.01103748102612674 -0.048315360464627796 0.013495974964876287 0.0030167852568194257 -0.019934615278830524 -0.095060887342359415 -0.0042142403752299974 -0.0013975252750792861
leaf_weight=1.847637742757797 0.36374993994832028 1.40561450086534 2.2207071147859101 0.39478873182088126 0.1757670468650756 0.86428640596568584 0.19121549278497696
leaf_count=6 6 12 8 8 8 6 2
internal_value=0 -0.00363119 -0.000536621 0.00616538 -0.0040321 -0.0167454 -0.0462578
internal_weight=0 5.61613 5.25238 1.8004 3.45198 1.23127 0.366983
internal_count=56 50 44 20 24 16 10
is_linear=0
shrinkage=0.1


Tree=45
num_leaves=6
num_cat=0
split_feature=0 3 0 4 3
split_gain=0.0273468 0.0151071 0.0258967 0.0137057 0.00616482
threshold=0.8660500000000001 0.36475000000000007 0.95000000000000007 0.52050000000000007 0.45575000000000004
decision_type=2 2 2 2 2
left_child=-1 2 -2 -3 -5
right_child=1 3 -4 4 -6
leaf_value=0.018878523850091318 -0.0011746768908971065 -0.0045118083296788241 -0.020328115174548946 0.0056796521560558491 0.019773158767761853
leaf_weight=0.69500174932181824 2.5666002444922928 1.3520955312997105 0.97372281132265914 1.3881651097908614 0.39974977355450381
leaf_count=10 8 6 12 12 8
internal_value=0 -0.00196407 -0.0064426 0.00308541 0.00883074
internal_weight=0 6.68033 3.54032 3.14001 1.78791
internal_count=56 46 20 26 20
is_linear=0
shrinkage=0.1


Tree=46
num_leaves=6
num_cat=0
split_feature=1 0 1 4 3
split_gain=0.0285951 0.0434041 0.0180513 0.0224838 0.00588562
threshold=0.41000000000000009 0.8660500000000001 0.57500000000000007 0.51755000000000007 0.42870000000000003
decision_type=2 2 2 2 2
left_child=-1 -2 4 -4 -3
right_child=1 2 3 -5 -6
leaf_value=0.010803552576757157 -0.032837405950481499 0.011703047360786759 0.00077262397950770612 -0.016347449269576118 -0.0013884244962001984
leaf_weight=1.8378353267908094 0.4649181393906473 1.1382352039217947 2.2622710298746829 1.1606904508080331 0.49178699497133482
leaf_count=6 8 6 10 16 10
internal_value=0 -0.00359831 -0.000908064 -0.00503261 0.00775328
internal_weight=0 5.5179 5.05298 3.42296 1.63002
internal_count=56 50 42 26 16
is_linear=0
shrinkage=0.1


Tree=47
num_leaves=7
num_cat=0
split_feature=0 3 0 3 4 1
split_gain=0.0261261 0.0141175 0.0232986 0.0129434 0.00573018 0.0905465
threshold=0.8660500000000001 0.36475000000000007 0.95000000000000007 0.42870000000000003 0.49515000000000003 0.53500000000000014
decision_type=2 2 2 2 2 2
left_child=-1 2 -2 -3 -5 -6
right_child=1 3 -4 4 5 -7
leaf_value=0.018594758603238181 -0.0012511914804788434 0.01053709133204981 -0.019459165211064978 0.0011612422228539831 0.036457862454486539 -0.046536787331027993
leaf_weight=0.68500475492328394 2.5612142160534863 1.3138476870954039 0.96850302536040533 1.2654516547918317 0.22909969091415394 0.30841787764802575
leaf_count=10 8 8 12 4 4 10
internal_value=0 -0.00191641 -0.00624719 0.00298809 -0.00251296 -0.011163
internal_weight=0 6.64653 3.52972 3.11682 1.80297 0.537518
internal_count=56 46 20 26 18 14
is_linear=0
shrinkage=0.1


Tree=48
num_leaves=6
num_cat=0
split_feature=1 0 0 3 4
split_gain=0.0260034 0.0473133 0.0156967 0.0277987 0.00964788
threshold=0.41000000000000009 0.8660500000000001 0.95000000000000007 0.36475000000000007 0.55425000000000013
decision_type=2 2 2 2 2
left_child=-1 -2 -3 -4 -5
right_child=1 2 3 4 -6
leaf_value=0.010331788274751749 -0.033894787906948276 0.01045289041986032 -0.018183175404768211 0.0063963327938860145 -0.0049397265078745568
leaf_weight=1.8275042772293089 0.46674404200166453 1.0216824244707821 0.96859209146350611 1.6624934561550619 1.3690065070986746
leaf_count=6 8 6 12 12 12
internal_value=0 -0.00344016 -0.000609586 -0.0034351 0.00127704
internal_weight=0 5.48852 5.02177 4.00009 3.0315
internal_count=56 50 42 36 24
is_linear=0
shrinkage=0.1


Tree=49
num_leaves=6
num_cat=0
split_feature=4 0 4 3 1
split_gain=0.0217372 0.0308493 0.0194509 0.0112645 0.0113984
threshold=0.47750000000000004 0.8660500000000001 0.59120000000000006 0.45575000000000004 0.63000000000000012
decision_type=2 2 2 2 2
left_child=1 -1 3 4 -2
right_child=2 -3 -4 -5 -6
leaf_value=0.030137327503863873 -0.014774849523694551 0.00024241940241980639 0.0079764488066471229 0.00038244608332954123 -0.0013573467394474936
leaf_weight=0.52896055392920949 1.7493832982145252 0.99353811703622341 1.2974349907599387 1.7322700582444666 0.99226927757263172
leaf_count=6 12 6 12 14 6
internal_value=0 0.0106288 -0.0028039 -0.00593019 -0.00991874
internal_weight=0 1.5225 5.77136 4.47392 2.74165
internal_count=56 12 44 32 18
is_linear=0
shrinkage=0.1


Tree=50
num_leaves=6
num_cat=0
split_feature=1 0 0 3 4
split_gain=0.0244805 0.047577 0.0137921 0.0253001 0.00809402
threshold=0.41000000000000009 0.8660500000000001 0.95000000000000007 0.36475000000000007 0.55425000000000013
decision_type=2 2 2 2 2
left_child=-1 -2 -3 -4 -5
right_child=1 2 3 4 -6
leaf_value=0.010072025412665549 -0.033991770606047439 0.009888526026596416 -0.017209036795689105 0.0060587801849051074 -0.0043522656026806781
leaf_weight=1.812323562800884 0.46343579702079285 1.0179816670715807 0.96918642730452154 1.6557372668758037 1.3602217715233562
leaf_count=6 8 6 12 12 12
internal_value=0 -0.00333916 -0.000499832 -0.00315348 0.00136331
internal_weight=0 5.46656 5.00313 3.98515 3.01596
internal_count=56 50 42 36 24
is_linear=0
shrinkage=0.1


Tree=51
num_leaves=6
num_cat=0
split_feature=1 0 1 4 4
split_gain=0.0194323 0.0399768 0.0142907 0.0154847 0.00725746
threshold=0.41000000000000009 0.8660500000000001 0.57500000000000007 0.51755000000000007 0.59120000000000006
decision_type=2 2 2 2 2
left_child=-1 -2 4 -4 -3
right_child=1 2 3 -5 -6
leaf_value=0.0089606334190050988 -0.031347403228971164 -0.0030908593095166892 0.00072497166007909244 -0.013591505314431443 0.011753485312043954
leaf_weight=1.8148533403873441 0.45547986682504404 0.46529110521078076 2.2576419822871689 1.1354628831613807 1.1273224931210279
leaf_count=6 8 10 10 16 6
internal_value=0 -0.00298872 -0.000397958 -0.00406587 0.00741663
internal_weight=0 5.4412 4.98572 3.3931 1.59261
internal_count=56 50 42 26 16
is_linear=0
shrinkage=0.1


Tree=52
num_leaves=7
num_cat=0
split_feature=0 3 0 3 4 1
split_gain=0.0219254 0.0142781 0.0186004 0.0134961 0.00623261 0.0656413
threshold=0.8660500000000001 0.36475000000000007 0.95000000000000007 0.42870000000000003 0.49515000000000003 0.53500000000000014
decision_type=2 2 2 2 2 2
left_child=-1 2 -2 -3 -5 -6
right_child=1 3 -4 4 5 -7
leaf_value=0.017397361082609225 -0.0016223818563773197 0.011031710695242832 -0.017934604487654604 0.0013420345218962278 0.029527880242862944 -0.043091504640341477
leaf_weight=0.65847738925367583 2.5514965839684014 1.289849726483226 0.96281062019988883 1.2653028294444082 0.21884600445628155 0.28864167910069227
leaf_count=10 8 8 12 4 4 10
internal_value=0 -0.0017418 -0.00609142 0.00324928 -0.00241307 -0.0117755
internal_weight=0 6.57695 3.51431 3.06264 1.77279 0.507488
internal_count=56 46 20 26 18 14
is_linear=0
shrinkage=0.1


Tree=53
num_leaves=6
num_cat=0
split_feature=1 0 0 3 4
split_gain=0.0190661 0.0447243 0.0122623 0.0236488 0.00744883
threshold=0.41000000000000009 0.8660500000000001 0.95000000000000007 0.36475000000000007 0.55425000000000013
decision_type=2 2 2 2 2
left_child=-1 -2 -3 -4 -5
right_child=1 2 3 4 -6
leaf_value=0.0089027855682987725 -0.032841535647901522 0.0096133572841197931 -0.016327748831940481 0.0062003952862464927 -0.0038408386889844021
leaf_weight=1.8047402054071424 0.45862518716603506 1.0129009094089267 0.96505997329950366 1.6410931805148723 1.3436594568192957
leaf_count=6 8 6 12 12 12
internal_value=0 -0.00296369 -0.000202557 -0.00271978 0.00168009
internal_weight=0 5.42134 4.96271 3.94981 2.98475
internal_count=56 50 42 36 24
is_linear=0
shrinkage=0.1


Tree=54
num_leaves=7
num_cat=0
split_feature=0 3 0 3 4 1
split_gain=0.0179103 0.0130385 0.0160259 0.0131921 0.00671531 0.0424911
threshold=0.8660500000000001 0.36475000000000007 0.95000000000000007 0.42870000000000003 0.49515000000000003 0.53500000000000014
decision_type=2 2 2 2 2 2
left_child=-1 2 -2 -3 -5 -6
right_child=1 3 -4 4 5 -7
leaf_value=0.015781770242893577 -0.0015803045315894992 0.010937557205729413 -0.016736918521538521 0.001455033375917781 0.021358259679720736 -0.037867451395710648
leaf_weight=0.65384571254253376 2.5491183288395409 1.2810507938265803 0.96047269622795273 1.2667084150016306 0.21319560334086407 0.28053755592554808
leaf_count=10 8 8 12 4 4 10
internal_value=0 -0.00157513 -0.00572823 0.00321714 -0.0024009 -0.0122936
internal_weight=0 6.55108 3.50959 3.04149 1.76044 0.493733
internal_count=56 46 20 26 18 14
is_linear=0
shrinkage=0.1


Tree=55
num_leaves=6
num_cat=0
split_feature=1 0 0 3 4
split_gain=0.0176585 0.0546247 0.0108659 0.0177204 0.0078474
threshold=0.41000000000000009 0.8660500000000001 0.95000000000000007 0.36475000000000007 0.55425000000000013
decision_type=2 2 2 2 2
left_child=-1 -2 -3 -4 -5
right_child=1 2 3 4 -6
leaf_value=0.0085878965386484499 -0.035628097553231569 0.0094809224864762093 -0.013890427501190687 0.0063393011319010555 -0.003997811940469634
leaf_weight=1.7972806692123411 0.46481819078326214 1.0099010262638328 0.96865532966330681 1.6318086674436929 1.3353691450320182
leaf_count=6 8 6 12 12 12
internal_value=0 -0.00285273 0.000227616 -0.0021467 0.00168712
internal_weight=0 5.41055 4.94573 3.93583 2.96718
internal_count=56 50 42 36 24
is_linear=0
shrinkage=0.1


Tree=56
num_leaves=7
num_cat=0
split_feature=0 3 0 3 4 1
split_gain=0.0150662 0.0120225 0.013892 0.0126675 0.00683338 0.0295141
threshold=0.8660500000000001 0.36475000000000007 0.95000000000000007 0.42870000000000003 0.49515000000000003 0.53500000000000014
decision_type=2 2 2 2 2 2
left_child=-1 2 -2 -3 -5 -6
right_child=1 3 -4 4 5 -7
leaf_value=0.014529609131836378 -0.0015671771610385424 0.010764861671453874 -0.015689191415699168 0.0015109845643778061 0.015855569848980157 -0.034058666748969006
leaf_weight=0.64912902284413565 2.54690008237958 1.2732934635132553 0.95881659700535227 1.2674903348088262 0.20874335616827 0.27390400320291519
leaf_count=10 8 8 12 4 4 10
internal_value=0 -0.00144453 -0.00542956 0.00317617 -0.0023449 -0.0124709
internal_weight=0 6.52915 3.50572 3.02343 1.75014 0.482647
internal_count=56 46 20 26 18 14
is_linear=0
shrinkage=0.1


Tree=57
num_leaves=7
num_cat=0
split_feature=1 0 4 3 1 1
split_gain=0.0163899 0.065712 0.0105447 0.0273004 0.0190519 0.00175856
threshold=0.41000000000000009 0.8660500000000001 0.55425000000000013 0.39985000000000009 0.59500000000000008 0.63000000000000012
decision_type=2 2 2 2 2 2
left_child=-1 -2 4 -4 -3 -6
right_child=1 2 3 -5 5 -7
leaf_value=0.008294360271596914 -0.038468072260132963 0.01337998242376707 0.001113409477242596 -0.031067322854571408 0.00039210968857712899 -0.0053546671813996206
leaf_weight=1.7897847369313238 0.47017330210655917 1.2754817157983782 1.120790315326303 0.34469453431665886 1.2854761146008971 0.90903711318969715
leaf_count=6 8 10 8 10 6 8
internal_value=0 -0.00274622 0.000656783 -0.00645577 0.00366063 -0.00198839
internal_weight=0 5.40565 4.93548 1.46548 3.46999 2.19451
internal_count=56 50 42 18 24 14
is_linear=0
shrinkage=0.1


Tree=58
num_leaves=7
num_cat=0
split_feature=0 3 3 0 4 1
split_gain=0.0149729 0.0153738 0.013481 0.012436 0.00559333 0.026145
threshold=0.8660500000000001 0.36475000000000007 0.42870000000000003 0.95000000000000007 0.49515000000000003 0.53500000000000014
decision_type=2 2 2 2 2 2
left_child=-1 3 -3 -2 -4 -6
right_child=1 2 4 -5 5 -7
leaf_value=0.014555607726668533 -0.0022812265017810511 0.011656764414931853 0.0015314809086103107 -0.015646144480500404 0.016125993123241589 -0.03173078458690997
leaf_weight=0.64309334848076094 2.5426686592400078 1.2664357703179123 1.2659827768802641 0.95874440250918258 0.19935472682118405 0.26711457828059793
leaf_count=10 8 8 4 12 4 10
internal_value=0 -0.00144003 0.00381488 -0.00594076 -0.00191759 -0.0112783
internal_weight=0 6.5003 2.99889 3.50141 1.73245 0.466469
internal_count=56 46 26 20 18 14
is_linear=0
shrinkage=0.1


Tree=59
num_leaves=8
num_cat=0
split_feature=1 0 1 0 3 3 3
split_gain=0.0139066 0.062513 0.00864096 0.00703253 0.00712217 0.000473757 0.103556
threshold=0.41000000000000009 0.8660500000000001 0.57500000000000007 0.95000000000000007 0.39985000000000009 0.39985000000000009 0.47130000000000005
decision_type=2 2 2 2 2 2 2
left_child=-1 -2 5 -4 -5 -3 -7
right_child=1 2 3 4 -6 6 -8
leaf_value=0.0076480493965173299 -0.037457935468734375 0.0082032811159663856 0.0052894608789166358 -0.011516630967131762 -0.00045638477309569179 0.056972364933608591 -0.035174934901491421
leaf_weight=1.7846406176686285 0.46805873885750759 1.0435666888952253 0.94051105156540904 0.97305835108272765 1.4494992094114421 0.21398135367780913 0.28358635306358337
leaf_count=6 8 4 4 12 10 6 6
internal_value=0 -0.00254065 0.000791867 -0.00204964 -0.00489891 0.00699262 0.00445345
internal_weight=0 5.37226 4.9042 3.36307 2.42256 1.54113 0.497568
internal_count=56 50 42 26 22 16 12
is_linear=0
shrinkage=0.1


Tree=60
num_leaves=6
num_cat=0
split_feature=0 4 1 1 3
split_gain=0.0287213 0.0159995 0.0155828 0.0101936 0.00482497
threshold=0.64285000000000003 0.59120000000000006 0.55500000000000016 0.59500000000000008 0.39985000000000009
decision_type=2 2 2 2 2
left_child=-1 2 -2 -4 -5
right_child=1 -3 3 4 -6
leaf_value=0.023139424861135575 -0.011313705835367303 0.0083860836126463788 0.0079849192922763247 -0.0095190450867958729 -0.00018053487674995827
leaf_weight=0.49873897526413191 1.9322562571614978 1.2605045172385869 1.0749232303351166 0.90077744610607657 1.4341598479077218
leaf_count=6 14 12 6 10 8
internal_value=0 -0.00174788 -0.00413904 -7.33994e-05 -0.00378317
internal_weight=0 6.60262 5.34212 3.40986 2.33494
internal_count=56 50 38 24 18
is_linear=0
shrinkage=0.1


Tree=61
num_leaves=8
num_cat=0
split_feature=1 3 4 1 3 3 3
split_gain=0.0150807 0.124194 0.00687799 0.0226927 0.00873352 0.0283711 0.00708139
threshold=0.41000000000000009 0.33550000000000008 0.51755000000000007 0.57500000000000007 0.39985000000000009 0.47130000000000005 0.36475000000000007
decision_type=2 2 2 2 2 2 2
left_child=-1 -2 6 4 -4 -6 -3
right_child=1 2 3 -5 5 -7 -8
leaf_value=0.0079864255687533588 -0.056469371780767302 0.004423323358288142 0.0078069930154535012 -0.0059181359944784871 0.052695093567930257 0.0039831790279764778 -0.0068289686010595922
leaf_weight=1.7739305049180982 0.39695638162083913 0.93808795884251628 1.0370505526661875 1.0781397367827592 0.20268832333385933 0.29154957458376884 1.385067733004689
leaf_count=6 10 4 4 12 6 6 8
internal_value=0 -0.00265827 0.00167225 0.00519564 0.0130206 0.0239601 -0.0022853
internal_weight=0 5.32954 4.93258 2.60943 1.53129 0.494238 2.32316
internal_count=56 50 40 28 16 12 12
is_linear=0
shrinkage=0.1


Tree=62
num_leaves=5
num_cat=0
split_feature=1 0 1 4
split_gain=0.0135502 0.0363955 0.00961324 0.00957419
threshold=0.41000000000000009 0.8660500000000001 0.57500000000000007 0.51755000000000007
decision_type=2 2 2 2
left_child=-1 -2 -3 -4
right_child=1 2 3 -5
leaf_value=0.0075519633566047302 -0.0301336668694142 0.0066173556841943697 0.00070602168346394368 -0.010720330805659236
leaf_weight=1.7765027806162832 0.43845181260257948 1.4958431646227834 2.2410761602222924 1.0899568118620662
leaf_count=6 8 16 10 16
internal_value=0 -0.00254801 -4.22474e-05 -0.00303283
internal_weight=0 5.26533 4.82688 3.33103
internal_count=56 50 42 26
is_linear=0
shrinkage=0.1


Tree=63
num_leaves=7
num_cat=0
split_feature=0 3 0 3 1 1
split_gain=0.0159226 0.0121318 0.0116986 0.0105303 0.00155764 0.00997404
threshold=0.8660500000000001 0.36475000000000007 0.95000000000000007 0.42870000000000003 0.6100000000000001 0.53500000000000014
decision_type=2 2 2 2 2 2
left_child=-1 2 -2 -3 5 -5
right_child=1 3 -4 4 -6 -7
leaf_value=0.015330801432230279 -0.0019086989074452347 0.010303919826196321 -0.014909703484122745 0.010715955935656513 -0.00013282563981219768 -0.020769425471233494
leaf_weight=0.61787868384271849 2.5282712653279309 1.2316990178078415 0.95300292596220959 0.1767167430371045 1.2843018425628541 0.23362761549651623
leaf_count=10 8 8 12 4 6 8
internal_value=0 -0.00147833 -0.00546774 0.0032676 -0.00184653 -0.0072101
internal_weight=0 6.40762 3.48127 2.92635 1.69465 0.410344
internal_count=56 46 20 26 18 12
is_linear=0
shrinkage=0.1


Tree=64
num_leaves=5
num_cat=0
split_feature=1 0 1 4
split_gain=0.01336 0.0370454 0.00712416 0.00910589
threshold=0.41000000000000009 0.8660500000000001 0.57500000000000007 0.51755000000000007
decision_type=2 2 2 2
left_child=-1 -2 -3 -4
right_child=1 2 3 -5
leaf_value=0.0075155624570891382 -0.030363877442961207 0.0057506106349905148 0.0010702461489389117 -0.010094082851023232
leaf_weight=1.769173666834831 0.43832984007894982 1.48909580335021 2.2388394083827738 1.0844234013929961
leaf_count=6 8 16 10 16
internal_value=0 -0.0025323 2.7138e-06 -0.00257282
internal_weight=0 5.25069 4.81236 3.32326
internal_count=56 50 42 26
is_linear=0
shrinkage=0.1


Tree=65
num_leaves=7
num_cat=0
split_feature=0 3 0 3 1 1
split_gain=0.0145341 0.0103729 0.0112531 0.00922131 0.00212093 0.00738638
threshold=0.8660500000000001 0.36475000000000007 0.95000000000000007 0.42870000000000003 0.6100000000000001 0.53500000000000014
decision_type=2 2 2 2 2 2
left_child=-1 2 -2 -3 5 -5
right_child=1 3 -4 4 -6 -7
leaf_value=0.014702452316050628 -0.0016077197305107321 0.0096012632504116693 -0.014369949077979026 0.0072491474815132703 0.00020290464400761011 -0.019868570076414356
leaf_weight=0.61347399745136488 2.5237311720848088 1.2233923077583315 0.95135722286067892 0.17781266197562207 1.283035705797374 0.23084751004353166
leaf_count=10 8 8 12 4 6 8
internal_value=0 -0.00141148 -0.00510157 0.0029875 -0.00179541 -0.00806934
internal_weight=0 6.39018 3.47509 2.91509 1.6917 0.40866
internal_count=56 46 20 26 18 12
is_linear=0
shrinkage=0.1


Tree=66
num_leaves=6
num_cat=0
split_feature=1 0 4 1 1
split_gain=0.0129827 0.0379956 0.00782658 0.0138571 0.00374244
threshold=0.41000000000000009 0.8660500000000001 0.55425000000000013 0.59500000000000008 0.63000000000000012
decision_type=2 2 2 2 2
left_child=-1 -2 3 -3 -5
right_child=1 2 -4 4 -6
leaf_value=0.0074240542762380891 -0.030675549975241613 0.011126365255742917 -0.0061987077221104117 0.0013046112596868155 -0.0071633028201288675
leaf_weight=1.7624869868159292 0.43848843872547139 1.2344440352171662 1.4056027361657468 1.2772068954072895 0.88257175870239724
leaf_count=6 8 10 18 6 8
internal_value=0 -0.0024979 7.62704e-05 0.00267484 -0.00215572
internal_weight=0 5.23831 4.79983 3.39422 2.15978
internal_count=56 50 42 24 14
is_linear=0
shrinkage=0.1


Tree=67
num_leaves=7
num_cat=0
split_feature=0 3 0 3 1 1
split_gain=0.013402 0.0107899 0.0100263 0.00935832 0.00238834 0.00628108
threshold=0.8660500000000001 0.36475000000000007 0.95000000000000007 0.42870000000000003 0.6100000000000001 0.53500000000000014
decision_type=2 2 2 2 2 2
left_child=-1 2 -2 -3 5 -5
right_child=1 3 -4 4 -6 -7
leaf_value=0.014183888354905508 -0.0018170702878498785 0.0098138917903860898 -0.013871611182494593 0.0058551317014881709 0.0004198437067565465 -0.019381636236001205
leaf_weight=0.60814197361469258 2.5218552500009541 1.2201591059565546 0.94987149722874153 0.17435229383409012 1.2814068277366457 0.22704732697457075
leaf_count=10 8 8 12 4 6 8
internal_value=0 -0.00135314 -0.00511522 0.00314603 -0.00168867 -0.00841977
internal_weight=0 6.37469 3.47173 2.90297 1.68281 0.4014
internal_count=56 46 20 26 18 12
is_linear=0
shrinkage=0.1


Tree=68
num_leaves=6
num_cat=0
split_feature=1 0 4 1 1
split_gain=0.0118844 0.0383178 0.00705872 0.0119034 0.00336167
threshold=0.41000000000000009 0.8660500000000001 0.55425000000000013 0.59500000000000008 0.63000000000000012
decision_type=2 2 2 2 2
left_child=-1 -2 3 -3 -5
right_child=1 2 -4 4 -6
leaf_value=0.007112127492838554 -0.030711771036951108 0.010525002380792795 -0.0057776306020374119 0.0014754908340114312 -0.0065523968487343175
leaf_weight=1.7579046934843061 0.43777751084417094 1.2281736209988596 1.399280212819576 1.2757543777115645 0.88240779796615232
leaf_count=6 8 10 18 6 8
internal_value=0 -0.00239355 0.000196941 0.00266572 -0.00180687
internal_weight=0 5.22339 4.78562 3.38634 2.15816
internal_count=56 50 42 24 14
is_linear=0
shrinkage=0.1


Tree=69
num_leaves=6
num_cat=0
split_feature=0 3 4 3 0
split_gain=0.01248 0.0109978 0.00939915 0.00929675 0.00347057
threshold=0.8660500000000001 0.36475000000000007 0.52050000000000007 0.42870000000000003 0.95000000000000007
decision_type=2 2 2 2 2
left_child=-1 2 4 -3 -2
right_child=1 3 -4 -5 -6
leaf_value=0.013748844352915955 0.0041601942338444081 0.0099022713236315302 -0.010476830613094488 -0.0015828298243636824 -0.0046539971555091229
leaf_weight=0.60303117614239443 0.93300976604223274 1.2169340364634993 1.6782948430627582 1.6747069586999712 0.85709389019757509
leaf_count=10 4 8 10 18 6
internal_value=0 -0.00130361 -0.00510052 0.00325062 -6.00025e-05
internal_weight=0 6.36004 3.4684 2.89164 1.7901
internal_count=56 46 20 26 10
is_linear=0
shrinkage=0.1


Tree=70
num_leaves=8
num_cat=0
split_feature=1 3 4 4 3 1 1
split_gain=0.0122271 0.0780387 0.00509163 0.0103986 0.017309 0.0277307 0.0855404
threshold=0.41000000000000009 0.33550000000000008 0.59120000000000006 0.49515000000000003 0.36475000000000007 0.55500000000000016 0.48500000000000004
decision_type=2 2 2 2 2 2 2
left_child=-1 -2 3 -3 -5 6 -6
right_child=1 2 -4 4 5 -7 -8
leaf_value=0.0072262014861875119 -0.0466097894089871 0.0033808711049943593 0.0065224431620612526 0.0018015277179190929 0.0063757225848576201 0.002236762975913876 -0.098614439374112836
leaf_weight=1.7516731843352316 0.37133406847715367 2.1900537498295312 1.2283069258555768 0.81859227735549189 0.17172795906662941 0.28004035959020257 0.1415815893560648
leaf_count=6 10 8 12 4 4 6 6
internal_value=0 -0.00243346 0.000962642 -0.000933291 -0.00762496 -0.0206298 -0.0410683
internal_weight=0 5.20164 4.8303 3.602 1.41194 0.59335 0.31331
internal_count=56 50 40 28 20 16 10
is_linear=0
shrinkage=0.1


Tree=71
num_leaves=5
num_cat=0
split_feature=4 4 0 1
split_gain=0.011894 0.0125784 0.00983268 0.00412503
threshold=0.49515000000000003 0.59120000000000006 0.95000000000000007 0.55500000000000016
decision_type=2 2 2 2
left_child=2 3 -1 -2
right_child=1 -3 -4 -5
leaf_value=0.011035632946884604 -0.0096397554205243288 0.0052347793521851302 -0.0010677693749450913 -0.0019739275467177964
leaf_weight=1.3923630667850375 1.8867845302447679 1.2250316170975564 1.2959277871996164 1.1178307952359317
leaf_count=10 14 12 6 14
internal_value=0 -0.00330569 0.00520102 -0.00678778
internal_weight=0 4.22965 2.68829 3.00462
internal_count=56 40 16 28
is_linear=0
shrinkage=0.1


Tree=72
num_leaves=6
num_cat=0
split_feature=1 1 3 1 4
split_gain=0.0130536 0.0140435 0.0512807 0.00607385 0.00974444
threshold=0.41000000000000009 0.53500000000000014 0.45575000000000004 0.57500000000000007 0.51755000000000007
decision_type=2 2 2 2 2
left_child=-1 2 -2 -3 -5
right_child=1 3 -4 4 -6
leaf_value=0.007474150123751435 -0.042555546686310085 0.005164935382518502 0.017443590992881976 0.00083380080979890154 -0.010771617445048436
leaf_weight=1.7463747337460516 0.33627537451684464 1.2852816591039298 0.24714386276900768 2.2254085447639231 1.0720132470596579
leaf_count=6 6 12 6 10 16
internal_value=0 -0.00252659 -0.0171391 -0.000666282 -0.0029392
internal_weight=0 5.16612 0.583419 4.5827 3.29742
internal_count=56 50 12 38 26
is_linear=0
shrinkage=0.1


Tree=73
num_leaves=5
num_cat=0
split_feature=4 0 4 1
split_gain=0.0127188 0.00962228 0.00937733 0.00413696
threshold=0.49515000000000003 0.95000000000000007 0.59120000000000006 0.55500000000000016
decision_type=2 2 2 2
left_child=1 -1 3 -2
right_child=2 -3 -4 -5
leaf_value=0.011182921559317794 -0.0092984654422791184 -0.00081031718117206505 0.0039620577865937074 -0.0016054918592894663
leaf_weight=1.3843591213226318 1.8800367442891004 1.2945244926959276 1.2205215054564176 1.1127692799782378
leaf_count=10 14 6 12 14
internal_value=0 0.00538739 -0.00342537 -0.0064381
internal_weight=0 2.67888 4.21333 2.99281
internal_count=56 16 40 28
is_linear=0
shrinkage=0.1


Tree=74
num_leaves=7
num_cat=0
split_feature=1 1 3 3 0 4
split_gain=0.0125934 0.0130552 0.0402143 0.00635398 0.0123947 0.00482518
threshold=0.41000000000000009 0.53500000000000014 0.45575000000000004 0.36475000000000007 0.95000000000000007 0.59120000000000006
decision_type=2 2 2 2 2 2
left_child=-1 2 -2 4 -3 -5
right_child=1 3 -4 5 -6 -7
leaf_value=0.0073515505537162257 -0.039554564449402467 0.0030366529305230188 0.013998233798613617 -0.0010602519784185848 -0.013205416004220032 0.0075725182991718647
leaf_weight=1.7410966381430624 0.32875183131545771 0.93033198267221429 0.24451443180441856 1.6106337434612217 0.94923344138078392 1.0826931670308111
leaf_count=6 6 4 6 14 12 8
internal_value=0 -0.00248724 -0.0167128 -0.000703907 -0.00516605 0.00241004
internal_weight=0 5.14616 0.573266 4.57289 1.87957 2.69333
internal_count=56 50 12 38 16 22
is_linear=0
shrinkage=0.1


Tree=75
num_leaves=5
num_cat=0
split_feature=4 0 4 1
split_gain=0.0132576 0.00881611 0.00672269 0.00352571
threshold=0.49515000000000003 0.95000000000000007 0.59120000000000006 0.55500000000000016
decision_type=2 2 2 2
left_child=1 -1 3 -2
right_child=2 -3 -4 -5
leaf_value=0.011075960295468671 -0.0087033594570805218 -0.00042345301061479145 0.002762231462943094 -0.0015902595151005415
leaf_weight=1.3774715503677726 1.8735310863703492 1.2920344490557909 1.2166562979109583 1.1094912607222793
leaf_count=10 14 6 12 14
internal_value=0 0.00551027 -0.00350258 -0.00605775
internal_weight=0 2.66951 4.19968 2.98302
internal_count=56 16 40 28
is_linear=0
shrinkage=0.1


Tree=76
num_leaves=7
num_cat=0
split_feature=1 1 3 3 0 4
split_gain=0.0127912 0.0121419 0.0332672 0.00645524 0.0116019 0.00406763
threshold=0.41000000000000009 0.53500000000000014 0.45575000000000004 0.36475000000000007 0.95000000000000007 0.59120000000000006
decision_type=2 2 2 2 2 2
left_child=-1 2 -2 4 -3 -5
right_child=1 3 -4 5 -6 -7
leaf_value=0.0074199396795318331 -0.03735383751806267 0.0026486781569089956 0.011644422919546212 -0.00084442147527491376 -0.013067642392057967 0.0070940531218258579
leaf_weight=1.7358680516481397 0.32295308774337161 0.92946161702275254 0.24269643146544695 1.6048498507589104 0.94957782479468733 1.0797052322886882
leaf_count=6 6 4 6 14 12 8
internal_value=0 -0.0025111 -0.0163307 -0.000798183 -0.00529361 0.00234837
internal_weight=0 5.12924 0.56565 4.56359 1.87904 2.68456
internal_count=56 50 12 38 16 22
is_linear=0
shrinkage=0.1


Tree=77
num_leaves=5
num_cat=0
split_feature=4 0 1 4
split_gain=0.0134964 0.00807682 0.00632761 0.0151533
threshold=0.49515000000000003 0.95000000000000007 0.57500000000000007 0.59120000000000006
decision_type=2 2 2 2
left_child=1 -1 3 -2
right_child=2 -3 -4 -5
leaf_value=0.010911987269178072 -0.0065428161386881971 -0.0001115874174005784 -0.010190280780594323 0.0079336262831533732
leaf_weight=1.3712502289563417 1.9840926285833123 1.289855282753706 1.0660756967263294 1.1376895625144241
leaf_count=10 16 6 16 8
internal_value=0 0.00556879 -0.0035386 -0.00126708
internal_weight=0 2.66111 4.18786 3.12178
internal_count=56 16 40 24
is_linear=0
shrinkage=0.1


Tree=78
num_leaves=7
num_cat=0
split_feature=1 1 3 0 3 0
split_gain=0.012498 0.0116204 0.00645725 0.0108305 0.00317694 0.00297736
threshold=0.41000000000000009 0.53500000000000014 0.36475000000000007 0.95000000000000007 0.42870000000000003 0.64285000000000003
decision_type=2 2 2 2 2 2
left_child=-1 5 3 -3 -4 -2
right_child=1 2 4 -5 -6 -7
leaf_value=0.0073435244427749145 -0.023336591075219962 0.002362805066111774 0.0061889033306428151 -0.012834106594019743 -0.00074700871421282903 -0.0087517179968345637
leaf_weight=1.7310876101255415 0.28140672668814648 0.92853451892733552 1.1902671251446011 0.94749877508729696 1.4834444550797341 0.27847775351256132
leaf_count=6 4 4 8 12 14 8
internal_value=0 -0.00248791 -0.000815002 -0.00531246 0.00234068 -0.0160823
internal_weight=0 5.10963 4.54974 1.87603 2.67371 0.559884
internal_count=56 50 38 16 22 12
is_linear=0
shrinkage=0.1


Tree=79
num_leaves=5
num_cat=0
split_feature=4 0 1 4
split_gain=0.0125321 0.00735063 0.00591444 0.0119455
threshold=0.49515000000000003 0.95000000000000007 0.57500000000000007 0.54930000000000012
decision_type=2 2 2 2
left_child=1 -1 3 -2
right_child=2 -3 -4 -5
leaf_value=0.010477798379096494 -0.0065577501609041513 -5.0535782259399763e-05 -0.0098593836916690946 0.0059674233036082084
leaf_weight=1.3673321139067411 1.7858705520629885 1.287621296942234 1.0620881173526866 1.3274165280163286
leaf_count=10 10 6 16 14
internal_value=0 0.00537168 -0.00341564 -0.00121737
internal_weight=0 2.65495 4.17538 3.11329
internal_count=56 16 40 24
is_linear=0
shrinkage=0.1


Tree=80
num_leaves=7
num_cat=0
split_feature=1 1 3 0 0 3
split_gain=0.0123916 0.0102957 0.00608262 0.00991305 0.0034831 0.00250113
threshold=0.41000000000000009 0.53500000000000014 0.36475000000000007 0.95000000000000007 0.64285000000000003 0.42870000000000003
decision_type=2 2 2 2 2 2
left_child=-1 4 3 -3 -2 -4
right_child=1 2 5 -5 -6 -7
leaf_value=0.0073219673803283994 -0.023145346137387363 0.0020738826349129646 0.0055879647254369292 -0.012474452871624948 -0.0073506572646852624 -0.00057631747195041648
leaf_weight=1.7265715785324571 0.28080706857144822 0.9278563968837259 1.1855884548276665 0.94575775135308504 0.27768471371382475 1.479759259149432
leaf_count=6 4 4 8 12 8 14
internal_value=0 -0.00248004 -0.000903583 -0.00526979 -0.0152922 0.00216565
internal_weight=0 5.09745 4.53896 1.87361 0.558492 2.66535
internal_count=56 50 38 16 12 22
is_linear=0
shrinkage=0.1


Tree=81
num_leaves=5
num_cat=0
split_feature=4 0 1 4
split_gain=0.0122211 0.00664315 0.00533288 0.0111156
threshold=0.49515000000000003 0.95000000000000007 0.57500000000000007 0.54930000000000012
decision_type=2 2 2 2
left_child=1 -1 3 -2
right_child=2 -3 -4 -5
leaf_value=0.010171679009601878 -0.0064461158090820233 0.00015283221868735329 -0.0095090379232087453 0.0056494992023679563
leaf_weight=1.3637078506872058 1.7820825823582711 1.2858536522835493 1.0581897976808248 1.3243941059336064
leaf_count=10 10 6 16 14
internal_value=0 0.00530945 -0.00337787 -0.00128935
internal_weight=0 2.64956 4.16467 3.10648
internal_count=56 16 40 24
is_linear=0
shrinkage=0.1


Tree=82
num_leaves=7
num_cat=0
split_feature=1 3 1 4 4 4
split_gain=0.0121925 0.00953484 0.0126926 0.00318349 0.0122227 0.0301877
threshold=0.41000000000000009 0.36475000000000007 0.66500000000000015 0.59120000000000006 0.49515000000000003 0.55425000000000013
decision_type=2 2 2 2 2 2
left_child=-1 2 -2 4 -3 -6
right_child=1 3 -4 -5 5 -7
leaf_value=0.0072721399184838336 -0.013510466694156989 0.0040912371327487523 0.0023261635207691453 0.0053791065849745651 0.0046353858220766868 -0.043658226559593366
leaf_weight=1.7223213277757166 1.3376384706934916 1.2471368722617628 0.81409545335918654 1.139431959018111 0.33861035667359818 0.20952722895890474
leaf_count=6 16 4 4 10 10 6
internal_value=0 -0.00246242 -0.00751877 0.00124492 -0.00137899 -0.013825
internal_weight=0 5.08644 2.15173 2.93471 1.79527 0.548138
internal_count=56 50 20 30 20 16
is_linear=0
shrinkage=0.1


Tree=83
num_leaves=7
num_cat=0
split_feature=4 0 3 3 4 4
split_gain=0.0107254 0.00693097 0.00356419 0.0352343 0.0190094 0.00586651
threshold=0.49515000000000003 0.95000000000000007 0.36475000000000007 0.47130000000000005 0.54930000000000012 0.52050000000000007
decision_type=2 2 2 2 2 2
left_child=1 -1 5 -4 -5 -2
right_child=2 -3 3 4 -6 -7
leaf_value=0.0099522078548758691 0.0013663681764897071 -0.00028944632277932053 0.0075258175059394923 -0.0069436832935705663 -0.05533089928003531 -0.0090123727908881183
leaf_weight=1.3594943508505821 0.81195665244013104 1.2856681346893311 1.3482529795728622 0.17766599170863617 0.14951889449730515 1.6540910205803809
leaf_count=10 4 6 16 4 6 10
internal_value=0 0.0049743 -0.00317708 0.00038201 -0.029056 -0.00559513
internal_weight=0 2.64516 4.14149 1.67544 0.327185 2.46605
internal_count=56 16 40 26 10 14
is_linear=0
shrinkage=0.1


Tree=84
num_leaves=6
num_cat=0
split_feature=1 3 1 4 3
split_gain=0.0107812 0.0117954 0.0110328 0.00672225 0.00361892
threshold=0.41000000000000009 0.36475000000000007 0.66500000000000015 0.52050000000000007 0.45575000000000004
decision_type=2 2 2 2 2
left_child=-1 2 -2 -3 -5
right_child=1 3 -4 4 -6
leaf_value=0.0068449933753735011 -0.013572729798653684 -0.0033678473931214609 0.001223288837637798 0.0036358561919300884 0.015042875864609579
leaf_weight=1.7173937968909738 1.328914621844888 1.3459286075085404 0.81183030642569054 1.2054068651050327 0.36153913801535953
leaf_count=6 16 8 4 12 10
internal_value=0 -0.00232616 -0.00796167 0.00181552 0.00626778
internal_weight=0 5.05362 2.14074 2.91287 1.56695
internal_count=56 50 20 30 22
is_linear=0
shrinkage=0.1


Tree=85
num_leaves=6
num_cat=0
split_feature=1 3 1 4 3
split_gain=0.0104162 0.0101075 0.0090898 0.00585584 0.00199917
threshold=0.41000000000000009 0.36475000000000007 0.66500000000000015 0.52050000000000007 0.45575000000000004
decision_type=2 2 2 2 2
left_child=-1 2 -2 -3 -5
right_child=1 3 -4 4 -6
leaf_value=0.0067289215545900533 -0.012636120494567034 -0.0032917495019044716 0.00081248373361227804 0.0037552069381141468 0.012259963744475241
leaf_weight=1.7161454856395719 1.3212543881963941 1.3455275702290239 0.81109472364187229 1.2033986123278735 0.35880073253065337
leaf_count=6 16 8 4 12 10
internal_value=0 -0.00229119 -0.00752059 0.00154373 0.00570855
internal_weight=0 5.04008 2.13235 2.90773 1.5622
internal_count=56 50 20 30 22
is_linear=0
shrinkage=0.1


Tree=86
num_leaves=7
num_cat=0
split_feature=4 0 4 3 4 3
split_gain=0.010939 0.0073829 0.00347342 0.0144526 0.00118763 0.0666178
threshold=0.49515000000000003 0.95000000000000007 0.52050000000000007 0.36475000000000007 0.5697000000000001 0.47130000000000005
decision_type=2 2 2 2 2 2
left_child=1 -1 -2 -4 5 -5
right_child=2 -3 3 4 -6 -7
leaf_value=0.010184764385042509 -0.0086808897643857949 -0.00040369571281545112 -0.0082247674654182673 0.047520167102965034 0.0035800964591293652 -0.033606412458298651
leaf_weight=1.3521595699712634 0.9089626888744532 1.2836543601006269 1.6413003260968255 0.21807208284735669 1.1513858763501046 0.18889741040766239
leaf_count=10 8 6 10 4 12 6
internal_value=0 0.00502813 -0.0032257 -0.00167599 0.00522136 0.00986476
internal_weight=0 2.63581 4.10862 3.19966 1.55836 0.406969
internal_count=56 16 40 32 22 10
is_linear=0
shrinkage=0.1


Tree=87
num_leaves=8
num_cat=0
split_feature=1 3 1 4 4 4 1
split_gain=0.0130674 0.00827092 0.00902127 0.00423959 0.0117057 0.0198073 1.21213e-07
threshold=0.41000000000000009 0.36475000000000007 0.66500000000000015 0.59120000000000006 0.49515000000000003 0.55425000000000013 0.55500000000000016
decision_type=2 2 2 2 2 2 2
left_child=-1 2 -2 4 -3 6 -6
right_child=1 3 -4 -5 5 -7 -8
leaf_value=0.007549316156867005 -0.012420023922535075 0.0030995180787632311 0.00098686447766552004 0.0056940163404639622 0.00031284576539278796 -0.039997610725711188 0.00043711125773183632
leaf_weight=1.7103094719350336 1.3156341317808258 1.2467817068099978 0.81144841201603402 1.1289069107733665 0.1907236617989837 0.19457885669544339 0.13339941436424851
leaf_count=6 16 4 4 10 6 6 4
internal_value=0 -0.0025713 -0.00730551 0.000907868 -0.00215255 -0.0147767 0.00036399
internal_weight=0 5.02147 2.12708 2.89439 1.76548 0.518702 0.324123
internal_count=56 50 20 30 20 16 10
is_linear=0
shrinkage=0.1


Tree=88
num_leaves=7
num_cat=0
split_feature=1 3 1 4 4 3
split_gain=0.010469 0.0095788 0.00815038 0.0064866 0.00159814 0.0449505
threshold=0.41000000000000009 0.36475000000000007 0.66500000000000015 0.52050000000000007 0.5697000000000001 0.47130000000000005
decision_type=2 2 2 2 2 2
left_child=-1 2 -2 -3 5 -5
right_child=1 3 -4 4 -6 -7
leaf_value=0.0067561906642792796 -0.012270177856411504 -0.0036293143758682742 0.00048228200340869775 0.042852233139591162 0.0039870808059734187 -0.024870811231246528
leaf_weight=1.7098818272352216 1.3132334647234531 1.3449892536737027 0.81048465147614468 0.21082649007439602 1.146830328274518 0.18314983695745468
leaf_count=6 16 8 4 4 12 6
internal_value=0 -0.00230607 -0.0074034 0.00144515 0.00587472 0.0113695
internal_weight=0 5.00951 2.12372 2.8858 1.54081 0.393976
internal_count=56 50 20 30 22 10
is_linear=0
shrinkage=0.1


Tree=89
num_leaves=6
num_cat=0
split_feature=1 3 1 4 3
split_gain=0.0118866 0.00978949 0.0086053 0.00639868 0.0010574
threshold=0.41000000000000009 0.36475000000000007 0.66500000000000015 0.52050000000000007 0.45575000000000004
decision_type=2 2 2 2 2
left_child=-1 2 -2 -3 -5
right_child=1 3 -4 4 -6
leaf_value=0.0072030473433991804 -0.012606554247222687 -0.0036944684897179426 0.000494694054916948 0.0043572578828473324 0.010687586453847854
leaf_weight=1.7080243937671182 1.3139593468513342 1.3449895698577168 0.81066325865685929 1.1959555028006432 0.33856600010767568
leaf_count=6 16 8 4 12 10
internal_value=0 -0.00245856 -0.00760769 0.00134069 0.00575394
internal_weight=0 5.00413 2.12462 2.87951 1.53452
internal_count=56 50 20 30 22
is_linear=0
shrinkage=0.1


Tree=90
num_leaves=6
num_cat=0
split_feature=1 3 1 4 3
split_gain=0.011465 0.00691352 0.00659946 0.00501148 0.000783625
threshold=0.41000000000000009 0.36475000000000007 0.66500000000000015 0.52050000000000007 0.45575000000000004
decision_type=2 2 2 2 2
left_child=-1 2 -2 -3 -5
right_child=1 3 -4 4 -6
leaf_value=0.0070743844476594394 -0.011162883277682936 -0.0036802039231441028 0.00032694397327598628 0.0034854967014812319 0.008947210169769633
leaf_weight=1.7068703249096868 1.3044879473745825 1.3446468422189357 0.81048804894089688 1.1923093078657983 0.3369274279102682
leaf_count=6 16 8 4 12 10
internal_value=0 -0.00242041 -0.00675982 0.000773092 0.00468884
internal_weight=0 4.98886 2.11498 2.87388 1.52924
internal_count=56 50 20 30 22
is_linear=0
shrinkage=0.1


Tree=91
num_leaves=5
num_cat=0
split_feature=4 0 1 4
split_gain=0.0111908 0.00843824 0.00472266 0.00952747
threshold=0.49515000000000003 0.95000000000000007 0.57500000000000007 0.54930000000000012
decision_type=2 2 2 2
left_child=1 -1 3 -2
right_child=2 -3 -4 -5
leaf_value=0.010642763191557519 -0.0060457258058278888 -0.00070582067878945196 -0.0091572321587385635 0.0053104231628565961
leaf_weight=1.3398100342601538 1.7703740913420918 1.2822231352329254 1.0247621146263552 1.267861566506326
leaf_count=10 10 6 16 14
internal_value=0 0.00509309 -0.00328681 -0.00130678
internal_weight=0 2.62203 4.063 3.03824
internal_count=56 16 40 24
is_linear=0
shrinkage=0.1


Tree=92
num_leaves=7
num_cat=0
split_feature=1 3 1 4 4 4
split_gain=0.011105 0.00592432 0.00593418 0.00395501 0.000493077 0.051106
threshold=0.41000000000000009 0.36475000000000007 0.66500000000000015 0.52050000000000007 0.59120000000000006 0.55425000000000013
decision_type=2 2 2 2 2 2
left_child=-1 2 -2 -3 5 -5
right_child=1 3 -4 4 -6 -7
leaf_value=0.006971271522421431 -0.010597889060028799 -0.0033837814615445593 0.00030726569093507438 0.033857471247221958 0.0051419754837963329 -0.037393062882005883
leaf_weight=1.7025207839906213 1.2987772809574383 1.3423845381475987 0.81032679043710221 0.21877078944817174 1.1191951083019374 0.18647860689088702
leaf_count=6 16 8 4 6 10 6
internal_value=0 -0.00238523 -0.00640808 0.000574348 0.00405977 0.00107099
internal_weight=0 4.97593 2.1091 2.86683 1.52444 0.405249
internal_count=56 50 20 30 22 12
is_linear=0
shrinkage=0.1


Tree=93
num_leaves=7
num_cat=0
split_feature=4 0 4 3 4 3
split_gain=0.010462 0.00810051 0.00404316 0.011912 0.00072584 0.0392892
threshold=0.49515000000000003 0.95000000000000007 0.52050000000000007 0.36475000000000007 0.5697000000000001 0.47130000000000005
decision_type=2 2 2 2 2 2
left_child=1 -1 -2 -4 5 -5
right_child=2 -3 3 4 -6 -7
leaf_value=0.010377627534653102 -0.0090727842570698086 -0.00075483199152829531 -0.0074222590705328622 0.039607087288966586 0.0036615847901736612 -0.025488556575367218
leaf_weight=1.335053994320333 0.90629272814840067 1.2805895293131471 1.6268779102247211 0.19561313092708577 1.1347145359031854 0.17626979760825634
leaf_count=10 8 6 10 4 12 6
internal_value=0 0.0049273 -0.00319029 -0.00148891 0.00491814 0.00875223
internal_weight=0 2.61564 4.03977 3.13348 1.5066 0.371883
internal_count=56 16 40 32 22 10
is_linear=0
shrinkage=0.1


Tree=94
num_leaves=7
num_cat=0
split_feature=1 3 1 4 4 1
split_gain=0.0113235 0.00563424 0.00594096 0.00413738 0.0120947 0.0100047
threshold=0.41000000000000009 0.36475000000000007 0.66500000000000015 0.59120000000000006 0.49515000000000003 0.55500000000000016
decision_type=2 2 2 2 2 2
left_child=-1 2 -2 4 -3 -6
right_child=1 3 -4 -5 5 -7
leaf_value=0.007046215167732287 -0.01054800418117915 0.0026340477025307112 0.0003720090510270505 0.0052383122228117918 -0.030534373110216412 -0.0017656342750970852
leaf_weight=1.6979103013873098 1.2934293411672118 1.2456272542476656 0.81033444590866555 1.1136749102734027 0.23925858689472068 0.24432213790714741
leaf_count=6 16 4 4 10 10 6
internal_value=0 -0.00241857 -0.0063418 0.000484657 -0.00257688 -0.0159994
internal_weight=0 4.94665 2.10376 2.84288 1.72921 0.483581
internal_count=56 50 20 30 20 16
is_linear=0
shrinkage=0.1


Tree=95
num_leaves=7
num_cat=0
split_feature=1 1 3 1 3 4
split_gain=0.0107095 0.00801352 0.0242019 0.00437362 0.00277266 0.00194254
threshold=0.41000000000000009 0.53500000000000014 0.45575000000000004 0.63000000000000012 0.36475000000000007 0.52050000000000007
decision_type=2 2 2 2 2 2
left_child=-1 2 -2 4 -3 -6
right_child=1 3 -4 -5 5 -7
leaf_value=0.0068537564672465278 -0.031725791288702426 -0.0038348295129488289 0.013516557017541128 -0.0069173351812846715 -0.00021425816359241522 0.0053866723406981801
leaf_weight=1.6970608010888097 0.30799311399459828 0.98246260941959951 0.19191499333828688 0.97562572872266162 1.3062019729986789 1.1773866470903156
leaf_count=6 6 10 6 10 6 12
internal_value=0 -0.00235375 -0.0143572 -0.00100277 0.000662066 0.00244096
internal_weight=0 4.94159 0.499908 4.44168 3.46605 2.48359
internal_count=56 50 12 38 28 18
is_linear=0
shrinkage=0.1


Tree=96
num_leaves=7
num_cat=0
split_feature=1 1 3 1 3 4
split_gain=0.0099022 0.00807262 0.0190237 0.00396789 0.00252202 0.00182105
threshold=0.41000000000000009 0.53500000000000014 0.45575000000000004 0.63000000000000012 0.36475000000000007 0.52050000000000007
decision_type=2 2 2 2 2 2
left_child=-1 2 -2 4 -3 -6
right_child=1 3 -4 -5 5 -7
leaf_value=0.0065899206978075192 -0.029894812133438354 -0.0036192069208256074 0.010380961076959567 -0.0065572349448368601 -0.0002013191944951258 0.0052256529558460697
leaf_weight=1.6964667402207849 0.30439336132258166 0.98193386441562358 0.19077674392610788 0.97309334622696031 1.3057525968179109 1.1744475495070217
leaf_count=6 6 10 6 10 6 12
internal_value=0 -0.00226748 -0.0143776 -0.000915453 0.000670269 0.00236851
internal_weight=0 4.9304 0.49517 4.43523 3.46213 2.4802
internal_count=56 50 12 38 28 18
is_linear=0
shrinkage=0.1


Tree=97
num_leaves=5
num_cat=0
split_feature=4 0 1 4
split_gain=0.0107086 0.00882078 0.00333917 0.00778602
threshold=0.49515000000000003 0.95000000000000007 0.57500000000000007 0.54930000000000012
decision_type=2 2 2 2
left_child=1 -1 3 -2
right_child=2 -3 -4 -5
leaf_value=0.010714196117272534 -0.0058540723646990306 -0.00092731795648193541 -0.0082107763923940699 0.0044843944840978591
leaf_weight=1.3245050925761461 1.7564895958639684 1.2797078490257263 1.0112479140516368 1.2446324867196379
leaf_count=10 10 6 16 14
internal_value=0 0.00499357 -0.00324106 -0.00156648
internal_weight=0 2.60421 4.01237 3.00112
internal_count=56 16 40 24
is_linear=0
shrinkage=0.1


Tree=98
num_leaves=5
num_cat=0
split_feature=4 0 1 4
split_gain=0.0100897 0.00784657 0.00319155 0.0070579
threshold=0.49515000000000003 0.95000000000000007 0.57500000000000007 0.54930000000000012
decision_type=2 2 2 2
left_child=1 -1 3 -2
right_child=2 -3 -4 -5
leaf_value=0.010247814535958147 -0.0055926496805100111 -0.00073709345835923465 -0.0080082201290701035 0.0042554082767705731
leaf_weight=1.3231719508767128 1.7552182525396349 1.2786301877349615 1.0103377866325898 1.24317125743255
leaf_count=10 10 6 16 14
internal_value=0 0.00484939 -0.00314741 -0.00150952
internal_weight=0 2.6018 4.00873 2.99839
internal_count=56 16 40 24
is_linear=0
shrinkage=0.1


Tree=99
num_leaves=5
num_cat=0
split_feature=4 0 1 4
split_gain=0.00950823 0.0070035 0.00303788 0.00642634
threshold=0.49515000000000003 0.95000000000000007 0.57500000000000007 0.54930000000000012
decision_type=2 2 2 2
left_child=1 -1 3 -2
right_child=2 -3 -4 -5
leaf_value=0.0098118159603495826 -0.005354938057235659 -0.00057023920330943889 -0.0078009943500390007 0.0040463471586499973
leaf_weight=1.322070084977895 1.7541164630092683 1.2776994658634067 1.009496333892457 1.2418417041189966
leaf_count=10 10 6 16 14
internal_value=0 0.00470938 -0.00305667 -0.00145805
internal_weight=0 2.59977 4.00545 2.99596
internal_count=56 16 40 24
is_linear=0
shrinkage=0.1


end of trees

feature_importances:
syntactic=193
phonological=165
inventory=141
genetic=83
featural=10

parameters:
[boosting: gbdt]
[objective: lambdarank]
[metric: ndcg]
[tree_learner: serial]
[device_type: cpu]
[data: ]
[valid: ]
[num_iterations: 100]
[learning_rate: 0.1]
[num_leaves: 16]
[num_threads: 6]
[deterministic: 0]
[force_col_wise: 0]
[force_row_wise: 0]
[histogram_pool_size: -1]
[max_depth: -1]
[min_data_in_leaf: 5]
[min_sum_hessian_in_leaf: 0.001]
[bagging_fraction: 1]
[pos_bagging_fraction: 1]
[neg_bagging_fraction: 1]
[bagging_freq: 0]
[bagging_seed: 3]
[feature_fraction: 1]
[feature_fraction_bynode: 1]
[feature_fraction_seed: 2]
[extra_trees: 0]
[extra_seed: 6]
[early_stopping_round: 0]
[first_metric_only: 0]
[max_delta_step: 0]
[lambda_l1: 0]
[lambda_l2: 0]
[linear_lambda: 0]
[min_gain_to_split: 0]
[drop_rate: 0.1]
[max_drop: 50]
[skip_drop: 0.5]
[xgboost_dart_mode: 0]
[uniform_drop: 0]
[drop_seed: 4]
[top_rate: 0.2]
[other_rate: 0.1]
[min_data_per_group: 100]
[max_cat_threshold: 32]
[cat_l2: 10]
[cat_smooth: 10]
[max_cat_to_onehot: 4]
[top_k: 20]
[monotone_constraints: ]
[monotone_constraints_method: basic]
[monotone_penalty: 0]
[feature_contri: ]
[forcedsplits_filename: ]
[refit_decay_rate: 0.9]
[cegb_tradeoff: 1]
[cegb_penalty_split: 0]
[cegb_penalty_feature_lazy: ]
[cegb_penalty_feature_coupled: ]
[path_smooth: 0]
[interaction_constraints: ]
[verbosity: 1]
[saved_feature_importance_type: 0]
[linear_tree: 0]
[max_bin: 255]
[max_bin_by_feature: ]
[min_data_in_bin: 3]
[bin_construct_sample_cnt: 200000]
[data_random_seed: 1]
[is_enable_sparse: 1]
[enable_bundle: 1]
[use_missing: 1]
[zero_as_missing: 0]
[feature_pre_filter: 1]
[pre_partition: 0]
[two_round: 0]
[header: 0]
[label_column: ]
[weight_column: ]
[group_column: ]
[ignore_column: ]
[categorical_feature: ]
[forcedbins_filename: ]
[precise_float_parser: 0]
[parser_config_file: ]
[objective_seed: 5]
[num_class: 1]
[is_unbalance: 0]
[scale_pos_weight: 1]
[sigmoid: 1]
[boost_from_average: 1]
[reg_sqrt: 0]
[alpha: 0.9]
[fair_c: 1]
[poisson_max_delta_step: 0.7]
[tweedie_variance_power: 1.5]
[lambdarank_truncation_level: 30]
[lambdarank_norm: 1]
[label_gain: ]
[eval_at: 1,2,3,4,5]
[multi_error_top_k: 1]
[auc_mu_weights: ]
[num_machines: 1]
[local_listen_port: 12400]
[time_out: 120]
[machine_list_filename: ]
[machines: ]
[gpu_platform_id: -1]
[gpu_device_id: -1]
[gpu_use_dp: 0]
[num_gpu: 1]

end of parameters

pandas_categorical:null
