tree
version=v4
num_class=1
num_tree_per_iteration=1
label_index=0
max_feature_idx=4
objective=lambdarank
feature_names=genetic syntactic featural phonological inventory
feature_infos=[0:1] [0:0.69999999999999996] [0:0.59999999999999998] [0.00020000000000000001:0.53190000000000004] [0:0.63270000000000004]
tree_sizes=1052 1049 1259 1051 1162 953 957 960 1061 963 854 1067 864 969 964 761 760 857 973 861 860 860 861 762 866 858 863 759 766 867 761 974 873 758 977 874 764 764 974 765 869 867 872 659 771 870 869 766 871 765 661 664 868 978 769 658 666 766 772 871 767 666 661 665 879 766 660 661 872 660 663 660 667 659 667 661 768 662 887 667 660 873 666 662 891 660 887 890 663 666 983 668 669 664 660 773 662 890 889 660

Tree=0
num_leaves=9
num_cat=0
split_feature=1 3 2 3 0 3 1 0
split_gain=1.34096 0.876414 1.77959 1.62398 0.429934 0.39776 0.261216 0.00517383
threshold=0.50500000000000012 0.42870000000000003 0.55000000000000016 0.35230000000000006 0.91155000000000019 0.28375000000000006 0.6100000000000001 0.91155000000000019
decision_type=2 2 2 2 2 2 2 2
left_child=7 2 4 5 -2 -4 -3 -1
right_child=1 6 3 -5 -6 -7 -8 -9
leaf_value=0.09752556044480222 -0.043656270927973119 -0.14987803101285294 0.02513054983185796 0.13660154341341099 -0.18687003103298169 -0.12107918080104477 -0.050922193175963242 0.11211545356636626
leaf_weight=0.53030027449131001 0.40774618647992666 0.57090845704078652 0.34097507596015941 1.0869150832295416 0.43140070140361786 0.40955835580825806 0.50071956217288971 0.44872412085533142
leaf_count=6 8 6 4 8 6 6 8 4
internal_value=0 -0.02722 0.00337654 0.0584801 -0.117282 -0.0546546 -0.103641 0.104213
internal_weight=0 3.74822 2.6766 1.83745 0.839147 0.750533 1.07163 0.979024
internal_count=56 46 32 18 14 10 14 10
is_linear=0
shrinkage=0.1


Tree=1
num_leaves=9
num_cat=0
split_feature=0 3 3 1 1 3 3 1
split_gain=6.23306 3.03255 6.25302 4.5369 2.22982 1.84787 0.455355 0.0228142
threshold=1.0000000180025095e-35 0.48190000000000005 0.39770000000000005 0.66500000000000015 0.59500000000000008 0.28375000000000006 0.35230000000000006 0.57500000000000007
decision_type=2 2 2 2 2 2 2 2
left_child=-1 2 3 5 -4 -2 7 -7
right_child=1 -3 4 -5 -6 6 -8 -9
leaf_value=0.1990376865744147 -0.17783992718332123 -0.13675929191340949 0.13830747328375592 0.079164192765981883 0.0094272383779947736 -0.092651611013191679 -0.027731652939928488 -0.075048334752532975
leaf_weight=1.4477353096008325 1.7706710249185542 1.8841687217354781 3.1155854426324376 2.0589931830763817 2.3588085547089577 1.8807830810546877 2.404158029705286 1.2098315022885797
leaf_count=2 6 8 8 6 8 4 6 8
internal_value=0 -0.0172723 -0.00205938 -0.0518661 0.0827755 -0.0889995 -0.060371 -0.0857607
internal_weight=0 16.683 14.7988 9.32444 5.47439 7.26544 5.49477 3.09061
internal_count=56 54 46 30 16 24 18 12
is_linear=0
shrinkage=0.1


Tree=2
num_leaves=11
num_cat=0
split_feature=0 3 3 4 4 4 3 1 1 1
split_gain=3.65394 1.12957 1.0235 1.1997 0.331129 0.256729 0.37186 0.371147 1.51194 0.128621
threshold=1.0000000180025095e-35 0.39770000000000005 0.42870000000000003 0.55125000000000013 0.50170000000000015 0.52860000000000007 0.35230000000000006 0.50500000000000012 0.66500000000000015 0.69000000000000006
decision_type=2 2 2 2 2 2 2 2 2 2
left_child=-1 5 -3 4 -4 9 7 -7 -9 -2
right_child=1 2 3 -5 -6 6 -8 8 -10 -11
leaf_value=0.17082693743860267 -0.048436376606186486 0.074818246781333406 -0.0034701517929418579 -0.088148052521779208 0.068422568474227369 -0.0028929322431290195 0.018126930474841131 -0.13373352792593071 0.026759269402355668 -0.098828493815471444
leaf_weight=1.1503391861915577 1.0649770423769953 2.0130271911621094 1.5065205097198493 1.3780292719602583 1.114689342677593 1.3147031217813494 1.2055441588163374 1.4512057304382326 0.98565319180488575 0.9658941477537154
leaf_count=2 6 6 4 8 6 4 4 10 2 4
internal_value=0 -0.0151158 0.016663 -0.0126095 0.0271028 -0.0424574 -0.030189 -0.0457151 -0.0688179 -0.0724032
internal_weight=0 13.0002 6.01227 3.99924 2.62121 6.98798 4.95711 3.75156 2.43686 2.03087
internal_count=56 54 24 18 10 30 20 16 12 10
is_linear=0
shrinkage=0.1


Tree=3
num_leaves=9
num_cat=0
split_feature=1 1 4 4 1 1 1 1
split_gain=2.38639 0.446819 0.74355 1.74439 1.15113 0.20386 0.148506 0.0260714
threshold=1.0000000180025095e-35 0.50500000000000012 0.55940000000000012 0.5445000000000001 0.55500000000000016 0.6100000000000001 0.63500000000000012 0.66500000000000015
decision_type=2 2 2 2 2 2 2 2
left_child=-1 -2 3 5 -4 -3 -6 -7
right_child=1 2 4 -5 6 7 -8 -9
leaf_value=0.15734144863014499 0.028942250220575595 -0.047505221827109888 -0.043693088680871836 -0.1506254708814338 0.037912715410434929 0.0055402169987452503 0.092641439847216012 -0.011705607729766488
leaf_weight=0.89771178364753801 2.2210659086704245 1.4525296464562396 1.8030067309737206 1.194271996617317 0.94443640112876881 1.7796182036399844 1.0437607541680336 1.7275104522705076
leaf_count=2 8 10 8 8 6 4 4 6
internal_value=0 -0.0116098 -0.0206664 -0.042128 0.0141704 -0.0160021 0.0666441 -0.00295458
internal_weight=0 12.1662 9.94513 6.15393 3.7912 4.95966 1.9882 3.50713
internal_count=56 54 46 28 18 20 10 10
is_linear=0
shrinkage=0.1


Tree=4
num_leaves=10
num_cat=0
split_feature=0 3 3 2 4 1 1 3 3
split_gain=1.55236 0.629918 0.586279 0.624405 0.499455 0.840681 0.157304 0.150072 0.392636
threshold=0.88750000000000007 0.48190000000000005 0.45575000000000004 0.55000000000000016 0.47425000000000006 0.50500000000000012 0.57500000000000007 0.39770000000000005 0.35230000000000006
decision_type=2 2 2 2 2 2 2 2 2
left_child=-1 2 3 4 -2 -6 -7 8 -5
right_child=1 -3 -4 7 5 6 -8 -9 -10
leaf_value=0.092231277738109463 0.020261533887880691 -0.090343421613858513 0.037275841857451565 -0.013700916132805394 -0.020569583417942783 -0.17718305507179055 -0.10227738238709126 -0.027563046651062406 0.058185272131738366
leaf_weight=1.5877211093902577 0.70338582992553567 0.97585539519786912 2.3608495816588402 1.8262434303760529 1.2943861335515978 0.54764694720506646 0.57441757619380951 1.0451057925820348 1.3011270463466644
leaf_count=6 4 8 6 8 4 4 6 6 4
internal_value=0 -0.0137771 -0.00603692 -0.0200592 -0.0538993 -0.0754862 -0.138837 0.00524363 0.016207
internal_weight=0 10.629 9.65316 7.29231 3.11984 2.41645 1.12206 4.17248 3.12737
internal_count=56 50 42 36 18 14 10 18 12
is_linear=0
shrinkage=0.1


Tree=5
num_leaves=8
num_cat=0
split_feature=4 1 1 3 3 4 2
split_gain=2.24601 0.348964 0.838585 0.725555 1.30802 0.674841 0.152478
threshold=0.47425000000000006 0.50500000000000012 0.6100000000000001 0.42870000000000003 0.35230000000000006 0.52860000000000007 0.55000000000000016
decision_type=2 2 2 2 2 2 2
left_child=-1 -2 3 4 6 -4 -3
right_child=1 2 5 -5 -6 -7 -8
leaf_value=0.11168829434757727 0.019480848708348625 -0.091199542788688526 -0.026742398031230592 -0.14783943810042635 0.0069749141985962484 0.053854744124796121 -0.16893960430425628
leaf_weight=1.564484246075154 2.1067204400897017 0.48225509002804645 2.7669119313359261 0.76010883599519719 2.0615497380495071 1.6634264364838598 0.52911478281021118
leaf_count=6 8 6 8 6 10 8 4
internal_value=0 -0.0168499 -0.0261123 -0.0603608 -0.0387224 0.00351882 -0.131871
internal_weight=0 10.3701 8.26337 3.83303 3.07292 4.43034 1.01137
internal_count=56 50 42 26 20 16 10
is_linear=0
shrinkage=0.1


Tree=6
num_leaves=8
num_cat=0
split_feature=0 4 1 1 4 4 1
split_gain=0.846941 0.207488 0.283552 0.20743 0.30291 0.588879 0.15081
threshold=0.88750000000000007 0.55940000000000012 0.63500000000000012 0.50500000000000012 0.50170000000000015 0.5445000000000001 0.69000000000000006
decision_type=2 2 2 2 2 2 2
left_child=-1 3 -3 -2 -5 6 -6
right_child=1 2 -4 4 5 -7 -8
leaf_value=0.076453354271557833 0.0094431432818389907 -0.008826484030841705 0.061908402446709178 -0.0069493201116583372 0.0087762718167075666 -0.12759246578883057 -0.050335956985335786
leaf_weight=1.2852048426866538 2.0118380039930326 1.6825338155031206 0.8545452058315276 3.0527176186442375 0.83501528203487418 0.7559712454676627 0.89333254098892212
leaf_count=6 8 10 4 10 6 8 4
internal_value=0 -0.00974209 0.0149986 -0.0180571 -0.0280491 -0.0539764 -0.0217771
internal_weight=0 10.086 2.53708 7.54887 5.53704 2.48432 1.72835
internal_count=56 50 14 36 28 18 10
is_linear=0
shrinkage=0.1


Tree=7
num_leaves=8
num_cat=0
split_feature=4 3 4 1 1 1 1
split_gain=0.697968 0.308043 0.357166 0.269329 0.560598 0.0727814 0.0350789
threshold=0.47425000000000006 0.35230000000000006 0.55940000000000012 0.66500000000000015 0.50500000000000012 0.59500000000000008 0.6100000000000001
decision_type=2 2 2 2 2 2 2
left_child=-1 3 6 4 -2 -4 -3
right_child=1 2 5 -5 -6 -7 -8
leaf_value=0.061299736592702152 -0.014547264033069725 -0.031918600241706917 0.041568720999178799 -0.00052184035314723431 -0.11988100636906625 0.0070033116026860564 -0.010464788805384522
leaf_weight=1.5907171145081527 1.2748255431652058 1.284551687538624 1.8372065573930743 1.4674824029207227 0.83699481189250935 0.91134435310959805 1.8740383945405481
leaf_count=6 4 10 8 6 10 6 6
internal_value=0 -0.0102789 0.00374805 -0.0334285 -0.056295 0.0301078 -0.0191897
internal_weight=0 9.48644 5.90714 3.5793 2.11182 2.74855 3.15859
internal_count=56 50 30 20 14 14 16
is_linear=0
shrinkage=0.1


Tree=8
num_leaves=9
num_cat=0
split_feature=0 1 4 1 4 4 3 4
split_gain=0.647198 0.183298 0.143432 0.328515 0.71968 0.164148 0.0994455 0.00613054
threshold=0.88750000000000007 0.50500000000000012 0.47425000000000006 0.6100000000000001 0.59235000000000004 0.52860000000000007 0.28375000000000006 0.55125000000000013
decision_type=2 2 2 2 2 2 2 2
left_child=-1 -2 -3 4 6 -5 -4 -8
right_child=1 2 3 5 -6 -7 7 -9
leaf_value=0.072996330559510658 0.018795783817766327 0.018142918461862757 -0.06299092366063927 -0.017779429878707152 -0.0032479679083037092 0.024355990659831055 -0.12196952936769004 -0.13991620783276554
leaf_weight=1.0918592289090163 1.9970707893371562 1.1055675148963926 0.29888180270791076 2.7101860642433167 1.4358462430536745 1.4033050350844858 0.37583841383457184 0.3856489360332489
leaf_count=6 8 4 4 8 8 8 6 4
internal_value=0 -0.00820623 -0.0151956 -0.0207719 -0.0493907 -0.00340506 -0.111873 -0.131058
internal_weight=0 9.71234 7.71527 6.60971 2.49622 4.11349 1.06037 0.761487
internal_count=56 50 42 38 22 16 14 10
is_linear=0
shrinkage=0.1


Tree=9
num_leaves=8
num_cat=0
split_feature=0 4 3 3 4 4 1
split_gain=0.457026 0.110367 0.865282 0.230148 0.0752489 0.166766 0.0101592
threshold=0.88750000000000007 0.55125000000000013 0.42870000000000003 0.45575000000000004 0.47425000000000006 0.52860000000000007 0.57500000000000007
decision_type=2 2 2 2 2 2 2
left_child=-1 3 -3 4 -2 -6 -7
right_child=1 2 -4 -5 5 6 -8
leaf_value=0.063349696195662317 0.0089537318520183668 0.012912749909778943 -0.10993433960295318 0.024575636036317079 -0.054969975030201561 -0.011825911113148124 0.0019504834008676215
leaf_weight=1.027353689074517 1.0788131803274135 1.9180562719702723 0.81783357635140408 2.4345800261944532 1.0206064954400065 1.2790158689022066 0.92055657505989064
leaf_count=6 4 10 8 10 6 4 8
internal_value=0 -0.00687289 -0.0238097 8.62029e-06 -0.013904 -0.0215618 -0.00606027
internal_weight=0 9.46946 2.73589 6.73357 4.29899 3.22018 2.19957
internal_count=56 50 18 32 22 18 12
is_linear=0
shrinkage=0.1


Tree=10
num_leaves=7
num_cat=0
split_feature=1 3 4 4 1 0
split_gain=0.41384 0.115988 0.739766 0.535376 0.117319 0.0283244
threshold=0.50500000000000012 0.35230000000000006 0.5445000000000001 0.55940000000000012 0.55500000000000016 0.91155000000000019
decision_type=2 2 2 2 2 2
left_child=-1 2 5 -3 -5 -2
right_child=1 3 -4 4 -6 -7
leaf_value=0.037156176174821788 0.011606957864111086 -0.035391833323499586 -0.117029959874265 0.011883138741535494 0.055976858603394901 -0.0096939994107003921
leaf_weight=2.32170619815588 1.1029576063156132 2.3058603368699551 0.69265734776854504 1.3332905657589438 1.102275528013706 1.4383183009922504
leaf_count=10 4 12 8 6 8 8
internal_value=0 -0.0108165 -0.0254188 -0.000856921 0.0318388 -0.000449016
internal_weight=0 7.97536 3.23393 4.74143 2.43557 2.54128
internal_count=56 46 20 26 14 12
is_linear=0
shrinkage=0.1


Tree=11
num_leaves=9
num_cat=0
split_feature=0 1 3 1 1 4 0 4
split_gain=0.336486 0.0674308 0.0753651 0.115679 0.0705696 0.180536 0.563576 0.0113765
threshold=0.88750000000000007 0.50500000000000012 0.28375000000000006 0.66500000000000015 0.6100000000000001 0.59235000000000004 0.91155000000000019 0.55125000000000013
decision_type=2 2 2 2 2 2 2 2
left_child=-1 -2 -3 4 5 6 -4 -8
right_child=1 2 3 -5 -6 -7 7 -9
leaf_value=0.057816044261627834 0.011109604516417702 0.019307698578635055 0.0022802060602393121 -0.045496142634631857 0.0048241385556567354 0.0078648140559609541 -0.1067630448893252 -0.13489422530697409
leaf_weight=0.91441689431667406 1.8661958500742892 0.77174710668623436 1.067234590649605 0.97469840198755253 2.3820080757141113 1.4304393306374548 0.29427733458578575 0.28105851635336876
leaf_count=6 8 6 4 6 8 8 6 4
internal_value=0 -0.00583039 -0.0102202 -0.0137644 -0.00809463 -0.0181085 -0.0407274 -0.120505
internal_weight=0 9.06766 7.20146 6.42972 5.45502 3.07301 1.64257 0.575336
internal_count=56 50 42 36 30 22 14 10
is_linear=0
shrinkage=0.1


Tree=12
num_leaves=7
num_cat=0
split_feature=1 3 4 1 4 1
split_gain=0.260612 0.0761711 0.213753 0.112167 0.456985 0.052385
threshold=0.50500000000000012 0.35230000000000006 0.55940000000000012 0.66500000000000015 0.52860000000000007 0.59500000000000008
decision_type=2 2 2 2 2 2
left_child=-1 3 -3 4 -2 -4
right_child=1 2 5 -5 -6 -7
leaf_value=0.029851156427737054 0.0029562348536746551 -0.023129752153723482 0.030600428052140749 0.00075736275008723346 -0.10249190833289067 -0.0021092463685398982
leaf_weight=2.2520521283149719 1.0624111071228983 2.1695895083248615 1.6009921766817572 1.3321061655879018 0.67027023062109936 0.70531245321035374
leaf_count=10 4 12 8 6 10 6
internal_value=0 -0.00891516 -0.000598472 -0.0210611 -0.0378353 0.0205972
internal_weight=0 7.54068 4.47589 3.06479 1.73268 2.3063
internal_count=56 46 26 20 14 14
is_linear=0
shrinkage=0.1


Tree=13
num_leaves=8
num_cat=0
split_feature=0 4 3 3 4 4 4
split_gain=0.270868 0.0825301 0.626222 0.207749 0.0281802 0.0801835 0.0166472
threshold=0.88750000000000007 0.55125000000000013 0.42870000000000003 0.45575000000000004 0.47425000000000006 0.52860000000000007 0.54765000000000008
decision_type=2 2 2 2 2 2 2
left_child=-1 3 -3 4 -2 -6 -7
right_child=1 2 -4 -5 5 6 -8
leaf_value=0.054640679464853598 0.0015675778482603091 0.010869187377573943 -0.10115440685768429 0.025153747884163347 -0.041486370388699144 0.0048755337530060608 -0.013524432966663495
leaf_weight=0.82922814786434251 1.0442958995699863 1.7730065621435644 0.69446691870689381 2.268122723326087 0.95375822857022319 0.79754264652729046 1.2822467312216759
leaf_count=6 4 10 8 10 6 8 4
internal_value=0 -0.00514097 -0.0206597 0.000893106 -0.0126008 -0.0174783 -0.00646855
internal_weight=0 8.81344 2.46747 6.34597 4.07784 3.03355 2.07979
internal_count=56 50 18 32 22 18 12
is_linear=0
shrinkage=0.1


Tree=14
num_leaves=8
num_cat=0
split_feature=1 3 4 1 4 4 4
split_gain=0.292867 0.0784815 0.26952 0.0963855 0.441191 0.144399 0.040435
threshold=0.50500000000000012 0.35230000000000006 0.55940000000000012 0.66500000000000015 0.52860000000000007 0.59235000000000004 0.59235000000000004
decision_type=2 2 2 2 2 2 2
left_child=-1 3 -3 4 -2 -6 -4
right_child=1 2 6 -5 5 -7 -8
leaf_value=0.032363482436926952 0.0023177014632648446 -0.026160984012790517 0.039908897079184012 -0.001358070601692805 -0.05606721836740608 -0.15062454996973554 0.012286859539239201
leaf_weight=2.1581284999847412 1.0495631918311121 2.1420858576893806 0.90736432000994716 1.2807129099965093 0.32736819609999646 0.31874958425760269 1.2741659469902513
leaf_count=10 4 12 8 6 6 4 6
internal_value=0 -0.00956773 -0.000964856 -0.0220646 -0.0377038 -0.102715 0.0237757
internal_weight=0 7.30001 4.32362 2.97639 1.69568 0.646118 2.18153
internal_count=56 46 26 20 14 10 14
is_linear=0
shrinkage=0.1


Tree=15
num_leaves=6
num_cat=0
split_feature=1 3 4 1 1
split_gain=0.207352 0.0400835 0.165733 0.0636624 0.0258612
threshold=0.50500000000000012 0.35230000000000006 0.55940000000000012 0.66500000000000015 0.59500000000000008
decision_type=2 2 2 2 2
left_child=-1 3 -3 -2 -4
right_child=1 2 4 -5 -6
leaf_value=0.027333064922056862 -0.030687926591047694 -0.02193822177480078 0.024581697899085361 -0.00070441985331561215 0.00047593219645956426
leaf_weight=2.1354657933115959 1.5898712407797577 2.1108023431152105 1.5185306407511237 1.276860676705837 0.62955876812338818
leaf_count=10 14 12 8 6 6
internal_value=0 -0.0081914 -0.00203799 -0.0173331 0.0175168
internal_weight=0 7.12562 4.25889 2.86673 2.14809
internal_count=56 46 26 20 14
is_linear=0
shrinkage=0.1


Tree=16
num_leaves=6
num_cat=0
split_feature=1 4 3 3 1
split_gain=0.193131 0.0374518 0.421479 0.0875997 0.0294957
threshold=0.50500000000000012 0.5445000000000001 0.42870000000000003 0.39770000000000005 0.6100000000000001
decision_type=2 2 2 2 2
left_child=-1 4 3 -3 -2
right_child=1 2 -4 -5 -6
leaf_value=0.026252760448202246 -0.01496178770644805 -0.010415960589867821 -0.097018684284037246 0.033034170980327529 0.0034271906600825703
leaf_weight=2.1480537578463554 1.2362186126410959 1.6805345434695489 0.53309092670679081 0.64097978547215451 2.9626693166792393
leaf_count=10 10 12 8 6 10
internal_value=0 -0.00799495 -0.0168324 0.0015808 -0.00198681
internal_weight=0 7.05349 2.85461 2.32151 4.19889
internal_count=56 46 26 18 20
is_linear=0
shrinkage=0.1


Tree=17
num_leaves=7
num_cat=0
split_feature=4 3 4 1 1 4
split_gain=0.200361 0.16237 0.170855 0.102607 0.0408398 0.00545907
threshold=0.47425000000000006 0.35230000000000006 0.55940000000000012 0.66500000000000015 0.6100000000000001 0.59235000000000004
decision_type=2 2 2 2 2 2
left_child=-1 3 4 -2 -3 -4
right_child=1 2 5 -5 -6 -7
leaf_value=0.035679581549063429 -0.038991703380312576 -0.029895508058922528 0.033410169646954015 -0.0018824218425462823 -0.003005031008289106 0.022882440424478862
leaf_weight=1.342773765325546 1.8381744585931303 0.82278846763074431 0.79699191451072726 1.252980440855026 1.8011745214462278 1.289425656199455
leaf_count=6 14 10 8 6 6 6
internal_value=0 -0.00614105 0.00554575 -0.0239497 -0.011437 0.0269039
internal_weight=0 7.80154 4.71038 3.09115 2.62396 2.08642
internal_count=56 50 30 20 16 14
is_linear=0
shrinkage=0.1


Tree=18
num_leaves=8
num_cat=0
split_feature=3 1 4 1 1 1 1
split_gain=0.168868 0.0795951 0.0609274 0.0477428 0.0479921 0.0407062 0.0115804
threshold=0.24260000000000001 0.66500000000000015 0.54930000000000012 0.55500000000000016 0.63500000000000012 0.57500000000000007 0.6100000000000001
decision_type=2 2 2 2 2 2 2
left_child=-1 2 5 -4 -5 -2 -7
right_child=1 -3 3 4 -6 6 -8
leaf_value=0.042039038915908301 -0.022130642383515711 -0.032093922311343663 0.020612124994244301 -0.030161482934349695 0.01465710768438276 -0.0086061566393287187 0.0038199813946771469
leaf_weight=0.86357852444052774 1.4150572121143321 0.92457272112369526 1.7661466822028162 0.46488727256655682 0.49153813719749451 1.3316578846424818 1.7169876396656036
leaf_count=6 8 6 10 8 4 10 4
internal_value=0 -0.00447598 -0.00092271 0.0108673 -0.00712775 -0.00811383 -0.00160779
internal_weight=0 8.11085 7.18627 2.72257 0.956425 4.4637 3.04865
internal_count=56 50 44 22 12 22 14
is_linear=0
shrinkage=0.1


Tree=19
num_leaves=7
num_cat=0
split_feature=4 3 1 4 1 4
split_gain=0.17476 0.0860696 0.0984092 0.0788184 0.0629589 0.0132142
threshold=0.47425000000000006 0.35230000000000006 0.50500000000000012 0.55940000000000012 0.66500000000000015 0.59235000000000004
decision_type=2 2 2 2 2 2
left_child=-1 4 -3 -4 -2 -5
right_child=1 2 3 5 -6 -7
leaf_value=0.03340600135828211 -0.031283606821864859 0.043842151608894445 -0.016234728806750302 0.021752354457232878 -0.0017565599680589286 0.0051117823002020286
leaf_weight=1.3315228819847105 1.7515754345804455 0.51641465723514546 2.0605104845017195 0.78364198282361064 1.2286934666335581 1.2203280664980409
leaf_count=6 14 4 12 8 6 6
internal_value=0 -0.00588281 0.00272283 -0.0025016 -0.0191103 0.011619
internal_weight=0 7.56116 4.5809 4.06448 2.98027 2.00397
internal_count=56 50 30 26 20 14
is_linear=0
shrinkage=0.1


Tree=20
num_leaves=7
num_cat=0
split_feature=4 3 3 3 0 4
split_gain=0.216569 0.549421 0.159722 0.203848 0.0770407 0.065201
threshold=0.55125000000000013 0.42870000000000003 0.28375000000000006 0.45575000000000004 0.91155000000000019 0.59235000000000004
decision_type=2 2 2 2 2 2
left_child=2 5 -1 4 -4 -2
right_child=1 -3 3 -5 -6 -7
leaf_value=0.048131129913546976 0.030064000841793934 -0.10541957654191979 -0.0023136821038198733 0.027395418140963735 -0.035794461225906647 -0.010091184253120958
leaf_weight=0.93220114521682251 0.57997757941484485 0.63260450772941101 2.2895472422242169 2.1284744832664728 0.98206814005970944 1.3354258853942154
leaf_count=8 6 8 8 10 8 8
internal_value=0 -0.0246186 0.00990612 0.00330746 -0.0123639 0.00206767
internal_weight=0 2.54801 6.33229 5.40009 3.27162 1.9154
internal_count=56 22 34 26 16 14
is_linear=0
shrinkage=0.1


Tree=21
num_leaves=7
num_cat=0
split_feature=4 3 4 1 4 1
split_gain=0.143052 0.105735 0.0946166 0.055353 0.0307151 0.0078663
threshold=0.47425000000000006 0.35230000000000006 0.55940000000000012 0.66500000000000015 0.59235000000000004 0.6100000000000001
decision_type=2 2 2 2 2 2
left_child=-1 3 5 -2 -4 -3
right_child=1 2 4 -5 -6 -7
leaf_value=0.030267049836538929 -0.031447381305980564 -0.017508347735580451 0.037133171952687977 -0.0034902165166658624 0.011115768111521859 -0.0050218837552292216
leaf_weight=1.323536120355129 1.7508307974785569 0.70298171229660544 0.729661215096712 1.1892337948083875 1.2000179085880516 1.787280101329088
leaf_count=6 14 10 8 6 6 6
internal_value=0 -0.00544287 0.00433268 -0.0201389 0.0209536 -0.00854672
internal_weight=0 7.36001 4.41994 2.94006 1.92968 2.49026
internal_count=56 50 30 20 14 16
is_linear=0
shrinkage=0.1


Tree=22
num_leaves=7
num_cat=0
split_feature=4 3 1 4 4 1
split_gain=0.440865 0.167624 0.135 0.0362044 0.0161632 0.00013105
threshold=0.47425000000000006 0.35230000000000006 0.66500000000000015 0.55940000000000012 0.59235000000000004 0.6100000000000001
decision_type=2 2 2 2 2 2
left_child=-1 2 -2 5 -5 -3
right_child=1 3 -4 4 -6 -7
leaf_value=0.050825657888638867 -0.044411818711177435 -0.0063464585345012967 -0.0012689893518745303 0.025093106525154809 0.0060175273600514504 -0.0047303842181595813
leaf_weight=1.4308136403560636 1.8773845378309491 0.70035850629210505 1.181914187967777 0.71192570403218258 1.1811597179621456 1.7697133924812076
leaf_count=6 14 10 6 8 6 6
internal_value=0 -0.00979757 -0.0277442 0.00278603 0.0131912 -0.0051886
internal_weight=0 7.42246 3.0593 4.36316 1.89309 2.47007
internal_count=56 50 20 30 14 16
is_linear=0
shrinkage=0.1


Tree=23
num_leaves=6
num_cat=0
split_feature=1 4 3 4 1
split_gain=0.187692 0.0211602 0.160286 0.137206 0.0122662
threshold=0.50500000000000012 0.5445000000000001 0.35230000000000006 0.57095000000000018 0.6100000000000001
decision_type=2 2 2 2 2
left_child=-1 4 -3 -4 -2
right_child=1 2 3 -5 -6
leaf_value=0.02751721691013544 -0.011979324366345448 -0.070529657111031416 -0.042249064620894769 0.013069740984899207 3.6617808428745671e-05
leaf_weight=1.9219992049038408 1.2051477199420331 0.43333234265446696 0.64467700198292766 1.4723460059612987 2.8792866244912148
leaf_count=10 10 8 8 10 10
internal_value=0 -0.00797132 -0.0151181 -0.00377597 -0.00350879
internal_weight=0 6.63479 2.55036 2.11702 4.08443
internal_count=56 46 26 18 20
is_linear=0
shrinkage=0.1


Tree=24
num_leaves=7
num_cat=0
split_feature=4 3 4 1 1 1
split_gain=0.135597 0.0784241 0.0466276 0.0369983 0.0232495 0.00045462
threshold=0.47425000000000006 0.35230000000000006 0.55940000000000012 0.66500000000000015 0.55500000000000016 0.6100000000000001
decision_type=2 2 2 2 2 2
left_child=-1 3 5 -2 -4 -3
right_child=1 2 4 -5 -6 -7
leaf_value=0.029877254725647936 -0.027678351413916481 -0.0081152016706215156 0.0066526821370121465 -0.0045619545430513435 0.029814623321944053 -0.0050826360752200192
leaf_weight=1.2887945994734762 1.6878341399133208 0.6836142931133512 1.206969831138849 1.173947926610708 0.67615401372313488 1.7854711934924123
leaf_count=6 14 10 6 6 8 6
internal_value=0 -0.00533764 0.00311711 -0.0181956 0.0149692 -0.00592226
internal_weight=0 7.21399 4.35221 2.86178 1.88312 2.46909
internal_count=56 50 30 20 14 16
is_linear=0
shrinkage=0.1


Tree=25
num_leaves=7
num_cat=0
split_feature=1 1 4 2 0 3
split_gain=0.15511 0.0218294 0.0330037 0.1854 0.108678 0.0189101
threshold=0.50500000000000012 0.6100000000000001 0.47425000000000006 0.55000000000000016 0.91155000000000019 0.45575000000000004
decision_type=2 2 2 2 2 2
left_child=-1 2 -2 4 -4 -3
right_child=1 5 3 -5 -6 -7
leaf_value=0.025262639906163092 0.0015172034887210072 0.0072371736279079881 -0.022337487410538634 -0.003185138479998384 -0.11225664080336838 -0.0079817980003771515
leaf_weight=1.885605491697788 1.0209952592849734 1.3904124312102797 0.24878158885985624 1.5956409443169832 0.29237831383943558 1.9777751211076973
leaf_count=10 4 8 4 14 8 8
internal_value=0 -0.00729934 -0.0132725 -0.0203392 -0.0709191 -0.0016993
internal_weight=0 6.52598 3.1578 2.1368 0.54116 3.36819
internal_count=56 46 30 26 12 16
is_linear=0
shrinkage=0.1


Tree=26
num_leaves=7
num_cat=0
split_feature=1 3 4 4 1 4
split_gain=0.0939577 0.0159801 0.0626388 0.0354065 0.111856 0.0027939
threshold=0.50500000000000012 0.35230000000000006 0.55940000000000012 0.50170000000000015 0.66500000000000015 0.59235000000000004
decision_type=2 2 2 2 2 2
left_child=-1 3 -3 -2 -5 -4
right_child=1 2 5 4 -6 -7
leaf_value=0.019680163476513159 0.0027579602880466667 -0.013944882088573751 0.016825840660755115 -0.064234899588739 -0.0048238445388960214 0.0087167479356557651
leaf_weight=1.8797776438295839 1.0256038680672648 1.990058168768883 0.65745148435235012 0.43602837342768896 1.1599274426698682 1.2010875865817068
leaf_count=10 4 12 8 10 6 6
internal_value=0 -0.00571769 -0.00161601 -0.0117392 -0.0210554 0.0115853
internal_weight=0 6.47016 3.8486 2.62156 1.59596 1.85854
internal_count=56 46 26 20 16 14
is_linear=0
shrinkage=0.1


Tree=27
num_leaves=6
num_cat=0
split_feature=4 3 4 4 1
split_gain=0.0931436 0.0608484 0.0503956 0.19558 0.0261699
threshold=0.47425000000000006 0.35230000000000006 0.55125000000000013 0.57095000000000018 0.66500000000000015
decision_type=2 2 2 2 2
left_child=-1 4 -3 -4 -2
right_child=1 2 3 -5 -6
leaf_value=0.025048647335791426 -0.024011778892441101 0.013825768530207769 -0.05287500358137999 0.012771172228040435 -0.0043704636569315116
leaf_weight=1.2595422342419622 1.6465960359200837 2.1505784234032035 0.66318160481750998 1.4377772137522695 1.1536352969706056
leaf_count=6 14 12 8 10 6
internal_value=0 -0.00447403 0.00306472 -0.00795048 -0.01592
internal_weight=0 7.05177 4.25154 2.10096 2.80023
internal_count=56 50 30 18 20
is_linear=0
shrinkage=0.1


Tree=28
num_leaves=6
num_cat=0
split_feature=1 4 4 4 4
split_gain=0.115235 0.0207804 0.0414142 0.0857137 0.0315777
threshold=0.50500000000000012 0.55940000000000012 0.50170000000000015 0.5445000000000001 0.59235000000000004
decision_type=2 2 2 2 2
left_child=-1 2 -2 -4 -3
right_child=1 4 3 -5 -6
leaf_value=0.022103020434718047 -0.0027810498395946289 0.020482477853440217 -0.0097297991656729275 -0.063117478713029487 -0.0065668368917859354
leaf_weight=1.8329375721514223 2.7985480614006519 0.63857483491301525 1.2220009146258233 0.39888657815754403 1.3314838744699953
leaf_count=10 10 8 10 8 10
internal_value=0 -0.00634064 -0.0101482 -0.0228681 0.00220093
internal_weight=0 6.38949 4.41944 1.62089 1.97006
internal_count=56 46 28 18 18
is_linear=0
shrinkage=0.1


Tree=29
num_leaves=7
num_cat=0
split_feature=1 3 4 4 4 1
split_gain=0.0727376 0.0178764 0.0910392 0.0319814 0.00668923 0.0925596
threshold=0.50500000000000012 0.42870000000000003 0.55940000000000012 0.47425000000000006 0.52860000000000007 0.66500000000000015
decision_type=2 2 2 2 2 2
left_child=-1 2 3 -2 -5 -6
right_child=1 -3 -4 4 5 -7
leaf_value=0.01755482416770025 0.00080373232189917131 -0.012551804804878467 0.017105436440062287 -0.02745130450251615 -0.049136735189599337 0.026057675549131683
leaf_weight=1.8323632366955278 1.0216030925512316 2.1213713325560093 1.643864259123802 0.91481259092688538 0.35265487246215343 0.30552295595407486
leaf_count=10 4 14 12 6 8 2
internal_value=0 -0.00505781 -0.00130703 -0.0129727 -0.02192 -0.0142319
internal_weight=0 6.35983 4.23846 2.59459 1.57299 0.658178
internal_count=56 46 32 20 16 10
is_linear=0
shrinkage=0.1


Tree=30
num_leaves=6
num_cat=0
split_feature=4 3 4 4 1
split_gain=0.0755285 0.0648372 0.0262789 0.129865 0.0171745
threshold=0.47425000000000006 0.35230000000000006 0.55125000000000013 0.57095000000000018 0.66500000000000015
decision_type=2 2 2 2 2
left_child=-1 4 -3 -4 -2
right_child=1 2 3 -5 -6
leaf_value=0.022738811566592507 -0.022557133852159503 0.011593067850114838 -0.042789294521242201 0.012302382390006694 -0.0064884968163548135
leaf_weight=1.238553315401077 1.6260078605264427 2.1214852426201105 0.6127846930176023 1.4179852232336996 1.1256293542683122
leaf_count=6 14 12 8 10 6
internal_value=0 -0.00407933 0.00380962 -0.00432153 -0.0159838
internal_weight=0 6.90389 4.15226 2.03077 2.75164
internal_count=56 50 30 18 20
is_linear=0
shrinkage=0.1


Tree=31
num_leaves=8
num_cat=0
split_feature=1 3 4 4 4 1 1
split_gain=0.0900731 0.0251666 0.0641964 0.0235782 0.0108278 0.00426402 0.084719
threshold=0.50500000000000012 0.35230000000000006 0.55940000000000012 0.50170000000000015 0.59235000000000004 0.69000000000000006 0.66500000000000015
decision_type=2 2 2 2 2 2 2
left_child=-1 3 -3 -2 -4 6 -5
right_child=1 2 4 5 -6 -7 -8
leaf_value=0.019767371436494856 -0.0015573292299533891 -0.012943971953771609 0.0239631950754269 -0.057709710125164806 0.0076036352961399893 -0.016429891036961491 0.013203057283422399
leaf_weight=1.7934897392988203 1.0123765394091608 1.9664463326334956 0.61513029411435116 0.39028775412589289 1.1819322742521761 0.82412227988243103 0.29643397033214569
leaf_count=10 4 12 8 10 6 4 2
internal_value=0 -0.00563927 -0.000458656 -0.0133664 0.0132035 -0.0212794 -0.0270991
internal_weight=0 6.28673 3.76351 2.52322 1.79706 1.51084 0.686722
internal_count=56 46 26 20 14 16 12
is_linear=0
shrinkage=0.1


Tree=32
num_leaves=7
num_cat=0
split_feature=1 3 3 4 1 1
split_gain=0.0621569 0.0205741 0.0559785 0.0241346 0.00325508 0.0707209
threshold=0.50500000000000012 0.35230000000000006 0.42870000000000003 0.50170000000000015 0.69000000000000006 0.66500000000000015
decision_type=2 2 2 2 2 2
left_child=-1 3 -3 -2 5 -5
right_child=1 2 -4 4 -6 -7
leaf_value=0.016375734319540227 0.0001415295502153477 0.013854902947071965 -0.010791163561238631 -0.053857030927556004 -0.015683923984550329 0.012150932384004828
leaf_weight=1.7992887683212755 1.0133806243538859 1.6353436019271614 2.1114068403840065 0.37271345872431971 0.82260019704699516 0.28753110021352768
leaf_count=10 4 12 14 10 4 2
internal_value=0 -0.00471965 -3.38986e-05 -0.0117528 -0.0198814 -0.0251111
internal_weight=0 6.24298 3.74675 2.49623 1.48284 0.660245
internal_count=56 46 26 20 16 12
is_linear=0
shrinkage=0.1


Tree=33
num_leaves=6
num_cat=0
split_feature=4 3 4 4 1
split_gain=0.063468 0.0558316 0.0235293 0.0970092 0.00717581
threshold=0.47425000000000006 0.35230000000000006 0.55125000000000013 0.57095000000000018 0.66500000000000015
decision_type=2 2 2 2 2
left_child=-1 4 -3 -4 -2
right_child=1 2 3 -5 -6
leaf_value=0.021004911327142467 -0.01930021651163058 0.010944517935145663 -0.037892852822910439 0.010192742928578044 -0.0087869528297827276
leaf_weight=1.2194254696369169 1.5831820392049851 2.1035064570605755 0.59885335899889502 1.4012408852577207 1.100525766611099
leaf_count=6 14 12 8 10 6
internal_value=0 -0.0037738 0.0035608 -0.00420469 -0.014989
internal_weight=0 6.78731 4.1036 2.00009 2.68371
internal_count=56 50 30 18 20
is_linear=0
shrinkage=0.1


Tree=34
num_leaves=8
num_cat=0
split_feature=1 3 4 4 1 1 1
split_gain=0.0751815 0.023364 0.0536421 0.0198778 0.00471501 0.0473237 0.00433124
threshold=0.50500000000000012 0.35230000000000006 0.55940000000000012 0.50170000000000015 0.69000000000000006 0.66500000000000015 0.55500000000000016
decision_type=2 2 2 2 2 2 2
left_child=-1 3 -3 -2 5 -5 -4
right_child=1 2 6 4 -6 -7 -8
leaf_value=0.018202308878292897 -0.0019458173673872672 -0.011656781558299495 0.0089040087845335437 -0.05082177700108205 -0.015167939578139578 0.0038296719910657765 0.019397682494341307
leaf_weight=1.7649803683161733 1.0063657090067866 1.9454290922731163 1.1814525723457334 0.35791457351297118 0.81402522325515747 0.28429959714412689 0.58962918259203423
leaf_count=10 4 12 6 10 4 2 8
internal_value=0 -0.00519924 -0.000193821 -0.0127533 -0.0202221 -0.0266283 0.0123976
internal_weight=0 6.17912 3.71651 2.46261 1.45624 0.642214 1.77108
internal_count=56 46 26 20 16 12 14
is_linear=0
shrinkage=0.1


Tree=35
num_leaves=7
num_cat=0
split_feature=1 3 3 4 1 1
split_gain=0.0539098 0.0186577 0.0438275 0.0203434 0.00356444 0.0425656
threshold=0.50500000000000012 0.35230000000000006 0.42870000000000003 0.50170000000000015 0.69000000000000006 0.66500000000000015
decision_type=2 2 2 2 2 2
left_child=-1 3 -3 -2 5 -5
right_child=1 2 -4 4 -6 -7
leaf_value=0.015343079885242526 -0.00032209737504894018 0.01244806970212551 -0.0095477711305788446 -0.047935242010878266 -0.014499942058287908 0.0046597016420815394
leaf_weight=1.7755289152264593 1.0070304498076441 1.6069893250241878 2.0762842018157244 0.34607617883011677 0.81376606971025467 0.2770693376660347
leaf_count=10 4 12 14 10 4 2
internal_value=0 -0.00444608 4.88774e-05 -0.0112204 -0.0188583 -0.0245499
internal_weight=0 6.12722 3.68327 2.44394 1.43691 0.623146
internal_count=56 46 26 20 16 12
is_linear=0
shrinkage=0.1


Tree=36
num_leaves=6
num_cat=0
split_feature=4 3 4 4 2
split_gain=0.055435 0.0470208 0.0289418 0.0888277 0.00665119
threshold=0.47425000000000006 0.35230000000000006 0.55125000000000013 0.57095000000000018 0.55000000000000016
decision_type=2 2 2 2 2
left_child=-1 4 -3 -4 -2
right_child=1 2 3 -5 -6
leaf_value=0.019758323842092852 -0.0094049172235310223 0.011438116180474347 -0.038094254230542739 0.0084325161853804533 -0.019495247014208964
leaf_weight=1.2031559869647024 1.454731211066246 2.0802282392978668 0.5858619064092635 1.3696320075541732 1.1857295287773013
leaf_count=6 10 12 8 10 10
internal_value=0 -0.00356077 0.00322752 -0.00550681 -0.0139361
internal_weight=0 6.67618 4.03572 1.95549 2.64046
internal_count=56 50 30 18 20
is_linear=0
shrinkage=0.1


Tree=37
num_leaves=6
num_cat=0
split_feature=1 4 4 4 4
split_gain=0.0630863 0.0200679 0.0340915 0.0318716 0.0359715
threshold=0.50500000000000012 0.55940000000000012 0.59235000000000004 0.50170000000000015 0.5445000000000001
decision_type=2 2 2 2 2
left_child=-1 3 -3 -2 -5
right_child=1 2 -4 4 -6
leaf_value=0.016762061641644965 -0.0022234889571081202 0.024158072158684499 -0.0052644267007538421 -0.01187752828011541 -0.048819152908922539
leaf_weight=1.7449566461145876 2.7652206579223275 0.57325978390872467 1.2580494564026592 1.1463747438974676 0.34229288483038534
leaf_count=10 10 8 10 10 8
internal_value=0 -0.00480659 0.00394578 -0.0085745 -0.0203716
internal_weight=0 6.0852 1.83131 4.25389 1.48867
internal_count=56 46 18 28 18
is_linear=0
shrinkage=0.1


Tree=38
num_leaves=8
num_cat=0
split_feature=4 3 3 4 4 4 1
split_gain=0.0447307 0.040991 0.0207336 0.0343845 0.428654 0.00519228 0.00456419
threshold=0.47425000000000006 0.35230000000000006 0.42870000000000003 0.50170000000000015 0.55125000000000013 0.54765000000000008 0.69000000000000006
decision_type=2 2 2 2 2 2 2
left_child=-1 5 -3 -4 -5 6 -2
right_child=1 2 3 4 -6 -7 -8
leaf_value=0.017817978075012803 -0.00093786163260422802 0.012080123398593032 0.0051742072437224469 0.067563670093417336 -0.087840903144635885 -0.017334858263783483 -0.013085516511712603
leaf_weight=1.1935956031084058 0.50031500821933172 1.5796866072341802 1.6830253675580027 0.3118368238210677 0.41198944300413132 1.3191765006631611 0.81012869626283646
leaf_count=6 8 12 4 6 8 8 4
internal_value=0 -0.00321447 0.00317831 -0.00266421 -0.0208899 -0.012906 -0.00844766
internal_weight=0 6.61616 3.98654 2.40685 0.723826 2.62962 1.31044
internal_count=56 50 30 18 14 20 12
is_linear=0
shrinkage=0.1


Tree=39
num_leaves=6
num_cat=0
split_feature=1 4 4 4 4
split_gain=0.0590919 0.0395824 0.0349741 0.0217814 0.0435288
threshold=0.50500000000000012 0.55940000000000012 0.59235000000000004 0.50170000000000015 0.5445000000000001
decision_type=2 2 2 2 2
left_child=-1 3 -3 -2 -5
right_child=1 2 -4 4 -6
leaf_value=0.016626512908119062 -0.0046315898245004646 0.029197776945065829 -0.0012858866757310672 -0.010279088752551147 -0.051028288226663887
leaf_weight=1.6738819070160387 2.770513916388154 0.53758774884045113 1.2549920277670024 1.1386282844468949 0.34054578421637405
leaf_count=10 10 8 10 10 8
internal_value=0 -0.00460602 0.00785605 -0.0098627 -0.0196607
internal_weight=0 6.04227 1.79258 4.24969 1.47917
internal_count=56 46 18 28 18
is_linear=0
shrinkage=0.1


Tree=40
num_leaves=7
num_cat=0
split_feature=1 4 1 4 2 4
split_gain=0.0433027 0.0256051 0.0196558 0.0819228 0.0147598 0.0122848
threshold=0.50500000000000012 0.55940000000000012 0.6100000000000001 0.47425000000000006 0.55000000000000016 0.59235000000000004
decision_type=2 2 2 2 2 2
left_child=-1 2 3 -2 -4 -3
right_child=1 5 4 -5 -6 -7
leaf_value=0.014201084525961138 -0.0021086112468870644 0.019048955540814413 0.0025759161218655551 -0.054416673989575143 -0.012255636196205209 0.00075524877176830554
leaf_weight=1.6778848581016061 1.0017720535397527 0.51969866082072247 1.6854305863380432 0.42704697884619225 1.114773977547884 1.2500311462208626
leaf_count=10 4 8 4 12 8 10
internal_value=0 -0.00397212 -0.00819848 -0.0177425 -0.00332859 0.00612738
internal_weight=0 5.99875 4.22902 1.42882 2.8002 1.76973
internal_count=56 46 28 16 12 18
is_linear=0
shrinkage=0.1


Tree=41
num_leaves=7
num_cat=0
split_feature=4 3 4 4 3 3
split_gain=0.0392308 0.0342193 0.0247251 0.00966249 0.00795395 0.229477
threshold=0.47425000000000006 0.35230000000000006 0.55940000000000012 0.54765000000000008 0.39770000000000005 0.42870000000000003
decision_type=2 2 2 2 2 2
left_child=-1 3 -3 -2 -4 -6
right_child=1 2 4 -5 5 -7
leaf_value=0.0167468508700836 -0.0057694492249339702 -0.0040383567760459357 0.017060474232317813 -0.017954513449921713 0.061322250743063238 -0.067608161044457216
leaf_weight=1.1823765784502027 1.2885347763076427 2.1982300886884336 1.1012552529573438 1.3148467512801287 0.30201855301856984 0.25426910072565079
leaf_count=6 12 16 4 8 4 6
internal_value=0 -0.00306558 0.00291524 -0.0119236 0.0121371 0.00239047
internal_weight=0 6.45915 3.85577 2.60338 1.65754 0.556288
internal_count=56 50 30 20 14 10
is_linear=0
shrinkage=0.1


Tree=42
num_leaves=7
num_cat=0
split_feature=1 4 1 4 1 4
split_gain=0.0415637 0.0170727 0.0197987 0.0696096 0.0103241 0.00956958
threshold=0.50500000000000012 0.55940000000000012 0.6100000000000001 0.47425000000000006 0.66500000000000015 0.59235000000000004
decision_type=2 2 2 2 2 2
left_child=-1 2 3 -2 -4 -3
right_child=1 5 4 -5 -6 -7
leaf_value=0.013982548810529172 -0.0027430017079800618 0.016612915658705072 0.0024443983580867976 -0.051631279495799265 -0.010002097052214403 -0.0001249501440445181
leaf_weight=1.6595253758132456 0.99691938608884789 0.47177491150796402 1.6848613582551482 0.41144843306392431 1.1025305688381193 1.237752175889909
leaf_count=10 4 8 4 12 8 10
internal_value=0 -0.00392943 -0.00736155 -0.0170255 -0.00247871 0.00449417
internal_weight=0 5.90529 4.19576 1.40837 2.78739 1.70953
internal_count=56 46 28 16 12 18
is_linear=0
shrinkage=0.1


Tree=43
num_leaves=5
num_cat=0
split_feature=4 3 4 4
split_gain=0.0341161 0.0259508 0.022104 0.0115231
threshold=0.47425000000000006 0.35230000000000006 0.55940000000000012 0.54765000000000008
decision_type=2 2 2 2
left_child=-1 3 -3 -2
right_child=1 2 -4 -5
leaf_value=0.015676996696801192 -0.0038709659234767895 -0.0041655568864817118 0.011293226478293672 -0.017251010829430456
leaf_weight=1.1722263097763059 1.2734347665682437 2.1856917608529334 1.6035526562482116 1.3015029095113275
leaf_count=6 12 16 14 8
internal_value=0 -0.00288757 0.00237637 -0.0106339
internal_weight=0 6.36418 3.78924 2.57494
internal_count=56 50 30 20
is_linear=0
shrinkage=0.1


Tree=44
num_leaves=6
num_cat=0
split_feature=1 4 1 1 4
split_gain=0.0415155 0.00836461 0.0200904 0.00907042 0.00288757
threshold=0.50500000000000012 0.55940000000000012 0.6100000000000001 0.66500000000000015 0.59235000000000004
decision_type=2 2 2 2 2
left_child=-1 2 -2 -4 -3
right_child=1 4 3 -5 -6
leaf_value=0.014007082412794143 -0.016177109104647865 0.0087456496660074812 0.0031673515721003399 -0.0085252093261844256 -0.00054214603834869105
leaf_weight=1.6506758108735082 1.3885327400639651 0.45994704589247692 1.6817230656743052 1.0957161094993351 1.2296637790277598
leaf_count=10 16 8 4 8 10
internal_value=0 -0.00394857 -0.00635555 -0.00144543 0.00198618
internal_weight=0 5.85558 4.16597 2.77744 1.68961
internal_count=56 46 28 12 18
is_linear=0
shrinkage=0.1


Tree=45
num_leaves=7
num_cat=0
split_feature=4 3 4 4 4 4
split_gain=0.0343984 0.0202106 0.0165646 0.0122813 0.000289608 0.182463
threshold=0.47425000000000006 0.35230000000000006 0.57095000000000018 0.54765000000000008 0.50170000000000015 0.55125000000000013
decision_type=2 2 2 2 2 2
left_child=-1 3 4 -2 -3 -6
right_child=1 2 -4 -5 5 -7
leaf_value=0.01580560662292723 -0.0027624095600022073 -0.0023545062300127043 0.010899744225123674 -0.016599525310445791 0.060303830236281275 -0.043692296717689344
leaf_weight=1.1633347123861311 1.2705840007402005 1.7504932992160327 1.2989832479506729 1.2954034460708497 0.26975716091692437 0.45039262343198061
leaf_count=6 12 6 10 8 6 8
internal_value=0 -0.0029022 0.00175766 -0.00974789 -0.00304894 -0.00473693
internal_weight=0 6.33561 3.76963 2.56599 2.47064 0.72015
internal_count=56 50 30 20 20 14
is_linear=0
shrinkage=0.1


Tree=46
num_leaves=7
num_cat=0
split_feature=1 4 1 4 1 4
split_gain=0.0382336 0.0142109 0.0158796 0.0563638 0.0108799 0.00389842
threshold=0.50500000000000012 0.55940000000000012 0.6100000000000001 0.47425000000000006 0.66500000000000015 0.59235000000000004
decision_type=2 2 2 2 2 2
left_child=-1 2 3 -2 -4 -3
right_child=1 5 4 -5 -6 -7
leaf_value=0.01362170101062451 -0.0029096061685999937 0.011927297399905452 0.0025166116417345728 -0.047604477552013254 -0.010284222328921004 0.0010721874651576228
leaf_weight=1.6143140587955711 0.99041631072759606 0.45363338477909554 1.6823551356792452 0.39455507695674896 1.096860811114311 1.2222440950572488
leaf_count=10 4 8 4 12 8 10
internal_value=0 -0.00376532 -0.0068947 -0.0156424 -0.00253544 0.00401049
internal_weight=0 5.84006 4.16419 1.38497 2.77922 1.67588
internal_count=56 46 28 16 12 18
is_linear=0
shrinkage=0.1


Tree=47
num_leaves=6
num_cat=0
split_feature=1 4 1 1 4
split_gain=0.0299178 0.0100709 0.0129198 0.00971008 0.00121389
threshold=0.50500000000000012 0.55940000000000012 0.6100000000000001 0.66500000000000015 0.59235000000000004
decision_type=2 2 2 2 2
left_child=-1 2 -2 -4 -3
right_child=1 4 3 -5 -6
leaf_value=0.012036403449438893 -0.013917046352977087 0.0076750347623767787 0.0027095710777976876 -0.009402141579833094 0.0015844547408790236
leaf_weight=1.6159713231027124 1.3732516774907706 0.44707928597927082 1.6820119582116606 1.091454930603504 1.2207722235471008
leaf_count=10 16 8 4 8 10
internal_value=0 -0.00334513 -0.00598451 -0.00205681 0.00321708
internal_weight=0 5.81457 4.14672 2.77347 1.66785
internal_count=56 46 28 12 18
is_linear=0
shrinkage=0.1


Tree=48
num_leaves=7
num_cat=0
split_feature=4 3 4 4 4 4
split_gain=0.0364308 0.0194679 0.0207125 0.0122674 0.00100781 0.128356
threshold=0.47425000000000006 0.35230000000000006 0.57095000000000018 0.54765000000000008 0.50170000000000015 0.55125000000000013
decision_type=2 2 2 2 2 2
left_child=-1 3 4 -2 -3 -6
right_child=1 2 -4 -5 5 -7
leaf_value=0.016326866568228751 -0.0026986857332764905 -0.0025383967655517627 0.011886618321325006 -0.016553031489175894 0.049543635461806901 -0.040254998404677077
leaf_weight=1.1542439460754392 1.2610611892305317 1.7468296494334943 1.2848075460642574 1.2958827093243597 0.25248670019209374 0.43070936389267445
leaf_count=6 12 6 10 8 6 8
internal_value=0 -0.00300477 0.00161751 -0.0097202 -0.00381199 -0.00706839
internal_weight=0 6.27178 3.71483 2.55694 2.43003 0.683196
internal_count=56 50 30 20 20 14
is_linear=0
shrinkage=0.1


Tree=49
num_leaves=6
num_cat=0
split_feature=1 4 4 4 4
split_gain=0.0307091 0.0142496 0.0120636 0.0391283 0.00214803
threshold=0.50500000000000012 0.55940000000000012 0.50170000000000015 0.5445000000000001 0.59235000000000004
decision_type=2 2 2 2 2
left_child=-1 2 -2 -4 -3
right_child=1 4 3 -5 -6
leaf_value=0.012330696626253725 -0.0026308234138922547 0.010435061992425023 -0.0051325194576524449 -0.045250997553764626 0.0022951818861695799
leaf_weight=1.5861036013811824 2.7351267216727138 0.4422670230269431 1.0976538942195473 0.31227220036089409 1.2143394388258455
leaf_count=10 10 8 10 8 10
internal_value=0 -0.00337107 -0.00650414 -0.014018 0.0044683
internal_weight=0 5.80166 4.14505 1.40993 1.65661
internal_count=56 46 28 18 18
is_linear=0
shrinkage=0.1


Tree=50
num_leaves=5
num_cat=0
split_feature=4 3 4 4
split_gain=0.0304764 0.0176915 0.0240664 0.00827229
threshold=0.47425000000000006 0.35230000000000006 0.55940000000000012 0.54765000000000008
decision_type=2 2 2 2
left_child=-1 3 -3 -2
right_child=1 2 -4 -5
leaf_value=0.014992341007619345 -0.0033895312095951593 -0.0052426213673030901 0.011123065855156527 -0.014794527693075703
leaf_weight=1.1452518776059148 1.254786763340235 2.1263379668816929 1.5561517681926487 1.2895631920546291
leaf_count=6 12 16 14 8
internal_value=0 -0.00275742 0.00167321 -0.00916997
internal_weight=0 6.22684 3.68249 2.54435
internal_count=56 50 30 20
is_linear=0
shrinkage=0.1


Tree=51
num_leaves=5
num_cat=0
split_feature=1 3 4 0
split_gain=0.0308324 0.00852506 0.0457793 0.0142233
threshold=0.50500000000000012 0.42870000000000003 0.55940000000000012 0.91155000000000019
decision_type=2 2 2 2
left_child=-1 2 3 -2
right_child=1 -3 -4 -5
leaf_value=0.012368097673903813 -0.0014369644314878845 -0.0086824550538015365 0.013613698501052297 -0.016981094091832235
leaf_weight=1.5816158242523668 1.1877517215907578 1.9936395082622764 1.4157253205776212 1.1670863144099712
leaf_count=10 8 14 12 12
internal_value=0 -0.00339363 -0.000597232 -0.00914082
internal_weight=0 5.7642 3.77056 2.35484
internal_count=56 46 32 20
is_linear=0
shrinkage=0.1


Tree=52
num_leaves=7
num_cat=0
split_feature=4 3 4 4 4 4
split_gain=0.0275292 0.0130015 0.0152283 0.00946178 0.00208357 0.11224
threshold=0.47425000000000006 0.35230000000000006 0.57095000000000018 0.54765000000000008 0.50170000000000015 0.55125000000000013
decision_type=2 2 2 2 2 2
left_child=-1 3 4 -2 -3 -6
right_child=1 2 -4 -5 5 -7
leaf_value=0.0143064760753518 -0.0019537889799670044 -0.0016748123169528662 0.010083624054439249 -0.0141774861664705 0.045621672170157557 -0.039837366689239567
leaf_weight=1.1364667713642118 1.2527568959631028 1.7389468504115946 1.2609839290380476 1.2805018527433274 0.24368532933294762 0.41611983254551888
leaf_count=6 12 6 10 8 6 8
internal_value=0 -0.00262536 0.00118672 -0.00813258 -0.00349023 -0.00827485
internal_weight=0 6.19299 3.65974 2.53326 2.39875 0.659805
internal_count=56 50 30 20 20 14
is_linear=0
shrinkage=0.1


Tree=53
num_leaves=8
num_cat=0
split_feature=1 4 1 4 1 3 3
split_gain=0.0329011 0.00886809 0.0129327 0.0449329 0.0110907 0.00033708 0.151984
threshold=0.50500000000000012 0.55940000000000012 0.6100000000000001 0.47425000000000006 0.66500000000000015 0.39770000000000005 0.42870000000000003
decision_type=2 2 2 2 2 2 2
left_child=-1 2 3 -2 -4 -3 -7
right_child=1 5 4 -5 -6 6 -8
leaf_value=0.012891208212469819 -0.0026402264304934702 0.0036770771174727936 0.003069529922698949 -0.043189568663661665 -0.0099126443625618121 0.053875555584423168 -0.059997673467759152
leaf_weight=1.5574420671910045 0.97967600077390649 1.1549507444724438 1.6746080406010153 0.37898939521983266 1.0840483680367468 0.25006360188126553 0.22060810588300228
leaf_count=10 4 8 4 12 8 4 6
internal_value=0 -0.00349599 -0.00596516 -0.0139512 -0.00203198 0.00275783 0.000502138
internal_weight=0 5.74294 4.11732 1.35867 2.75866 1.62562 0.470672
internal_count=56 46 28 16 12 18 10
is_linear=0
shrinkage=0.1


Tree=54
num_leaves=6
num_cat=0
split_feature=1 4 4 4 1
split_gain=0.0245076 0.0116482 0.00991027 0.0425503 0.0066674
threshold=0.50500000000000012 0.55940000000000012 0.50170000000000015 0.5445000000000001 0.55500000000000016
decision_type=2 2 2 2 2
left_child=-1 2 -2 -4 -3
right_child=1 4 3 -5 -6
leaf_value=0.011163779530524005 -0.0023356712365651096 0.00035035344858238497 -0.0033846266669153402 -0.045543472598851373 0.014992581772344344
leaf_weight=1.5473013725131748 2.7195901479572058 1.1818107962608335 1.0813428764231501 0.30747256474569429 0.42204579059034575
leaf_count=10 10 8 10 8 10
internal_value=0 -0.00302398 -0.00584543 -0.0127183 0.00420337
internal_weight=0 5.71226 4.10841 1.38882 1.60386
internal_count=56 46 28 18 18
is_linear=0
shrinkage=0.1


Tree=55
num_leaves=5
num_cat=0
split_feature=4 3 4 4
split_gain=0.026033 0.0143815 0.0215012 0.0102969
threshold=0.47425000000000006 0.35230000000000006 0.55940000000000012 0.54765000000000008
decision_type=2 2 2 2
left_child=-1 3 -3 -2
right_child=1 2 -4 -5
leaf_value=0.013953820713878136 -0.001870494758656395 -0.0050688779877966867 0.010615632582802638 -0.014667741660021466
leaf_weight=1.1285463050007818 1.2367318687029185 2.092673494946212 1.5008686762303112 1.2789560891687868
leaf_count=6 12 16 14 8
internal_value=0 -0.00257766 0.00148187 -0.00837652
internal_weight=0 6.10923 3.59354 2.51569
internal_count=56 50 30 20
is_linear=0
shrinkage=0.1


Tree=56
num_leaves=5
num_cat=0
split_feature=1 3 4 2
split_gain=0.0245494 0.0052757 0.0254708 0.00546264
threshold=0.50500000000000012 0.35230000000000006 0.55940000000000012 0.55000000000000016
decision_type=2 2 2 2
left_child=-1 3 -3 -2
right_child=1 2 -4 -5
leaf_value=0.011157173729070328 -0.0020309317347106596 -0.0083104136623567467 0.0092042866529258322 -0.011777878184814409
leaf_weight=1.5487346760928629 1.1907189313787967 1.8678734051063659 1.4947498012334106 1.1119599747471511
leaf_count=10 10 12 14 10
internal_value=0 -0.00305006 -0.000524797 -0.00673772
internal_weight=0 5.6653 3.36262 2.30268
internal_count=56 46 26 20
is_linear=0
shrinkage=0.1


Tree=57
num_leaves=6
num_cat=0
split_feature=3 4 1 3 1
split_gain=0.0255674 0.016459 0.0109291 0.0129948 0.019483
threshold=0.28375000000000006 0.57095000000000018 0.66500000000000015 0.45575000000000004 0.57500000000000007
decision_type=2 2 2 2 2
left_child=-1 2 3 4 -2
right_child=1 -3 -4 -5 -6
leaf_value=0.019359637840214175 -0.015654267424972345 0.0084845385090233701 -0.014593024552526404 0.0035460782057885176 0.0023843674508897167
leaf_weight=0.62317284638993431 1.2876403899863365 1.2520997067913411 0.85818731039762486 2.0654375497251749 1.1191723372321574
leaf_count=10 8 12 6 12 8
internal_value=0 -0.00183279 -0.00425629 -0.00227276 -0.00726627
internal_weight=0 6.58254 5.33044 4.47225 2.40681
internal_count=56 46 34 28 16
is_linear=0
shrinkage=0.1


Tree=58
num_leaves=6
num_cat=0
split_feature=1 1 1 2 4
split_gain=0.0227053 0.00552318 0.00794655 0.00783702 0.0368245
threshold=0.50500000000000012 0.6100000000000001 0.66500000000000015 0.55000000000000016 0.47425000000000006
decision_type=2 2 2 2 2
left_child=-1 3 -3 4 -2
right_child=1 2 -4 -5 -6
leaf_value=0.010742079084793072 -0.0015368290402446669 0.0038357343014275994 -0.0069441077174299043 -0.00079003132598691255 -0.038899819443577406
leaf_weight=1.5445281937718389 0.97335986793041229 1.9253298789262774 1.0605110097676513 1.316821429412812 0.36185159906744957
leaf_count=10 4 8 8 14 12
internal_value=0 -0.00294285 6.94986e-06 -0.00626394 -0.0116625
internal_weight=0 5.63787 2.98584 2.65203 1.33521
internal_count=56 46 16 30 16
is_linear=0
shrinkage=0.1


Tree=59
num_leaves=7
num_cat=0
split_feature=4 4 3 3 3 4
split_gain=0.0228953 0.012687 0.0512243 0.14253 0.0233683 0.0142144
threshold=0.47425000000000006 0.55125000000000013 0.39770000000000005 0.42870000000000003 0.45575000000000004 0.52860000000000007
decision_type=2 2 2 2 2 2
left_child=-1 4 -3 -4 5 -2
right_child=1 2 3 -5 -6 -7
leaf_value=0.013176648492891942 -0.016266805069926362 0.0023496252788636016 0.019143121966609142 -0.082352835529555968 0.0087942803008802459 -0.00037472526684592206
leaf_weight=1.1138046830892561 0.86963113164529215 1.1433330560103057 0.26097150286659587 0.29448708985000849 1.8918379750102756 1.5952489390037954
leaf_count=6 6 8 6 8 10 12
internal_value=0 -0.00242361 -0.00975378 -0.0346669 0.000434605 -0.00598159
internal_weight=0 6.05551 1.69879 0.555459 4.35672 2.46488
internal_count=56 50 22 14 28 18
is_linear=0
shrinkage=0.1


Tree=60
num_leaves=6
num_cat=0
split_feature=1 4 1 4 1
split_gain=0.02649 0.00624989 0.00947759 0.0333047 0.00562148
threshold=0.50500000000000012 0.55940000000000012 0.6100000000000001 0.47425000000000006 0.66500000000000015
decision_type=2 2 2 2 2
left_child=-1 2 3 -2 -4
right_child=1 -3 4 -5 -6
leaf_value=0.011738109297672413 -0.0025599477515386247 0.0022182162866468381 0.0017481005314956763 -0.038240587425659625 -0.0075753546380087789
leaf_weight=1.5143294893205164 0.97346092388033845 1.5585401095449922 1.6731679923832419 0.3577379398047924 1.0541140940040348
leaf_count=10 4 18 4 12 8
internal_value=0 -0.00316455 -0.00523165 -0.0121485 -0.00185548
internal_weight=0 5.61702 4.05848 1.3312 2.72728
internal_count=56 46 28 16 12
is_linear=0
shrinkage=0.1


Tree=61
num_leaves=5
num_cat=0
split_feature=1 3 4 2
split_gain=0.0221126 0.00493904 0.0292966 0.00628024
threshold=0.50500000000000012 0.35230000000000006 0.55940000000000012 0.55000000000000016
decision_type=2 2 2 2
left_child=-1 3 -3 -2
right_child=1 2 -4 -5
leaf_value=0.010716458646696278 -0.0014316643473013049 -0.0087809200008528553 0.01014684913344005 -0.011926816444525541
leaf_weight=1.5154591556638477 1.1857882868498564 1.8546690107323232 1.4626431874930856 1.0982195935212076
leaf_count=10 10 12 14 10
internal_value=0 -0.00289939 -0.000435437 -0.00647805
internal_weight=0 5.60132 3.31731 2.28401
internal_count=56 46 26 20
is_linear=0
shrinkage=0.1


Tree=62
num_leaves=5
num_cat=0
split_feature=4 3 4 4
split_gain=0.0213474 0.0109241 0.0143543 0.0124346
threshold=0.47425000000000006 0.35230000000000006 0.55940000000000012 0.54765000000000008
decision_type=2 2 2 2
left_child=-1 3 -3 -2
right_child=1 2 -4 -5
leaf_value=0.012749872076524891 -0.00020635239642709152 -0.0041466264596207499 0.0088330087029731014 -0.014348277849500272
leaf_weight=1.1083908192813394 1.2180822144728156 2.0542232715524738 1.45589935593307 1.2700027045793829
leaf_count=6 12 16 14 8
internal_value=0 -0.00235601 0.00123696 -0.00742487
internal_weight=0 5.99821 3.51012 2.48808
internal_count=56 50 30 20
is_linear=0
shrinkage=0.1


Tree=63
num_leaves=5
num_cat=0
split_feature=1 1 2 1
split_gain=0.0234498 0.00386648 0.0074592 0.00481657
threshold=0.50500000000000012 0.6100000000000001 0.55000000000000016 0.66500000000000015
decision_type=2 2 2 2
left_child=-1 2 -2 -3
right_child=1 3 -4 -5
leaf_value=0.011044622459198647 -0.011094486244587099 0.0024755503037087504 -0.00042204844715614843 -0.0059648848966824342
leaf_weight=1.512164859101176 1.3183768943417817 1.9073967039585116 1.3012734367512167 1.0473320242017505
leaf_count=10 16 8 14 8
internal_value=0 -0.00299608 -0.00579311 -0.000516243
internal_weight=0 5.57438 2.61965 2.95473
internal_count=56 46 30 16
is_linear=0
shrinkage=0.1


Tree=64
num_leaves=7
num_cat=0
split_feature=4 3 4 4 4 4
split_gain=0.0206547 0.00903408 0.0127563 0.0122271 0.00222825 0.00339176
threshold=0.47425000000000006 0.35230000000000006 0.57095000000000018 0.54765000000000008 0.54930000000000012 0.55940000000000012
decision_type=2 2 2 2 2 2
left_child=-1 3 4 -2 -3 -6
right_child=1 2 -4 -5 5 -7
leaf_value=0.012575925070186574 0.00022526925359322059 -0.0017350637403352202 0.0092526808904870739 -0.013814739488751705 -0.016459993423381305 -0.00031409915528106587
leaf_weight=1.1026990152895448 1.2166162093635651 1.7627324648201472 1.2112940624356268 1.2654751739464698 0.28760376293212164 0.23758722469210625
leaf_count=6 12 8 10 8 8 4
internal_value=0 -0.00231847 0.000954694 -0.00693292 -0.0034385 -0.00915587
internal_weight=0 5.98131 3.49922 2.48209 2.28792 0.525191
internal_count=56 50 30 20 20 12
is_linear=0
shrinkage=0.1


Tree=65
num_leaves=6
num_cat=0
split_feature=1 4 3 3 1
split_gain=0.0252384 0.0046463 0.0279406 0.0858526 0.00668674
threshold=0.50500000000000012 0.54930000000000012 0.39770000000000005 0.42870000000000003 0.6100000000000001
decision_type=2 2 2 2 2
left_child=-1 4 -3 -4 -2
right_child=1 2 3 -5 -6
leaf_value=0.011474355924313596 -0.0072251290792687472 0.00091476673960130285 0.013679223007329506 -0.071048262744805343 0.0015787873957868086
leaf_weight=1.5078667216002939 1.2741979882121088 1.1341616427525876 0.24370460538193572 0.23483097832649946 2.6713981423527002
leaf_count=10 14 8 6 8 10
internal_value=0 -0.00311279 -0.00763513 -0.027899 -0.00126437
internal_weight=0 5.55829 1.6127 0.478536 3.9456
internal_count=56 46 22 14 24
is_linear=0
shrinkage=0.1


Tree=66
num_leaves=5
num_cat=0
split_feature=4 3 4 4
split_gain=0.0190465 0.0103897 0.013786 0.0112972
threshold=0.47425000000000006 0.35230000000000006 0.55940000000000012 0.54765000000000008
decision_type=2 2 2 2
left_child=-1 3 -3 -2
right_child=1 2 -4 -5
leaf_value=0.012105567042663606 -0.00028513673525599109 -0.0039782482106269093 0.0088135715571338365 -0.013803231821141532
leaf_weight=1.0973707698285577 1.2110532184597107 2.0449431720189755 1.4328160751610992 1.2628866187296806
leaf_count=6 12 16 14 8
internal_value=0 -0.00223202 0.00129191 -0.0071858
internal_weight=0 5.9517 3.47776 2.47394
internal_count=56 50 30 20
is_linear=0
shrinkage=0.1


Tree=67
num_leaves=5
num_cat=0
split_feature=1 1 2 1
split_gain=0.0225664 0.00540128 0.00596426 0.00432373
threshold=0.50500000000000012 0.6100000000000001 0.55000000000000016 0.66500000000000015
decision_type=2 2 2 2
left_child=-1 2 -2 -3
right_child=1 3 -4 -5
leaf_value=0.010879286222189194 -0.011009335982000207 0.0028259907876424877 -0.0014271977482226297 -0.0052104538669291971
leaf_weight=1.4998766817152498 1.3132857976015657 1.89813644066453 1.2853290606290102 1.0342454053461549
leaf_count=10 16 8 14 8
internal_value=0 -0.00295021 -0.00626981 -8.4477e-06
internal_weight=0 5.531 2.59861 2.93238
internal_count=56 46 30 16
is_linear=0
shrinkage=0.1


Tree=68
num_leaves=7
num_cat=0
split_feature=4 4 3 3 3 4
split_gain=0.0185161 0.00966575 0.0326249 0.0748043 0.0180501 0.0115092
threshold=0.47425000000000006 0.55125000000000013 0.39770000000000005 0.42870000000000003 0.45575000000000004 0.52860000000000007
decision_type=2 2 2 2 2 2
left_child=-1 4 -3 -4 5 -2
right_child=1 2 3 -5 -6 -7
leaf_value=0.011965835177028795 -0.01465484498928487 0.00061158341856911531 0.010316942478005645 -0.067370714611182533 0.0076617267395469209 -0.00029204374676615176
leaf_weight=1.0922251194715498 0.86552296392619621 1.1317352051846681 0.238045617006719 0.25857585482299328 1.8723711585626004 1.5698222373612225
leaf_count=6 6 8 6 8 10 12
internal_value=0 -0.00220168 -0.0087649 -0.0301327 0.000279274 -0.00539659
internal_weight=0 5.93607 1.62836 0.496621 4.30772 2.43535
internal_count=56 50 22 14 28 18
is_linear=0
shrinkage=0.1


Tree=69
num_leaves=5
num_cat=0
split_feature=1 4 1 1
split_gain=0.0225987 0.00452636 0.00820101 0.00280885
threshold=0.50500000000000012 0.55940000000000012 0.6100000000000001 0.66500000000000015
decision_type=2 2 2 2
left_child=-1 2 -2 -4
right_child=1 -3 3 -5
leaf_value=0.010972269056502089 -0.011172069440863722 0.001726431874008913 0.00099232904366156646 -0.0056468222204260829
leaf_weight=1.4804581124335525 1.3148105728905646 1.5105298939161 1.6696335263550284 1.0305772721767423
leaf_count=10 16 18 4 8
internal_value=0 -0.0029398 -0.00469532 -0.00154161
internal_weight=0 5.52555 4.01502 2.70021
internal_count=56 46 28 12
is_linear=0
shrinkage=0.1


Tree=70
num_leaves=5
num_cat=0
split_feature=1 1 1 1
split_gain=0.0183757 0.00393504 0.00236853 0.00218065
threshold=0.50500000000000012 0.57500000000000007 0.66500000000000015 0.6100000000000001
decision_type=2 2 2 2
left_child=-1 -2 3 -3
right_child=1 2 -4 -5
leaf_value=0.0098851380070503186 -0.0073078453842993028 -0.0030343424553381168 -0.0052830066678718566 0.0023750772468715746
leaf_weight=1.4824131894856689 1.3672557328827677 1.2280522829387339 1.02926111780107 1.895417660474777
leaf_count=10 16 14 8 8
internal_value=0 -0.00265469 -0.00112267 0.00024826
internal_weight=0 5.51999 4.15273 3.12347
internal_count=56 46 30 22
is_linear=0
shrinkage=0.1


Tree=71
num_leaves=5
num_cat=0
split_feature=4 3 4 4
split_gain=0.0182853 0.0117232 0.0193594 0.0137724
threshold=0.47425000000000006 0.35230000000000006 0.55940000000000012 0.54765000000000008
decision_type=2 2 2 2
left_child=-1 3 -3 -2
right_child=1 2 -4 -5
leaf_value=0.011905756733805258 0.00020321025055330618 -0.0046947586383058381 0.010533202923898083 -0.014740547110472006
leaf_weight=1.0893732681870458 1.2037017787806692 2.0277725034393375 1.4191057942807672 1.2646905533038078
leaf_count=6 12 16 14 8
internal_value=0 -0.0021926 0.00157471 -0.00745328
internal_weight=0 5.91527 3.44688 2.46839
internal_count=56 50 30 20
is_linear=0
shrinkage=0.1


Tree=72
num_leaves=5
num_cat=0
split_feature=1 1 2 1
split_gain=0.0185272 0.00338554 0.00666588 0.00312721
threshold=0.50500000000000012 0.6100000000000001 0.55000000000000016 0.66500000000000015
decision_type=2 2 2 2
left_child=-1 2 -2 -3
right_child=1 3 -4 -5
leaf_value=0.0099474230527436276 -0.010312925696221144 0.0020803908097367374 -0.00016216702919242626 -0.0047742123007985613
leaf_weight=1.4764590766280887 1.3100641202181578 1.8910734355449679 1.278072337154299 1.0270353956148026
leaf_count=10 16 8 14 8
internal_value=0 -0.00266733 -0.00530028 -0.000332103
internal_weight=0 5.50625 2.58814 2.91811
internal_count=56 46 30 16
is_linear=0
shrinkage=0.1


Tree=73
num_leaves=5
num_cat=0
split_feature=4 3 4 4
split_gain=0.017754 0.00962078 0.0151424 0.013197
threshold=0.47425000000000006 0.35230000000000006 0.55940000000000012 0.54765000000000008
decision_type=2 2 2 2
left_child=-1 3 -3 -2
right_child=1 2 -4 -5
leaf_value=0.011761658346989893 0.0005600557122286484 -0.0042863220585955594 0.0092093388743244523 -0.01408699924449943
leaf_weight=1.0840904004871843 1.2023782795295122 2.0240051257424061 1.4109762981534002 1.2595102204941211
leaf_count=6 12 16 14 8
internal_value=0 -0.00216228 0.00125725 -0.00693343
internal_weight=0 5.89687 3.43498 2.46189
internal_count=56 50 30 20
is_linear=0
shrinkage=0.1


Tree=74
num_leaves=5
num_cat=0
split_feature=1 1 2 1
split_gain=0.0186337 0.0034649 0.00560992 0.00257724
threshold=0.50500000000000012 0.6100000000000001 0.55000000000000016 0.66500000000000015
decision_type=2 2 2 2
left_child=-1 2 -2 -3
right_child=1 3 -4 -5
leaf_value=0.0099902659704222616 -0.0099551024108214502 0.0018768894409382866 -0.00062363432913977498 -0.0043522793229513676
leaf_weight=1.4721884224563835 1.305379712022841 1.8870610911399128 1.2720661307685077 1.0249479273334143
leaf_count=10 16 8 14 8
internal_value=0 -0.00267924 -0.00534967 -0.000315608
internal_weight=0 5.48945 2.57745 2.91201
internal_count=56 46 30 16
is_linear=0
shrinkage=0.1


Tree=75
num_leaves=5
num_cat=0
split_feature=4 3 4 4
split_gain=0.0171158 0.00803849 0.0126937 0.0121696
threshold=0.47425000000000006 0.35230000000000006 0.54765000000000008 0.55940000000000012
decision_type=2 2 2 2
left_child=-1 2 -2 -3
right_child=1 3 -4 -5
leaf_value=0.011576161380919193 0.00085788095566669768 -0.0039631371524651597 -0.013524375187242088 0.00815620316913848
leaf_weight=1.0791873224079607 1.2010840196162464 2.0206347480416302 1.2547692037187514 1.4044250873848794
leaf_count=6 12 16 8 14
internal_value=0 -0.00212431 -0.00649045 0.00100633
internal_weight=0 5.88091 2.45585 3.42506
internal_count=56 50 20 30
is_linear=0
shrinkage=0.1


Tree=76
num_leaves=6
num_cat=0
split_feature=1 4 3 3 1
split_gain=0.0183998 0.00357612 0.0206129 0.0447684 0.00470437
threshold=0.50500000000000012 0.54930000000000012 0.39770000000000005 0.42870000000000003 0.6100000000000001
decision_type=2 2 2 2 2
left_child=-1 4 -3 -4 -2
right_child=1 2 3 -5 -6
leaf_value=0.009941617297557612 -0.0060812291704855619 0.00046695397943421232 0.0058509277989249407 -0.058150548565050544 0.0013362282623807361
leaf_weight=1.4680134039372204 1.2613674097228798 1.1213799472898243 0.22583308722823847 0.2117887930944562 2.6543959453701973
leaf_count=10 14 8 6 8 10
internal_value=0 -0.00266577 -0.00671626 -0.0251228 -0.00105312
internal_weight=0 5.47477 1.559 0.437622 3.91576
internal_count=56 46 22 14 24
is_linear=0
shrinkage=0.1


Tree=77
num_leaves=5
num_cat=0
split_feature=4 3 4 4
split_gain=0.0156559 0.00862074 0.0141454 0.0118051
threshold=0.47425000000000006 0.35230000000000006 0.55940000000000012 0.54765000000000008
decision_type=2 2 2 2
left_child=-1 3 -3 -2
right_child=1 2 -4 -5
leaf_value=0.011095865305225466 0.00053726983789469107 -0.0041388576553705427 0.0089609714014011483 -0.013353476758282121
leaf_weight=1.0745545737445352 1.1970682148821654 2.016922225710005 1.3940150029957292 1.2513785311020909
leaf_count=6 12 16 14 8
internal_value=0 -0.00203488 0.00121491 -0.00656216
internal_weight=0 5.85938 3.41094 2.44845
internal_count=56 50 30 20
is_linear=0
shrinkage=0.1


Tree=78
num_leaves=7
num_cat=0
split_feature=1 1 2 4 1 1
split_gain=0.0173658 0.00463486 0.00226156 0.000623827 6.85736e-05 0.000472869
threshold=0.50500000000000012 0.57500000000000007 0.55000000000000016 0.47425000000000006 0.69000000000000006 0.66500000000000015
decision_type=2 2 2 2 2 2
left_child=-1 -2 3 -3 5 -4
right_child=1 2 4 -5 -6 -7
leaf_value=0.0096795469302097085 -0.007694754913839673 -0.0014300479183637067 -0.0062990725771673349 0.001704792555016365 -0.0049812363369874848 0.00011009125704796055
leaf_weight=1.4617620967328546 1.3427998558618126 0.95912786200642619 0.25978344539180376 1.877234175102785 0.8093886487185955 0.20671927370131016
leaf_count=10 16 4 8 10 4 4
internal_value=0 -0.00259378 -0.000928128 0.000644733 -0.00442467 -0.00345901
internal_weight=0 5.45505 4.11225 2.83636 1.27589 0.466503
internal_count=56 46 30 14 16 12
is_linear=0
shrinkage=0.1


Tree=79
num_leaves=5
num_cat=0
split_feature=1 1 2 1
split_gain=0.0138417 0.00357087 0.00582661 0.00272971
threshold=0.50500000000000012 0.6100000000000001 0.55000000000000016 0.66500000000000015
decision_type=2 2 2 2
left_child=-1 2 -2 -3
right_child=1 3 -4 -5
leaf_value=0.008642897550967284 -0.0097273575521129099 0.0023484856058723388 -0.00019001284065426444 -0.0040873031882267385
leaf_weight=1.4615635965019462 1.3014301173388958 1.8798761256039145 1.2614404382184148 1.0148135200142858
leaf_count=10 16 8 14 8
internal_value=0 -0.00231462 -0.00503309 9.22418e-05
internal_weight=0 5.45756 2.56287 2.89469
internal_count=56 46 30 16
is_linear=0
shrinkage=0.1


Tree=80
num_leaves=5
num_cat=0
split_feature=4 3 4 4
split_gain=0.0153283 0.00821434 0.0139048 0.0119288
threshold=0.47425000000000006 0.35230000000000006 0.55940000000000012 0.54765000000000008
decision_type=2 2 2 2
left_child=-1 3 -3 -2
right_child=1 2 -4 -5
leaf_value=0.011002724377117476 0.00070648730586537643 -0.0041507532599228385 0.0088535552008797216 -0.013267353025942844
leaf_weight=1.070271737873554 1.1952470391988756 2.0121646905317907 1.3903714995831249 1.249539047013968
leaf_count=6 12 16 14 8
internal_value=0 -0.0020139 0.00116317 -0.00643559
internal_weight=0 5.84732 3.40254 2.44479
internal_count=56 50 30 20
is_linear=0
shrinkage=0.1


Tree=81
num_leaves=7
num_cat=0
split_feature=4 1 3 3 1 1
split_gain=0.0141296 0.0305389 0.0297812 0.0481184 0.00262463 0.00199464
threshold=0.55125000000000013 0.50500000000000012 0.39770000000000005 0.42870000000000003 0.6100000000000001 0.66500000000000015
decision_type=2 2 2 2 2 2
left_child=1 -1 -2 -4 -3 -6
right_child=2 4 3 -5 5 -7
leaf_value=0.015206756939713743 0.0005089453962845899 -0.0058073117842359495 0.0038495297456023385 -0.060870022208154607 0.0018612292215152938 -0.0037667347549957958
leaf_weight=1.3895115517079828 1.1162501187063751 1.2573230993002655 0.22145618824288238 0.2387055205181241 1.6641178131103518 1.0131371356546877
leaf_count=8 8 14 6 8 4 8
internal_value=0 0.00246228 -0.00831597 -0.0297233 -0.00203849 -0.000268527
internal_weight=0 5.32409 1.57641 0.460162 3.93458 2.67725
internal_count=56 34 22 14 26 12
is_linear=0
shrinkage=0.1


Tree=82
num_leaves=5
num_cat=0
split_feature=1 3 4 4
split_gain=0.0138128 0.00454849 0.0219206 0.00955536
threshold=0.50500000000000012 0.28375000000000006 0.55940000000000012 0.50170000000000015
decision_type=2 2 2 2
left_child=-1 -2 3 -3
right_child=1 2 -4 -5
leaf_value=0.0086898397213931531 -0.012039398947194496 -0.002545062230401672 0.0091791316199593444 -0.014331372372963761
leaf_weight=1.4453589580953119 0.44132986804470409 2.6775520681403582 1.3981231967918573 0.92563615855760861
leaf_count=10 8 10 16 12
internal_value=0 -0.0023077 -0.00144894 -0.00557289
internal_weight=0 5.44264 5.00131 3.60319
internal_count=56 46 38 22
is_linear=0
shrinkage=0.1


Tree=83
num_leaves=5
num_cat=0
split_feature=4 3 4 4
split_gain=0.0151951 0.00799295 0.0133906 0.0128582
threshold=0.47425000000000006 0.35230000000000006 0.55940000000000012 0.54765000000000008
decision_type=2 2 2 2
left_child=-1 3 -3 -2
right_child=1 2 -4 -5
leaf_value=0.010983262685696063 0.0010609885022224866 -0.0040844814305213617 0.0087333322236243238 -0.013464386507652196
leaf_weight=1.0646741837263105 1.1908240905031564 1.9993495116941633 1.3759213564917443 1.2482624459080396
leaf_count=6 12 16 14 8
internal_value=0 -0.00201115 0.00114067 -0.00637273
internal_weight=0 5.81436 3.37527 2.43909
internal_count=56 50 30 20
is_linear=0
shrinkage=0.1


Tree=84
num_leaves=7
num_cat=0
split_feature=1 1 2 4 4 1
split_gain=0.0154777 0.00481993 0.00187356 0.000323086 4.56853e-05 0.000598032
threshold=0.50500000000000012 0.57500000000000007 0.55000000000000016 0.47425000000000006 0.52860000000000007 0.66500000000000015
decision_type=2 2 2 2 2 2
left_child=-1 -2 3 -3 -4 -6
right_child=1 2 4 -5 5 -7
leaf_value=0.0092072485207975643 -0.0076830563725627373 -0.00081894350246292558 -0.0044092933009226036 0.0014396539590385839 -0.0064057510937827813 0.00092198496896497199
leaf_weight=1.4420611076056955 1.3285634098574517 0.95635720342397723 0.80822392366826512 1.8751670946367083 0.2509154686704278 0.20026691164821386
leaf_count=10 16 4 4 10 8 4
internal_value=0 -0.00244993 -0.000750432 0.000676805 -0.00395929 -0.00315318
internal_weight=0 5.41949 4.09093 2.83152 1.25941 0.451182
internal_count=56 46 30 14 16 12
is_linear=0
shrinkage=0.1


Tree=85
num_leaves=5
num_cat=0
split_feature=4 3 4 4
split_gain=0.0126659 0.00739501 0.013114 0.0116454
threshold=0.47425000000000006 0.35230000000000006 0.55940000000000012 0.54765000000000008
decision_type=2 2 2 2
left_child=-1 3 -3 -2
right_child=1 2 -4 -5
leaf_value=0.010047672841381403 0.0010332161873725786 -0.0039790227567673151 0.0087140798683249393 -0.012808010396675335
leaf_weight=1.0607178770005701 1.1897461856715383 1.9964192723855378 1.3742491863667963 1.2428588219918308
leaf_count=6 12 16 14 8
internal_value=0 -0.00183651 0.00119606 -0.0060385
internal_weight=0 5.80327 3.37067 2.43261
internal_count=56 50 30 20
is_linear=0
shrinkage=0.1


Tree=86
num_leaves=7
num_cat=0
split_feature=1 1 2 4 4 1
split_gain=0.0152943 0.00397862 0.00202898 0.000603022 2.22587e-06 0.000664329
threshold=0.50500000000000012 0.57500000000000007 0.55000000000000016 0.47425000000000006 0.52860000000000007 0.66500000000000015
decision_type=2 2 2 2 2 2
left_child=-1 -2 3 -3 -4 -6
right_child=1 2 4 -5 5 -7
leaf_value=0.0091695874512332503 -0.0071968517233666519 -0.001452175197359309 -0.0043363047959023562 0.001634725805229718 -0.0074976188471353169 0.00025637121227023137
leaf_weight=1.4372324906289575 1.325208348687738 0.95520638674497638 0.80780016817152478 1.8750906114000825 0.24910839507356286 0.19856762699782848
leaf_count=10 16 4 4 10 8 4
internal_value=0 -0.00243558 -0.000891275 0.000592917 -0.00423718 -0.00405832
internal_weight=0 5.41098 4.08577 2.8303 1.25548 0.447676
internal_count=56 46 30 14 16 12
is_linear=0
shrinkage=0.1


Tree=87
num_leaves=7
num_cat=0
split_feature=1 1 2 4 1 1
split_gain=0.0123347 0.00305854 0.00202624 0.000540668 5.20661e-06 0.000379068
threshold=0.50500000000000012 0.57500000000000007 0.55000000000000016 0.47425000000000006 0.69000000000000006 0.66500000000000015
decision_type=2 2 2 2 2 2
left_child=-1 -2 3 -3 5 -4
right_child=1 2 4 -5 -6 -7
leaf_value=0.0082357669410068994 -0.0063576633574214877 -0.0012848858388135678 -0.0064998959992794043 0.0016364831651049219 -0.0043295070015385321 -0.00063683794712847386
leaf_weight=1.437059750780463 1.3268639682792125 0.95655167102813754 0.24906941503286339 1.8759303519036619 0.80734641291201115 0.19788401760160923
leaf_count=10 16 4 8 10 4 4
internal_value=0 -0.00218619 -0.000831825 0.000649914 -0.00417791 -0.00390409
internal_weight=0 5.41365 4.08678 2.83248 1.2543 0.446953
internal_count=56 46 30 14 16 12
is_linear=0
shrinkage=0.1


Tree=88
num_leaves=5
num_cat=0
split_feature=4 3 4 4
split_gain=0.0108496 0.00775385 0.0151509 0.0111383
threshold=0.47425000000000006 0.35230000000000006 0.55940000000000012 0.54765000000000008
decision_type=2 2 2 2
left_child=-1 3 -3 -2
right_child=1 2 -4 -5
leaf_value=0.0093151445766820468 0.00091286503339258092 -0.0041651114182152558 0.0094823709158324623 -0.012633343255787933
leaf_weight=1.0574433319270609 1.1884783422574403 1.9923052201047542 1.3747775983065365 1.2406177627854047
leaf_count=6 12 16 14 8
internal_value=0 -0.00169944 0.00140715 -0.00600562
internal_weight=0 5.79618 3.36708 2.4291
internal_count=56 50 30 20
is_linear=0
shrinkage=0.1


Tree=89
num_leaves=5
num_cat=0
split_feature=1 1 2 1
split_gain=0.0125302 0.00294258 0.00640247 0.00197821
threshold=0.50500000000000012 0.6100000000000001 0.55000000000000016 0.66500000000000015
decision_type=2 2 2 2
left_child=-1 2 -2 -3
right_child=1 3 -4 -5
leaf_value=0.0083141776537648798 -0.0096135580788836543 0.00191454842358868 0.00043876342333451789 -0.0035914427527856279
leaf_weight=1.4328326657414434 1.2926546665839851 1.8660582192242148 1.2427254430949688 1.0034095812588928
leaf_count=10 16 8 14 8
internal_value=0 -0.00220409 -0.00468638 -1.08136e-05
internal_weight=0 5.40485 2.53538 2.86947
internal_count=56 46 30 16
is_linear=0
shrinkage=0.1


Tree=90
num_leaves=8
num_cat=0
split_feature=4 4 3 1 3 3 4
split_gain=0.0109539 0.00645878 0.0292506 0.0397969 0.0502671 0.0129975 0.00854053
threshold=0.47425000000000006 0.55125000000000013 0.39770000000000005 0.63500000000000012 0.42870000000000003 0.45575000000000004 0.52860000000000007
decision_type=2 2 2 2 2 2 2
left_child=-1 5 -3 4 -4 6 -2
right_child=1 2 3 -5 -6 -7 -8
leaf_value=0.0093776084762104348 -0.012535222879355601 0.0014329562717128634 -0.0096411401710454273 0.0032942624434111785 -0.10190594334642722 0.0066421460164258588 -8.2247544355510131e-05
leaf_weight=1.0536251738667486 0.85756854107603442 1.1079092337749896 0.11511803651228536 0.20432708971202374 0.12123575899749994 1.8367179296910761 1.5392088042572141
leaf_count=6 6 8 4 4 6 10 12
internal_value=0 -0.00170881 -0.00723485 -0.0290265 -0.0569676 0.000312588 -0.00453793
internal_weight=0 5.78209 1.54859 0.440681 0.236354 4.2335 2.39678
internal_count=56 50 22 14 10 28 18
is_linear=0
shrinkage=0.1


Tree=91
num_leaves=5
num_cat=0
split_feature=1 4 3 1
split_gain=0.0145185 0.00409762 0.00693825 0.00196771
threshold=0.50500000000000012 0.55940000000000012 0.35230000000000006 0.69000000000000006
decision_type=2 2 2 2
left_child=-1 2 3 -2
right_child=1 -3 -4 -5
leaf_value=0.0090351199632154669 0.0021928112026699076 0.0021967501825159211 -0.0085606793623211382 -0.0040637343031741614
leaf_weight=1.410607364028692 1.3353200389537967 1.447535873390734 1.8195949839428065 0.80615964718163002
leaf_count=10 12 18 12 4
internal_value=0 -0.00235643 -0.00402034 -0.000162464
internal_weight=0 5.40861 3.96107 2.14148
internal_count=56 46 28 16
is_linear=0
shrinkage=0.1


Tree=92
num_leaves=5
num_cat=0
split_feature=1 4 3 1
split_gain=0.0126391 0.00335297 0.00616144 0.00198296
threshold=0.50500000000000012 0.55940000000000012 0.35230000000000006 0.69000000000000006
decision_type=2 2 2 2
left_child=-1 2 3 -2
right_child=1 -3 -4 -5
leaf_value=0.0084203330476609883 0.0022883078336562923 0.0019192962878084611 -0.0079961865053735422 -0.0039934039270854878
leaf_weight=1.4129588995128868 1.3353124926798052 1.4451699908822773 1.8145110160112379 0.8057618960738181
leaf_count=10 12 18 12 4
internal_value=0 -0.00220295 -0.00370901 -7.57221e-05
internal_weight=0 5.40076 3.95559 2.14107
internal_count=56 46 28 16
is_linear=0
shrinkage=0.1


Tree=93
num_leaves=5
num_cat=0
split_feature=1 4 1 1
split_gain=0.010947 0.0029095 0.00611234 0.00163725
threshold=0.50500000000000012 0.55940000000000012 0.6100000000000001 0.66500000000000015
decision_type=2 2 2 2
left_child=-1 2 -2 -4
right_child=1 -3 3 -5
leaf_value=0.0078299405713783809 -0.0091059933850246976 0.0017886695839295121 0.0012096097759259565 -0.0039092026777529099
leaf_weight=1.4146386180073021 1.2900059029925617 1.4437872711569069 1.6588581167161467 1.0024470873177049
leaf_count=10 16 18 4 8
internal_value=0 -0.00205307 -0.00345682 -0.000718519
internal_weight=0 5.3951 3.95131 2.66131
internal_count=56 46 28 12
is_linear=0
shrinkage=0.1


Tree=94
num_leaves=5
num_cat=0
split_feature=4 3 4 4
split_gain=0.0103523 0.00774047 0.0157406 0.0130712
threshold=0.47425000000000006 0.35230000000000006 0.57095000000000018 0.54765000000000008
decision_type=2 2 2 2
left_child=-1 3 -3 -2
right_child=1 2 -4 -5
leaf_value=0.009127527194896087 0.0015435421149666425 -0.0035584078847708416 0.010867539380754215 -0.013150129378248122
leaf_weight=1.0507985465228555 1.1843831338919701 2.1743571036495273 1.1598202679306266 1.2385018640197811
leaf_count=6 12 20 10 8
internal_value=0 -0.00166598 0.00145977 -0.0059674
internal_weight=0 5.75706 3.33418 2.42288
internal_count=56 50 30 20
is_linear=0
shrinkage=0.1


Tree=95
num_leaves=6
num_cat=0
split_feature=1 3 4 1 1
split_gain=0.0118717 0.00239907 0.0174915 0.00782971 0.00467339
threshold=0.50500000000000012 0.28375000000000006 0.57095000000000018 0.6100000000000001 0.63500000000000012
decision_type=2 2 2 2 2
left_child=-1 -2 3 -3 -5
right_child=1 2 -4 4 -6
leaf_value=0.0081578170119480653 -0.0092998786315249531 -0.012020269203506018 0.0091616927218070854 0.0013484808445259077 -0.0072058751643900194
leaf_weight=1.4128008186817167 0.43082727887667704 1.0808616396971049 1.1704732817597685 1.6578630954027178 1.0388134382665155
leaf_count=10 8 12 12 4 10
internal_value=0 -0.00214272 -0.00151954 -0.00482913 -0.00194683
internal_weight=0 5.37884 4.94801 3.77754 2.69668
internal_count=56 46 38 26 14
is_linear=0
shrinkage=0.1


Tree=96
num_leaves=5
num_cat=0
split_feature=4 3 4 4
split_gain=0.0113856 0.00631788 0.0119069 0.0109266
threshold=0.47425000000000006 0.35230000000000006 0.54765000000000008 0.57095000000000018
decision_type=2 2 2 2
left_child=-1 2 -2 -3
right_child=1 3 -4 -5
leaf_value=0.0095926552768004995 0.0015342833694775102 -0.0030925816448204458 -0.01250045330505486 0.0089619574570187037
leaf_weight=1.0465218946337698 1.1831975695677104 2.1710777501575653 1.2359198960475621 1.1503677507862446
leaf_count=6 12 20 8 10
internal_value=0 -0.00174876 -0.00563602 0.00108245
internal_weight=0 5.74056 2.41912 3.32145
internal_count=56 50 20 30
is_linear=0
shrinkage=0.1


Tree=97
num_leaves=7
num_cat=0
split_feature=1 1 2 4 1 1
split_gain=0.0130329 0.00375475 0.00262971 0.000470268 0.000159978 0.000553604
threshold=0.50500000000000012 0.57500000000000007 0.55000000000000016 0.47425000000000006 0.69000000000000006 0.66500000000000015
decision_type=2 2 2 2 2 2
left_child=-1 -2 3 -3 5 -4
right_child=1 2 4 -5 -6 -7
leaf_value=0.0085485396580270885 -0.0069293367027999028 -0.00088009099122112312 -0.009329264097025643 0.0018507282128017604 -0.0037610070689197417 -0.0021402029649449585
leaf_weight=1.4117159377783535 1.2996271336451171 0.95077680051326785 0.24169339239597298 1.8726558710914103 0.80430267937481403 0.19237454608082771
leaf_count=10 16 4 8 10 4 4
internal_value=0 -0.00225091 -0.000753981 0.000931139 -0.00459598 -0.00614314
internal_weight=0 5.36143 4.0618 2.82343 1.23837 0.434068
internal_count=56 46 30 14 16 12
is_linear=0
shrinkage=0.1


Tree=98
num_leaves=7
num_cat=0
split_feature=1 1 2 4 1 1
split_gain=0.0106075 0.00301325 0.00252707 0.00040841 0.000110806 0.000276036
threshold=0.50500000000000012 0.57500000000000007 0.55000000000000016 0.47425000000000006 0.69000000000000006 0.66500000000000015
decision_type=2 2 2 2 2 2
left_child=-1 -2 3 -3 5 -4
right_child=1 2 4 -5 -6 -7
leaf_value=0.0077133515138614302 -0.0062168995489603526 -0.00072411899182034715 -0.0079926432948031079 0.0018193232758789498 -0.0037611876045469091 -0.0029139701212405073
leaf_weight=1.4115325547754762 1.3015163778327403 0.95215686038136516 0.24174314364790894 1.8736256288830189 0.80393583606928587 0.19203390832990408
leaf_count=10 16 4 8 10 4 4
internal_value=0 -0.00202938 -0.000688138 0.000962302 -0.0044562 -0.00574431
internal_weight=0 5.36501 4.0635 2.82578 1.23771 0.433777
internal_count=56 46 30 14 16 12
is_linear=0
shrinkage=0.1


Tree=99
num_leaves=5
num_cat=0
split_feature=4 3 4 4
split_gain=0.00973916 0.00687298 0.0125722 0.0110926
threshold=0.47425000000000006 0.35230000000000006 0.57095000000000018 0.54765000000000008
decision_type=2 2 2 2
left_child=-1 3 -3 -2
right_child=1 2 -4 -5
leaf_value=0.0088858837865548896 0.0012480717492802684 -0.0031473526884420082 0.0097827054065249379 -0.012303542424844147
leaf_weight=1.04359620437026 1.1827256467659029 2.1681711934506898 1.151288799010217 1.2344534979201851
leaf_count=6 12 20 10 8
internal_value=0 -0.0016165 0.00133718 -0.00567274
internal_weight=0 5.73664 3.31946 2.41718
internal_count=56 50 30 20
is_linear=0
shrinkage=0.1


end of trees

feature_importances:
inventory=224
syntactic=184
phonological=103
featural=21
genetic=15

parameters:
[boosting: gbdt]
[objective: lambdarank]
[metric: ndcg]
[tree_learner: serial]
[device_type: cpu]
[data: ]
[valid: ]
[num_iterations: 100]
[learning_rate: 0.1]
[num_leaves: 16]
[num_threads: 6]
[deterministic: 0]
[force_col_wise: 0]
[force_row_wise: 0]
[histogram_pool_size: -1]
[max_depth: -1]
[min_data_in_leaf: 5]
[min_sum_hessian_in_leaf: 0.001]
[bagging_fraction: 1]
[pos_bagging_fraction: 1]
[neg_bagging_fraction: 1]
[bagging_freq: 0]
[bagging_seed: 3]
[feature_fraction: 1]
[feature_fraction_bynode: 1]
[feature_fraction_seed: 2]
[extra_trees: 0]
[extra_seed: 6]
[early_stopping_round: 0]
[first_metric_only: 0]
[max_delta_step: 0]
[lambda_l1: 0]
[lambda_l2: 0]
[linear_lambda: 0]
[min_gain_to_split: 0]
[drop_rate: 0.1]
[max_drop: 50]
[skip_drop: 0.5]
[xgboost_dart_mode: 0]
[uniform_drop: 0]
[drop_seed: 4]
[top_rate: 0.2]
[other_rate: 0.1]
[min_data_per_group: 100]
[max_cat_threshold: 32]
[cat_l2: 10]
[cat_smooth: 10]
[max_cat_to_onehot: 4]
[top_k: 20]
[monotone_constraints: ]
[monotone_constraints_method: basic]
[monotone_penalty: 0]
[feature_contri: ]
[forcedsplits_filename: ]
[refit_decay_rate: 0.9]
[cegb_tradeoff: 1]
[cegb_penalty_split: 0]
[cegb_penalty_feature_lazy: ]
[cegb_penalty_feature_coupled: ]
[path_smooth: 0]
[interaction_constraints: ]
[verbosity: 1]
[saved_feature_importance_type: 0]
[linear_tree: 0]
[max_bin: 255]
[max_bin_by_feature: ]
[min_data_in_bin: 3]
[bin_construct_sample_cnt: 200000]
[data_random_seed: 1]
[is_enable_sparse: 1]
[enable_bundle: 1]
[use_missing: 1]
[zero_as_missing: 0]
[feature_pre_filter: 1]
[pre_partition: 0]
[two_round: 0]
[header: 0]
[label_column: ]
[weight_column: ]
[group_column: ]
[ignore_column: ]
[categorical_feature: ]
[forcedbins_filename: ]
[precise_float_parser: 0]
[parser_config_file: ]
[objective_seed: 5]
[num_class: 1]
[is_unbalance: 0]
[scale_pos_weight: 1]
[sigmoid: 1]
[boost_from_average: 1]
[reg_sqrt: 0]
[alpha: 0.9]
[fair_c: 1]
[poisson_max_delta_step: 0.7]
[tweedie_variance_power: 1.5]
[lambdarank_truncation_level: 30]
[lambdarank_norm: 1]
[label_gain: ]
[eval_at: 1,2,3,4,5]
[multi_error_top_k: 1]
[auc_mu_weights: ]
[num_machines: 1]
[local_listen_port: 12400]
[time_out: 120]
[machine_list_filename: ]
[machines: ]
[gpu_platform_id: -1]
[gpu_device_id: -1]
[gpu_use_dp: 0]
[num_gpu: 1]

end of parameters

pandas_categorical:null
