tree
version=v4
num_class=1
num_tree_per_iteration=1
label_index=0
max_feature_idx=0
objective=lambdarank
feature_names=word_overlap
feature_infos=[0.0017653313005275932:0.13314229714810266]
tree_sizes=968 963 860 969 869 870 868 975 973 978 868 878 881 880 875 770 879 980 871 986 881 882 874 880 876 774 982 881 775 1087 775 880 884 1095 991 776 888 872 1101 1097 1101 992 1093 993 1098 884 890 997 888 1101 1095 886 987 998 999 995 1103 1098 887 997 782 892 886 996 771 1102 894 1102 887 889 886 890 886 876 1101 785 1102 887 895 889 880 1107 891 786 890 894 889 782 770 1102 1106 891 1104 895 1099 771 1107 891 1105 895

Tree=0
num_leaves=8
num_cat=0
split_feature=0 0 0 0 0 0 0
split_gain=1.02741 0.92852 1.64136 1.28312 0.0636505 0.730722 0.00299136
threshold=0.014451459212147534 0.0088807551912432926 0.0061951216141071979 0.0043715486515875429 0.003631902421177315 0.0024983216144647924 0.0099119325506710817
decision_type=2 2 2 2 2 2 2
left_child=1 2 3 4 5 -1 -3
right_child=-2 6 -4 -5 -6 -7 -8
leaf_value=-0.093019915518265162 0.14778965630308813 -0.1161097105917664 0.097160018001097442 -0.12949505101524325 0.04843678161080358 0.08813174899921089 -0.12990959177076167
leaf_weight=0.41891281679272718 0.42781761288642872 0.26189719140529621 1.2626515515148637 1.0089131891727445 0.47924001887440681 0.47533990815281868 0.39247552864253521
leaf_count=8 4 4 12 12 4 4 8
internal_value=0 -0.0147059 0.00498432 -0.0438679 0.0190304 0.00327123 -0.124387
internal_weight=0 4.29943 3.64506 2.38241 1.37349 0.894253 0.654373
internal_count=56 52 40 28 16 12 12
is_linear=0
shrinkage=0.1


Tree=1
num_leaves=8
num_cat=0
split_feature=0 0 0 0 0 0 0
split_gain=3.10112 1.50546 0.86041 1.22535 0.476766 1.56971 0.150424
threshold=0.014451459212147534 0.0088807551912432926 0.0051754162190388257 0.0075182654014297736 0.003631902421177315 0.0043715486515875429 0.0024983216144647924
decision_type=2 2 2 2 2 2 2
left_child=1 2 4 -4 6 -6 -1
right_child=-2 -3 3 -5 5 -7 -8
leaf_value=-0.035945131759528563 0.083303621852552939 -0.10465685507314496 0.054705533668154428 -0.025769517196962716 0.0089802938194427483 -0.16966117019438023 0.0035495205435210789
leaf_weight=1.9642295278608817 3.612277388572692 1.8366069942712773 3.7522189803421497 3.8166321963071823 1.0217909216880796 0.94843506813049305 1.8944746851921082
leaf_count=8 4 12 8 8 4 8 4
internal_value=0 -0.0197524 -0.00811345 0.0141256 -0.0369908 -0.0770148 -0.0165548
internal_weight=0 15.2344 13.3978 7.56885 5.82893 1.97023 3.8587
internal_count=56 52 40 16 24 12 12
is_linear=0
shrinkage=0.1


Tree=2
num_leaves=7
num_cat=0
split_feature=0 0 0 0 0 0
split_gain=1.89563 1.39857 0.249573 0.6054 0.735399 0.541012
threshold=0.014451459212147534 0.0088807551912432926 0.0051754162190388257 0.0024983216144647924 0.003631902421177315 0.0075182654014297736
decision_type=2 2 2 2 2 2
left_child=1 2 3 -1 -5 -4
right_child=-2 -3 5 4 -6 -7
leaf_value=-0.080128993788097791 0.06787958138239647 -0.10786411422110463 0.028261688405951307 0.041618674559091934 -0.041674761378076866 -0.029185223040384158
leaf_weight=1.3225405868142859 3.3295867443084708 1.4831355940550555 4.4841541647911072 1.9934408664703367 2.2636681757867336 2.5840585976839066
leaf_count=8 4 12 8 4 12 8
internal_value=0 -0.015994 -0.00522095 -0.0210313 -0.00267164 0.00725975
internal_weight=0 14.131 12.6479 5.57965 4.25711 7.06821
internal_count=56 52 40 24 16 16
is_linear=0
shrinkage=0.1


Tree=3
num_leaves=8
num_cat=0
split_feature=0 0 0 0 0 0 0
split_gain=1.2232 0.25571 0.340375 1.74897 0.0818181 0.00546422 0.392791
threshold=0.014451459212147534 0.0088807551912432926 0.0051754162190388257 0.0043715486515875429 0.0075182654014297736 0.003631902421177315 0.0024983216144647924
decision_type=2 2 2 2 2 2 2
left_child=1 2 3 5 -4 6 -1
right_child=-2 -3 4 -5 -6 -7 -8
leaf_value=-0.047797392482829625 0.056430631402666069 -0.051169982547211196 0.014528738367835728 -0.15334770759927163 -0.0083627742630213702 0.0061696764488552063 0.033351988707509862
leaf_weight=1.0516844578087348 3.1012579202651969 1.5799537301063526 4.2704668343067169 0.91047807224094857 2.4612079113721848 1.3461248278617861 1.3780468702316284
leaf_count=8 4 12 8 8 8 4 4
internal_value=0 -0.0134641 -0.0082466 -0.0289398 0.00615924 0.00105883 -0.00177269
internal_weight=0 12.998 11.418 4.68633 6.73167 3.77586 2.42973
internal_count=56 52 40 24 16 16 12
is_linear=0
shrinkage=0.1


Tree=4
num_leaves=7
num_cat=0
split_feature=0 0 0 0 0 0
split_gain=0.96084 0.814172 0.306313 0.191303 0.147386 0.113313
threshold=0.014451459212147534 0.0088807551912432926 0.0061951216141071979 0.0043715486515875429 0.0075182654014297736 0.0024983216144647924
decision_type=2 2 2 2 2 2
left_child=1 2 3 5 -4 -1
right_child=-2 -3 4 -5 -6 -7
leaf_value=-0.034432245293418262 0.050852568365292665 -0.086434622030898162 0.029956956850124603 -0.042914305537375526 -0.0031764858020821964 0.0050386412792784215
leaf_weight=0.99128221347927903 2.9997468590736398 1.3199667669832695 2.7594764828681946 2.1541729588061571 2.6145481318235397 2.7313803434371948
leaf_count=8 4 12 4 12 8 8
internal_value=0 -0.0121348 -0.00341787 -0.0191965 0.013837 -0.00547179
internal_weight=0 12.5708 11.2509 5.87684 5.37402 3.72266
internal_count=56 52 40 28 12 16
is_linear=0
shrinkage=0.1


Tree=5
num_leaves=7
num_cat=0
split_feature=0 0 0 0 0 0
split_gain=0.763347 0.511879 0.193156 0.125894 0.223414 0.0503725
threshold=0.014451459212147534 0.0088807551912432926 0.0051754162190388257 0.003631902421177315 0.0024983216144647924 0.0075182654014297736
decision_type=2 2 2 2 2 2
left_child=1 2 3 4 -1 -4
right_child=-2 -3 5 -5 -6 -7
leaf_value=-0.037598995338802566 0.045884542587320783 -0.071267855039474901 0.012995934347322383 -0.037192023270379786 0.029558295524324353 -0.0043463631689040052
leaf_weight=0.95016332902014045 2.935766965150834 1.2582524847239245 4.2502229735255241 2.2348905242979527 1.0349077135324478 2.7641034573316574
leaf_count=8 4 12 8 12 4 8
internal_value=0 -0.0107829 -0.00400856 -0.0209137 -0.00258685 0.00616193
internal_weight=0 12.4925 11.2343 4.21996 1.98507 7.01433
internal_count=56 52 40 24 12 16
is_linear=0
shrinkage=0.1


Tree=6
num_leaves=7
num_cat=0
split_feature=0 0 0 0 0 0
split_gain=0.612011 0.279065 0.281779 0.0789543 0.0752057 0.04057
threshold=0.014451459212147534 0.0088807551912432926 0.0051754162190388257 0.003631902421177315 0.0024983216144647924 0.0075182654014297736
decision_type=2 2 2 2 2 2
left_child=1 2 3 4 -1 -4
right_child=-2 -3 5 -5 -6 -7
leaf_value=-0.033569139074752959 0.041546846718105934 -0.055064372017816034 0.013709808511627964 -0.04067790939536562 0.0053989098009336323 -0.0024539182718491459
leaf_weight=0.90460658445954156 2.8546352386474618 1.2334945388138283 4.1868099682033062 1.906808830797672 1.0944667607545853 2.4682619050145149
leaf_count=8 4 12 8 12 4 8
internal_value=0 -0.0100557 -0.00479876 -0.0261203 -0.0122346 0.00771494
internal_weight=0 11.7944 10.561 3.90588 1.99907 6.65507
internal_count=56 52 40 24 12 16
is_linear=0
shrinkage=0.1


Tree=7
num_leaves=8
num_cat=0
split_feature=0 0 0 0 0 0 0
split_gain=0.501617 0.169692 0.919201 0.170181 0.174033 0.0284953 0.071428
threshold=0.014451459212147534 0.0051754162190388257 0.0043715486515875429 0.0084342640768936099 0.0099119325506710817 0.003631902421177315 0.0024983216144647924
decision_type=2 2 2 2 2 2 2
left_child=1 2 5 -3 -5 6 -1
right_child=-2 3 -4 4 -6 -7 -8
leaf_value=-0.031006844102355997 0.038083160607674277 0.0084174269902972613 -0.12763378044100737 -0.046421815529816883 0.011656692415603659 0.010409766837772021 0.0079079394202781605
leaf_weight=0.86410337872803067 2.7863706350326547 5.6184627413749695 0.72695627436041821 1.3625473938882353 0.83036917634308327 1.1076197102665901 1.0385797917842865
leaf_count=8 4 12 8 8 8 4 4
internal_value=0 -0.00918842 -0.0267132 -0.0008039 -0.0244298 -0.00234197 -0.00976521
internal_weight=0 11.5486 3.73726 7.81138 2.19292 3.0103 1.90268
internal_count=56 52 24 28 16 16 12
is_linear=0
shrinkage=0.1


Tree=8
num_leaves=8
num_cat=0
split_feature=0 0 0 0 0 0 0
split_gain=0.475604 0.39839 0.219146 0.257976 0.0417636 0.0133588 0.0553009
threshold=0.014451459212147534 0.0088807551912432926 0.0061951216141071979 0.0043715486515875429 0.0075182654014297736 0.003631902421177315 0.0024983216144647924
decision_type=2 2 2 2 2 2 2
left_child=1 2 3 5 -4 6 -1
right_child=-2 -3 4 -5 -6 -7 -8
leaf_value=-0.023302049563455149 0.037582411148097003 -0.067694317249383545 0.021100974120856774 -0.043595507518448977 0.0018780952035698248 0.0085887675210246667 0.010711759195760524
leaf_weight=0.8585382290184479 2.7078066766262063 1.0524296797811974 2.6683398932218552 2.1485033538192511 1.9606962427496908 1.3517680838704109 1.078389436006546
leaf_count=8 4 12 4 12 8 4 4
internal_value=0 -0.00915271 -0.00303215 -0.0166463 0.0129588 0.000959581 -0.00436477
internal_weight=0 11.1187 10.0662 5.4372 4.62904 3.2887 1.93693
internal_count=56 52 40 28 12 16 12
is_linear=0
shrinkage=0.1


Tree=9
num_leaves=8
num_cat=0
split_feature=0 0 0 0 0 0 0
split_gain=0.407157 0.281819 0.103721 0.168211 0.0621072 0.00855211 0.082935
threshold=0.014451459212147534 0.0088807551912432926 0.0061951216141071979 0.0043715486515875429 0.0075182654014297736 0.003631902421177315 0.0024983216144647924
decision_type=2 2 2 2 2 2 2
left_child=1 2 3 5 -4 6 -1
right_child=-2 -3 4 -5 -6 -7 -8
leaf_value=-0.026451683876539785 0.034553506301173847 -0.058677381130928977 0.017444647909191192 -0.035410981228999987 -0.0060037814323694715 0.0071286540367736812 0.016184334713442595
leaf_weight=0.83924201130866827 2.7284831702709207 1.0201616371050466 2.6540543287992477 2.0550258010625839 1.9665392264723776 1.3859770447015762 0.99967897683382034
leaf_count=8 4 12 4 12 8 4 4
internal_value=0 -0.00863303 -0.0034764 -0.0130514 0.00746492 0.00119691 -0.00327378
internal_weight=0 10.9207 9.90052 5.27992 4.62059 3.2249 1.83892
internal_count=56 52 40 28 12 16 12
is_linear=0
shrinkage=0.1


Tree=10
num_leaves=7
num_cat=0
split_feature=0 0 0 0 0 0
split_gain=0.381134 0.17895 0.172021 0.0817331 0.0623209 0.26056
threshold=0.0051754162190388257 0.014451459212147534 0.003631902421177315 0.0024983216144647924 0.0075182654014297736 0.0088807551912432926
decision_type=2 2 2 2 2 2
left_child=2 4 3 -1 -2 -6
right_child=1 -3 -4 -5 5 -7
leaf_value=-0.026549420569822429 0.010128354801943084 0.032293651201433793 -0.046309847266833543 0.016927854453922041 0.011611642907916664 -0.050669182529833913
leaf_weight=0.82041709497571103 4.1188391596078855 2.7026496678590775 2.0740001183003187 0.91420549899339676 2.0575654879212384 0.9973420426249503
leaf_count=8 8 4 12 4 8 12
internal_value=0 0.0103634 -0.0268739 -0.00363541 0.00210131 -0.00872131
internal_weight=0 9.8764 3.80862 1.73462 7.17375 3.05491
internal_count=56 32 24 12 28 20
is_linear=0
shrinkage=0.1


Tree=11
num_leaves=7
num_cat=0
split_feature=0 0 0 0 0 0
split_gain=0.311739 0.154033 0.129476 0.0328757 0.0395218 0.0110156
threshold=0.014451459212147534 0.0088807551912432926 0.0051754162190388257 0.003631902421177315 0.0024983216144647924 0.0061951216141071979
decision_type=2 2 2 2 2 2
left_child=1 2 3 4 -1 -4
right_child=-2 -3 5 -5 -6 -7
leaf_value=-0.025753076771875161 0.030469868788520007 -0.045636798888955665 -0.0021983688798254413 -0.028551407282296049 0.004183949828407643 0.0077642251415887256
leaf_weight=0.80417040176689292 2.6712741553783426 0.97643379680812437 1.4878386985510585 1.7811530400067566 0.9764147475361824 4.3684729859232903
leaf_count=8 4 12 4 12 4 12
internal_value=0 -0.00783044 -0.00391079 -0.0189455 -0.00933659 0.00523316
internal_weight=0 10.3945 9.41805 3.56174 1.78059 5.85631
internal_count=56 52 40 24 12 16
is_linear=0
shrinkage=0.1


Tree=12
num_leaves=7
num_cat=0
split_feature=0 0 0 0 0 0
split_gain=0.275246 0.107268 0.116552 0.0379379 0.0373785 0.00909799
threshold=0.014451459212147534 0.0088807551912432926 0.0051754162190388257 0.003631902421177315 0.0024983216144647924 0.0061951216141071979
decision_type=2 2 2 2 2 2
left_child=1 2 3 4 -1 -4
right_child=-2 -3 5 -5 -6 -7
leaf_value=-0.024294737166537649 0.028761883025601606 -0.039125611753391007 -0.0021684012933453904 -0.029015970309816532 0.0050803137554154415 0.0069169271392767436
leaf_weight=0.78866565600037242 2.6442356407642373 0.96686332765966732 1.4822574909776447 1.7392647452652452 0.96101640909910202 4.2988220751285553
leaf_count=8 4 12 4 12 4 12
internal_value=0 -0.00742933 -0.00412341 -0.0185571 -0.00816043 0.00458747
internal_weight=0 10.2369 9.27003 3.48895 1.74968 5.78108
internal_count=56 52 40 24 12 16
is_linear=0
shrinkage=0.1


Tree=13
num_leaves=7
num_cat=0
split_feature=0 0 0 0 0 0
split_gain=0.244918 0.0770309 0.107772 0.0394097 0.0329433 0.00790609
threshold=0.014451459212147534 0.0088807551912432926 0.0051754162190388257 0.003631902421177315 0.0024983216144647924 0.0061951216141071979
decision_type=2 2 2 2 2 2
left_child=1 2 3 4 -1 -4
right_child=-2 -3 5 -5 -6 -7
leaf_value=-0.022840785459747028 0.027250461083648248 -0.033989991349644734 -0.0021378879014534902 -0.029001820661446454 0.0049729016720291841 0.006353198082055405
leaf_weight=0.77524053119122649 2.6199309825897226 0.96092393621802408 1.4776251818984745 1.7095417790114877 0.94485927373170853 4.2521482035517693
leaf_count=8 4 12 4 12 4 12
internal_value=0 -0.00705454 -0.00422871 -0.0182492 -0.00756259 0.00416347
internal_weight=0 10.1203 9.15941 3.42964 1.7201 5.72977
internal_count=56 52 40 24 12 16
is_linear=0
shrinkage=0.1


Tree=14
num_leaves=7
num_cat=0
split_feature=0 0 0 0 0 0
split_gain=0.219785 0.0636845 0.11511 0.113416 0.0389774 0.0287053
threshold=0.014451459212147534 0.0084342640768936099 0.0051754162190388257 0.0099119325506710817 0.003631902421177315 0.0024983216144647924
decision_type=2 2 2 2 2 2
left_child=1 2 4 -3 5 -1
right_child=-2 3 -4 -5 -6 -7
leaf_value=-0.021450221590227747 0.02591770279917929 -0.053156918841241574 0.0059161251087115436 0.0026759513030764903 -0.028580764216285734 0.0047183636181719222
leaf_weight=0.76391908898949468 2.5983692705631265 0.74937899038195499 5.1909830141812563 0.70715017057955265 1.683245178312063 0.92888008058071136
leaf_count=8 4 8 12 8 12 4
internal_value=0 -0.00671855 -0.00343192 -0.0260499 -0.0178054 -0.00709088
internal_weight=0 10.0236 8.56703 1.45653 3.37604 1.6928
internal_count=56 52 36 16 24 12
is_linear=0
shrinkage=0.1


Tree=15
num_leaves=6
num_cat=0
split_feature=0 0 0 0 0
split_gain=0.20217 0.142627 0.0713205 0.108499 0.044277
threshold=0.014451459212147534 0.0088807551912432926 0.0061951216141071979 0.0043715486515875429 0.0024983216144647924
decision_type=2 2 2 2 2
left_child=1 2 3 4 -1
right_child=-2 -3 -4 -5 -6
leaf_value=-0.018598860239875694 0.025027194109905577 -0.043396278386077292 0.0070875645322363741 -0.028406703062159366 0.0097006852689525171
leaf_weight=0.76035678200423396 2.5629384070634851 0.94686328060925085 4.1155728697776794 2.0324063934385777 2.0259919539093971
leaf_count=8 4 12 12 12 8
internal_value=0 -0.00649144 -0.00258025 -0.0108373 0.00197812
internal_weight=0 9.88119 8.93433 4.81876 2.78635
internal_count=56 52 40 28 16
is_linear=0
shrinkage=0.1


Tree=16
num_leaves=7
num_cat=0
split_feature=0 0 0 0 0 0
split_gain=0.185924 0.0965051 0.080803 0.0176064 0.0170094 0.00646975
threshold=0.014451459212147534 0.0088807551912432926 0.0051754162190388257 0.003631902421177315 0.0024983216144647924 0.0061951216141071979
decision_type=2 2 2 2 2 2
left_child=1 2 3 4 -1 -4
right_child=-2 -3 5 -5 -6 -7
leaf_value=-0.019287861130297488 0.023990734924662402 -0.037225782730697439 -0.0014499637332371128 -0.022825734308255737 0.0011028859657176867 0.0062865330134611935
leaf_weight=0.75262651499360467 2.5601418167352685 0.91361651197075922 1.4673838466405866 1.6453452128916977 0.89626308530569077 4.104385994374752
leaf_count=8 4 12 4 12 4 12
internal_value=0 -0.00628037 -0.00309154 -0.0155072 -0.00820436 0.00424905
internal_weight=0 9.77962 8.866 3.29423 1.64889 5.57177
internal_count=56 52 40 24 12 16
is_linear=0
shrinkage=0.1


Tree=17
num_leaves=8
num_cat=0
split_feature=0 0 0 0 0 0 0
split_gain=0.17047 0.0648079 0.166923 0.0709641 0.0241672 0.0201694 0.0046601
threshold=0.014451459212147534 0.0088807551912432926 0.011060829098723822 0.0051754162190388257 0.003631902421177315 0.0024983216144647924 0.0061951216141071979
decision_type=2 2 2 2 2 2 2
left_child=1 3 -3 4 5 -1 -5
right_child=-2 2 -4 6 -6 -7 -8
leaf_value=-0.018677854177040112 0.023032051760095703 0.0018221708863693363 -0.087123174255357538 -0.001408380472603365 -0.023804647992720952 0.0037072009374702081 0.0051663665153666057
leaf_weight=0.74262640066444541 2.5454383641481408 0.56127199996262866 0.33808804769068956 1.463947234675288 1.6235606363043187 0.87885788083076477 4.0896514430642128
leaf_count=8 4 8 4 4 12 4 12
internal_value=0 -0.00604522 -0.0316142 -0.00343167 -0.0151803 -0.00654497 0.00343324
internal_weight=0 9.698 0.89936 8.79864 3.24504 1.62148 5.5536
internal_count=56 52 12 40 24 12 16
is_linear=0
shrinkage=0.1


Tree=18
num_leaves=7
num_cat=0
split_feature=0 0 0 0 0 0
split_gain=0.376052 0.159144 0.179969 0.146519 0.694977 0.0312525
threshold=0.0099119325506710817 0.0075182654014297736 0.0084342640768936099 0.0051754162190388257 0.0043715486515875429 0.0024983216144647924
decision_type=2 2 2 2 2 2
left_child=1 3 -3 4 5 -1
right_child=-2 2 -4 -5 -6 -7
leaf_value=-0.014299386770322537 0.030331908910777139 -0.01000566190904606 -0.072195218383598478 0.00961992874540934 -0.11365933591707443 0.0098686071218252788
leaf_weight=0.73716370295733091 3.0656459205783912 1.1248820424079893 0.79363385215401638 3.9634885396808386 0.62715862132608879 1.9516254663467407
leaf_count=8 12 4 8 8 8 8
internal_value=0 -0.0101095 -0.0357317 -0.00335673 -0.0188675 0.00324266
internal_weight=0 9.19795 1.91852 7.27944 3.31595 2.68879
internal_count=56 44 12 32 24 16
is_linear=0
shrinkage=0.1


Tree=19
num_leaves=8
num_cat=0
split_feature=0 0 0 0 0 0 0
split_gain=0.146958 0.0681906 0.115433 0.0803439 0.113001 0.0257678 0.00518096
threshold=0.014451459212147534 0.0084342640768936099 0.0088807551912432926 0.0061951216141071979 0.0043715486515875429 0.003631902421177315 0.0024983216144647924
decision_type=2 2 2 2 2 2 2
left_child=1 3 -3 4 5 6 -1
right_child=-2 2 -4 -5 -6 -7 -8
leaf_value=-0.012397269285574438 0.021656001992112487 0.0071660084724510633 -0.06158580984407544 0.0082950093519857191 -0.029532890353387554 0.013411467036253601 -0.00091855973996823068
leaf_weight=0.75218257308005931 2.4769238233566293 0.44450125843286592 0.54196198377758265 3.6625331938266754 1.9925856851041315 1.1258622705936432 0.82391978800296783
leaf_count=8 4 4 12 8 12 4 4
internal_value=0 -0.00574089 -0.0306062 -0.00280582 -0.0114663 0.00185703 -0.00639668
internal_weight=0 9.34355 0.986463 8.35708 4.69455 2.70196 1.5761
internal_count=56 52 16 36 28 16 12
is_linear=0
shrinkage=0.1


Tree=20
num_leaves=7
num_cat=0
split_feature=0 0 0 0 0 0
split_gain=0.128682 0.0856469 0.0592971 0.0465287 0.0137023 0.0150464
threshold=0.014451459212147534 0.0084342640768936099 0.0088807551912432926 0.0051754162190388257 0.003631902421177315 0.0024983216144647924
decision_type=2 2 2 2 2 2
left_child=1 3 -3 4 5 -1
right_child=-2 2 -4 -5 -6 -7
leaf_value=-0.015023266029108546 0.020212934881421347 -0.0048061246567816613 -0.05405982711035711 0.003869226434854379 -0.017766835224709201 0.0047457363858487327
leaf_weight=0.73716155067085887 2.485989674925805 0.42617130279541093 0.57317477185279131 5.0988119356334209 1.6713001271709798 0.80591288954019547
leaf_count=8 4 4 12 12 12 4
internal_value=0 -0.00539586 -0.0330556 -0.00207083 -0.0114933 -0.00469836
internal_weight=0 9.31253 0.999346 8.31319 3.21437 1.54307
internal_count=56 52 16 36 24 12
is_linear=0
shrinkage=0.1


Tree=21
num_leaves=7
num_cat=0
split_feature=0 0 0 0 0 0
split_gain=0.122594 0.0485168 0.0531321 0.0421414 0.0157681 0.0125928
threshold=0.014451459212147534 0.0084342640768936099 0.0051754162190388257 0.0088807551912432926 0.003631902421177315 0.0024983216144647924
decision_type=2 2 2 2 2 2
left_child=1 2 4 -3 5 -1
right_child=-2 3 -4 -5 -6 -7
leaf_value=-0.015351892604073991 0.019762385278688427 -0.0025911547741409463 0.0034603426197393839 -0.044669657690273493 -0.020047230819322984 0.0028307058052150038
leaf_weight=0.72752958443015481 2.4738784879446039 0.41940668970346529 5.1087908037006855 0.55028181429952383 1.5959480432793496 0.79946260899305344
leaf_count=8 4 4 12 12 12 4
internal_value=0 -0.00531328 -0.00282105 -0.02647 -0.0130967 -0.00583232
internal_weight=0 9.20142 8.23173 0.969689 3.12294 1.52699
internal_count=56 52 36 16 24 12
is_linear=0
shrinkage=0.1


Tree=22
num_leaves=7
num_cat=0
split_feature=0 0 0 0 0 0
split_gain=0.125601 0.0507424 0.0941585 0.102771 0.0251893 0.0117638
threshold=0.0099119325506710817 0.0075182654014297736 0.0061951216141071979 0.0043715486515875429 0.003631902421177315 0.0024983216144647924
decision_type=2 2 2 2 2 2
left_child=1 2 3 4 5 -1
right_child=-2 -3 -4 -5 -6 -7
leaf_value=-0.015425876868310838 0.01840719359581449 -0.021358662493623878 0.013358604566461558 -0.02806653895267594 0.013715681300548233 0.0022587588039810484
leaf_weight=0.71743350848555387 2.8095457078889021 1.7068165447562931 2.5215127393603325 1.9536078609526155 1.1058591082692146 0.79070662707090378
leaf_count=8 12 12 4 12 4 4
internal_value=0 -0.00587952 -0.00215267 -0.0107156 0.00225195 -0.00615395
internal_weight=0 8.79594 7.08912 4.56761 2.614 1.50814
internal_count=56 44 32 28 16 12
is_linear=0
shrinkage=0.1


Tree=23
num_leaves=7
num_cat=0
split_feature=0 0 0 0 0 0
split_gain=0.107684 0.0484335 0.0467126 0.041775 0.0160516 0.013409
threshold=0.014451459212147534 0.0084342640768936099 0.0088807551912432926 0.0051754162190388257 0.003631902421177315 0.0024983216144647924
decision_type=2 2 2 2 2 2
left_child=1 3 -3 4 5 -1
right_child=-2 2 -4 -5 -6 -7
leaf_value=-0.014033491114383062 0.018586975177452416 -0.0019854114875288062 -0.047087401567602605 0.0029785155929714599 -0.018806544116669967 0.0050549853318254271
leaf_weight=0.72151598706841136 2.4538841247558603 0.41935673356056291 0.50759155675768852 5.0999905243515968 1.5812729466706512 0.75109624117612839
leaf_count=8 4 4 12 12 12 4
internal_value=0 -0.0050227 -0.026683 -0.00256031 -0.0118102 -0.00429754
internal_weight=0 9.08082 0.926948 8.15388 3.05389 1.47261
internal_count=56 52 16 36 24 12
is_linear=0
shrinkage=0.1


Tree=24
num_leaves=7
num_cat=0
split_feature=0 0 0 0 0 0
split_gain=0.0999662 0.0305162 0.058494 0.0333507 0.016062 0.0109533
threshold=0.014451459212147534 0.0051754162190388257 0.0075182654014297736 0.0088807551912432926 0.003631902421177315 0.0024983216144647924
decision_type=2 2 2 2 2 2
left_child=1 4 -3 -4 5 -1
right_child=-2 2 3 -5 -6 -7
leaf_value=-0.01434052411636336 0.017961070715396987 0.0062899912275713593 -0.0072490844141379508 -0.037113212926991608 -0.020037438896040427 0.0030053096842331782
leaf_weight=0.71159107331186378 2.4394571632146844 3.987084623426199 1.5114573463797571 0.4968715258873998 1.5736691216006873 0.745366171002388
leaf_count=8 4 8 8 12 12 4
internal_value=0 -0.00485432 -0.000720293 -0.0146376 -0.0130326 -0.00546655
internal_weight=0 9.02604 5.99541 2.00833 3.03063 1.45696
internal_count=56 52 28 20 24 12
is_linear=0
shrinkage=0.1


Tree=25
num_leaves=6
num_cat=0
split_feature=0 0 0 0 0
split_gain=0.106675 0.0302916 0.0551367 0.0177352 0.0102711
threshold=0.0099119325506710817 0.0051754162190388257 0.0075182654014297736 0.003631902421177315 0.0024983216144647924
decision_type=2 2 2 2 2
left_child=1 3 -3 4 -1
right_child=-2 2 -4 -5 -6
leaf_value=-0.014137037905546474 0.017158768740944182 0.0052411039972375482 -0.016410938345652448 -0.020904121933319812 0.002809969914791063
leaf_weight=0.70291165448725068 2.7499449742026636 3.9902050010859966 1.6676224451512096 1.5709879463538525 0.72803690284490585
leaf_count=8 12 8 12 12 4
internal_value=0 -0.00544883 -0.00114075 -0.0135684 -0.00551475
internal_weight=0 8.65976 5.65783 3.00194 1.43095
internal_count=56 44 20 24 12
is_linear=0
shrinkage=0.1


Tree=26
num_leaves=8
num_cat=0
split_feature=0 0 0 0 0 0 0
split_gain=0.092242 0.117993 0.0361513 0.0460392 0.059938 0.0228703 0.0066201
threshold=0.0061951216141071979 0.0043715486515875429 0.014451459212147534 0.0075182654014297736 0.0088807551912432926 0.003631902421177315 0.0024983216144647924
decision_type=2 2 2 2 2 2 2
left_child=1 5 3 -2 -5 6 -1
right_child=2 -3 -4 4 -6 -7 -8
leaf_value=-0.012120428705739499 0.011012307557156762 -0.029571292038510107 0.017261254464162917 0.00028115332272224126 -0.040586348169744997 0.013977674600497134 0.0015776283998608859
leaf_weight=0.70410511177033186 2.5131516456604004 1.9598156716674564 2.3717733919620514 1.5251077413558958 0.46931235818192352 1.1000531166791916 0.70716052502393723
leaf_count=8 4 12 4 8 12 4 4
internal_value=0 -0.0111821 0.00726762 0.00200922 -0.00933549 0.00316876 -0.00525657
internal_weight=0 4.47113 6.87935 4.50757 1.99442 2.51132 1.41127
internal_count=56 28 28 24 20 16 12
is_linear=0
shrinkage=0.1


Tree=27
num_leaves=7
num_cat=0
split_feature=0 0 0 0 0 0
split_gain=0.0829336 0.0237842 0.0371949 0.0304665 0.014602 0.0113073
threshold=0.014451459212147534 0.0051754162190388257 0.0075182654014297736 0.0088807551912432926 0.003631902421177315 0.0024983216144647924
decision_type=2 2 2 2 2 2
left_child=1 4 -3 -4 5 -1
right_child=-2 2 3 -5 -6 -7
leaf_value=-0.013353726112851056 0.01645635723098457 0.0047274085634593588 -0.0051965403365818747 -0.034618834716934721 -0.018500409528266714 0.0046927434280215636
leaf_weight=0.69818010274320685 2.4087399765849122 3.9796085022389889 1.4985850155353544 0.45996195659972716 1.5491117830388246 0.69063974171876907
leaf_count=8 4 8 8 12 12 4
internal_value=0 -0.00446583 -0.000824763 -0.0121063 -0.0118252 -0.00437948
internal_weight=0 8.87609 5.93816 1.95855 2.93793 1.38882
internal_count=56 52 28 20 24 12
is_linear=0
shrinkage=0.1


Tree=28
num_leaves=6
num_cat=0
split_feature=0 0 0 0 0
split_gain=0.0884287 0.025226 0.0365712 0.014365 0.00915942
threshold=0.0099119325506710817 0.0051754162190388257 0.0075182654014297736 0.003631902421177315 0.0024983216144647924
decision_type=2 2 2 2 2
left_child=1 3 -3 4 -1
right_child=-2 2 -4 -5 -6
leaf_value=-0.013193300847813359 0.015759804279283182 0.0040981633639262461 -0.013658635704408907 -0.019148713638056428 0.0031601180831050285
leaf_weight=0.69076529331505143 2.7036727315280595 3.9803072847425938 1.6368566155433653 1.5456518637947736 0.67929992824792862
leaf_count=8 12 8 12 12 4
internal_value=0 -0.00499355 -0.00107622 -0.0125403 -0.00508502
internal_weight=0 8.53288 5.61716 2.91572 1.37007
internal_count=56 44 20 24 12
is_linear=0
shrinkage=0.1


Tree=29
num_leaves=9
num_cat=0
split_feature=0 0 0 0 0 0 0 0
split_gain=0.0789786 0.107395 0.0296578 0.0330201 0.02212 0.00571013 0.00128576 0.0641655
threshold=0.0061951216141071979 0.0043715486515875429 0.014451459212147534 0.0075182654014297736 0.003631902421177315 0.0024983216144647924 0.0084342640768936099 0.0088807551912432926
decision_type=2 2 2 2 2 2 2 2
left_child=1 4 3 -2 5 -1 -5 -8
right_child=2 -3 -4 6 -6 -7 7 -9
leaf_value=-0.011446126069890913 0.0095414992480472721 -0.0280636215213067 0.015823975660785708 -0.0055370784078000047 0.014028218924084202 0.0015374976005148569 0.017153864838357138 -0.037465378254469654
leaf_weight=0.69162571150809526 2.5022941082715988 1.9363258085213599 2.3537541851401329 1.0855032727122305 1.0938883200287819 0.66386497020721436 0.42157822847366322 0.43911968963220716
leaf_count=8 4 12 4 4 4 4 4 12
internal_value=0 -0.0104637 0.00674641 0.00194336 0.00344967 -0.00508727 -0.00782581 -0.0107123
internal_weight=0 4.3857 6.80225 4.4485 2.44938 1.35549 1.9462 0.860698
internal_count=56 28 28 24 16 12 20 16
is_linear=0
shrinkage=0.1


Tree=30
num_leaves=6
num_cat=0
split_feature=0 0 0 0 0
split_gain=0.0698989 0.0222043 0.0703523 0.0508256 0.0246768
threshold=0.0099119325506710817 0.0043715486515875429 0.0061951216141071979 0.0075182654014297736 0.0024983216144647924
decision_type=2 2 2 2 2
left_child=1 4 -3 -4 -1
right_child=-2 2 3 -5 -6
leaf_value=-0.012491450617837426 0.014026990739259388 -0.023731280570241112 0.008525043714112451 -0.014228288438387447 0.0098848866052711516
leaf_weight=0.68627910874783826 2.6930524297058591 1.8871722095645962 2.4990204647183418 1.6169409556314347 1.7485607340931892
leaf_count=8 12 12 4 12 8
internal_value=0 -0.00447683 -0.0077438 -0.000413523 0.00357794
internal_weight=0 8.43797 6.00313 4.11596 2.43484
internal_count=56 44 28 16 16
is_linear=0
shrinkage=0.1


Tree=31
num_leaves=7
num_cat=0
split_feature=0 0 0 0 0 0
split_gain=0.066342 0.0312488 0.032921 0.027509 0.00670362 0.00528059
threshold=0.014451459212147534 0.0084342640768936099 0.0051754162190388257 0.0088807551912432926 0.003631902421177315 0.0024983216144647924
decision_type=2 2 2 2 2 2
left_child=1 2 4 -3 5 -1
right_child=-2 3 -4 -5 -6 -7
leaf_value=-0.011623052239239106 0.014738931481180637 -0.0037396922566508353 0.0027132087542279838 -0.040585716669626987 -0.015286565898485241 0.001010566257387177
leaf_weight=0.68825164902955138 2.3946348130702981 0.39281956106424321 5.0452130101621151 0.41849378915503621 1.5159326191060243 0.63710784167051315
leaf_count=8 4 4 12 12 12 4
internal_value=0 -0.00405784 -0.00213535 -0.0227457 -0.0107448 -0.00555
internal_weight=0 8.69782 7.88651 0.811313 2.84129 1.32536
internal_count=56 52 36 16 24 12
is_linear=0
shrinkage=0.1


Tree=32
num_leaves=7
num_cat=0
split_feature=0 0 0 0 0 0
split_gain=0.0626092 0.0221715 0.0289038 0.0196633 0.00746657 0.0054288
threshold=0.014451459212147534 0.0051754162190388257 0.0084342640768936099 0.0099119325506710817 0.003631902421177315 0.0024983216144647924
decision_type=2 2 2 2 2 2
left_child=1 4 -3 -4 5 -1
right_child=-2 2 3 -5 -6 -7
leaf_value=-0.011896515063120238 0.014347346097444875 0.0023745156602857733 -0.029814835540564286 0.0028647500617490777 -0.016012029927836353 0.00097579969530382001
leaf_weight=0.68103602156042897 2.3848790302872667 5.0362123809754848 0.51298070140182961 0.28720696945674717 1.5124693471007047 0.63138288259506226
leaf_count=8 4 12 8 8 12 4
internal_value=0 -0.00395053 -0.00043059 -0.0180853 -0.0112229 -0.00570386
internal_weight=0 8.66129 5.8364 0.800188 2.82489 1.31242
internal_count=56 52 28 16 24 12
is_linear=0
shrinkage=0.1


Tree=33
num_leaves=9
num_cat=0
split_feature=0 0 0 0 0 0 0 0
split_gain=0.0603734 0.0192023 0.0763658 0.0323651 0.0215155 0.00424999 0.00343943 0.0401335
threshold=0.014451459212147534 0.0061951216141071979 0.0043715486515875429 0.0075182654014297736 0.003631902421177315 0.0024983216144647924 0.0084342640768936099 0.0088807551912432926
decision_type=2 2 2 2 2 2 2 2
left_child=1 2 4 -3 5 -1 -5 -8
right_child=-2 3 -4 6 -6 -7 7 -9
leaf_value=-0.010952544618616153 0.014188264148895836 0.008273695694480802 -0.023696150314542232 -0.0054300389159242964 0.01352419342049151 0.00049397247673291353 0.0083295085972916998 -0.036488322682534137
leaf_weight=0.67980223894119085 2.356827825307847 2.490051843225956 1.8832449503242967 1.0788410380482671 1.0972176603972912 0.62039456516504288 0.39950205385684956 0.39971675770357251
leaf_count=8 4 4 12 4 4 4 4 12
internal_value=0 -0.00386637 -0.00862619 0.000798158 0.00321174 -0.00549079 -0.00911339 -0.0140854
internal_weight=0 8.64877 4.28066 4.36811 2.39741 1.3002 1.87806 0.799219
internal_count=56 52 28 24 16 12 20 16
is_linear=0
shrinkage=0.1


Tree=34
num_leaves=8
num_cat=0
split_feature=0 0 0 0 0 0 0
split_gain=0.0568411 0.0191891 0.0253306 0.00737746 0.00661008 0.00537195 0.0170955
threshold=0.014451459212147534 0.0051754162190388257 0.0075182654014297736 0.003631902421177315 0.0024983216144647924 0.0084342640768936099 0.0088807551912432926
decision_type=2 2 2 2 2 2 2
left_child=1 3 -3 4 -1 -4 -7
right_child=-2 2 5 -5 -6 6 -8
leaf_value=-0.011851830255926024 0.013700067767497145 0.0040390334456220922 -0.0055480546530864809 -0.015340427150989608 0.0025040798655299101 -0.0015478980454754763 -0.031127712481725522
leaf_weight=0.67487305402755582 2.3733344897627839 3.9406889267265797 1.0831185504794119 1.5068841311149297 0.611214280128479 0.38845303654670704 0.39311455097049475
leaf_count=8 4 8 4 12 4 4 12
internal_value=0 -0.00378153 -0.00050482 -0.0105924 -0.00502917 -0.0101075 -0.016426
internal_weight=0 8.59835 5.80538 2.79297 1.28609 1.86469 0.781568
internal_count=56 52 28 24 12 20 16
is_linear=0
shrinkage=0.1


Tree=35
num_leaves=6
num_cat=0
split_feature=0 0 0 0 0
split_gain=0.0585024 0.0195656 0.0259142 0.00758491 0.00576247
threshold=0.0099119325506710817 0.0051754162190388257 0.0075182654014297736 0.003631902421177315 0.0024983216144647924
decision_type=2 2 2 2 2
left_child=1 3 -3 4 -1
right_child=-2 2 -4 -5 -6
leaf_value=-0.011687287787300238 0.01295544171715509 0.0036525180745794919 -0.011519184025391841 -0.015789611480568743 0.0017907136656224419
leaf_weight=0.66907539777457559 2.6429381400812426 3.9385829195380211 1.5764357754960654 1.5027231033891437 0.60320596024394035
leaf_count=8 12 8 12 12 4
internal_value=0 -0.00413032 -0.000684224 -0.0109791 -0.00529718
internal_weight=0 8.29002 5.51502 2.775 1.27228
internal_count=56 44 20 24 12
is_linear=0
shrinkage=0.1


Tree=36
num_leaves=7
num_cat=0
split_feature=0 0 0 0 0 0
split_gain=0.0517754 0.0171143 0.0163377 0.0252909 0.00590096 0.00389388
threshold=0.014451459212147534 0.0051754162190388257 0.0084342640768936099 0.0088807551912432926 0.003631902421177315 0.0024983216144647924
decision_type=2 2 2 2 2 2
left_child=1 4 -3 -4 5 -1
right_child=-2 2 3 -5 -6 -7
leaf_value=-0.010302512621855641 0.013143770911949459 0.0015442431841114432 0.0038890544197520052 -0.032405870650096355 -0.014371929113528917 0.00083143761592912625
leaf_weight=0.66924633923917853 2.3504216745495805 5.0255519337952137 0.38701287657022465 0.38098335405811667 1.4897355348803101 0.59193815663456917
leaf_count=8 4 12 4 12 12 4
internal_value=0 -0.00361561 -0.000531679 -0.0141159 -0.0101105 -0.00507678
internal_weight=0 8.54447 5.79355 0.767996 2.75092 1.26118
internal_count=56 52 28 16 24 12
is_linear=0
shrinkage=0.1


Tree=37
num_leaves=7
num_cat=0
split_feature=0 0 0 0 0 0
split_gain=0.0512073 0.0181241 0.0701685 0.0267989 0.0212829 0.00378972
threshold=0.0099119325506710817 0.0043715486515875429 0.0061951216141071979 0.0075182654014297736 0.003631902421177315 0.0024983216144647924
decision_type=2 2 2 2 2 2
left_child=1 4 -3 -4 5 -1
right_child=-2 2 3 -5 -6 -7
leaf_value=-0.0104683549740464 0.012183598612744878 -0.022859172234816 0.00705874791530052 -0.0096659953842139386 0.013855062843987876 0.00055131938443445279
leaf_weight=0.66385712008923115 2.6179696230683485 1.865781054832041 2.4765717163681984 1.5625482290051875 1.082692489027977 0.58895052596926689
leaf_count=8 12 12 4 12 4 4
internal_value=0 -0.00387072 -0.00682015 0.00058872 0.00358638 -0.00528796
internal_weight=0 8.2404 5.9049 4.03912 2.3355 1.25281
internal_count=56 44 28 16 16 12
is_linear=0
shrinkage=0.1


Tree=38
num_leaves=9
num_cat=0
split_feature=0 0 0 0 0 0 0 0
split_gain=0.0473134 0.0170134 0.0540328 0.0261604 0.0187207 0.00715008 0.0212484 0.00406735
threshold=0.014451459212147534 0.0043715486515875429 0.0061951216141071979 0.0075182654014297736 0.003631902421177315 0.0084342640768936099 0.0088807551912432926 0.0024983216144647924
decision_type=2 2 2 2 2 2 2 2
left_child=1 4 -3 -4 7 -5 -7 -1
right_child=-2 2 3 5 -6 6 -8 -9
leaf_value=-0.0099334350728420649 0.012554163774372108 -0.020568528175017694 0.0065899680114306462 -0.0039644417603327473 0.013341690463036222 -0.00011380650313377508 -0.033781636595033249 0.0015348862993205966
leaf_weight=0.66538897901773275 2.3506845459342012 1.8426274894736705 2.4776396304368973 1.0787347778677938 1.091994896531105 0.3810315579175948 0.36898020072840154 0.57779054716229439
leaf_count=8 4 12 4 4 4 4 12 4
internal_value=0 -0.00347835 -0.00623795 -0.000106153 0.00378828 -0.00917825 -0.0166772 -0.00460332
internal_weight=0 8.48419 6.14901 4.30639 2.33517 1.82875 0.750012 1.24318
internal_count=56 52 36 24 16 20 16 12
is_linear=0
shrinkage=0.1


Tree=39
num_leaves=9
num_cat=0
split_feature=0 0 0 0 0 0 0 0
split_gain=0.0450625 0.0158812 0.0477239 0.0239857 0.0177942 0.00625046 0.0139127 0.00528025
threshold=0.014451459212147534 0.0043715486515875429 0.0061951216141071979 0.0075182654014297736 0.003631902421177315 0.0084342640768936099 0.0099119325506710817 0.0024983216144647924
decision_type=2 2 2 2 2 2 2 2
left_child=1 4 -3 -4 7 -5 -7 -1
right_child=-2 2 3 5 -6 6 -8 -9
leaf_value=-0.010711160894219751 0.012238967777948988 -0.019592844717381749 0.006098380034869259 -0.0041555023981772257 0.012877861307030364 -0.026135478689110384 0.0024781828406207169 0.0024179301198266317
leaf_weight=0.66110253706574262 2.3537135794758806 1.8315027914941309 2.4744614437222481 1.0817953050136564 1.0983909368515015 0.48254067171365012 0.26229631248861551 0.57082202285528183
leaf_count=8 4 12 4 4 4 8 8 4
internal_value=0 -0.00340391 -0.00607426 -0.000317735 0.00362353 -0.00900938 -0.0160591 -0.00462769
internal_weight=0 8.46291 6.1326 4.30109 2.33032 1.82663 0.744837 1.23192
internal_count=56 52 36 24 16 20 16 12
is_linear=0
shrinkage=0.1


Tree=40
num_leaves=9
num_cat=0
split_feature=0 0 0 0 0 0 0 0
split_gain=0.0435361 0.0153648 0.0413563 0.0241997 0.0160045 0.00676568 0.0169887 0.00531901
threshold=0.014451459212147534 0.0043715486515875429 0.0061951216141071979 0.0075182654014297736 0.003631902421177315 0.0084342640768936099 0.0088807551912432926 0.0024983216144647924
decision_type=2 2 2 2 2 2 2 2
left_child=1 4 -3 -4 7 -5 -7 -1
right_child=-2 2 3 5 -6 6 -8 -9
leaf_value=-0.010432188666896439 0.012048901119025134 -0.018603732898183709 0.0058253652839119971 -0.0042397495367791603 0.012207573637440329 -0.0025318522465654172 -0.032533585920215158 0.0028259547457760159
leaf_weight=0.66093806736171068 2.3479268103837976 1.8213391136378048 2.4738001152873039 1.0797467678785322 1.1170657835900784 0.40352515876293171 0.35459840833209455 0.55812333524227142
leaf_count=8 4 12 4 4 4 4 12 4
internal_value=0 -0.00334036 -0.00596914 -0.000632027 0.00356096 -0.00932377 -0.0165646 -0.00436221
internal_weight=0 8.46914 6.13301 4.31167 2.33613 1.83787 0.758124 1.21906
internal_count=56 52 36 24 16 20 16 12
is_linear=0
shrinkage=0.1


Tree=41
num_leaves=8
num_cat=0
split_feature=0 0 0 0 0 0 0
split_gain=0.0415518 0.0142379 0.0192261 0.0056383 0.0116143 0.00486951 0.00611629
threshold=0.014451459212147534 0.0051754162190388257 0.0075182654014297736 0.0084342640768936099 0.0099119325506710817 0.003631902421177315 0.0024983216144647924
decision_type=2 2 2 2 2 2 2
left_child=1 5 -3 -4 -5 6 -1
right_child=-2 2 3 4 -6 -7 -8
leaf_value=-0.011026289460046777 0.011770493705166281 0.0035223347516453009 -0.0042000433075783852 -0.024087102067963523 0.0020164770459322225 -0.013040256553560029 0.0032663343579631891
leaf_weight=0.65681759454309785 2.3481678366661081 3.9104619864374399 1.0818827301263807 0.51245283801108588 0.2553949614521116 1.5026972177438436 0.55022841691970825
leaf_count=8 4 8 4 8 8 12 4
internal_value=0 -0.0032632 -0.000451114 -0.00885127 -0.0154048 -0.00924095 -0.00451104
internal_weight=0 8.46994 5.76019 1.84973 0.767848 2.70974 1.20705
internal_count=56 52 28 20 16 24 12
is_linear=0
shrinkage=0.1


Tree=42
num_leaves=9
num_cat=0
split_feature=0 0 0 0 0 0 0 0
split_gain=0.0401486 0.0140441 0.042335 0.019564 0.0151041 0.00459582 0.0165675 0.00454102
threshold=0.014451459212147534 0.0043715486515875429 0.0061951216141071979 0.0075182654014297736 0.003631902421177315 0.0084342640768936099 0.0088807551912432926 0.0024983216144647924
decision_type=2 2 2 2 2 2 2 2
left_child=1 4 -3 -4 7 -5 -7 -1
right_child=-2 2 3 5 -6 6 -8 -9
leaf_value=-0.010032058811899744 0.011609761682212267 -0.018515490634993241 0.0055071640365157125 -0.00383288028237945 0.011672762562599168 -0.0010519894006013504 -0.03036855003860053 0.0023646334001433682
leaf_weight=0.65516105294227422 2.3350308835506448 1.8171362755820153 2.4684108421206474 1.0743252485990522 1.1348976530134678 0.43962887674570073 0.34329154877923429 0.53824958205223083
leaf_count=8 4 12 4 4 4 4 12 4
internal_value=0 -0.0032002 -0.00570697 -0.000326325 0.00341344 -0.00807944 -0.0139066 -0.00444093
internal_weight=0 8.4711 6.14279 4.32566 2.32831 1.85725 0.78292 1.19341
internal_count=56 52 36 24 16 20 16 12
is_linear=0
shrinkage=0.1


Tree=43
num_leaves=8
num_cat=0
split_feature=0 0 0 0 0 0 0
split_gain=0.0383587 0.0137033 0.0158959 0.00451338 0.00558583 0.00445301 0.00933522
threshold=0.014451459212147534 0.0051754162190388257 0.0075182654014297736 0.003631902421177315 0.0024983216144647924 0.0084342640768936099 0.0099119325506710817
decision_type=2 2 2 2 2 2 2
left_child=1 3 -3 4 -1 -4 -7
right_child=-2 2 5 -5 -6 6 -8
leaf_value=-0.010567918912057953 0.01134347136160992 0.0032586957858844893 -0.003709947769786811 -0.012610039873635057 0.0032648603861141104 -0.020731934298930638 0.0025132351712111832
leaf_weight=0.65126452874392116 2.3374655470252046 3.9061819892376661 1.0750489160418508 1.5195767912082372 0.52907762676477432 0.55796005157753814 0.25025500427000225
leaf_count=8 4 8 4 12 4 8 8
internal_value=0 -0.00312332 -0.000379649 -0.00900659 -0.0043675 -0.00792614 -0.0135343
internal_weight=0 8.48936 5.78945 2.69992 1.18034 1.88326 0.808215
internal_count=56 52 28 24 12 20 16
is_linear=0
shrinkage=0.1


Tree=44
num_leaves=9
num_cat=0
split_feature=0 0 0 0 0 0 0 0
split_gain=0.0371121 0.013176 0.0416409 0.0165754 0.0131616 0.00428362 0.00369819 0.0153053
threshold=0.014451459212147534 0.0043715486515875429 0.0061951216141071979 0.0075182654014297736 0.003631902421177315 0.0024983216144647924 0.0084342640768936099 0.0088807551912432926
decision_type=2 2 2 2 2 2 2 2
left_child=1 4 -3 -4 5 -1 -5 -8
right_child=-2 2 3 6 -6 -7 7 -9
leaf_value=-0.0095651513941232141 0.011199441897334402 -0.018228534785579557 0.0052264204543280689 -0.0032843552728255409 0.010868492079332714 0.0026351830102092203 -0.0012006196585726901 -0.02879042242394398
leaf_weight=0.64962217351421536 2.3241748884320268 1.8101598285138605 2.4634335115551949 1.0667613968253133 1.164571326225996 0.51667128130793571 0.50638117641210545 0.33348541706800461
leaf_count=8 4 12 4 4 4 4 4 12
internal_value=0 -0.0030583 -0.00547463 -0.000191723 0.00334851 -0.00416037 -0.00719216 -0.0121557
internal_weight=0 8.51109 6.18022 4.37006 2.33086 1.16629 1.90663 0.839867
internal_count=56 52 36 24 16 12 20 16
is_linear=0
shrinkage=0.1


Tree=45
num_leaves=7
num_cat=0
split_feature=0 0 0 0 0 0
split_gain=0.0354641 0.0127435 0.0146923 0.0085629 0.00477989 0.00576256
threshold=0.014451459212147534 0.0051754162190388257 0.0084342640768936099 0.0088807551912432926 0.003631902421177315 0.0024983216144647924
decision_type=2 2 2 2 2 2
left_child=1 4 -3 -4 5 -1
right_child=-2 2 3 -5 -6 -7
leaf_value=-0.0099902354917439148 0.010947809074854901 0.0017938506936612552 -0.0047409154664793188 -0.024888582683370606 -0.012244007585377865 0.0042976843154670296
leaf_weight=0.64550247369333946 2.327920265495778 4.9640473444014788 0.58612897247076023 0.32955038431100547 1.5613185870461164 0.5016493946313858
leaf_count=8 4 12 4 12 12 4
internal_value=0 -0.00296752 -0.00035309 -0.011992 -0.0086431 -0.00374213
internal_weight=0 8.5882 5.87973 0.915679 2.70847 1.14715
internal_count=56 52 28 16 24 12
is_linear=0
shrinkage=0.1


Tree=46
num_leaves=7
num_cat=0
split_feature=0 0 0 0 0 0
split_gain=0.0366566 0.0137936 0.0147789 0.00710478 0.00374074 0.00382984
threshold=0.0099119325506710817 0.0051754162190388257 0.0075182654014297736 0.0084342640768936099 0.003631902421177315 0.0024983216144647924
decision_type=2 2 2 2 2 2
left_child=1 4 -3 -4 5 -1
right_child=-2 2 3 -5 -6 -7
leaf_value=-0.0099430185029400642 0.010437258174587721 0.0029630449201531752 -0.0033396731810333767 -0.016886208374873531 -0.012366960056094438 0.0016949588778345443
leaf_weight=0.64220179570838654 2.5667060292325923 3.8992883637547493 1.0625206232070921 0.60911316471174348 1.5347331748344002 0.50521272048354149
leaf_count=8 12 8 4 8 12 4
internal_value=0 -0.00324599 -0.000409325 -0.00827579 -0.00913786 -0.00481876
internal_weight=0 8.25307 5.57092 1.67163 2.68215 1.14741
internal_count=56 44 20 12 24 12
is_linear=0
shrinkage=0.1


Tree=47
num_leaves=8
num_cat=0
split_feature=0 0 0 0 0 0 0
split_gain=0.0331899 0.0122271 0.00883447 0.00341928 0.00301549 0.00190196 0.0134782
threshold=0.014451459212147534 0.0051754162190388257 0.0075182654014297736 0.003631902421177315 0.0024983216144647924 0.0084342640768936099 0.0088807551912432926
decision_type=2 2 2 2 2 2 2
left_child=1 3 -3 4 -1 -4 -7
right_child=-2 2 5 -5 -6 6 -8
leaf_value=-0.0088411361731942674 0.010638067745077849 0.002420882124033154 -0.0029625267704050076 -0.011552205002130996 0.0015521367507708604 5.1326645125851804e-05 -0.02559297245747302
leaf_weight=0.64157368382438862 2.3079205155372629 3.9071672968566418 1.055311322212219 1.5391040788963435 0.49419098347425461 0.56536953151226033 0.32149569620378315
leaf_count=8 4 8 4 12 4 4 12
internal_value=0 -0.00288025 -0.000319114 -0.00848088 -0.00431884 -0.00583129 -0.00924494
internal_weight=0 8.52421 5.84934 2.67487 1.13576 1.94218 0.886865
internal_count=56 52 28 24 12 20 16
is_linear=0
shrinkage=0.1


Tree=48
num_leaves=7
num_cat=0
split_feature=0 0 0 0 0 0
split_gain=0.0331715 0.0132145 0.00850984 0.0030761 0.00282564 0.0021177
threshold=0.0099119325506710817 0.0051754162190388257 0.0075182654014297736 0.0084342640768936099 0.003631902421177315 0.0024983216144647924
decision_type=2 2 2 2 2 2
left_child=1 4 -3 -4 5 -1
right_child=-2 2 3 -5 -6 -7
leaf_value=-0.0089591771646219641 0.0099753450435606031 0.0022125943527783378 -0.0031881923680959256 -0.01227828506468292 -0.011746981563212709 -0.00026017691213570435
leaf_weight=0.6384349674917742 2.5433181070256987 3.9056268110871315 1.0589399635791776 0.57410368043929327 1.5099537335336206 0.49825382605195045
leaf_count=8 12 8 4 8 12 4
internal_value=0 -0.00309951 -0.000322017 -0.00638385 -0.008912 -0.00514608
internal_weight=0 8.18531 5.53867 1.63304 2.64664 1.13669
internal_count=56 44 20 12 24 12
is_linear=0
shrinkage=0.1


Tree=49
num_leaves=9
num_cat=0
split_feature=0 0 0 0 0 0 0 0
split_gain=0.0311337 0.0128659 0.0536601 0.0147119 0.0086094 0.00165047 0.000286803 0.0209604
threshold=0.014451459212147534 0.0061951216141071979 0.0043715486515875429 0.003631902421177315 0.0075182654014297736 0.0024983216144647924 0.0084342640768936099 0.0088807551912432926
decision_type=2 2 2 2 2 2 2 2
left_child=1 2 3 5 -3 -1 -6 -8
right_child=-2 4 -4 -5 6 -7 7 -9
leaf_value=-0.0080629224988505912 0.010353929408877232 0.0048971483027031616 -0.019638423485317139 0.011355551017744648 -0.0030105416047581726 -0.00035644774016880171 0.0070787087106395294 -0.025770343029401972
leaf_weight=0.63838320178910912 2.2847644686698922 2.4517637863755226 1.8179397038184104 1.1501977890729904 1.0554243475198744 0.49215321242809296 0.50719837099313725 0.31481424695812166
leaf_count=8 4 4 12 4 4 4 4 12
internal_value=0 -0.00280691 -0.00682245 0.00339297 0.0009948 -0.00470808 -0.00410132 -0.00550182
internal_weight=0 8.42787 4.09867 2.28073 4.3292 1.13054 1.87744 0.822013
internal_count=56 52 28 16 24 12 20 16
is_linear=0
shrinkage=0.1


Tree=50
num_leaves=9
num_cat=0
split_feature=0 0 0 0 0 0 0 0
split_gain=0.02975 0.0116864 0.0386464 0.0132891 0.011244 0.00272271 0.00172418 0.00934057
threshold=0.014451459212147534 0.0043715486515875429 0.0061951216141071979 0.003631902421177315 0.0075182654014297736 0.0024983216144647924 0.0084342640768936099 0.0088807551912432926
decision_type=2 2 2 2 2 2 2 2
left_child=1 3 -3 5 -4 -1 -6 -8
right_child=-2 2 4 -5 6 -7 7 -9
leaf_value=-0.008727501983897332 0.010065916311380665 -0.017376072897038658 0.004542435670207799 0.010838687430231995 -0.0030625974152820781 0.0012118427047276864 -0.00087965103100354734 -0.022836467733256004
leaf_weight=0.63550094515085043 2.3046629354357728 1.7941833199001846 2.4498926997184753 1.1625347472727299 1.0574158951640127 0.48665822669863701 0.51358062773942936 0.31111331935971975
leaf_count=8 4 12 4 4 4 4 4 12
internal_value=0 -0.00275816 -0.00503451 0.00334564 7.69944e-05 -0.004417 -0.00573555 -0.00916279
internal_weight=0 8.41088 6.12619 2.28469 4.332 1.12216 1.88211 0.824694
internal_count=56 52 36 16 24 12 20 16
is_linear=0
shrinkage=0.1


Tree=51
num_leaves=7
num_cat=0
split_feature=0 0 0 0 0 0
split_gain=0.0299567 0.0119595 0.0311002 0.0140377 0.0129307 0.0063137
threshold=0.0099119325506710817 0.0043715486515875429 0.0061951216141071979 0.0075182654014297736 0.0024983216144647924 0.0084342640768936099
decision_type=2 2 2 2 2 2
left_child=1 4 -3 -4 -1 -5
right_child=-2 2 3 5 -6 -7
leaf_value=-0.0090037407283997048 0.0094919911509346866 -0.016353323142644208 0.0043024179223863455 -0.0026176281358264693 0.0077746411724060986 -0.014993809065147716
leaf_weight=0.63221738161519003 2.5429792555514732 1.7807011678814886 2.4478297084569931 1.0522127747535703 1.6796419098973274 0.67768458183854807
leaf_count=8 12 12 4 4 8 8
internal_value=0 -0.00291863 -0.00528733 -0.000570595 0.00318631 -0.00746598
internal_weight=0 8.27029 5.95843 4.17773 2.31186 1.7299
internal_count=56 44 28 16 16 12
is_linear=0
shrinkage=0.1


Tree=52
num_leaves=8
num_cat=0
split_feature=0 0 0 0 0 0 0
split_gain=0.140763 0.0541168 0.0327772 0.0184661 0.124886 0.00422035 0.000645776
threshold=0.0046408291201055132 0.003631902421177315 0.0084342640768936099 0.014451459212147534 0.0088807551912432926 0.0024983216144647924 0.0061951216141071979
decision_type=2 2 2 2 2 2 2
left_child=1 5 6 4 -4 -1 -2
right_child=2 -3 3 -5 -6 -7 -8
leaf_value=-0.0081879952012614398 -0.00022064726505373087 -0.031885332459979397 0.054568732523970501 0.0097427180717565304 -0.024980541953771328 0.0044136761036479418 0.0022202736974256377
leaf_weight=0.63145636068657152 1.5734983845613877 1.569807431194931 0.56627205759286914 2.3072554729878902 0.30292471521534026 0.45889769867062569 3.4831217527389526
leaf_count=8 8 8 4 4 12 4 8
internal_value=0 -0.0199983 0.00646159 0.0144225 0.0268449 -0.00288433 0.00146072
internal_weight=0 2.66016 8.23307 3.17645 0.869197 1.09035 5.05662
internal_count=56 20 36 20 16 12 16
is_linear=0
shrinkage=0.1


Tree=53
num_leaves=8
num_cat=0
split_feature=0 0 0 0 0 0 0
split_gain=0.0268036 0.0120077 0.0150409 0.00479555 0.00798585 0.00129579 0.00184674
threshold=0.014451459212147534 0.0051754162190388257 0.0075182654014297736 0.0084342640768936099 0.0099119325506710817 0.003631902421177315 0.0024983216144647924
decision_type=2 2 2 2 2 2 2
left_child=1 5 -3 -4 -5 6 -1
right_child=-2 2 3 4 -6 -7 -8
leaf_value=-0.0095058171489020224 0.0094937295863024001 0.0033570770834688069 -0.0036332645092563018 -0.022002314806159204 0.00095058656734055107 -0.010462631601217104 -0.001371487584222345
leaf_weight=0.63115057488903248 2.3158358186483392 3.8696972634643316 1.0713499411940572 0.45517485169693817 0.22726466902531683 1.3954043919220565 0.50036846473813057
leaf_count=8 4 8 4 8 8 12 4
internal_value=0 -0.00269753 -0.000124565 -0.00780673 -0.0143586 -0.00842347 -0.00590874
internal_weight=0 8.15041 5.62349 1.75379 0.68244 2.52692 1.13152
internal_count=56 52 28 20 16 24 12
is_linear=0
shrinkage=0.1


Tree=54
num_leaves=8
num_cat=0
split_feature=0 0 0 0 0 0 0
split_gain=0.0260759 0.0102364 0.013111 0.00419672 0.00708422 0.00144658 0.00174724
threshold=0.014451459212147534 0.0051754162190388257 0.0075182654014297736 0.0084342640768936099 0.0088807551912432926 0.003631902421177315 0.0024983216144647924
decision_type=2 2 2 2 2 2 2
left_child=1 5 -3 -4 -5 6 -1
right_child=-2 2 3 4 -6 -7 -8
leaf_value=-0.0087697789248074847 0.0093798141007492633 0.0029627556546456316 -0.0035182418908752001 -0.0047882793130701795 -0.025262871697874001 -0.010104821911166371 -0.00081478265825493397
leaf_weight=0.62985763745382273 2.3093037381768236 3.8726263586431742 1.0659274756908415 0.39606083929538716 0.29475591611117125 1.3970823122654108 0.49160110577940941
leaf_count=8 4 8 4 4 12 12 4
internal_value=0 -0.00265846 -0.000287666 -0.007453 -0.0135243 -0.00795759 -0.00528264
internal_weight=0 8.14791 5.62937 1.75674 0.690817 2.51854 1.12146
internal_count=56 52 28 20 16 24 12
is_linear=0
shrinkage=0.1


Tree=55
num_leaves=8
num_cat=0
split_feature=0 0 0 0 0 0 0
split_gain=0.0251857 0.0107382 0.010237 0.00262442 0.00646227 0.00166842 0.00178727
threshold=0.014451459212147534 0.0051754162190388257 0.0075182654014297736 0.0084342640768936099 0.0099119325506710817 0.003631902421177315 0.0024983216144647924
decision_type=2 2 2 2 2 2 2
left_child=1 5 -3 -4 -5 6 -1
right_child=-2 2 3 4 -6 -7 -8
leaf_value=-0.0087068751060014344 0.0092265183038448394 0.0026785064432324809 -0.0034392855145974409 -0.018204144674363543 0.0024979417897202944 -0.01036412605680986 -0.00063296407419046569
leaf_weight=0.62640209821984016 2.3048485442996034 3.8721049875020981 1.0642979219555853 0.45765941101126362 0.2248732668813318 1.3937094199936835 0.48758445680141449
leaf_count=8 4 8 4 8 8 12 4
internal_value=0 -0.0026168 -0.000188389 -0.00654328 -0.0113835 -0.00805808 -0.00517298
internal_weight=0 8.12663 5.61894 1.74683 0.682533 2.5077 1.11399
internal_count=56 52 28 20 16 24 12
is_linear=0
shrinkage=0.1


Tree=56
num_leaves=9
num_cat=0
split_feature=0 0 0 0 0 0 0 0
split_gain=0.0245254 0.0111909 0.0306378 0.0150148 0.0104461 0.00215475 0.00837011 0.00154964
threshold=0.014451459212147534 0.0043715486515875429 0.0061951216141071979 0.003631902421177315 0.0075182654014297736 0.0084342640768936099 0.0088807551912432926 0.0024983216144647924
decision_type=2 2 2 2 2 2 2 2
left_child=1 3 -3 7 -4 -6 -7 -1
right_child=-2 2 4 -5 5 6 -8 -9
leaf_value=-0.008040870026528148 0.0091241236164466815 -0.01607986298048112 0.0039953383615467077 0.01170830484073665 -0.0032976984097939639 -0.0011244396848366805 -0.023440053070840811 -0.00048857711709660609
leaf_weight=0.62548898346721948 2.2967872247099885 1.7219034910667685 2.4389549940824509 1.1085999645292759 1.0598890930414198 0.40104959160089482 0.28934138733893633 0.48032685741782188
leaf_count=8 4 12 4 4 4 4 12 4
internal_value=0 -0.00257905 -0.00485048 0.00348429 -0.000234859 -0.00612949 -0.0104769 -0.00476042
internal_weight=0 8.12555 5.91114 2.21442 4.18924 1.75028 0.690391 1.10582
internal_count=56 52 36 16 24 20 16 12
is_linear=0
shrinkage=0.1


Tree=57
num_leaves=9
num_cat=0
split_feature=0 0 0 0 0 0 0 0
split_gain=0.0236963 0.0108647 0.0272995 0.0136881 0.0100748 0.00227422 0.00223869 0.00536355
threshold=0.014451459212147534 0.0043715486515875429 0.0061951216141071979 0.003631902421177315 0.0075182654014297736 0.0024983216144647924 0.0084342640768936099 0.0099119325506710817
decision_type=2 2 2 2 2 2 2 2
left_child=1 3 -3 5 -4 -1 -6 -8
right_child=-2 2 4 -5 6 -7 7 -9
leaf_value=-0.008475107458038849 0.0089657551677761512 -0.015403686375476736 0.0037357530311910832 0.011206313394585676 -0.0032760802636904954 0.00070972298387585945 -0.016427248458650189 0.0023515689338371908
leaf_weight=0.6229864167980832 2.2987000904977331 1.714691456640139 2.4373962059617043 1.1213611364364624 1.0613783970475195 0.47522039711475372 0.48517292132601131 0.22154743270948529
leaf_count=8 4 12 4 4 4 4 8 8
internal_value=0 -0.00253196 -0.00476899 0.00343478 -0.000432939 -0.00450061 -0.00617965 -0.0105403
internal_weight=0 8.13975 5.92019 2.21957 4.20549 1.09821 1.7681 0.70672
internal_count=56 52 36 16 24 12 20 16
is_linear=0
shrinkage=0.1


Tree=58
num_leaves=7
num_cat=0
split_feature=0 0 0 0 0 0
split_gain=0.0230332 0.0108487 0.0234657 0.0115486 0.0108876 0.00641083
threshold=0.014451459212147534 0.0043715486515875429 0.0061951216141071979 0.0024983216144647924 0.0084342640768936099 0.0088807551912432926
decision_type=2 2 2 2 2 2
left_child=1 3 -3 -1 -4 -6
right_child=-2 2 4 -5 5 -7
leaf_value=-0.0081336048623558161 0.0088577239504970488 -0.014610790647329112 0.0016697984687253206 0.0078842008539430804 -0.0046565727955226836 -0.02335871563225812
leaf_weight=0.62210546014830304 2.2964616268873224 1.7052866572048513 3.4913045316934586 1.6280996240675449 0.52059216052293766 0.28288241475820541
leaf_count=8 4 12 8 8 4 12
internal_value=0 -0.00246555 -0.00468624 0.00345582 -0.000745596 -0.0112411
internal_weight=0 8.25027 6.00007 2.25021 4.29478 0.803475
internal_count=56 52 36 16 24 16
is_linear=0
shrinkage=0.1


Tree=59
num_leaves=8
num_cat=0
split_feature=0 0 0 0 0 0 0
split_gain=0.0221893 0.00953217 0.00968641 0.00288077 0.00453274 0.00259904 0.00315847
threshold=0.014451459212147534 0.0051754162190388257 0.0075182654014297736 0.0084342640768936099 0.0088807551912432926 0.003631902421177315 0.0024983216144647924
decision_type=2 2 2 2 2 2 2
left_child=1 5 -3 -4 -5 6 -1
right_child=-2 2 3 4 -6 -7 -8
leaf_value=-0.0083051165212429875 0.0087096674012848655 0.0027584639696889108 -0.0022585942548272917 -0.0053078898433465693 -0.02053910776052404 -0.010159511724147443 0.0027565401542392638
leaf_weight=0.61869068071245992 2.2963974326848993 3.8616837970912457 1.0433689504861829 0.64476291090250004 0.28033686056733131 1.4960442166775463 0.44292471930384636
leaf_count=8 4 8 4 4 12 12 4
internal_value=0 -0.00238452 -0.000151699 -0.00586077 -0.00992347 -0.00747419 -0.00369
internal_weight=0 8.38781 5.83015 1.96847 0.9251 2.55766 1.06162
internal_count=56 52 28 20 16 24 12
is_linear=0
shrinkage=0.1


Tree=60
num_leaves=6
num_cat=0
split_feature=0 0 0 0 0
split_gain=0.0225582 0.00957124 0.0102435 0.00195572 0.00217026
threshold=0.0099119325506710817 0.0051754162190388257 0.0075182654014297736 0.003631902421177315 0.0024983216144647924
decision_type=2 2 2 2 2
left_child=1 3 -3 4 -1
right_child=-2 2 -4 -5 -6
leaf_value=-0.0082467657212262607 0.0082819498295003506 0.0025936167427335795 -0.0067410621500632656 -0.010035432186090709 0.00091134282642974039
leaf_weight=0.61635977076366388 2.509505335940049 3.8609611131250858 1.6901991150807587 1.467520317295566 0.44600529223680496
leaf_count=8 12 8 12 12 4
internal_value=0 -0.00257189 -0.000248576 -0.0076698 -0.00440198
internal_weight=0 8.08105 5.55116 2.52989 1.06237
internal_count=56 44 20 24 12
is_linear=0
shrinkage=0.1


Tree=61
num_leaves=7
num_cat=0
split_feature=0 0 0 0 0 0
split_gain=0.0210517 0.0088092 0.00839945 0.00556943 0.00152165 0.00140299
threshold=0.014451459212147534 0.0051754162190388257 0.0084342640768936099 0.0088807551912432926 0.003631902421177315 0.0024983216144647924
decision_type=2 2 2 2 2 2
left_child=1 4 -3 -4 5 -1
right_child=-2 2 3 -5 -6 -7
leaf_value=-0.0075062973796690448 0.0084875352884839252 0.001379276874510401 -0.0037033549267438421 -0.021085800043877105 -0.0094022609139059344 -0.00013662566940089168
leaf_weight=0.61645230557769382 2.2878015376627454 4.9100382979959249 0.55250492691993702 0.27660975395701826 1.4489472520072011 0.44464819878339767
leaf_count=8 4 12 4 12 12 4
internal_value=0 -0.0023539 -0.000192774 -0.0095025 -0.00729524 -0.00441808
internal_weight=0 8.2492 5.73915 0.829115 2.51005 1.0611
internal_count=56 52 28 16 24 12
is_linear=0
shrinkage=0.1


Tree=62
num_leaves=7
num_cat=0
split_feature=0 0 0 0 0 0
split_gain=0.0210133 0.00950586 0.0259587 0.0123498 0.00949024 0.00116004
threshold=0.0099119325506710817 0.0043715486515875429 0.0061951216141071979 0.003631902421177315 0.0075182654014297736 0.0024983216144647924
decision_type=2 2 2 2 2 2
left_child=1 3 -3 5 -4 -1
right_child=-2 2 4 -5 -6 -7
leaf_value=-0.0075657067024382605 0.0080010776183660967 -0.015004751477915227 0.0036598170498273173 0.01018637213432805 -0.00622429974393705 -0.00086853585434605086
leaf_weight=0.61416313564404845 2.4990659493487328 1.7046575248241422 2.4285929501056671 1.1590201444923878 1.6189786011818794 0.44678905606269836
leaf_count=8 12 12 4 4 12 4
internal_value=0 -0.00250811 -0.00465329 0.0030503 -0.000293708 -0.00474539
internal_weight=0 7.9722 5.75223 2.21997 4.04757 1.06095
internal_count=56 44 28 16 16 12
is_linear=0
shrinkage=0.1


Tree=63
num_leaves=8
num_cat=0
split_feature=0 0 0 0 0 0 0
split_gain=0.0198533 0.00792639 0.0220657 0.00894936 0.00640378 0.00633045 0.00237298
threshold=0.014451459212147534 0.0043715486515875429 0.0061951216141071979 0.0084342640768936099 0.003631902421177315 0.0088807551912432926 0.0024983216144647924
decision_type=2 2 2 2 2 2 2
left_child=1 4 -3 -4 6 -5 -1
right_child=-2 2 3 5 -6 -7 -8
leaf_value=-0.0069993796960311702 0.0082644624555620709 -0.0138449662600877 0.0019568789129510828 -0.0038492135535548077 0.0076159730021514221 -0.0218503367424576 0.0027369548149606005
leaf_weight=0.61326966434717001 2.2850283533334741 1.6901144103612749 3.4641943722963333 0.69072438031435002 1.2449841536581516 0.27240499039180577 0.42297272756695747
leaf_count=8 4 12 8 4 4 12 4
internal_value=0 -0.00224852 -0.00412451 -0.000413766 0.00278224 -0.00894053 -0.00302521
internal_weight=0 8.39866 6.11744 4.42732 2.28123 0.963129 1.03624
internal_count=56 52 36 24 16 16 12
is_linear=0
shrinkage=0.1


Tree=64
num_leaves=6
num_cat=0
split_feature=0 0 0 0 0
split_gain=0.181269 0.0678833 0.0444743 0.13026 0.00343951
threshold=0.0051754162190388257 0.003631902421177315 0.0084342640768936099 0.011060829098723822 0.0024983216144647924
decision_type=2 2 2 2 2
left_child=1 4 -2 -4 -1
right_child=2 -3 3 -5 -6
leaf_value=-0.0070997727914816041 0.0014734985807475232 -0.03505914758893116 0.051313738199585825 0.0048919888053444403 0.0046938205829269867
leaf_weight=0.61014466825872771 4.8763603977859002 1.6548683303408322 0.80953096575103733 2.3861419837921858 0.41581670194864273
leaf_count=8 12 12 12 8 4
internal_value=0 -0.0225297 0.00748242 0.0166516 -0.00231989
internal_weight=0 2.68083 8.07203 3.19567 1.02596
internal_count=56 24 32 20 12
is_linear=0
shrinkage=0.1


Tree=65
num_leaves=9
num_cat=0
split_feature=0 0 0 0 0 0 0 0
split_gain=0.0191021 0.00842921 0.0171842 0.0128469 0.0148977 0.00752536 0.00972343 0.000133148
threshold=0.014451459212147534 0.0043715486515875429 0.003631902421177315 0.0061951216141071979 0.0075182654014297736 0.0084342640768936099 0.0088807551912432926 0.0024983216144647924
decision_type=2 2 2 2 2 2 2 2
left_child=1 2 7 -3 -5 -6 -7 -1
right_child=-2 3 -4 4 5 6 -8 -9
leaf_value=-0.0069484733064611275 0.0080420440707264177 -0.011690709383500827 0.011823243855203383 0.0037117949669277007 -0.0034034897721093756 -0.0068627083946792636 -0.032273506169202264 -0.004695182288457566
leaf_weight=0.61655840650200844 2.2925070449709892 1.6758372026961295 1.0935074090957642 2.4263212531805038 1.0585703328251836 0.36817631870508183 0.25479905912652612 0.45633107796311378
leaf_count=8 4 12 4 4 4 4 12 4
internal_value=0 -0.00231901 0.00300135 -0.00431186 -0.00130159 -0.00853547 -0.0172558 -0.00599008
internal_weight=0 7.9501 2.1664 5.7837 4.10787 1.68155 0.622975 1.07289
internal_count=56 52 16 36 24 20 16 12
is_linear=0
shrinkage=0.1


Tree=66
num_leaves=7
num_cat=0
split_feature=0 0 0 0 0 0
split_gain=0.0185398 0.0120058 0.0097297 0.00622755 0.000170376 0.000703664
threshold=0.014451459212147534 0.0084342640768936099 0.0051754162190388257 0.0088807551912432926 0.003631902421177315 0.0024983216144647924
decision_type=2 2 2 2 2 2
left_child=1 2 4 -3 5 -1
right_child=-2 3 -4 -5 -6 -7
leaf_value=-0.007571285177465123 0.0079283077376071428 -0.0074830187127225972 0.0014294117090423424 -0.027688804240925114 -0.0070538673174743915 -0.0023707942385452403
leaf_weight=0.61335573298856638 2.2910210378468037 0.38839349895715702 4.9057113146409392 0.25117916264571249 1.3609355704393236 0.45185568928718567
leaf_count=8 4 4 12 12 12 4
internal_value=0 -0.00227863 -0.00113242 -0.0154184 -0.00631248 -0.00536527
internal_weight=0 7.97143 7.33186 0.639573 2.42615 1.06521
internal_count=56 52 36 16 24 12
is_linear=0
shrinkage=0.1


Tree=67
num_leaves=9
num_cat=0
split_feature=0 0 0 0 0 0 0 0
split_gain=0.0180011 0.00910016 0.0147681 0.0143702 0.0108212 0.00367565 0.0040916 0.000912642
threshold=0.014451459212147534 0.0043715486515875429 0.003631902421177315 0.0061951216141071979 0.0075182654014297736 0.0084342640768936099 0.0088807551912432926 0.0024983216144647924
decision_type=2 2 2 2 2 2 2 2
left_child=1 2 7 -3 -5 -6 -7 -1
right_child=-2 3 -4 4 5 6 -8 -9
leaf_value=-0.007666825785679939 0.0078172102907166849 -0.012116400336888336 0.011375061032018643 0.0031499857044070718 -0.0036504253170987011 -0.0068489796881770985 -0.023271938114360693 -0.0017290286241309313
leaf_weight=0.6102526281028986 2.2880538292229176 1.6771612796001134 1.1048389002680779 2.423905074596405 1.0569764375686643 0.38825834169983853 0.24898620625026524 0.44952715188264847
leaf_count=8 4 12 4 4 4 4 12 4
internal_value=0 -0.00224704 0.00328541 -0.00431348 -0.00113564 -0.00726704 -0.0132658 -0.00514819
internal_weight=0 7.95991 2.16462 5.79529 4.11813 1.69422 0.637245 1.05978
internal_count=56 52 16 36 24 20 16 12
is_linear=0
shrinkage=0.1


Tree=68
num_leaves=7
num_cat=0
split_feature=0 0 0 0 0 0
split_gain=0.0181031 0.00965958 0.0131327 0.0129683 0.0117162 0.00154419
threshold=0.0099119325506710817 0.0043715486515875429 0.0061951216141071979 0.003631902421177315 0.0075182654014297736 0.0024983216144647924
decision_type=2 2 2 2 2 2
left_child=1 3 -3 5 -4 -1
right_child=-2 2 4 -5 -6 -7
leaf_value=-0.0079545039715107468 0.0074535153020468458 -0.011970087281782697 0.0029261143060476183 0.01077205657080816 -0.0082334647637344431 -0.00019551668145882328
leaf_weight=0.60789058404043317 2.4745626614894718 1.6747129589784888 2.4228030964732175 1.1231071539223194 1.5380016460549084 0.44374186918139458
leaf_count=8 12 12 4 4 12 4
internal_value=0 -0.00236154 -0.00454619 0.00329968 -0.00140721 -0.00468056
internal_weight=0 7.81026 5.63552 2.17474 3.9608 1.05163
internal_count=56 44 28 16 16 12
is_linear=0
shrinkage=0.1


Tree=69
num_leaves=7
num_cat=0
split_feature=0 0 0 0 0 0
split_gain=0.0170602 0.00982562 0.0086655 0.00380893 0.000795716 0.00197825
threshold=0.014451459212147534 0.0084342640768936099 0.0051754162190388257 0.0088807551912432926 0.003631902421177315 0.0024983216144647924
decision_type=2 2 2 2 2 2
left_child=1 2 4 -3 5 -1
right_child=-2 3 -4 -5 -6 -7
leaf_value=-0.0074963318046834372 0.0076276079066538134 -0.008095245014593801 0.0013741841811558025 -0.02336633745497866 -0.0074640375102034825 0.001349509505497471
leaf_weight=0.60776257468387329 2.2857116758823404 0.4909575544297694 4.8971719490364194 0.24475145968608558 1.4066080085467545 0.43288586288690567
leaf_count=8 4 4 12 12 12 4
internal_value=0 -0.0021577 -0.00105402 -0.0131755 -0.00591306 -0.00381666
internal_weight=0 8.08014 7.34443 0.735709 2.44726 1.04065
internal_count=56 52 36 16 24 12
is_linear=0
shrinkage=0.1


Tree=70
num_leaves=7
num_cat=0
split_feature=0 0 0 0 0 0
split_gain=0.0171451 0.00949695 0.0127343 0.0106306 0.0104233 0.00178019
threshold=0.0099119325506710817 0.0043715486515875429 0.0061951216141071979 0.0075182654014297736 0.003631902421177315 0.0024983216144647924
decision_type=2 2 2 2 2 2
left_child=1 4 -3 -4 5 -1
right_child=-2 2 3 -5 -6 -7
leaf_value=-0.0074689705435050371 0.0072726192748718711 -0.011770337999632863 0.0027997126758556451 -0.0076992888059784484 0.0098416740876334161 0.00094725460343052573
leaf_weight=0.60505445301532745 2.4686986366286874 1.6701248148456214 2.4207243770360947 1.6030782873276619 1.156429797410965 0.42988382652401924
leaf_count=8 12 12 4 12 4 4
internal_value=0 -0.00227688 -0.00442984 -0.00138308 0.00331723 -0.00397311
internal_weight=0 7.8853 5.69393 4.0238 2.19137 1.03494
internal_count=56 44 28 16 16 12
is_linear=0
shrinkage=0.1


Tree=71
num_leaves=7
num_cat=0
split_feature=0 0 0 0 0 0
split_gain=0.0161379 0.00828653 0.00914509 0.00456944 0.00192559 0.00286712
threshold=0.014451459212147534 0.0084342640768936099 0.0051754162190388257 0.0088807551912432926 0.003631902421177315 0.0024983216144647924
decision_type=2 2 2 2 2 2
left_child=1 2 4 -3 5 -1
right_child=-2 3 -4 -5 -6 -7
leaf_value=-0.006862761458985369 0.0074469445107732089 -0.0067976544947231949 0.00158340182949805 -0.02283205184203339 -0.0081517809570182016 0.0039990111861448272
leaf_weight=0.60403105104341948 2.2819128856062898 0.67552519962191571 4.878885243088007 0.24118353985249996 1.4844089683610944 0.40661719813942909
leaf_count=8 4 4 12 12 12 4
internal_value=0 -0.00204969 -0.000934994 -0.0110163 -0.00585952 -0.00249271
internal_weight=0 8.29065 7.37394 0.916709 2.49506 1.01065
internal_count=56 52 36 16 24 12
is_linear=0
shrinkage=0.1


Tree=72
num_leaves=7
num_cat=0
split_feature=0 0 0 0 0 0
split_gain=0.0161936 0.00774023 0.0125948 0.00898308 0.0065866 0.00210939
threshold=0.0099119325506710817 0.0043715486515875429 0.0061951216141071979 0.0075182654014297736 0.003631902421177315 0.0024983216144647924
decision_type=2 2 2 2 2 2
left_child=1 4 -3 -4 5 -1
right_child=-2 2 3 -5 -6 -7
leaf_value=-0.0069183028030386966 0.0070964994213431158 -0.011444739772224948 0.002796680967905571 -0.0066174363917216178 0.0077485585061119995 0.0024058459727516416
leaf_weight=0.60156220337375821 2.4630946067627528 1.6628041821531949 2.4182020649313927 1.7450373100582508 1.2285220883786678 0.40663434565067291
leaf_count=8 12 12 4 12 4 4
internal_value=0 -0.00216791 -0.0040877 -0.00114928 0.00283263 -0.00315761
internal_weight=0 8.06276 5.82604 4.16324 2.23672 1.0082
internal_count=56 44 28 16 16 12
is_linear=0
shrinkage=0.1


Tree=73
num_leaves=7
num_cat=0
split_feature=0 0 0 0 0 0
split_gain=0.151978 0.0578235 0.0355606 0.0520797 0.11333 0.00288581
threshold=0.0051754162190388257 0.003631902421177315 0.0084342640768936099 0.014451459212147534 0.0088807551912432926 0.0024983216144647924
decision_type=2 2 2 2 2 2
left_child=1 5 -2 4 -4 -1
right_child=2 -3 3 -5 -6 -7
leaf_value=-0.0062946182406775162 0.0015026216312436502 -0.032503962408743085 0.058916125567739779 0.0072771089110708377 -0.022383297080048329 0.0046951719572098441
leaf_weight=0.60087585914880071 4.8620645618066192 1.6267549551557747 0.61495696380734477 2.2784903347492218 0.23775201325770468 0.3966822624206543
leaf_count=8 12 12 4 4 12 4
internal_value=0 -0.02088 0.00685526 0.0151667 0.0362482 -0.00192449
internal_weight=0 2.62431 7.99326 3.1312 0.852709 0.997558
internal_count=56 24 32 20 16 12
is_linear=0
shrinkage=0.1


Tree=74
num_leaves=9
num_cat=0
split_feature=0 0 0 0 0 0 0 0
split_gain=0.0149999 0.00688467 0.0169702 0.0096823 0.0101246 0.00517951 0.00594045 0.000208186
threshold=0.014451459212147534 0.0043715486515875429 0.003631902421177315 0.0061951216141071979 0.0075182654014297736 0.0084342640768936099 0.0099119325506710817 0.0024983216144647924
decision_type=2 2 2 2 2 2 2 2
left_child=1 2 7 -3 -5 -6 -7 -1
right_child=-2 3 -4 4 5 6 -8 -9
leaf_value=-0.0075860832898088275 0.0071384333651509733 -0.010323851810090623 0.011487020490742237 0.0028771505495027816 -0.0030834640940119356 -0.021265562612323936 0.00049846445684265605 -0.0047145324374799676
leaf_weight=0.60100337117910385 2.281337670981884 1.655906992498785 1.0914930626749992 2.4147958569228649 1.0632188096642492 0.4173274585045873 0.17929214565083385 0.43536976352334023
leaf_count=8 4 12 4 4 4 8 8 4
internal_value=0 -0.00207232 0.00278503 -0.00387596 -0.00125557 -0.00726801 -0.0147252 -0.00637977
internal_weight=0 7.85841 2.12787 5.73054 4.07463 1.65984 0.59662 1.03637
internal_count=56 52 16 36 24 20 16 12
is_linear=0
shrinkage=0.1


Tree=75
num_leaves=6
num_cat=0
split_feature=0 0 0 0 0
split_gain=0.0146971 0.0105599 0.00786748 0.00281412 0.000234832
threshold=0.014451459212147534 0.0084342640768936099 0.0051754162190388257 0.0088807551912432926 0.0024983216144647924
decision_type=2 2 2 2 2
left_child=1 2 4 -3 -1
right_child=-2 3 -4 -5 -6
leaf_value=-0.0073862922778989443 0.0070743693173011745 -0.0093682670871191275 0.0013326922561363143 -0.02321917651267915 -0.0050995307230105452
leaf_weight=0.60050559183582697 2.2793803922832012 0.40087295323610295 4.8910115854814649 0.23133313341531903 1.7807621352840213
leaf_count=8 4 4 12 12 16
internal_value=0 -0.00204001 -0.000962332 -0.0144365 -0.0056762
internal_weight=0 7.90449 7.27228 0.632206 2.38127
internal_count=56 52 36 16 24
is_linear=0
shrinkage=0.1


Tree=76
num_leaves=9
num_cat=0
split_feature=0 0 0 0 0 0 0 0
split_gain=0.0143304 0.00841916 0.0127442 0.00970531 0.00845974 0.00358848 0.00168021 0.000995838
threshold=0.014451459212147534 0.0043715486515875429 0.003631902421177315 0.0061951216141071979 0.0075182654014297736 0.0084342640768936099 0.0088807551912432926 0.0024983216144647924
decision_type=2 2 2 2 2 2 2 2
left_child=1 2 7 -3 -5 -6 -7 -1
right_child=-2 3 -4 4 5 6 -8 -9
leaf_value=-0.0073472654845686798 0.0069900157160201308 -0.01046806559359049 0.010730416198434081 0.0024041702950970737 -0.0032368964250409694 -0.0088826153021024576 -0.0195688831743 -0.0010201818973731886
leaf_weight=0.59805374359712005 2.2770890742540359 1.6548440253827719 1.1167468801140785 2.4143111072480679 1.0577567741274831 0.40865859016776074 0.22991053655277938 0.42592336237430573
leaf_count=8 4 12 4 4 4 4 12 4
internal_value=0 -0.00201322 0.00334213 -0.00400166 -0.00139844 -0.00681054 -0.0127301 -0.00471551
internal_weight=0 7.90621 2.14072 5.76548 4.11064 1.69633 0.638569 1.02398
internal_count=56 52 16 36 24 20 16 12
is_linear=0
shrinkage=0.1


Tree=77
num_leaves=7
num_cat=0
split_feature=0 0 0 0 0 0
split_gain=0.0148334 0.0088632 0.0104492 0.00881183 0.00948837 0.00165562
threshold=0.0099119325506710817 0.0043715486515875429 0.003631902421177315 0.0061951216141071979 0.0075182654014297736 0.0024983216144647924
decision_type=2 2 2 2 2 2
left_child=1 2 5 -3 -5 -1
right_child=-2 3 -4 4 -6 -7
leaf_value=-0.0074663604571342246 0.0067831817151914088 -0.010358798230266822 0.0098531700038324236 0.0022667461332984157 -0.007708542468271358 0.00074493599577858801
leaf_weight=0.59593979176133871 2.4527735351584852 1.6523661972023544 1.146699845790863 2.4133391231298451 1.5764028648845849 0.41762260720133781
leaf_count=8 12 12 4 4 12 4
internal_value=0 -0.00213238 0.00331452 -0.0042179 -0.00167463 -0.00408302
internal_weight=0 7.80237 2.16026 5.64211 3.98974 1.01356
internal_count=56 44 16 28 16 12
is_linear=0
shrinkage=0.1


Tree=78
num_leaves=7
num_cat=0
split_feature=0 0 0 0 0 0
split_gain=0.0136096 0.00878333 0.00728973 0.00212259 0.000978293 0.00245331
threshold=0.014451459212147534 0.0084342640768936099 0.0051754162190388257 0.0088807551912432926 0.003631902421177315 0.0024983216144647924
decision_type=2 2 2 2 2 2
left_child=1 2 4 -3 5 -1
right_child=-2 3 -4 -5 -6 -7
leaf_value=-0.0069251454778279419 0.0068387596019038425 -0.0085521185758656408 0.001431117817814377 -0.019893219035386669 -0.006930192626307452 0.0032002671990147037
leaf_weight=0.59524943819269394 2.2747282162308702 0.60590305551886547 4.8746996726840734 0.22680016071535647 1.4426072565838692 0.40015370026230812
leaf_count=8 4 4 12 12 12 4
internal_value=0 -0.00190984 -0.000801737 -0.0116411 -0.00526624 -0.00285471
internal_weight=0 8.14541 7.31271 0.832703 2.43801 0.995403
internal_count=56 52 36 16 24 12
is_linear=0
shrinkage=0.1


Tree=79
num_leaves=7
num_cat=0
split_feature=0 0 0 0 0 0
split_gain=0.0140058 0.00751705 0.00886496 0.0079902 0.00636312 0.00212378
threshold=0.0099119325506710817 0.0043715486515875429 0.0061951216141071979 0.0075182654014297736 0.003631902421177315 0.0024983216144647924
decision_type=2 2 2 2 2 2
left_child=1 4 -3 -4 5 -1
right_child=-2 2 3 -5 -6 -7
leaf_value=-0.0068146854152410204 0.0066171932216886531 -0.010130788122895983 0.0022619004949083177 -0.0066588315273160628 0.0077677636979733861 0.0026499627993095409
leaf_weight=0.59286575531587016 2.4480714141391218 1.6461221589706836 2.411273866891861 1.7204439293127505 1.2194600887596607 0.39506871625781059
leaf_count=8 12 12 4 12 4 4
internal_value=0 -0.00202867 -0.0039251 -0.00145269 0.00293523 -0.00302983
internal_weight=0 7.98523 5.77784 4.13172 2.20739 0.987934
internal_count=56 44 28 16 16 12
is_linear=0
shrinkage=0.1


Tree=80
num_leaves=7
num_cat=0
split_feature=0 0 0 0 0 0
split_gain=0.158726 0.0614071 0.0380292 0.0653339 0.104663 0.00307845
threshold=0.0051754162190388257 0.003631902421177315 0.0084342640768936099 0.014451459212147534 0.0088807551912432926 0.0024983216144647924
decision_type=2 2 2 2 2 2
left_child=1 5 -2 4 -4 -1
right_child=2 -3 3 -5 -6 -7
leaf_value=-0.0061423553244823598 0.0014396094958323659 -0.033405744024095657 0.059821425987547354 0.0066951221018495717 -0.019668329851091647 0.0053801374306222359
leaf_weight=0.59189353138208423 4.8506684759631753 1.6213669527787713 0.63462400063872371 2.2716683596372604 0.22414601687341928 0.38119552284479141
leaf_count=8 12 12 4 4 12 4
internal_value=0 -0.0214872 0.00698496 0.0155776 0.0390739 -0.00162856
internal_weight=0 2.59446 7.98111 3.13044 0.85877 0.973089
internal_count=56 24 32 20 16 12
is_linear=0
shrinkage=0.1


Tree=81
num_leaves=9
num_cat=0
split_feature=0 0 0 0 0 0 0 0
split_gain=0.0127052 0.00655019 0.0161993 0.00698008 0.00873303 0.00532247 0.000930952 0.000173784
threshold=0.014451459212147534 0.0043715486515875429 0.003631902421177315 0.0061951216141071979 0.0075182654014297736 0.0084342640768936099 0.0088807551912432926 0.0024983216144647924
decision_type=2 2 2 2 2 2 2 2
left_child=1 2 7 -3 -5 -6 -7 -1
right_child=-2 3 -4 4 5 6 -8 -9
leaf_value=-0.0073516765902502199 0.0065780327221609883 -0.0091830293164355328 0.011315309868313821 0.0023854195613362051 -0.0028700759759411627 -0.011632817451476287 -0.01988270243454392 -0.0046952193556892528
leaf_weight=0.59228189894929528 2.2734559997916222 1.6404057061299679 1.0897304639220238 2.4080815203487873 1.0662303343415258 0.35959257930517186 0.22075385565403849 0.4215385690331459
leaf_count=8 4 12 4 4 4 4 12 4
internal_value=0 -0.00191763 0.00285097 -0.00367898 -0.00145219 -0.00706461 -0.0147709 -0.00624714
internal_weight=0 7.79861 2.10355 5.69506 4.05466 1.64658 0.580346 1.01382
internal_count=56 52 16 36 24 20 16 12
is_linear=0
shrinkage=0.1


Tree=82
num_leaves=7
num_cat=0
split_feature=0 0 0 0 0 0
split_gain=0.0129173 0.00733013 0.0141397 0.00642729 0.00940055 0.000535212
threshold=0.0099119325506710817 0.0043715486515875429 0.003631902421177315 0.0061951216141071979 0.0075182654014297736 0.0024983216144647924
decision_type=2 2 2 2 2 2
left_child=1 2 5 -3 -5 -1
right_child=-2 3 -4 4 -6 -7
leaf_value=-0.0075072973001512723 0.0063315519605481874 -0.0091844926509681811 0.010807581620964145 0.0021450599810736398 -0.0079468089990835222 -0.0028310509749801781
leaf_weight=0.59055700153112411 2.4428576194914058 1.6395414331927893 1.1046443805098534 2.4077130109071736 1.4968471582978962 0.41798854991793633
leaf_count=8 12 12 4 4 12 4
internal_value=0 -0.00201992 0.00299154 -0.00393009 -0.00172375 -0.00556924
internal_weight=0 7.65729 2.11319 5.5441 3.90456 1.00855
internal_count=56 44 16 28 16 12
is_linear=0
shrinkage=0.1


Tree=83
num_leaves=6
num_cat=0
split_feature=0 0 0 0 0
split_gain=0.0121691 0.010677 0.00627652 0.000974117 0.000349433
threshold=0.014451459212147534 0.0084342640768936099 0.0051754162190388257 0.0088807551912432926 0.0024983216144647924
decision_type=2 2 2 2 2
left_child=1 2 4 -3 -1
right_child=-2 3 -4 -5 -6
leaf_value=-0.0071221373754517675 0.0064487037858199231 -0.011481022923206158 0.0012690912928884262 -0.019743102853066883 -0.0043115766005103638
leaf_weight=0.59064703760668669 2.2710758820176125 0.41290269792079914 4.8886787807568908 0.21806942753028125 1.7620227653533218
leaf_count=8 4 4 12 12 16
internal_value=0 -0.00186038 -0.000773279 -0.0143365 -0.00501718
internal_weight=0 7.87232 7.24135 0.630972 2.35267
internal_count=56 52 36 16 24
is_linear=0
shrinkage=0.1


Tree=84
num_leaves=7
num_cat=0
split_feature=0 0 0 0 0 0
split_gain=0.0124316 0.00840475 0.0107068 0.00625779 0.00845286 0.00114856
threshold=0.0099119325506710817 0.0043715486515875429 0.003631902421177315 0.0061951216141071979 0.0075182654014297736 0.0024983216144647924
decision_type=2 2 2 2 2 2
left_child=1 2 5 -3 -5 -1
right_child=-2 3 -4 4 -6 -7
leaf_value=-0.0069985300233124858 0.0062231886098827495 -0.0092021384230155483 0.010042597578793951 0.0018535856062015432 -0.007629126043220337 -0.00010161704028683382
leaf_weight=0.58857732499018323 2.4389918305678293 1.6374593877699224 1.1307064853608608 2.4071627706289296 1.5423130253329871 0.4094194769859314
leaf_count=8 12 12 4 4 12 4
internal_value=0 -0.00196721 0.00337973 -0.00400448 -0.00184952 -0.00416913
internal_weight=0 7.71564 2.1287 5.58694 3.94948 0.997997
internal_count=56 44 16 28 16 12
is_linear=0
shrinkage=0.1


Tree=85
num_leaves=7
num_cat=0
split_feature=0 0 0 0 0 0
split_gain=0.0116389 0.0103122 0.00562025 0.00107241 0.000300457 0.00155336
threshold=0.014451459212147534 0.0084342640768936099 0.0051754162190388257 0.0088807551912432926 0.003631902421177315 0.0024983216144647924
decision_type=2 2 2 2 2 2
left_child=1 2 4 -3 5 -1
right_child=-2 3 -4 -5 -6 -7
leaf_value=-0.0065811886432918165 0.0063211819197754376 -0.010675876246240744 0.0012796964331524057 -0.019093578337404785 -0.0055956652069336782 0.0015015300696502826
leaf_weight=0.58833471266552839 2.2682395242154598 0.50646575167775143 4.8811177928000689 0.21584961621556431 1.3909313513431696 0.39903712272644043
leaf_count=8 4 4 12 12 12 4
internal_value=0 -0.00179634 -0.000662534 -0.0131913 -0.00464868 -0.00331463
internal_weight=0 7.98174 7.25942 0.722315 2.3783 0.987372
internal_count=56 52 36 16 24 12
is_linear=0
shrinkage=0.1


Tree=86
num_leaves=7
num_cat=0
split_feature=0 0 0 0 0 0
split_gain=0.0118812 0.00795252 0.00735312 0.00630395 0.0074401 0.00160258
threshold=0.0099119325506710817 0.0043715486515875429 0.003631902421177315 0.0061951216141071979 0.0075182654014297736 0.0024983216144647924
decision_type=2 2 2 2 2 2
left_child=1 2 5 -3 -5 -1
right_child=-2 3 -4 4 -6 -7
leaf_value=-0.0064564713834936076 0.0061022420227312066 -0.0091012990491980174 0.0085712003385698902 0.0018022310435424843 -0.0069229048992932897 0.0017995275569108783
leaf_weight=0.58609279384836566 2.4350670094136149 1.633432494709268 1.1835549138486385 2.4056142792105675 1.6460422745440153 0.39261404424905777
leaf_count=8 12 12 4 4 12 4
internal_value=0 -0.00189355 0.0032683 -0.0038568 -0.00174248 -0.00314453
internal_weight=0 7.84735 2.16226 5.68509 4.05166 0.978707
internal_count=56 44 16 28 16 12
is_linear=0
shrinkage=0.1


Tree=87
num_leaves=6
num_cat=0
split_feature=0 0 0 0 0
split_gain=0.0110614 0.00587241 0.0080637 0.00241096 0.00303939
threshold=0.014451459212147534 0.0084342640768936099 0.0051754162190388257 0.003631902421177315 0.0024983216144647924
decision_type=2 2 2 2 2
left_child=1 2 3 4 -1
right_child=-2 -3 -4 -5 -6
leaf_value=-0.0058035452757728189 0.0061983329837345461 -0.0087277706148817958 0.001688453585170659 -0.0077709251725409717 0.0058710541181802968
leaf_weight=0.58455000212415908 2.2655157595872888 1.0355426623718811 4.8502085665240884 1.533676454098895 0.3605412021279335
leaf_count=8 4 16 12 12 4
internal_value=0 -0.00167881 -0.000682829 -0.00532272 -0.00134982
internal_weight=0 8.36452 7.32898 2.47877 0.945091
internal_count=56 52 36 24 12
is_linear=0
shrinkage=0.1


Tree=88
num_leaves=6
num_cat=0
split_feature=0 0 0 0 0
split_gain=0.254346 0.0992858 0.063052 0.249954 0.00264384
threshold=0.0051754162190388257 0.003631902421177315 0.0084342640768936099 0.0088807551912432926 0.0024983216144647924
decision_type=2 2 2 2 2
left_child=1 4 -2 -4 -1
right_child=2 -3 3 -5 -6
leaf_value=-0.0053389113525490074 0.0015071202048777888 -0.041933335666633063 0.069301101582271638 0.0040587257485197375 0.0056236316598351054
leaf_weight=0.5825866097584379 4.831520567648111 1.6586694642901418 0.76971126720309291 2.4767855471000075 0.35347258672118187
leaf_count=8 12 12 4 16 4
internal_value=0 -0.0272383 0.00874919 0.019527 -0.00119926
internal_weight=0 2.59473 8.07802 3.2465 0.936059
internal_count=56 24 32 20 12
is_linear=0
shrinkage=0.1


Tree=89
num_leaves=9
num_cat=0
split_feature=0 0 0 0 0 0 0 0
split_gain=0.0107881 0.00665918 0.0079991 0.00667616 0.00122603 0.0212576 0.000459331 4.7033e-06
threshold=0.014451459212147534 0.0075182654014297736 0.0084342640768936099 0.0051754162190388257 0.0088807551912432926 0.011060829098723822 0.003631902421177315 0.0024983216144647924
decision_type=2 2 2 2 2 2 2 2
left_child=1 3 -3 6 -4 -6 7 -1
right_child=-2 2 4 -5 5 -7 -8 -9
leaf_value=-0.0063331765908475751 0.0060671631032335046 -0.0023976880678738591 -0.0135144148601757 0.0023008682243064946 0.0014252430393479072 -0.06415913671719535 -0.0032921529573848893 -0.0058908597064609028
leaf_weight=0.58531206147745285 2.2660008110105991 1.0696163848042486 0.3474312052130698 3.8102263994514942 0.1317250516731292 0.079097411246038973 1.2933493573218582 0.4079582542181015
leaf_count=8 4 4 4 8 8 4 12 4
internal_value=0 -0.00177977 -0.00746191 -0.000262625 -0.017165 -0.023181 -0.00453421 -0.00615151
internal_weight=0 7.72472 1.62787 6.09685 0.558254 0.210822 2.28662 0.99327
internal_count=56 52 20 32 16 12 24 12
is_linear=0
shrinkage=0.1


Tree=90
num_leaves=9
num_cat=0
split_feature=0 0 0 0 0 0 0 0
split_gain=0.0105458 0.00727755 0.0148152 0.00499062 0.00760503 0.0063657 0.000913327 7.98987e-05
threshold=0.014451459212147534 0.0043715486515875429 0.003631902421177315 0.0061951216141071979 0.0075182654014297736 0.0084342640768936099 0.0088807551912432926 0.0024983216144647924
decision_type=2 2 2 2 2 2 2 2
left_child=1 2 7 -3 -5 -6 -7 -1
right_child=-2 3 -4 4 5 6 -8 -9
leaf_value=-0.0062866684809241144 0.006000543182000842 -0.0082946787089528459 0.011398911429962647 0.0018397160783052526 -0.0025294564210544936 -0.012708385806995529 -0.021193736572050797 -0.0044589267640284267
leaf_weight=0.58330643502995383 2.2642861716449261 1.6265207587275652 1.0814911909401417 2.401667408645153 1.0669877678155897 0.35060448572039593 0.19876070145983249 0.40539522469043732
leaf_count=8 4 12 4 4 4 4 12 4
internal_value=0 -0.00176117 0.00331039 -0.00362121 -0.00172936 -0.0070325 -0.0157784 -0.00553724
internal_weight=0 7.71473 2.07019 5.64454 4.01802 1.61635 0.549365 0.988702
internal_count=56 52 16 36 24 20 16 12
is_linear=0
shrinkage=0.1


Tree=91
num_leaves=7
num_cat=0
split_feature=0 0 0 0 0 0
split_gain=0.010918 0.00783036 0.0132588 0.00466966 0.00819184 0.000307165
threshold=0.0099119325506710817 0.0043715486515875429 0.003631902421177315 0.0061951216141071979 0.0075182654014297736 0.0024983216144647924
decision_type=2 2 2 2 2 2
left_child=1 2 5 -3 -5 -1
right_child=-2 3 -4 4 -6 -7
leaf_value=-0.0065254104853589767 0.0058581363412872553 -0.0083356636151100082 0.010938020253477381 0.0016552715219706436 -0.0078001488985600309 -0.0029330153682019223
leaf_weight=0.58161487476900231 2.4136929310625419 1.6261745167430488 1.0947666205465794 2.4012381285429005 1.4816165706142781 0.40288843959569931
leaf_count=8 12 12 4 4 12 4
internal_value=0 -0.00186336 0.00336542 -0.00383686 -0.00195272 -0.00505529
internal_weight=0 7.5883 2.07927 5.50903 3.88285 0.984503
internal_count=56 44 16 28 16 12
is_linear=0
shrinkage=0.1


Tree=92
num_leaves=9
num_cat=0
split_feature=0 0 0 0 0 0 0 0
split_gain=0.010133 0.00765147 0.0115391 0.00451131 0.00672906 0.00618795 0.000883477 0.000453302
threshold=0.014451459212147534 0.0043715486515875429 0.003631902421177315 0.0061951216141071979 0.0075182654014297736 0.0084342640768936099 0.0088807551912432926 0.0024983216144647924
decision_type=2 2 2 2 2 2 2 2
left_child=1 2 7 -3 -5 -6 -7 -1
right_child=-2 3 -4 4 5 6 -8 -9
leaf_value=-0.006226474311512669 0.0058904246213910064 -0.0080730594279335294 0.010439325883156964 0.0015477357679918599 -0.0022181747515213151 -0.012242359849721121 -0.020469333716481589 -0.001850392751864705
leaf_weight=0.58173087472096097 2.2621534094214439 1.6231367597356436 1.1103545762598515 2.4013570845127106 1.0722327753901479 0.38996561616659153 0.19620691775344312 0.39911114796996117
leaf_count=8 4 12 4 4 4 4 12 4
internal_value=0 -0.00171403 0.00345769 -0.00361712 -0.00183559 -0.00673462 -0.0149961 -0.00444582
internal_weight=0 7.7741 2.0912 5.6829 4.05976 1.65841 0.586173 0.980842
internal_count=56 52 16 36 24 20 16 12
is_linear=0
shrinkage=0.1


Tree=93
num_leaves=7
num_cat=0
split_feature=0 0 0 0 0 0
split_gain=0.0105142 0.00792997 0.00960386 0.00423524 0.00731296 0.000905142
threshold=0.0099119325506710817 0.0043715486515875429 0.003631902421177315 0.0061951216141071979 0.0075182654014297736 0.0024983216144647924
decision_type=2 2 2 2 2 2
left_child=1 2 5 -3 -5 -1
right_child=-2 3 -4 4 -6 -7
leaf_value=-0.0063907074386796549 0.0057627745122815141 -0.0080849848506359661 0.0096549738504146127 0.0014438501526132946 -0.0073569675047790682 -0.00017308560637072372
leaf_weight=0.57984388759359728 2.4103770167566836 1.6220135339535771 1.1372401788830757 2.400634247809649 1.5562198404222725 0.39270832762122154
leaf_count=8 12 12 4 4 12 4
internal_value=0 -0.00180661 0.00341571 -0.00378157 -0.00201749 -0.00388008
internal_weight=0 7.68866 2.10979 5.57887 3.95685 0.972552
internal_count=56 44 16 28 16 12
is_linear=0
shrinkage=0.1


Tree=94
num_leaves=9
num_cat=0
split_feature=0 0 0 0 0 0 0 0
split_gain=0.00970594 0.00720522 0.00686552 0.00416428 0.00582069 0.0066496 0.00134793 0.00104751
threshold=0.014451459212147534 0.0043715486515875429 0.003631902421177315 0.0061951216141071979 0.0075182654014297736 0.0084342640768936099 0.0024983216144647924 0.0088807551912432926
decision_type=2 2 2 2 2 2 2 2
left_child=1 2 6 -3 -5 -6 -1 -7
right_child=-2 3 -4 4 5 7 -8 -9
leaf_value=-0.0059987316104573307 0.005782518316590989 -0.0077820235917507438 0.0084251486044406958 0.0014095263682056191 -0.0011190950400889698 -0.01123618943339199 0.0016542827810928484 -0.019833951520907379
leaf_weight=0.5795028847642244 2.2600826248526573 1.61758795264177 1.1799297593533993 2.4004449434578419 1.0685761794447897 0.52689115703105915 0.38175591453909874 0.19383741565980017
leaf_count=8 4 12 4 4 4 4 4 12
internal_value=0 -0.0016442 0.0033142 -0.00347238 -0.0018085 -0.00612565 -0.0029594 -0.0135485
internal_weight=0 7.94853 2.14119 5.80734 4.18975 1.7893 0.961259 0.720729
internal_count=56 52 16 36 24 20 12 16
is_linear=0
shrinkage=0.1


Tree=95
num_leaves=6
num_cat=0
split_feature=0 0 0 0 0
split_gain=0.210406 0.0860772 0.0525145 0.20946 0.00391046
threshold=0.0051754162190388257 0.003631902421177315 0.0084342640768936099 0.0088807551912432926 0.0024983216144647924
decision_type=2 2 2 2 2
left_child=1 4 -2 -4 -1
right_child=2 -3 3 -5 -6
leaf_value=-0.0056431122042327961 0.0014034875703716953 -0.038750546337939631 0.064905049792746597 0.0039300477861872298 0.0077699379671524217
leaf_weight=0.57567275455221656 4.837743445299564 1.6352063245140014 0.73147004097700152 2.4515329224523157 0.34920576214790344
leaf_count=8 12 12 4 16 4
internal_value=0 -0.0249603 0.0079669 0.0179424 -0.000578756
internal_weight=0 2.56008 8.02075 3.183 0.924879
internal_count=56 24 32 20 12
is_linear=0
shrinkage=0.1


Tree=96
num_leaves=9
num_cat=0
split_feature=0 0 0 0 0 0 0 0
split_gain=0.00937373 0.00648371 0.0143141 0.00325654 0.0092776 0.00704981 0.000555902 9.153e-05
threshold=0.014451459212147534 0.0043715486515875429 0.003631902421177315 0.0075182654014297736 0.0084342640768936099 0.0061951216141071979 0.0088807551912432926 0.0024983216144647924
decision_type=2 2 2 2 2 2 2 2
left_child=1 2 7 5 -5 -3 -6 -1
right_child=-2 3 -4 4 6 -7 -8 -9
leaf_value=-0.0064537863430228484 0.0056623564459105623 -0.0069980942390401694 0.011040209806982702 -0.0018256897913813332 -0.015469944497011286 0.0015544726903254421 -0.022160380327844661 -0.0044830470124647371
leaf_weight=0.57797859795391571 2.2602276019752026 1.6116823202464727 1.0852684341371059 1.0836849883198736 0.35616891458630551 2.3975308761000633 0.19067718915175647 0.39792386256158352
leaf_count=8 4 12 4 4 4 4 12 4
internal_value=0 -0.0016619 0.00313779 -0.00341605 -0.00718408 -0.00188361 -0.0178028 -0.00565022
internal_weight=0 7.70092 2.06117 5.63974 1.63053 4.00921 0.546846 0.975902
internal_count=56 52 16 36 20 16 16 12
is_linear=0
shrinkage=0.1


Tree=97
num_leaves=7
num_cat=0
split_feature=0 0 0 0 0 0
split_gain=0.00935148 0.00685636 0.0127039 0.00352898 0.00692942 0.000319568
threshold=0.0099119325506710817 0.0043715486515875429 0.003631902421177315 0.0075182654014297736 0.0061951216141071979 0.0024983216144647924
decision_type=2 2 2 2 2 2
left_child=1 2 5 4 -3 -1
right_child=-2 3 -4 -5 -6 -7
leaf_value=-0.0066545965542624853 0.005434585223047874 -0.0070898836159776759 0.010537844231082887 -0.0077056950558023725 0.0013894838228194057 -0.0029631658785556803
leaf_weight=0.57625857833772909 2.4039593839552253 1.6117755831219254 1.1004383154213428 1.4998855837620793 2.3971217833459377 0.39545147493481636
leaf_count=8 12 12 4 12 4 4
internal_value=0 -0.00172334 0.00318013 -0.00356779 -0.00201964 -0.00515232
internal_weight=0 7.58093 2.07215 5.50878 4.0089 0.97171
internal_count=56 44 16 28 16 12
is_linear=0
shrinkage=0.1


Tree=98
num_leaves=9
num_cat=0
split_feature=0 0 0 0 0 0 0 0
split_gain=0.00902996 0.00679064 0.0110095 0.00274702 0.00644223 0.00849083 0.000556782 0.000450197
threshold=0.014451459212147534 0.0043715486515875429 0.003631902421177315 0.0061951216141071979 0.0075182654014297736 0.0084342640768936099 0.0088807551912432926 0.0024983216144647924
decision_type=2 2 2 2 2 2 2 2
left_child=1 2 7 -3 -5 -6 -7 -1
right_child=-2 3 -4 4 5 6 -8 -9
leaf_value=-0.0063206158668056983 0.0055656581553607306 -0.006908325420634822 0.01002823615836927 0.0012951745469997706 -0.0015792551931685462 -0.014397769501946159 -0.021006063586624806 -0.0019271314847084794
leaf_weight=0.5763264996930958 2.2582191899418831 1.6093610497191546 1.1167140193283558 2.3972245343029499 1.0891658589243887 0.39440645650029171 0.18840372317936271 0.39177532866597176
leaf_count=8 4 12 4 4 4 4 12 4
internal_value=0 -0.00161895 0.00326213 -0.00341097 -0.00202778 -0.00679212 -0.016534 -0.00454264
internal_weight=0 7.76338 2.08482 5.67856 4.0692 1.67198 0.58281 0.968102
internal_count=56 52 16 36 24 20 16 12
is_linear=0
shrinkage=0.1


Tree=99
num_leaves=7
num_cat=0
split_feature=0 0 0 0 0 0
split_gain=0.00911849 0.00693141 0.00888525 0.00296846 0.00641462 0.00092941
threshold=0.0099119325506710817 0.0043715486515875429 0.003631902421177315 0.0075182654014297736 0.0061951216141071979 0.0024983216144647924
decision_type=2 2 2 2 2 2
left_child=1 2 5 4 -3 -1
right_child=-2 3 -4 -5 -6 -7
leaf_value=-0.0064421892223201884 0.0053797315427149654 -0.006960804798811681 0.0091466937173326004 -0.0071955689449134316 0.0012028506729264124 -9.1445686437066303e-05
leaf_weight=0.57442215317860257 2.4010430017951876 1.6085100299678741 1.1473152600228786 1.5789641682058571 2.3965577967464924 0.38481680862605572
leaf_count=8 12 12 4 12 4 4
internal_value=0 -0.00167958 0.00320828 -0.00352351 -0.00207583 -0.00389447
internal_weight=0 7.69059 2.10655 5.58403 4.00507 0.959239
internal_count=56 44 16 28 16 12
is_linear=0
shrinkage=0.1


end of trees

feature_importances:
word_overlap=651

parameters:
[boosting: gbdt]
[objective: lambdarank]
[metric: ndcg]
[tree_learner: serial]
[device_type: cpu]
[data: ]
[valid: ]
[num_iterations: 100]
[learning_rate: 0.1]
[num_leaves: 16]
[num_threads: 6]
[deterministic: 0]
[force_col_wise: 0]
[force_row_wise: 0]
[histogram_pool_size: -1]
[max_depth: -1]
[min_data_in_leaf: 5]
[min_sum_hessian_in_leaf: 0.001]
[bagging_fraction: 1]
[pos_bagging_fraction: 1]
[neg_bagging_fraction: 1]
[bagging_freq: 0]
[bagging_seed: 3]
[feature_fraction: 1]
[feature_fraction_bynode: 1]
[feature_fraction_seed: 2]
[extra_trees: 0]
[extra_seed: 6]
[early_stopping_round: 0]
[first_metric_only: 0]
[max_delta_step: 0]
[lambda_l1: 0]
[lambda_l2: 0]
[linear_lambda: 0]
[min_gain_to_split: 0]
[drop_rate: 0.1]
[max_drop: 50]
[skip_drop: 0.5]
[xgboost_dart_mode: 0]
[uniform_drop: 0]
[drop_seed: 4]
[top_rate: 0.2]
[other_rate: 0.1]
[min_data_per_group: 100]
[max_cat_threshold: 32]
[cat_l2: 10]
[cat_smooth: 10]
[max_cat_to_onehot: 4]
[top_k: 20]
[monotone_constraints: ]
[monotone_constraints_method: basic]
[monotone_penalty: 0]
[feature_contri: ]
[forcedsplits_filename: ]
[refit_decay_rate: 0.9]
[cegb_tradeoff: 1]
[cegb_penalty_split: 0]
[cegb_penalty_feature_lazy: ]
[cegb_penalty_feature_coupled: ]
[path_smooth: 0]
[interaction_constraints: ]
[verbosity: 1]
[saved_feature_importance_type: 0]
[linear_tree: 0]
[max_bin: 255]
[max_bin_by_feature: ]
[min_data_in_bin: 3]
[bin_construct_sample_cnt: 200000]
[data_random_seed: 1]
[is_enable_sparse: 1]
[enable_bundle: 1]
[use_missing: 1]
[zero_as_missing: 0]
[feature_pre_filter: 1]
[pre_partition: 0]
[two_round: 0]
[header: 0]
[label_column: ]
[weight_column: ]
[group_column: ]
[ignore_column: ]
[categorical_feature: ]
[forcedbins_filename: ]
[precise_float_parser: 0]
[parser_config_file: ]
[objective_seed: 5]
[num_class: 1]
[is_unbalance: 0]
[scale_pos_weight: 1]
[sigmoid: 1]
[boost_from_average: 1]
[reg_sqrt: 0]
[alpha: 0.9]
[fair_c: 1]
[poisson_max_delta_step: 0.7]
[tweedie_variance_power: 1.5]
[lambdarank_truncation_level: 30]
[lambdarank_norm: 1]
[label_gain: ]
[eval_at: 1,2,3,4,5]
[multi_error_top_k: 1]
[auc_mu_weights: ]
[num_machines: 1]
[local_listen_port: 12400]
[time_out: 120]
[machine_list_filename: ]
[machines: ]
[gpu_platform_id: -1]
[gpu_device_id: -1]
[gpu_use_dp: 0]
[num_gpu: 1]

end of parameters

pandas_categorical:null
