tree
version=v4
num_class=1
num_tree_per_iteration=1
label_index=0
max_feature_idx=0
objective=lambdarank
feature_names=word_overlap
feature_infos=[0.0018939160261076632:0.13314229714810266]
tree_sizes=970 1072 862 976 969 866 1078 1077 1079 874 1085 972 1083 1083 1087 1089 1090 1090 1093 1090 1094 1088 1093 774 1089 1096 1096 1091 774 1090 776 1090 1094 1204 778 780 1099 1202 1098 1100 1102 884 1104 774 1101 1099 778 882 881 879 884 983 876 876 780 888 783 777 1104 886 780 781 1104 889 782 1110 889 780 781 1106 887 781 1106 888 1210 892 783 1108 785 892 893 780 786 1107 785 1107 782 1107 1108 783 1103 1108 782 1108 783 1110 782 1105 1109 783

Tree=0
num_leaves=8
num_cat=0
split_feature=0 0 0 0 0 0 0
split_gain=0.454786 0.930508 0.445457 0.793158 0.252818 0.273932 0.0112049
threshold=0.0058729494061789218 0.0046408291201055132 0.0088201304023662278 0.014451459212147534 0.0081110765263017488 0.0063833176173950252 0.0024983216144647924
decision_type=2 2 2 2 2 2 2
left_child=1 6 4 -4 5 -2 -1
right_child=2 -3 3 -5 -6 -7 -8
leaf_value=0.0079638865947674314 0.093499525373031356 -0.12609914888722992 -0.094336096774892242 0.063772832710941627 0.1171972479874851 -0.014068349342938512 0.027514351429986639
leaf_weight=0.59610330313444115 0.41331811621785186 0.73210594803094853 0.6557959448546169 0.6146677304059267 0.54196608811616898 0.55415738373994827 0.57682124525308609
leaf_count=8 4 8 12 8 4 8 4
internal_value=0 -0.0376371 0.0257922 -0.0178408 0.0625171 0.031886 0.0175784
internal_weight=0 1.90503 2.77991 1.27046 1.50944 0.967475 1.17292
internal_count=56 20 36 20 16 12 12
is_linear=0
shrinkage=0.1


Tree=1
num_leaves=9
num_cat=0
split_feature=0 0 0 0 0 0 0 0
split_gain=0.848651 0.34397 1.60002 0.433188 0.488384 0.916514 0.010183 3.51538e-05
threshold=0.016831777094257917 0.0063833176173950252 0.0058729494061789218 0.0081110765263017488 0.0088201304023662278 0.014451459212147534 0.0099119325506710817 0.0024983216144647924
decision_type=2 2 2 2 2 2 2 2
left_child=1 2 7 -3 -5 6 -6 -1
right_child=-2 3 -4 4 5 -7 -8 -9
leaf_value=-0.023047984565025516 0.05714211168803799 -0.055762605541564272 0.078881822546771493 0.032878775293709826 -0.090663131487082868 0.016863221812723296 -0.075095210046968786 -0.022523392267148844
leaf_weight=2.8805831372737911 2.2730752527713767 2.6176482886075956 2.2066306173801422 2.0257746577262878 0.71002639085054431 2.0849227607250214 1.0291808769106863 2.2952396124601364
leaf_count=8 4 8 4 4 4 4 8 12
internal_value=0 -0.00819484 0.00758214 -0.02195 -0.00681999 -0.0278498 -0.0814508 -0.0228154
internal_weight=0 15.85 7.38245 8.46755 5.8499 3.82413 1.73921 5.17582
internal_count=56 52 24 28 20 16 12 20
is_linear=0
shrinkage=0.1


Tree=2
num_leaves=7
num_cat=0
split_feature=0 0 0 0 0 0
split_gain=1.3572 0.88929 0.972819 0.482624 0.456425 0.0746358
threshold=0.0021200422967965833 0.014451459212147534 0.0046408291201055132 0.0088201304023662278 0.0081110765263017488 0.0063833176173950252
decision_type=2 2 2 2 2 2
left_child=-1 2 -2 4 5 -4
right_child=1 -3 3 -5 -6 -7
leaf_value=-0.10631540682306249 0.04315045518679686 0.051750770883537855 -0.016292701202194292 -0.076488447752866312 0.02906149198826067 -0.040443864735238248
leaf_weight=1.117592960596087 3.0181504637002936 3.5373036712408057 2.6524044275283796 1.4054581597447393 1.9348463118076322 2.4722859561443329
leaf_count=4 8 8 12 12 4 8
internal_value=0 0.00791037 -0.00559436 -0.0229741 -0.0123201 -0.0279439
internal_weight=0 15.0204 11.4831 8.46499 7.05954 5.12469
internal_count=56 52 44 36 24 20
is_linear=0
shrinkage=0.1


Tree=3
num_leaves=8
num_cat=0
split_feature=0 0 0 0 0 0 0
split_gain=0.611756 0.282549 0.702193 0.109419 0.133774 0.0273537 0.00613918
threshold=0.016831777094257917 0.0072513893889438134 0.0058729494061789218 0.014451459212147534 0.0088201304023662278 0.0099119325506710817 0.0024983216144647924
decision_type=2 2 2 2 2 2 2
left_child=1 2 6 4 -3 -6 -1
right_child=-2 3 -4 -5 5 -7 -8
leaf_value=-0.019089329858009263 0.045086310100818261 -0.021952295096025903 0.038352575896540023 0.0021595161729305672 -0.080553322517165807 -0.048979970715277481 -0.026796833967097474
leaf_weight=1.9761885330081002 2.5339092016220084 3.6082629263401031 3.3698377162218094 1.2128669470548628 0.44054595753550507 0.72754839435219765 2.1662733312696218
leaf_count=8 4 8 8 4 4 8 12
internal_value=0 -0.00846161 0.00445517 -0.0246632 -0.0314743 -0.0608878 -0.0231199
internal_weight=0 13.5015 7.5123 5.98922 4.77636 1.16809 4.14246
internal_count=56 52 28 24 20 12 20
is_linear=0
shrinkage=0.1


Tree=4
num_leaves=8
num_cat=0
split_feature=0 0 0 0 0 0 0
split_gain=0.565541 0.280691 0.254774 0.702338 0.302674 0.19413 0.00176988
threshold=0.016831777094257917 0.0072513893889438134 0.014451459212147534 0.0081110765263017488 0.0088201304023662278 0.0058729494061789218 0.0024983216144647924
decision_type=2 2 2 2 2 2 2
left_child=1 5 3 -3 -5 6 -1
right_child=-2 2 -4 4 -6 -7 -8
leaf_value=-0.014309997283539488 0.035721465979841258 -0.12553531879832833 0.007395519376673116 0.011514488713010418 -0.060319888756404462 0.020883326025508797 -0.010193149555063129
leaf_weight=2.0643605738878232 3.4326250255107889 0.81052038073539767 1.3047929704189298 1.4275575131177904 0.99565245211124409 3.07342129945755 2.1133108474314213
leaf_count=8 4 4 4 4 12 8 12
internal_value=0 -0.0104005 -0.0299039 -0.044954 -0.0180009 0.00180676 -0.0122275
internal_weight=0 11.7896 4.53852 3.23373 2.42321 7.25109 4.17767
internal_count=56 52 24 20 16 28 20
is_linear=0
shrinkage=0.1


Tree=5
num_leaves=7
num_cat=0
split_feature=0 0 0 0 0 0
split_gain=0.453306 0.105241 0.214305 0.17353 0.110507 0.0226808
threshold=0.016831777094257917 0.0072513893889438134 0.0058729494061789218 0.014451459212147534 0.0088201304023662278 0.0024983216144647924
decision_type=2 2 2 2 2 2
left_child=1 2 5 4 -3 -1
right_child=-2 3 -4 -5 -6 -7
leaf_value=-0.024930412378685041 0.03250254418809468 -0.021459270920070231 0.017964846966420558 0.0087795204735418245 -0.062327254256542002 -0.0098763507609947645
leaf_weight=1.9683149605989436 3.3145604133605966 1.9373806640505793 3.0323022305965424 1.2727154865860937 1.004789328202605 2.0360621102154255
leaf_count=8 4 8 8 4 12 12
internal_value=0 -0.00957481 -0.00208975 -0.022071 -0.0354162 -0.017276
internal_weight=0 11.2516 7.03668 4.21489 2.94217 4.00438
internal_count=56 52 28 24 20 20
is_linear=0
shrinkage=0.1


Tree=6
num_leaves=9
num_cat=0
split_feature=0 0 0 0 0 0 0 0
split_gain=0.37446 0.207775 0.456074 0.285468 0.189305 0.237857 0.00117184 0.000217801
threshold=0.016831777094257917 0.0063833176173950252 0.0058729494061789218 0.0081110765263017488 0.0088201304023662278 0.014451459212147534 0.0024983216144647924 0.011060829098723822
decision_type=2 2 2 2 2 2 2 2
left_child=1 2 6 -3 -5 7 -1 -6
right_child=-2 3 -4 4 5 -7 -8 -9
leaf_value=-0.009280251294385913 0.030873599989129582 -0.048680772590686955 0.054388793717633166 0.02471765946088016 -0.062871681191279227 0.005320624366140345 -0.012577522811103248 -0.05966855422023877
leaf_weight=2.4166155606508237 3.1056865453720102 2.3224273920059204 1.4262628927826879 1.4190295562148096 0.55614253692328941 1.2923272252082825 1.9456508625298736 0.34333143010735512
leaf_count=8 4 8 4 4 8 4 12 4
internal_value=0 -0.00817996 0.00529918 -0.0213303 -0.00373893 -0.0221625 -0.0107509 -0.061649
internal_weight=0 11.7218 5.78853 5.93326 3.61083 2.1918 4.36227 0.899474
internal_count=56 52 24 28 20 16 20 12
is_linear=0
shrinkage=0.1


Tree=7
num_leaves=9
num_cat=0
split_feature=0 0 0 0 0 0 0 0
split_gain=0.475061 0.0817312 0.237408 0.09823 0.11174 0.194724 0.04021 0.0246049
threshold=0.016831777094257917 0.0046408291201055132 0.0024983216144647924 0.0081110765263017488 0.0088201304023662278 0.014451459212147534 0.0099119325506710817 0.0063833176173950252
decision_type=2 2 2 2 2 2 2 2
left_child=1 2 -1 7 -5 6 -6 -3
right_child=-2 3 -4 4 5 -7 -8 -9
leaf_value=-0.019751013214655548 0.033486794638420046 -0.018841563203835315 0.035587724818662382 0.019387364243060638 -0.084625118506401448 0.0085637541109325078 -0.038778544113567036 -0.034385729352375098
leaf_weight=1.8763323128223401 3.2437828183174142 2.0869831256568432 1.3210617154836655 1.3158857002854349 0.29035359900444757 1.1597954258322716 0.56077295169234276 1.9886911883950231
leaf_count=8 4 12 4 4 4 4 8 8
internal_value=0 -0.0102477 0.0031132 -0.0160187 -0.00326842 -0.0180937 -0.0544187 -0.0264262
internal_weight=0 10.5999 3.19739 7.40248 3.32681 2.01092 0.851127 4.07567
internal_count=56 52 12 40 20 16 12 20
is_linear=0
shrinkage=0.1


Tree=8
num_leaves=9
num_cat=0
split_feature=0 0 0 0 0 0 0 0
split_gain=0.271984 0.0940956 0.516734 0.081194 0.10216 0.149309 0.0102801 0.00111845
threshold=0.016831777094257917 0.0058729494061789218 0.0063833176173950252 0.0081110765263017488 0.0088201304023662278 0.014451459212147534 0.0024983216144647924 0.011060829098723822
decision_type=2 2 2 2 2 2 2 2
left_child=1 6 -3 -4 -5 7 -1 -6
right_child=-2 2 3 4 5 -7 -8 -9
leaf_value=-0.015286135091845008 0.025963672180867155 0.054359280919554304 -0.031088903976381324 0.015923115217199611 -0.050385813910597821 0.0027962628099327375 -0.025949226994380993 -0.0580923106008479
leaf_weight=1.7438267916440948 3.0973453223705301 1.3528106585144994 1.955415219068527 1.3389755934476852 0.4872566545382141 1.1719109416007996 1.8776248302310703 0.30696111544966698
leaf_count=8 4 4 8 4 8 4 12 4
internal_value=0 -0.00785737 -0.000761972 -0.0149371 -0.00538115 -0.0198898 -0.0208147 -0.0533643
internal_weight=0 10.2348 6.61333 5.26052 3.3051 1.96613 3.62145 0.794218
internal_count=56 52 32 28 20 16 20 12
is_linear=0
shrinkage=0.1


Tree=9
num_leaves=7
num_cat=0
split_feature=0 0 0 0 0 0
split_gain=0.370871 0.091476 0.119711 0.0543965 0.00271785 0.00234079
threshold=0.014451459212147534 0.0072513893889438134 0.0058729494061789218 0.0088201304023662278 0.0024983216144647924 0.011060829098723822
decision_type=2 2 2 2 2 2
left_child=1 2 4 -3 -1 -5
right_child=-2 3 -4 5 -6 -7
leaf_value=-0.014466616291938595 0.024361067552025589 -0.01811468807657405 0.010540714819163636 -0.045621311961406397 -0.020026483630459446 -0.056981701365117148
leaf_weight=1.6829800009727462 4.2213051021099099 1.7751449868083002 2.7246234565973282 0.46613258216530074 1.8409814722836015 0.29689867421984673
leaf_count=8 8 8 8 8 12 4
internal_value=0 -0.0117035 -0.00520053 -0.0277126 -0.0173712 -0.0500417
internal_weight=0 8.78676 6.24858 2.53818 3.52396 0.763031
internal_count=56 48 28 20 20 12
is_linear=0
shrinkage=0.1


Tree=10
num_leaves=9
num_cat=0
split_feature=0 0 0 0 0 0 0 0
split_gain=0.216317 0.0659683 0.187041 0.123704 0.24373 0.0675402 0.00257833 0.00132534
threshold=0.016831777094257917 0.0088201304023662278 0.0081110765263017488 0.0063833176173950252 0.0058729494061789218 0.014451459212147534 0.011060829098723822 0.0024983216144647924
decision_type=2 2 2 2 2 2 2 2
left_child=1 2 3 4 7 6 -3 -1
right_child=-2 5 -4 -5 -6 -7 -8 -9
leaf_value=-0.012604465003024099 0.023490875892532667 -0.054218112757213943 0.030162091038181734 -0.03134287866704024 0.037571376595613964 -0.0097542980031875889 -0.041428811254274486 -0.01646910552648009
leaf_weight=1.7331737428903546 3.0097573995590219 0.41979273967444952 1.3914386108517645 1.9491468444466589 1.1983814835548399 1.1885132044553757 0.25241373758763075 1.8183817472308872
leaf_count=8 4 8 4 8 4 4 4 12
internal_value=0 -0.00710483 -0.00320019 -0.0101297 -0.00142486 -0.0240824 -0.0494157 -0.0145831
internal_weight=0 9.95124 8.09052 6.69908 4.74994 1.86072 0.672206 3.55156
internal_count=56 52 36 32 24 16 12 20
is_linear=0
shrinkage=0.1


Tree=11
num_leaves=8
num_cat=0
split_feature=0 0 0 0 0 0 0
split_gain=0.34675 0.0977054 0.121203 0.0450026 0.135491 0.0106654 0.00309664
threshold=0.014451459212147534 0.0046408291201055132 0.0024983216144647924 0.0081110765263017488 0.0088201304023662278 0.011060829098723822 0.0063833176173950252
decision_type=2 2 2 2 2 2 2
left_child=1 2 -1 6 -5 -6 -3
right_child=-2 3 -4 4 5 -7 -8
leaf_value=-0.014022243110460079 0.023798379615607185 -0.022638097124641154 0.027617434845859514 0.01300003209340745 -0.031810548356357209 -0.056839399758273526 -0.02842804927653253
leaf_weight=1.6586619019508344 4.1260695680975923 1.7899839580059054 1.208240419626236 1.247474107891321 0.43509408645331848 0.27970082312822342 1.9087093770503996
leaf_count=8 8 12 4 4 8 4 8
internal_value=0 -0.0115145 0.00352657 -0.0191318 -0.0068907 -0.0416044 -0.025626
internal_weight=0 8.52786 2.8669 5.66096 1.96227 0.714795 3.69869
internal_count=56 48 12 36 16 12 20
is_linear=0
shrinkage=0.1


Tree=12
num_leaves=9
num_cat=0
split_feature=0 0 0 0 0 0 0 0
split_gain=0.2126 0.0483186 0.284055 0.0539045 0.115649 0.0578435 0.034719 0.00698293
threshold=0.016831777094257917 0.0058729494061789218 0.0063833176173950252 0.0081110765263017488 0.0088201304023662278 0.014451459212147534 0.0099119325506710817 0.0024983216144647924
decision_type=2 2 2 2 2 2 2 2
left_child=1 7 -3 -4 -5 6 -6 -1
right_child=-2 2 3 4 5 -7 -8 -9
leaf_value=-0.012273476824887995 0.023135815858318538 0.042937452037954779 -0.025807318867877606 0.018178528296285641 -0.077094406252152234 -0.0073168420789497595 -0.027980376349752173 -0.021428691748924381
leaf_weight=1.5884098112583145 3.0063824057579049 1.1370253041386602 1.8854733407497404 1.3027337417006493 0.22438999637961377 1.0700009018182755 0.40141031611710787 1.7520299730822442
leaf_count=8 4 4 8 4 4 4 8 12
internal_value=0 -0.00742993 -0.00207873 -0.0125588 -0.00422809 -0.0214411 -0.0455909 -0.0170753
internal_weight=0 9.36147 6.02103 4.88401 2.99853 1.6958 0.6258 3.34044
internal_count=56 52 32 28 20 16 12 20
is_linear=0
shrinkage=0.1


Tree=13
num_leaves=9
num_cat=0
split_feature=0 0 0 0 0 0 0 0
split_gain=0.261628 0.035667 0.0662627 0.0466295 0.0387197 0.082592 0.00733577 0.00340521
threshold=0.016831777094257917 0.0046408291201055132 0.0024983216144647924 0.0081110765263017488 0.0088201304023662278 0.014451459212147534 0.0063833176173950252 0.011060829098723822
decision_type=2 2 2 2 2 2 2 2
left_child=1 2 -1 6 -5 7 -3 -6
right_child=-2 3 -4 4 5 -7 -8 -9
leaf_value=-0.012413867804934002 0.025406002594646176 -0.015394488597182837 0.019104113223590874 0.010237263368689379 -0.049526609457510973 0.0041017852614035344 -0.024491818103345046 -0.033733706312883048
leaf_weight=1.557358078658579 3.0380805283784875 1.6797795407474043 1.166798934340477 1.2412269338965418 0.35589956911280729 0.9921121820807457 1.8766184300184248 0.22149629890918732
leaf_count=8 4 12 4 4 8 4 8 4
internal_value=0 -0.00849005 0.00108578 -0.012587 -0.00296086 -0.0133984 -0.0201949 -0.0434683
internal_weight=0 9.09129 2.72416 6.36713 2.81073 1.56951 3.5564 0.577396
internal_count=56 52 12 40 20 16 20 12
is_linear=0
shrinkage=0.1


Tree=14
num_leaves=9
num_cat=0
split_feature=0 0 0 0 0 0 0 0
split_gain=0.186657 0.0543444 0.21835 0.0435708 0.0391473 0.060406 0.00758545 0.00108477
threshold=0.016831777094257917 0.0058729494061789218 0.0063833176173950252 0.0081110765263017488 0.0088201304023662278 0.014451459212147534 0.0024983216144647924 0.011060829098723822
decision_type=2 2 2 2 2 2 2 2
left_child=1 6 -3 -4 -5 7 -1 -6
right_child=-2 2 3 4 5 -7 -8 -9
leaf_value=-0.012421450553712632 0.021743729769614611 0.039443708035511199 -0.022510893472383917 0.010389900831008561 -0.035090797240295055 0.0018019633334193414 -0.022137023429050939 -0.043844288326355084
leaf_weight=1.5165144801139816 2.9684363305568704 1.0684252083301542 1.8647222369909284 1.2513977289199831 0.35755596309900262 0.99300853163003922 1.7094598766416309 0.2343667596578598
leaf_count=8 4 4 8 4 8 4 12 4
internal_value=0 -0.00717528 -0.00136325 -0.0106376 -0.00283158 -0.0132707 -0.0175698 -0.0385567
internal_weight=0 8.99545 5.76948 4.70105 2.83633 1.58493 3.22597 0.591923
internal_count=56 52 32 28 20 16 20 12
is_linear=0
shrinkage=0.1


Tree=15
num_leaves=9
num_cat=0
split_feature=0 0 0 0 0 0 0 0
split_gain=0.207957 0.0320997 0.114805 0.0389504 0.0269766 0.0577718 0.00339061 0.0003561
threshold=0.016831777094257917 0.0058729494061789218 0.0063833176173950252 0.0081110765263017488 0.0088201304023662278 0.014451459212147534 0.0024983216144647924 0.011060829098723822
decision_type=2 2 2 2 2 2 2 2
left_child=1 6 -3 -4 -5 7 -1 -6
right_child=-2 2 3 4 5 -7 -8 -9
leaf_value=-0.012270156975428307 0.022838615086381204 0.026980261235847864 -0.021121075576914269 0.0086519687124033753 -0.039082264818597778 0.0035743101661788561 -0.018804039158125719 -0.033871082563500104
leaf_weight=1.4967531263828262 2.9794372767210016 1.0308870896697042 1.8577054068446157 1.2270908206701281 0.33809419535100438 0.95455289632081985 1.692046479322016 0.21421001199632883
leaf_count=8 4 4 8 4 8 4 12 4
internal_value=0 -0.00772257 -0.00317713 -0.00994786 -0.00235571 -0.0113197 -0.0157372 -0.0370611
internal_weight=0 8.81134 5.62254 4.59165 2.73395 1.50686 3.1888 0.552304
internal_count=56 52 32 28 20 16 20 12
is_linear=0
shrinkage=0.1


Tree=16
num_leaves=9
num_cat=0
split_feature=0 0 0 0 0 0 0 0
split_gain=0.209666 0.029971 0.0668839 0.0478028 0.0213674 0.0470729 0.000370542 4.62347e-06
threshold=0.016831777094257917 0.0046408291201055132 0.0024983216144647924 0.0081110765263017488 0.0088201304023662278 0.014451459212147534 0.011060829098723822 0.0063833176173950252
decision_type=2 2 2 2 2 2 2 2
left_child=1 2 -1 7 -5 6 -6 -3
right_child=-2 3 -4 4 5 -7 -8 -9
leaf_value=-0.012892938169020757 0.022931926631255831 -0.019713686568141636 0.019363904403456679 0.0081078841542057394 -0.030977821526281285 0.0039231422244497193 -0.036308361156404741 -0.01947912323529849
leaf_weight=1.4807910695672017 2.9713805839419374 1.5377259356901052 1.1358830183744431 1.2122723162174227 0.33309066295623757 0.92633546143770218 0.21430662646889687 1.852865397930145
leaf_count=8 4 12 4 4 8 4 4 8
internal_value=0 -0.00783819 0.00110957 -0.0116912 -0.00172615 -0.00981548 -0.0330647 -0.0195855
internal_weight=0 8.69327 2.61667 6.0766 2.68601 1.47373 0.547397 3.39059
internal_count=56 52 12 40 20 16 12 20
is_linear=0
shrinkage=0.1


Tree=17
num_leaves=9
num_cat=0
split_feature=0 0 0 0 0 0 0 0
split_gain=0.152799 0.0478881 0.14209 0.0274693 0.0258326 0.0390611 0.00393181 0.000115567
threshold=0.016831777094257917 0.0058729494061789218 0.0063833176173950252 0.0081110765263017488 0.0088201304023662278 0.014451459212147534 0.0024983216144647924 0.011060829098723822
decision_type=2 2 2 2 2 2 2 2
left_child=1 6 -3 -4 -5 7 -1 -6
right_child=-2 2 3 4 5 -7 -8 -9
leaf_value=-0.012838116393875929 0.019784799002690805 0.033674173176455165 -0.01788592433161405 0.0086595267039019253 -0.034020709799132604 0.0012626763430725839 -0.019963148082737105 -0.030977547126578599
leaf_weight=1.4595089331269249 2.9159927815198907 0.96852491796016682 1.8525777906179426 1.2237659841775896 0.32185053033754207 0.93008953332901001 1.6501661883667109 0.20381719339638948
leaf_count=8 4 4 8 4 8 4 12 4
internal_value=0 -0.00670039 -0.00109306 -0.00852293 -0.00204951 -0.0110519 -0.0166191 -0.0328408
internal_weight=0 8.6103 5.50063 4.5321 2.67952 1.45576 3.10968 0.525668
internal_count=56 52 32 28 20 16 20 12
is_linear=0
shrinkage=0.1


Tree=18
num_leaves=9
num_cat=0
split_feature=0 0 0 0 0 0 0 0
split_gain=0.163618 0.0332503 0.0776343 0.0237503 0.0187017 0.0331234 0.00137643 0.000199133
threshold=0.016831777094257917 0.0058729494061789218 0.0063833176173950252 0.0081110765263017488 0.0088201304023662278 0.014451459212147534 0.0024983216144647924 0.011060829098723822
decision_type=2 2 2 2 2 2 2 2
left_child=1 6 -3 -4 -5 7 -1 -6
right_child=-2 2 3 4 5 -7 -8 -9
leaf_value=-0.013060010810381488 0.020429933068573977 0.023951674375295908 -0.016427421813649198 0.0075091488742069033 -0.028012113676406703 0.0021594050087707147 -0.017291816420832783 -0.032033415974511974
leaf_weight=1.4513577222824081 2.9179861620068559 0.93284534290432919 1.8530384451150892 1.2068697661161425 0.31616163067519643 0.90088589489459991 1.6338555719703434 0.2017062958329916
leaf_count=8 4 4 8 4 8 4 12 4
internal_value=0 -0.00701615 -0.00229274 -0.0077591 -0.00164142 -0.0094254 -0.0153011 -0.0295784
internal_weight=0 8.49672 5.41151 4.47866 2.62562 1.41875 3.08521 0.517868
internal_count=56 52 32 28 20 16 20 12
is_linear=0
shrinkage=0.1


Tree=19
num_leaves=9
num_cat=0
split_feature=0 0 0 0 0 0 0 0
split_gain=0.164884 0.0265067 0.0629332 0.0265676 0.183496 0.0430214 0.000349522 3.1663e-05
threshold=0.016831777094257917 0.0058729494061789218 0.0072513893889438134 0.014451459212147534 0.0081110765263017488 0.0088201304023662278 0.0024983216144647924 0.011060829098723822
decision_type=2 2 2 2 2 2 2 2
left_child=1 6 -3 4 -4 -6 -1 -7
right_child=-2 2 3 -5 5 7 -8 -9
leaf_value=-0.013379368147481883 0.020505127127353341 0.0095905325808102251 -0.075001441794567275 0.0023026653959850978 0.0070426317219719828 -0.028579497273467282 -0.015517014148298841 -0.026940866378227485
leaf_weight=1.4463561028242096 2.9121332094073304 2.3079279139637947 0.45125842839479524 0.87925201654434193 1.1958632096648214 0.30561907589435566 1.623444218188524 0.19200342334806919
leaf_count=8 4 8 4 4 4 8 12 4
internal_value=0 -0.00710731 -0.00284537 -0.0123365 -0.0183379 -0.00323897 -0.0145098 -0.0279472
internal_weight=0 8.40172 5.33192 3.024 2.14474 1.69349 3.0698 0.497622
internal_count=56 52 32 24 20 16 20 12
is_linear=0
shrinkage=0.1


Tree=20
num_leaves=9
num_cat=0
split_feature=0 0 0 0 0 0 0 0
split_gain=0.150609 0.0300187 0.0541777 0.0531299 0.0115484 0.0262046 0.000653582 1.80515e-06
threshold=0.016831777094257917 0.0046408291201055132 0.0024983216144647924 0.0081110765263017488 0.0088201304023662278 0.014451459212147534 0.0063833176173950252 0.011060829098723822
decision_type=2 2 2 2 2 2 2 2
left_child=1 2 -1 6 -5 7 -3 -6
right_child=-2 3 -4 4 5 -7 -8 -9
leaf_value=-0.010677493782751216 0.019649968666926247 -0.021157337678242995 0.018809692216359159 0.0070476531780718126 -0.024864147029572372 0.0039807128942735059 -0.018260715983968469 -0.024474012307834546
leaf_weight=1.425958536565302 2.8909245207905778 1.3692102553322913 1.1066709458827972 1.1903223879635336 0.30435175634920575 0.87995251268148422 1.8069779500365255 0.19432380702346563
leaf_count=8 4 12 4 4 8 4 8 4
internal_value=0 -0.00686255 0.00220738 -0.0108608 -0.000167972 -0.00639802 -0.0195094 -0.0247121
internal_weight=0 8.27777 2.53263 5.74514 2.56895 1.37863 3.17619 0.498676
internal_count=56 52 12 40 20 16 20 12
is_linear=0
shrinkage=0.1


Tree=21
num_leaves=9
num_cat=0
split_feature=0 0 0 0 0 0 0 0
split_gain=0.114902 0.0308392 0.0882678 0.029122 0.0142349 0.0209819 0.00275284 4.96343e-06
threshold=0.016831777094257917 0.0058729494061789218 0.0063833176173950252 0.0081110765263017488 0.0088201304023662278 0.014451459212147534 0.0024983216144647924 0.011060829098723822
decision_type=2 2 2 2 2 2 2 2
left_child=1 6 -3 -4 -5 7 -1 -6
right_child=-2 2 3 4 5 -7 -8 -9
leaf_value=-0.010902534431508017 0.017298104969202852 0.027918946812759804 -0.016868458690500084 0.0076589321832561206 -0.023486648901601584 0.0020065666958761492 -0.016989667190015295 -0.02413634097427644
leaf_weight=1.40602884441614 2.8511194363236436 0.85959037765860546 1.805005259811878 1.1996028833091261 0.30125112552195765 0.88058776780962944 1.575359617359936 0.19287503510713577
leaf_count=8 4 4 8 4 8 4 12 4
internal_value=0 -0.00599965 -0.00137907 -0.0071298 -0.000301455 -0.00724785 -0.014119 -0.0237402
internal_weight=0 8.2203 5.23891 4.37932 2.57432 1.37471 2.98139 0.494126
internal_count=56 52 32 28 20 16 20 12
is_linear=0
shrinkage=0.1


Tree=22
num_leaves=9
num_cat=0
split_feature=0 0 0 0 0 0 0 0
split_gain=0.119663 0.0233597 0.0537556 0.0247185 0.0113791 0.0175589 0.00107845 2.26463e-06
threshold=0.016831777094257917 0.0058729494061789218 0.0063833176173950252 0.0081110765263017488 0.0088201304023662278 0.014451459212147534 0.0024983216144647924 0.011060829098723822
decision_type=2 2 2 2 2 2 2 2
left_child=1 6 -3 -4 -5 7 -1 -6
right_child=-2 2 3 4 5 -7 -8 -9
leaf_value=-0.011240423931425554 0.017627796557858465 0.021164669990785215 -0.01553390555514809 0.0069101891005968683 -0.021585393430967843 0.0020480243689471717 -0.015062011941387258 -0.022029002685743402
leaf_weight=1.3980028182268127 2.8512740731239328 0.83176952600479115 1.804069824516773 1.1887493841350081 0.29550536582246401 0.86101002618670464 1.5651740552857516 0.18847767356783152
leaf_count=8 4 4 8 4 8 4 12 4
internal_value=0 -0.00618015 -0.00212258 -0.00658788 -0.000218145 -0.0065184 -0.013259 -0.0217581
internal_weight=0 8.13276 5.16958 4.33781 2.53374 1.34499 2.96318 0.483983
internal_count=56 52 32 28 20 16 20 12
is_linear=0
shrinkage=0.1


Tree=23
num_leaves=6
num_cat=0
split_feature=0 0 0 0 0
split_gain=0.119949 0.0195261 0.0345293 0.0212526 0.000293783
threshold=0.016831777094257917 0.0058729494061789218 0.0072513893889438134 0.0099119325506710817 0.0024983216144647924
decision_type=2 2 2 2 2
left_child=1 4 -3 -4 -1
right_child=-2 2 3 -5 -6
leaf_value=-0.011652982231263775 0.017647989530828814 0.0069671927155029864 -0.016626693431910741 0.00079313013090500945 -0.01365192380605227
leaf_weight=1.3926427438855156 2.8464922904968271 2.1992862857878208 1.7438539820723238 1.170436719432473 1.5575125562027095
leaf_count=8 4 8 12 12 12
internal_value=0 -0.00622973 -0.00249206 -0.00963055 -0.0127083
internal_weight=0 8.06373 5.11358 2.91429 2.95016
internal_count=56 52 32 24 20
is_linear=0
shrinkage=0.1


Tree=24
num_leaves=9
num_cat=0
split_feature=0 0 0 0 0 0 0 0
split_gain=0.107627 0.0295592 0.0533253 0.0432371 0.0133582 0.0127208 0.00056541 2.89252e-05
threshold=0.016831777094257917 0.0046408291201055132 0.0081110765263017488 0.0024983216144647924 0.0088201304023662278 0.014451459212147534 0.0063833176173950252 0.011060829098723822
decision_type=2 2 2 2 2 2 2 2
left_child=1 3 6 -1 -4 7 -3 -6
right_child=-2 2 4 -5 5 -7 -8 -9
leaf_value=-0.0084997981348467633 0.016785025679893477 -0.020497547714211903 0.0085598359016372388 0.018143305820840779 -0.01860246371028549 0.0012122725114948867 -0.017725759411621241 -0.020203599726880263
leaf_weight=1.3891143277287465 2.8254529237747201 1.2478348822332921 1.1822150778025391 1.0847271978855133 0.28535204613581278 0.8561137393116951 1.7939944043755529 0.18661803659051657
leaf_count=8 4 12 4 4 8 4 8 4
internal_value=0 -0.00590898 -0.0099599 0.00318264 0.00082811 -0.00605441 -0.0188628 -0.0192356
internal_weight=0 8.02597 5.55213 2.47384 2.5103 1.32808 3.04183 0.47197
internal_count=56 52 40 12 20 16 20 12
is_linear=0
shrinkage=0.1


Tree=25
num_leaves=9
num_cat=0
split_feature=0 0 0 0 0 0 0 0
split_gain=0.0861823 0.0213307 0.0675158 0.0294985 0.0135832 0.0112337 0.00218923 1.28217e-05
threshold=0.016831777094257917 0.0058729494061789218 0.0063833176173950252 0.0081110765263017488 0.0088201304023662278 0.014451459212147534 0.0024983216144647924 0.011060829098723822
decision_type=2 2 2 2 2 2 2 2
left_child=1 6 -3 -4 -5 7 -1 -6
right_child=-2 2 3 4 5 -7 -8 -9
leaf_value=-0.0092503470991977844 0.01509831671822817 0.025634317489416216 -0.016103895110782616 0.0084575790753559678 -0.019208589774104633 0.00053182450466123866 -0.014756663943476415 -0.018134567087123476
leaf_weight=1.3726079016923907 2.7985919564962387 0.78198400139808644 1.7927442491054533 1.1869650129228833 0.28194419294595696 0.8524063341319561 1.5234678634442387 0.18349075503647327
leaf_count=8 4 4 8 4 8 4 12 4
internal_value=0 -0.00529791 -0.00139297 -0.00631086 0.00069822 -0.00629055 -0.0121469 -0.0187852
internal_weight=0 7.97561 5.07953 4.29755 2.50481 1.31784 2.89608 0.465435
internal_count=56 52 32 28 20 16 20 12
is_linear=0
shrinkage=0.1


Tree=26
num_leaves=9
num_cat=0
split_feature=0 0 0 0 0 0 0 0
split_gain=0.0894889 0.0178713 0.0415584 0.0240398 0.010499 0.00941684 0.000726101 4.16547e-05
threshold=0.016831777094257917 0.0058729494061789218 0.0063833176173950252 0.0081110765263017488 0.0088201304023662278 0.014451459212147534 0.0024983216144647924 0.011060829098723822
decision_type=2 2 2 2 2 2 2 2
left_child=1 6 -3 -4 -5 7 -1 -6
right_child=-2 2 3 4 5 -7 -8 -9
leaf_value=-0.010045076413218182 0.015366309149329011 0.019717708721619803 -0.014490823341737655 0.0075512256206176553 -0.016201972224585068 0.00083964306935377332 -0.013223632306360684 -0.018147160973189812
leaf_weight=1.3668870255351069 2.7991178929805756 0.75921940803527821 1.7931313589215276 1.1775141805410387 0.27894543670117833 0.83471149951219559 1.5155082191340623 0.18186083855107427
leaf_count=8 4 4 8 4 8 4 12 4
internal_value=0 -0.00543921 -0.00183888 -0.00567516 0.000716857 -0.005495 -0.0117163 -0.0169697
internal_weight=0 7.90778 5.02538 4.26616 2.47303 1.29552 2.8824 0.460806
internal_count=56 52 32 28 20 16 20 12
is_linear=0
shrinkage=0.1


Tree=27
num_leaves=9
num_cat=0
split_feature=0 0 0 0 0 0 0 0
split_gain=0.0903094 0.0163141 0.044895 0.0383556 0.00875829 0.00810709 0.0043563 6.61673e-06
threshold=0.016831777094257917 0.0046408291201055132 0.0024983216144647924 0.0081110765263017488 0.0088201304023662278 0.014451459212147534 0.0063833176173950252 0.011060829098723822
decision_type=2 2 2 2 2 2 2 2
left_child=1 2 -1 6 -5 7 -3 -6
right_child=-2 3 -4 4 5 -7 -8 -9
leaf_value=-0.010708333076643137 0.015430845524365766 -0.020878192827855822 0.01667506442828489 0.0069826193043872557 -0.016078696018898178 0.000918378922593654 -0.013062070733038498 -0.015294621926825938
leaf_weight=1.364202082157135 2.7965918108820915 1.1829458060674372 1.0670034661889076 1.1704910211265089 0.27399601554498054 0.81998709589242935 1.7952401861548422 0.1772583369165659
leaf_count=8 4 12 4 4 8 4 8 4
internal_value=0 -0.00549651 0.00130965 -0.00854953 0.000741094 -0.00500577 -0.0161667 -0.0157707
internal_weight=0 7.85112 2.43121 5.41992 2.44173 1.27124 2.97819 0.451254
internal_count=56 52 12 40 20 16 20 12
is_linear=0
shrinkage=0.1


Tree=28
num_leaves=6
num_cat=0
split_feature=0 0 0 0 0
split_gain=0.0734727 0.025694 0.0405548 0.0162932 0.00069766
threshold=0.016831777094257917 0.0058729494061789218 0.0072513893889438134 0.0099119325506710817 0.0024983216144647924
decision_type=2 2 2 2 2
left_child=1 4 -3 -4 -1
right_child=-2 2 3 -5 -6
leaf_value=-0.010904760584361441 0.013988595036169286 0.0097936876172830499 -0.014573743228646999 0.00089192991668614503 -0.014041766000910786
leaf_weight=1.3558523654937746 2.7722388505935669 2.133942112326622 1.7178869880735876 1.1287832339294253 1.4858818538486955
leaf_count=8 4 8 12 12 12
internal_value=0 -0.00495756 -0.000628454 -0.00844118 -0.012545
internal_weight=0 7.82235 4.98061 2.84667 2.84173
internal_count=56 52 32 24 20
is_linear=0
shrinkage=0.1


Tree=29
num_leaves=9
num_cat=0
split_feature=0 0 0 0 0 0 0 0
split_gain=0.0695575 0.0187626 0.0428667 0.0241828 0.010689 0.00635251 0.000120916 2.79545e-06
threshold=0.016831777094257917 0.0046408291201055132 0.0081110765263017488 0.0024983216144647924 0.0088201304023662278 0.014451459212147534 0.0063833176173950252 0.011060829098723822
decision_type=2 2 2 2 2 2 2 2
left_child=1 3 6 -1 -4 7 -3 -6
right_child=-2 2 4 -5 5 -7 -8 -9
leaf_value=-0.006369450993902361 0.013636725476329778 -0.015493003219206949 0.008509821550821672 0.013850557872139211 -0.014077694591284573 0.00048929976729959605 -0.016810510812440147 -0.014587014520909998
leaf_weight=1.3469034433364868 2.7607606127858162 1.1437575211748483 1.1756460741162302 1.054612971842289 0.26951891882345058 0.82807920873165131 1.7817280963063238 0.179555659648031
leaf_count=8 4 12 4 4 8 4 8 4
internal_value=0 -0.00483916 -0.00812074 0.00251006 0.00162929 -0.00470437 -0.0162954 -0.0142813
internal_weight=0 7.7798 5.37829 2.40152 2.4528 1.27715 2.92549 0.449075
internal_count=56 52 40 12 20 16 20 12
is_linear=0
shrinkage=0.1


Tree=30
num_leaves=6
num_cat=0
split_feature=0 0 0 0 0
split_gain=0.0593971 0.0200668 0.0318957 0.0141133 0.00284578
threshold=0.016831777094257917 0.0058729494061789218 0.0072513893889438134 0.0099119325506710817 0.0024983216144647924
decision_type=2 2 2 2 2
left_child=1 4 -3 -4 -1
right_child=-2 2 3 -5 -6
leaf_value=-0.0079057542670697353 0.012639890962959125 0.0086788793686329562 -0.013284429704774517 0.0011109279742780008 -0.014288135535238234
leaf_weight=1.3361787647008898 2.7452116757631302 2.1056406907737255 1.7123107723891737 1.1308456682600079 1.4641143810003994
leaf_count=8 4 8 12 12 12
internal_value=0 -0.00447784 -0.000649892 -0.00755878 -0.0112427
internal_weight=0 7.74909 4.9488 2.84316 2.80029
internal_count=56 52 32 24 20
is_linear=0
shrinkage=0.1


Tree=31
num_leaves=9
num_cat=0
split_feature=0 0 0 0 0 0 0 0
split_gain=0.0578494 0.355998 0.183769 0.0134038 0.0130478 0.00428868 0.0019816 2.47889e-06
threshold=0.0081110765263017488 0.0021200422967965833 0.0046408291201055132 0.016831777094257917 0.0088201304023662278 0.014451459212147534 0.0063833176173950252 0.011060829098723822
decision_type=2 2 2 2 2 2 2 2
left_child=1 -1 -3 4 -2 7 -4 -6
right_child=3 2 6 -5 5 -7 -8 -9
leaf_value=-0.091701844846375169 0.0097051940496501593 0.024522871484135997 -0.012018716572656076 0.012313778675865958 -0.012646133922851022 -0.00064987517925636166 -0.017398355727027231 -0.013128121818869505
leaf_weight=0.45720650255680073 1.1791535969823601 1.9300359413027761 1.1140450676903131 2.7352800033986568 0.26397337927483 0.82746047899127007 1.7767319083213804 0.17910335678607225
leaf_count=4 4 8 12 4 8 4 8 4
internal_value=0 -0.00736986 0.000628196 0.00750212 0.00212951 -0.0049013 -0.0153252 -0.012841
internal_weight=0 5.27802 4.82081 5.18497 2.44969 1.27054 2.89078 0.443077
internal_count=56 32 28 24 20 16 20 12
is_linear=0
shrinkage=0.1


Tree=32
num_leaves=9
num_cat=0
split_feature=0 0 0 0 0 0 0 0
split_gain=0.0472242 0.013683 0.0306171 0.0134806 0.00838471 0.00669442 0.00362245 0.000197084
threshold=0.016831777094257917 0.0046408291201055132 0.0081110765263017488 0.0088201304023662278 0.0024983216144647924 0.0063833176173950252 0.014451459212147534 0.011060829098723822
decision_type=2 2 2 2 2 2 2 2
left_child=1 4 5 -4 -1 -3 7 -5
right_child=-2 2 3 6 -6 -7 -8 -9
leaf_value=-0.0030746934125363647 0.011288744442278714 -0.0078120699337316654 0.0090727515402973438 -0.014722438934448748 0.0090867076630124759 -0.017718119427730147 -0.0018136665991928974 -0.010463495845650345
leaf_weight=1.2563405185937881 2.7273301035165787 1.1194399935193362 1.1798673458397391 0.2665556331630794 1.0331023558974266 1.74660237878561 0.81721397116780281 0.18342220922932029
leaf_count=8 4 12 4 8 4 8 4 4
internal_value=0 -0.00404971 -0.00683457 0.0013808 0.00241309 -0.0138489 -0.00578108 -0.0129864
internal_weight=0 7.60254 5.3131 2.44706 2.28944 2.86604 1.26719 0.449978
internal_count=56 52 40 20 12 20 16 12
is_linear=0
shrinkage=0.1


Tree=33
num_leaves=10
num_cat=0
split_feature=0 0 0 0 0 0 0 0 0
split_gain=0.0431119 0.247401 0.117534 0.0312174 0.0103869 0.0109726 0.00699951 0.00349486 0.000176252
threshold=0.0081110765263017488 0.0021200422967965833 0.0024983216144647924 0.0046408291201055132 0.016831777094257917 0.0088201304023662278 0.0063833176173950252 0.014451459212147534 0.011060829098723822
decision_type=2 2 2 2 2 2 2 2 2
left_child=1 -1 -3 -4 5 -2 -5 8 -7
right_child=4 2 3 6 -6 7 -8 -9 -10
leaf_value=-0.081304198381010981 0.008666055729894425 0.034002308798475551 0.0075693299726775813 -0.0065635130876772717 0.010706280143925839 -0.010092098872722667 -0.016699920586116777 -0.00079347778778415866 -0.014084249484159428
leaf_weight=0.40696833282709111 1.1789213176816704 0.83469276130199421 1.0305246189236643 1.1196468244306745 2.7176494598388672 0.26912965648807563 1.7398098558187483 0.80961392447352409 0.18773509794846177
leaf_count=4 4 4 4 12 4 8 8 4 4
internal_value=0 -0.00649107 -4.69114e-05 -0.00735302 0.0064516 0.00172323 -0.0127309 -0.0047396 -0.0117326
internal_weight=0 5.13164 4.72467 3.88998 5.16305 2.4454 2.85946 1.26648 0.456865
internal_count=56 32 28 24 24 20 20 16 12
is_linear=0
shrinkage=0.1


Tree=34
num_leaves=6
num_cat=0
split_feature=0 0 0 0 0
split_gain=0.0364295 0.00916402 0.0323617 0.00820561 8.95361e-05
threshold=0.016831777094257917 0.0058729494061789218 0.0072513893889438134 0.0099119325506710817 0.0024983216144647924
decision_type=2 2 2 2 2
left_child=1 4 -3 -4 -1
right_child=-2 2 3 -5 -6
leaf_value=-0.0076219922187743833 0.0099361276620203304 0.0086594950401871259 -0.012246402093444995 -0.001206930856550189 -0.0087798814572866476
leaf_weight=1.2260326072573664 2.713575467467308 2.0275503434240818 1.7112797871232035 1.110069361515343 1.466804744210094
leaf_count=8 4 8 12 12 12
internal_value=0 -0.00357509 -0.000977384 -0.00790288 -0.0082527
internal_weight=0 7.54174 4.8489 2.82135 2.69284
internal_count=56 52 32 24 20
is_linear=0
shrinkage=0.1


Tree=35
num_leaves=6
num_cat=0
split_feature=0 0 0 0 0
split_gain=0.0350285 0.00801164 0.0270641 0.0067769 0.000109465
threshold=0.016831777094257917 0.0072513893889438134 0.0058729494061789218 0.0099119325506710817 0.0024983216144647924
decision_type=2 2 2 2 2
left_child=1 2 4 -3 -1
right_child=-2 3 -4 -5 -6
leaf_value=-0.0068608159667471998 0.0097531517204633746 -0.01169271271295521 0.0077753798289665471 -0.0016598434282908388 -0.0081422285931737493
leaf_weight=1.2280572950839999 2.7074388265609741 1.704207956325263 2.0149534903466702 1.1129247518256304 1.4582609375938771
leaf_count=8 4 12 8 12 12
internal_value=0 -0.00351219 -0.000985253 -0.00772917 -0.00755643
internal_weight=0 7.5184 4.70127 2.81713 2.68632
internal_count=56 52 28 24 20
is_linear=0
shrinkage=0.1


Tree=36
num_leaves=9
num_cat=0
split_feature=0 0 0 0 0 0 0 0
split_gain=0.0333991 0.00787838 0.0672858 0.0317424 0.0173303 0.00113837 0.000139364 5.10336e-05
threshold=0.016831777094257917 0.0063833176173950252 0.0058729494061789218 0.0081110765263017488 0.0088201304023662278 0.014451459212147534 0.0024983216144647924 0.011060829098723822
decision_type=2 2 2 2 2 2 2 2
left_child=1 2 6 -3 -5 7 -1 -6
right_child=-2 3 -4 4 5 -7 -8 -9
leaf_value=-0.006164588808856993 0.0095353794100240998 -0.016736755925241469 0.028328920411473165 0.0097219057530881624 -0.012157158668246718 -0.004943572947532374 -0.0076113293266427745 -0.0099864879645966843
leaf_weight=1.2305379062891013 2.700855128467083 1.720628574490547 0.67726549133658398 1.1776403989642861 0.25988918449729659 0.79854577034711838 1.4509413256309924 0.18570228479802608
leaf_count=8 4 8 4 4 8 4 12 4
internal_value=0 -0.0034333 0.00016579 -0.00635151 0.00102702 -0.00720314 -0.00694742 -0.0112525
internal_weight=0 7.50115 3.35874 4.14241 2.42178 1.24414 2.68148 0.445591
internal_count=56 52 24 28 20 16 20 12
is_linear=0
shrinkage=0.1


Tree=37
num_leaves=10
num_cat=0
split_feature=0 0 0 0 0 0 0 0 0
split_gain=0.0360922 0.00824328 0.02112 0.0136233 0.0113219 0.00919922 0.128623 0.00121677 5.21898e-05
threshold=0.016831777094257917 0.0046408291201055132 0.0081110765263017488 0.0024983216144647924 0.0088201304023662278 0.0063833176173950252 0.0058729494061789218 0.014451459212147534 0.011060829098723822
decision_type=2 2 2 2 2 2 2 2 2
left_child=1 3 5 -1 -4 6 -3 8 -6
right_child=-2 2 4 -5 7 -7 -8 -9 -10
leaf_value=-0.0056546149424232285 0.0098933417323380964 -0.047318734802863929 0.0081600879907246255 0.010012470909681659 -0.0088216249210956808 -0.016239302336526009 0.023263704259932586 -0.0032083999549841237 -0.011009581665328484
leaf_weight=1.2192075550556183 2.704254362732172 0.42525186017155669 1.1670498754829171 1.0188090056180954 0.26041900506243087 1.715813413262367 0.65715929865837097 0.78670250624418259 0.18752502603456378
leaf_count=8 4 8 4 4 8 8 4 4 4
internal_value=0 -0.00359698 -0.005781 0.00147749 0.00109809 -0.0116853 -0.00446634 -0.00557726 -0.00973758
internal_weight=0 7.43794 5.19992 2.23802 2.4017 2.79822 1.08241 1.23465 0.447944
internal_count=56 52 40 12 20 20 12 16 12
is_linear=0
shrinkage=0.1


Tree=38
num_leaves=9
num_cat=0
split_feature=0 0 0 0 0 0 0 0
split_gain=0.0379299 0.0144301 0.0271839 0.00718801 0.00626983 0.00376935 0.00119107 0.000253105
threshold=0.016831777094257917 0.0046408291201055132 0.0081110765263017488 0.0088201304023662278 0.0024983216144647924 0.0063833176173950252 0.014451459212147534 0.011060829098723822
decision_type=2 2 2 2 2 2 2 2
left_child=1 4 5 -4 -1 -3 7 -5
right_child=-2 2 3 6 -6 -7 -8 -9
leaf_value=-0.0018848060840432326 0.010117028373619387 -0.0086435271544973279 0.0068002729793306474 -0.010328892643503097 0.0088305349010345847 -0.016297442451977912 -0.0018231201023333336 -0.0054953840913957832
leaf_weight=1.1872428059577942 2.7064745426177979 1.0296888872981074 1.1618736479431393 0.2588353333994744 1.0111242905259132 1.7152353599667547 0.78004810214042664 0.18632318358868361
leaf_count=8 4 12 4 8 4 8 4 4
internal_value=0 -0.00373535 -0.00663923 0.00116525 0.00304364 -0.0134263 -0.0041785 -0.0083058
internal_weight=0 7.33037 5.132 2.38708 2.19837 2.74492 1.22521 0.445159
internal_count=56 52 40 20 12 20 16 12
is_linear=0
shrinkage=0.1


Tree=39
num_leaves=9
num_cat=0
split_feature=0 0 0 0 0 0 0 0
split_gain=0.0341446 0.0264265 0.00838727 0.00599305 0.00518765 0.00455183 0.000998299 0.00022899
threshold=0.0081110765263017488 0.0046408291201055132 0.016831777094257917 0.0088201304023662278 0.0024983216144647924 0.0063833176173950252 0.014451459212147534 0.011060829098723822
decision_type=2 2 2 2 2 2 2 2
left_child=1 4 3 -2 -1 -3 7 -5
right_child=2 5 -4 6 -6 -7 -8 -9
leaf_value=-0.0022516880934760411 0.0065864377896661663 -0.0072225152468648676 0.009566066577506185 -0.0052205799586975505 0.0075217268768791009 -0.015644451387213498 -0.0012419988281070745 -0.0097557188034687915
leaf_weight=1.175794743001461 1.1616844814270737 1.0271408688277008 2.6970856413245201 0.26350252563133814 1.0092838555574417 1.7103506810963152 0.77565596252679825 0.19279786897823215
leaf_count=8 4 12 4 8 4 8 4 4
internal_value=0 -0.00593836 0.0057422 0.00143358 0.00226263 -0.0124844 -0.00342535 -0.00713678
internal_weight=0 4.92257 5.09073 2.39364 2.18508 2.73749 1.23196 0.4563
internal_count=56 32 24 20 12 20 16 12
is_linear=0
shrinkage=0.1


Tree=40
num_leaves=9
num_cat=0
split_feature=0 0 0 0 0 0 0 0
split_gain=0.0323246 0.0224722 0.0517182 0.00714363 0.00542308 0.00482962 0.00100194 0.000358463
threshold=0.0081110765263017488 0.0063833176173950252 0.0058729494061789218 0.016831777094257917 0.0088201304023662278 0.0024983216144647924 0.014451459212147534 0.011060829098723822
decision_type=2 2 2 2 2 2 2 2
left_child=1 2 5 4 -2 -1 7 -6
right_child=3 -3 -4 -5 6 -7 -8 -9
leaf_value=-0.0025190871266962725 0.0064961471725483045 -0.015052031359650761 0.024321662804032848 0.0091305355052697951 -0.009237821629299833 -0.011249446548905157 -0.00087406374173382487 -0.0034909969523873987
leaf_weight=1.1670433208346374 1.1620675437152388 1.7065421789884565 0.65069847181439389 2.6906075365841389 0.2588833386544136 1.3863944662734864 0.7720130942761898 0.18689891649410129
leaf_count=8 4 8 4 4 8 12 4 4
internal_value=0 -0.00578269 -0.000845777 0.00560044 0.00160942 -0.00725925 -0.00305369 -0.0068284
internal_weight=0 4.91068 3.20414 5.07047 2.37986 2.55344 1.2178 0.445782
internal_count=56 32 24 24 20 20 16 12
is_linear=0
shrinkage=0.1


Tree=41
num_leaves=7
num_cat=0
split_feature=0 0 0 0 0 0
split_gain=0.0353271 0.0161868 0.0144262 0.00588395 0.00287121 0.00183465
threshold=0.0099119325506710817 0.0046408291201055132 0.0081110765263017488 0.0024983216144647924 0.016831777094257917 0.0063833176173950252
decision_type=2 2 2 2 2 2
left_child=1 3 5 -1 -2 -3
right_child=4 2 -4 -5 -6 -7
leaf_value=-0.0025693476583039561 0.0032850396431798531 -0.0092033336573593486 0.00028686844355459514 0.0078882240616796294 0.0093535731518574368 -0.014590167291112517
leaf_weight=1.1582256853580475 1.097539281472564 1.0055942833423621 1.2816924513317642 1.0047848299145699 2.6917557083070278 1.7029244452714918
leaf_count=8 12 12 8 4 4 8
internal_value=0 -0.00467771 -0.00845396 0.00228852 0.00759587 -0.0125902
internal_weight=0 6.15322 3.99021 2.16301 3.78929 2.70852
internal_count=56 40 28 12 16 20
is_linear=0
shrinkage=0.1


Tree=42
num_leaves=9
num_cat=0
split_feature=0 0 0 0 0 0 0 0
split_gain=0.0315369 0.0210153 0.00639367 0.00475779 0.00453314 0.00293015 0.000234944 0.000227465
threshold=0.0081110765263017488 0.0046408291201055132 0.016831777094257917 0.0024983216144647924 0.0088201304023662278 0.0063833176173950252 0.014451459212147534 0.011060829098723822
decision_type=2 2 2 2 2 2 2 2
left_child=1 3 4 -1 -2 -3 7 -6
right_child=2 5 -4 -5 6 -7 -8 -9
leaf_value=-0.0027755068504425979 0.0062368301856908477 -0.0073408041878034562 0.008867369661314288 0.0066441320801756982 -0.002354986869741726 -0.014151776149873244 -0.0014075971225897758 -0.0068332577452002042
leaf_weight=1.1508551649749279 1.1582444775849583 1.0047148903831842 2.6837425269186497 1.0040002763271332 0.26632375875487901 1.7010670043528078 0.76184777170419693 0.19755516573786736
leaf_count=8 4 12 4 4 8 8 4 4
internal_value=0 -0.00575481 0.00551965 0.00161334 0.00175097 -0.0116227 -0.00248792 -0.00426218
internal_weight=0 4.86064 5.06771 2.15486 2.38397 2.70578 1.22573 0.463879
internal_count=56 32 24 12 20 20 16 12
is_linear=0
shrinkage=0.1


Tree=43
num_leaves=6
num_cat=0
split_feature=0 0 0 0 0
split_gain=0.0302626 0.014464 0.0239213 0.00482683 0.00187956
threshold=0.0099119325506710817 0.0072513893889438134 0.0058729494061789218 0.0024983216144647924 0.016831777094257917
decision_type=2 2 2 2 2
left_child=1 2 3 -1 -2
right_child=4 -3 -4 -5 -6
leaf_value=-0.0030074794138040314 0.0035506100050121505 -0.01226606346095041 0.0069465806951057784 -0.01180017123535179 0.0084842234158596687
leaf_weight=1.1450118869543078 1.0850826879031958 1.6705771808046845 1.9525470547378061 1.3729679463431237 2.6779108792543411
leaf_count=8 12 12 8 12 4
internal_value=0 -0.00432703 -0.00136032 -0.00780183 0.00706159
internal_weight=0 6.1411 4.47053 2.51798 3.76299
internal_count=56 40 28 20 16
is_linear=0
shrinkage=0.1


Tree=44
num_leaves=9
num_cat=0
split_feature=0 0 0 0 0 0 0 0
split_gain=0.0302932 0.0197324 0.00481844 0.00508538 0.00479415 0.00367557 3.84498e-07 0.000342609
threshold=0.0081110765263017488 0.0046408291201055132 0.016831777094257917 0.0088201304023662278 0.0024983216144647924 0.0063833176173950252 0.014451459212147534 0.011060829098723822
decision_type=2 2 2 2 2 2 2 2
left_child=1 4 3 -2 -1 -3 7 -5
right_child=2 5 -4 6 -6 -7 -8 -9
leaf_value=-0.0029355798061082693 0.0068774335311030804 -0.0065190352786198141 0.0083303821120300145 -0.0046875769107116326 0.0065337459772919736 -0.014189447140888932 -0.0024283413479101318 0.00087014478503219268
leaf_weight=1.14434964209795 1.158728336915374 0.98808501707389984 2.6738619208335876 0.2594950860366223 1.0035051926970482 1.6987963579595087 0.76038901880383492 0.19372476544231176
leaf_count=8 4 12 4 8 4 8 4 4
internal_value=0 -0.00565678 0.00541973 0.00213914 0.00148861 -0.0113687 -0.00238489 -0.00231198
internal_weight=0 4.83474 5.0462 2.37234 2.14785 2.68688 1.21361 0.45322
internal_count=56 32 24 20 12 20 16 12
is_linear=0
shrinkage=0.1


Tree=45
num_leaves=9
num_cat=0
split_feature=0 0 0 0 0 0 0 0
split_gain=0.0299634 0.0176142 0.0538811 0.00422665 0.00376767 0.00396825 1.57632e-05 0.000376151
threshold=0.0081110765263017488 0.0063833176173950252 0.0058729494061789218 0.0024983216144647924 0.016831777094257917 0.0088201304023662278 0.014451459212147534 0.011060829098723822
decision_type=2 2 2 2 2 2 2 2
left_child=1 2 3 -1 5 -2 7 -7
right_child=4 -3 -4 -5 -6 6 -8 -9
leaf_value=-0.0032561729439686857 0.0066926741023099201 -0.013835796584426147 0.02503399675960042 -0.011511625425925633 0.0079659726501223639 0.0014517787800999106 -0.0017527361320448043 -0.004250793573874187
leaf_weight=1.1380862146615989 1.1582703310996296 1.6977543942630289 0.62677408754825581 1.362804763484746 2.6667264625430107 0.2673293699044732 0.75503299757838249 0.20389092667028308
leaf_count=8 4 8 4 12 4 8 4 4
internal_value=0 -0.00563537 -0.00118403 -0.0077548 0.00538343 0.00249524 -0.00146949 -0.00101565
internal_weight=0 4.82542 3.12767 2.50089 5.05125 2.38452 1.22625 0.47122
internal_count=56 32 24 20 24 20 16 12
is_linear=0
shrinkage=0.1


Tree=46
num_leaves=6
num_cat=0
split_feature=0 0 0 0 0
split_gain=0.0318831 0.0145113 0.0178804 0.00333227 0.000952991
threshold=0.0099119325506710817 0.0072513893889438134 0.0058729494061789218 0.0024983216144647924 0.016831777094257917
decision_type=2 2 2 2 2
left_child=1 2 3 -1 -2
right_child=4 -3 -4 -5 -6
leaf_value=-0.0030729419081962903 0.0047435881511749605 -0.012445523592833851 0.0057585228055292729 -0.010419459771063786 0.0082596657157437015
leaf_weight=1.1332433968782427 1.0836206711828711 1.6606867408845571 1.9248337335884569 1.3564201709814367 2.6707167439162731
leaf_count=8 12 12 8 12 4
internal_value=0 -0.00447714 -0.00147952 -0.00707548 0.00724481
internal_weight=0 6.07518 4.4145 2.48966 3.75434
internal_count=56 40 28 20 16
is_linear=0
shrinkage=0.1


Tree=47
num_leaves=7
num_cat=0
split_feature=0 0 0 0 0 0
split_gain=0.0326986 0.0247991 0.00643381 0.00344309 0.00390806 0.00175117
threshold=0.0081110765263017488 0.0046408291201055132 0.0024983216144647924 0.016831777094257917 0.014451459212147534 0.0063833176173950252
decision_type=2 2 2 2 2 2
left_child=1 2 -1 4 -2 -3
right_child=3 5 -4 -5 -6 -7
leaf_value=-0.0030473317619666811 0.0056217951965379688 -0.0089437665063292864 0.0079643217044208237 0.0080915995403483629 -0.0031134978263219334 -0.014299248210342334
leaf_weight=1.1321797519922259 1.6140160695649686 0.95309705007821355 0.998577520251274 2.666551124304533 0.75022074580192555 1.6989058889448641
leaf_count=8 16 12 4 4 4 8
internal_value=0 -0.00592011 0.00211327 0.00562825 0.00284991 -0.0123746
internal_weight=0 4.78276 2.13076 5.03079 2.36424 2.652
internal_count=56 32 12 24 20 20
is_linear=0
shrinkage=0.1


Tree=48
num_leaves=7
num_cat=0
split_feature=0 0 0 0 0 0
split_gain=0.0334027 0.0213234 0.00530869 0.00314248 0.0029191 0.000299102
threshold=0.0081110765263017488 0.0046408291201055132 0.0024983216144647924 0.0099119325506710817 0.0063833176173950252 0.016831777094257917
decision_type=2 2 2 2 2 2
left_child=1 2 -1 -2 -3 -5
right_child=3 4 -4 5 -6 -7
leaf_value=-0.0032170645812821374 0.001399652576663154 -0.0075278588881511777 0.0068007784074088839 0.0057535655750508867 -0.01443699738029223 0.0077172277412470257
leaf_weight=1.1271155998110773 1.2755290719214825 0.95411644177511368 0.99679856002330769 1.094956777058542 1.7029476277530191 2.6602402627468109
leaf_count=8 8 12 4 12 8 4
internal_value=0 -0.00598516 0.00148452 0.00568802 -0.011956 0.00714465
internal_weight=0 4.78098 2.12391 5.03073 2.65706 3.7552
internal_count=56 32 12 24 20 16
is_linear=0
shrinkage=0.1


Tree=49
num_leaves=7
num_cat=0
split_feature=0 0 0 0 0 0
split_gain=0.0350649 0.0200974 0.0488128 0.00342615 0.00266689 5.34967e-05
threshold=0.0081110765263017488 0.0063833176173950252 0.0058729494061789218 0.0024983216144647924 0.0099119325506710817 0.016831777094257917
decision_type=2 2 2 2 2 2
left_child=1 2 3 -1 -2 -6
right_child=4 -3 -4 -5 5 -7
leaf_value=-0.0034587131372920792 0.0018770554851174365 -0.014822696141417428 0.024162895867955978 -0.010944599002347765 0.0065797844132379976 0.0074083416442597486
leaf_weight=1.1214154511690146 1.2780344118364153 1.7099943682551382 0.60478605702519406 1.3443042133003471 1.1030125324614348 2.6548923589289188
leaf_count=8 8 8 4 12 12 4
internal_value=0 -0.00613427 -0.0012956 -0.00754 0.00582312 0.00716515
internal_weight=0 4.7805 3.07051 2.46572 5.03594 3.7579
internal_count=56 32 24 20 24 16
is_linear=0
shrinkage=0.1


Tree=50
num_leaves=7
num_cat=0
split_feature=0 0 0 0 0 0
split_gain=0.0434911 0.0276474 0.00633001 0.00356709 0.00286607 0.000103144
threshold=0.0081110765263017488 0.0046408291201055132 0.0024983216144647924 0.0099119325506710817 0.0063833176173950252 0.016831777094257917
decision_type=2 2 2 2 2 2
left_child=1 2 -1 -2 -3 -5
right_child=3 4 -4 5 -6 -7
leaf_value=-0.0034642359018248535 0.0018940178959597654 -0.0091690816132238319 0.0075192931796347401 0.0088213136604009135 -0.01605172727868772 0.0076752796303272523
leaf_weight=1.1153230108320715 1.2740757209248839 0.93192262295633588 0.99087589979171742 1.1147313225083055 1.7248323075473306 2.657609436661005
leaf_count=8 8 12 4 12 8 4
internal_value=0 -0.00685383 0.00170304 0.00646883 -0.0136375 0.00801393
internal_weight=0 4.76295 2.1062 5.04642 2.65675 3.77234
internal_count=56 32 12 24 20 16
is_linear=0
shrinkage=0.1


Tree=51
num_leaves=8
num_cat=0
split_feature=0 0 0 0 0 0 0
split_gain=0.0677733 0.0375181 0.0379218 0.0162814 0.0256928 0.00209484 0.00184763
threshold=0.0081110765263017488 0.0063833176173950252 0.0058729494061789218 0.014451459212147534 0.0088201304023662278 0.0024983216144647924 0.011060829098723822
decision_type=2 2 2 2 2 2 2
left_child=1 2 5 4 -2 -1 -6
right_child=3 -3 -4 -5 6 -7 -8
leaf_value=-0.004021706183414314 0.0075792797965963292 -0.02010058500858701 0.021188390300677262 0.0040251112118316517 0.0287773785976011 -0.0099111667976288197 0.040508539515321178
leaf_weight=1.1065655983984477 1.1568264849483965 1.7693003378808496 0.58136300370097149 3.3800967484712601 0.30732164112851013 1.3296509641222654 0.23840413708239794
leaf_count=8 4 8 4 8 8 12 4
internal_value=0 -0.00853886 -0.00175986 0.00804197 0.0160167 -0.00723609 0.0339022
internal_weight=0 4.78688 3.01758 5.08265 1.70255 2.43622 0.545726
internal_count=56 32 24 24 16 20 12
is_linear=0
shrinkage=0.1


Tree=52
num_leaves=7
num_cat=0
split_feature=0 0 0 0 0 0
split_gain=0.0654079 0.0620394 0.0160431 0.00516429 0.10396 0.00109953
threshold=0.0099119325506710817 0.0072513893889438134 0.0058729494061789218 0.016831777094257917 0.014451459212147534 0.0024983216144647924
decision_type=2 2 2 2 2 2
left_child=1 2 5 4 -2 -1
right_child=3 -3 -4 -5 -6 -7
leaf_value=-0.0030505690663986972 0.049813062805258906 -0.02226771383678133 0.0069326118670827207 0.0076536995079488808 -0.0091496963701007007 -0.007326726428600959
leaf_weight=1.1035830751061442 0.51375909894704841 1.7658385587856171 1.877481300383806 2.6531024985015392 0.71543988958001137 1.3211933206766842
leaf_count=8 8 12 8 4 4 12
internal_value=0 -0.00648505 -7.14259e-06 0.0101362 0.0154945 -0.00538053
internal_weight=0 6.0681 4.30226 3.8823 1.2292 2.42478
internal_count=56 40 28 16 12 20
is_linear=0
shrinkage=0.1


Tree=53
num_leaves=7
num_cat=0
split_feature=0 0 0 0 0 0
split_gain=0.0228667 0.0235326 0.00733843 0.00603975 0.000731431 0.114943
threshold=0.0081110765263017488 0.0046408291201055132 0.0024983216144647924 0.011060829098723822 0.0063833176173950252 0.0058729494061789218
decision_type=2 2 2 2 2 2
left_child=1 2 -1 -2 5 -3
right_child=3 4 -4 -5 -6 -7
leaf_value=-0.0026836564757462323 0.010016532315749668 -0.05464681603846136 0.0091683536063959358 0.0024392033839799507 -0.012549043197461543 0.018717122340599246
leaf_weight=1.1138535588979723 1.4796856860630212 0.34352789260447059 0.98387688398361195 3.638808062300086 1.7149574458599088 0.56447215192019939
leaf_count=8 12 8 4 12 8 4
internal_value=0 -0.00501985 0.00287517 0.0046297 -0.011334 -0.009039
internal_weight=0 4.72069 2.09773 5.11849 2.62296 0.908
internal_count=56 32 12 24 20 12
is_linear=0
shrinkage=0.1


Tree=54
num_leaves=6
num_cat=0
split_feature=0 0 0 0 0
split_gain=0.0222925 0.00903972 0.0122589 0.0119885 0.00129054
threshold=0.016831777094257917 0.0072513893889438134 0.0058729494061789218 0.0099119325506710817 0.0024983216144647924
decision_type=2 2 2 2 2
left_child=1 2 4 -3 -1
right_child=-2 3 -4 -5 -6
leaf_value=-0.0022374504565035678 0.0078224844239081614 -0.012705198464005306 0.0060202032112684897 0.00057711783531395444 -0.0068754904058443483
leaf_weight=1.1097699888050558 2.6535894013941288 1.675391929689795 1.882049787789583 1.1432413975708184 1.3058746154420076
leaf_count=8 4 12 8 12 12
internal_value=0 -0.00291691 -3.05423e-05 -0.00731787 -0.00474473
internal_weight=0 7.11633 4.29769 2.81863 2.41564
internal_count=56 52 28 24 20
is_linear=0
shrinkage=0.1


Tree=55
num_leaves=7
num_cat=0
split_feature=0 0 0 0 0 0
split_gain=0.0211093 0.0101391 0.0150586 0.0138201 0.00561453 0.000417219
threshold=0.016831777094257917 0.0046408291201055132 0.0081110765263017488 0.011060829098723822 0.0024983216144647924 0.0063833176173950252
decision_type=2 2 2 2 2 2
left_child=1 4 5 -4 -1 -3
right_child=-2 2 3 -5 -6 -7
leaf_value=-0.0018693241804803888 0.0076182668768211134 -0.0088326943303255936 0.0065146809790799128 -0.0088901940459211719 0.0085205464000004481 -0.011515431358546739
leaf_weight=1.1072154715657236 2.6487036272883415 0.87921744817867908 1.4597254267428073 0.96891562733799208 0.98086129873991001 1.7017322629690168
leaf_count=8 4 12 12 8 4 8
internal_value=0 -0.00284298 -0.00528311 0.000368847 0.00301125 -0.0106015
internal_weight=0 7.09767 5.00959 2.42864 2.08808 2.58095
internal_count=56 52 40 20 12 20
is_linear=0
shrinkage=0.1


Tree=56
num_leaves=6
num_cat=0
split_feature=0 0 0 0 0
split_gain=0.0194867 0.00935105 0.0147252 0.00885023 0.00146557
threshold=0.016831777094257917 0.0072513893889438134 0.0058729494061789218 0.0099119325506710817 0.0024983216144647924
decision_type=2 2 2 2 2
left_child=1 2 4 -3 -1
right_child=-2 3 -4 -5 -6
leaf_value=-0.0023194841424463391 0.0073210110735053681 -0.011868270873737848 0.0068087714228548995 -0.00031760978267140593 -0.0072649403518983873
leaf_weight=1.1088548935949805 2.6452226154506207 1.6673285453580322 1.8823774792253969 1.1016321890056131 1.3038238161243496
leaf_count=8 4 12 8 12 12
internal_value=0 -0.00274146 0.000179859 -0.00727284 -0.00499203
internal_weight=0 7.06402 4.29506 2.76896 2.41268
internal_count=56 52 28 24 20
is_linear=0
shrinkage=0.1


Tree=57
num_leaves=6
num_cat=0
split_feature=0 0 0 0 0
split_gain=0.0186084 0.00846389 0.0114708 0.00598594 0.00142515
threshold=0.016831777094257917 0.0072513893889438134 0.0058729494061789218 0.0099119325506710817 0.0024983216144647924
decision_type=2 2 2 2 2
left_child=1 2 4 -3 -1
right_child=-2 3 -4 -5 -6
leaf_value=-0.001822511275211124 0.0071588843583593994 -0.010784627442172746 0.0059741885976415179 -0.0012831778356061148 -0.0067043111018739304
leaf_weight=1.1060047633945944 2.640967819839716 1.662586256163195 1.8719719871878622 1.1029164623469112 1.3019312429241834
leaf_count=8 4 12 8 12 12
internal_value=0 -0.0026835 0.000102632 -0.00699533 -0.00446202
internal_weight=0 7.04541 4.27991 2.7655 2.40794
internal_count=56 52 28 24 20
is_linear=0
shrinkage=0.1


Tree=58
num_leaves=9
num_cat=0
split_feature=0 0 0 0 0 0 0 0
split_gain=0.0176687 0.00950998 0.0121438 0.0156328 0.00500763 0.00071003 0.000134487 0.00440478
threshold=0.016831777094257917 0.0046408291201055132 0.0081110765263017488 0.0088201304023662278 0.0024983216144647924 0.0063833176173950252 0.014451459212147534 0.011060829098723822
decision_type=2 2 2 2 2 2 2 2
left_child=1 4 5 -4 -1 -3 7 -5
right_child=-2 2 3 6 -6 -7 -8 -9
leaf_value=-0.0015775662534786871 0.0069812579355964634 -0.007472073423731739 0.0084824404578164678 -0.014686768493867708 0.0082363966691966599 -0.010992275281069282 -0.0085729707195813434 0.004170980768400505
leaf_weight=1.1042687594890597 2.6365978457033634 0.86724652862176332 1.1546826390549543 0.28353945328854002 0.98254422098398198 1.6886812821030615 0.73047877848148346 0.21994799003005028
leaf_count=8 4 12 4 8 4 8 4 4
internal_value=0 -0.0026178 -0.00500696 0.000119429 0.00304319 -0.00979784 -0.00770625 -0.00644878
internal_weight=0 7.03139 4.94458 2.38865 2.08681 2.55593 1.23397 0.503487
internal_count=56 52 40 20 12 20 16 12
is_linear=0
shrinkage=0.1


Tree=59
num_leaves=7
num_cat=0
split_feature=0 0 0 0 0 0
split_gain=0.0160059 0.00665625 0.011736 0.0150313 0.00546109 0.000550494
threshold=0.016831777094257917 0.0046408291201055132 0.0081110765263017488 0.011060829098723822 0.0024983216144647924 0.0063833176173950252
decision_type=2 2 2 2 2 2
left_child=1 4 5 -4 -1 -3
right_child=-2 2 3 -5 -6 -7
leaf_value=-0.0025618007763154355 0.0066602137997740177 -0.0071481822375844446 0.0069435895150061272 -0.0091163377395754308 0.0077045099579953029 -0.01025217243921305
leaf_weight=1.1007857955992224 2.629063505679369 0.86385409301146898 1.4552632113918664 0.97206486575305451 0.97893065959215153 1.6874862611293791
leaf_count=8 4 12 12 8 4 8
internal_value=0 -0.00248075 -0.00446551 0.000512118 0.00227059 -0.0092012
internal_weight=0 7.05838 4.97867 2.42733 2.07972 2.55134
internal_count=56 52 40 20 12 20
is_linear=0
shrinkage=0.1


Tree=60
num_leaves=6
num_cat=0
split_feature=0 0 0 0 0
split_gain=0.0150556 0.00694519 0.0163115 0.00768783 0.00138357
threshold=0.016831777094257917 0.0072513893889438134 0.0058729494061789218 0.0099119325506710817 0.0024983216144647924
decision_type=2 2 2 2 2
left_child=1 2 4 -3 -1
right_child=-2 3 -4 -5 -6
leaf_value=-0.0027523249895477137 0.0064572361335198227 -0.010667865282816031 0.0070952581807221865 0.00013117358740662681 -0.0075706749382789904
leaf_weight=1.1029440462589266 2.6273148767650127 1.6455793366767468 1.873905202373862 1.099813546054065 1.2964302571490405
leaf_count=8 4 12 8 12 12
internal_value=0 -0.00241716 0.000104212 -0.00634173 -0.00535578
internal_weight=0 7.01867 4.27328 2.74539 2.39937
internal_count=56 52 28 24 20
is_linear=0
shrinkage=0.1


Tree=61
num_leaves=6
num_cat=0
split_feature=0 0 0 0 0
split_gain=0.0145619 0.0062913 0.0125071 0.00569757 0.00143054
threshold=0.016831777094257917 0.0072513893889438134 0.0058729494061789218 0.0099119325506710817 0.0024983216144647924
decision_type=2 2 2 2 2
left_child=1 2 4 -3 -1
right_child=-2 3 -4 -5 -6
leaf_value=-0.0021040017156584031 0.0063536440830011132 -0.0098487521450061899 0.006168931247313293 -0.00055255630610782545 -0.0070084516699461087
leaf_weight=1.1000045575201514 2.6238946132361889 1.6417355497833344 1.8633961193263529 1.1017310782335696 1.294753232039511
leaf_count=8 4 12 8 12 12
internal_value=0 -0.00238106 2.50192e-05 -0.00611555 -0.00475565
internal_weight=0 7.00162 4.25815 2.74347 2.39476
internal_count=56 52 28 24 20
is_linear=0
shrinkage=0.1


Tree=62
num_leaves=9
num_cat=0
split_feature=0 0 0 0 0 0 0 0
split_gain=0.0139892 0.0071846 0.0104399 0.0121658 0.00441435 0.000893458 0.00010158 0.00233536
threshold=0.016831777094257917 0.0046408291201055132 0.0081110765263017488 0.0088201304023662278 0.0024983216144647924 0.0063833176173950252 0.014451459212147534 0.011060829098723822
decision_type=2 2 2 2 2 2 2 2
left_child=1 4 5 -4 -1 -3 7 -5
right_child=-2 2 3 6 -6 -7 -8 -9
leaf_value=-0.0017619948212665021 0.0062313302007596695 -0.006259773789121713 0.0077340966046473576 -0.013735102345651297 0.0074695799764960815 -0.010232587389840883 -0.0058204512014659602 -2.7340331876004372e-05
leaf_weight=1.0983446054160597 2.620306983590126 0.85447223763912949 1.1488319905474784 0.28083070018328704 0.98028881102800358 1.6772294342517851 0.72601329162716866 0.22295860899612308
leaf_count=8 4 12 4 8 4 8 4 4
internal_value=0 -0.00233625 -0.00442232 0.000334696 0.00259164 -0.00889173 -0.00657753 -0.00766855
internal_weight=0 6.98897 4.91034 2.37863 2.07863 2.5317 1.2298 0.503789
internal_count=56 52 40 20 12 20 16 12
is_linear=0
shrinkage=0.1


Tree=63
num_leaves=7
num_cat=0
split_feature=0 0 0 0 0 0
split_gain=0.012815 0.00506825 0.0101367 0.00955818 0.00463751 0.000768146
threshold=0.016831777094257917 0.0046408291201055132 0.0081110765263017488 0.011060829098723822 0.0024983216144647924 0.0063833176173950252
decision_type=2 2 2 2 2 2
left_child=1 4 5 -4 -1 -3
right_child=-2 2 3 -5 -6 -7
leaf_value=-0.0025489539267503809 0.0059744287718177498 -0.0059482332115581849 0.005829388653281857 -0.007034900273746785 0.0069268837063754243 -0.0096356876756482687
leaf_weight=1.0950548462569716 2.6145710311830044 0.85198410879820619 1.4414728595875206 0.96370545402169216 0.97751171886920918 1.6766794659197328
leaf_count=8 4 12 12 8 4 8
internal_value=0 -0.00222947 -0.00397265 0.000674933 0.00192026 -0.00839327
internal_weight=0 7.00641 4.93384 2.40518 2.07257 2.52866
internal_count=56 52 40 20 12 20
is_linear=0
shrinkage=0.1


Tree=64
num_leaves=6
num_cat=0
split_feature=0 0 0 0 0
split_gain=0.0121041 0.00529048 0.0161564 0.00658935 0.00146862
threshold=0.016831777094257917 0.0072513893889438134 0.0058729494061789218 0.0099119325506710817 0.0024983216144647924
decision_type=2 2 2 2 2
left_child=1 2 4 -3 -1
right_child=-2 3 -4 -5 -6
leaf_value=-0.0027254520662120759 0.0058057127379659594 -0.0096467870613554264 0.0070088515789821356 0.00037799128380947136 -0.0077030336291332296
leaf_weight=1.0964169129729273 2.6126659847795963 1.6292086008470508 1.8635504264384506 1.0972914504818616 1.2903506923466919
leaf_count=8 4 12 8 12 12
internal_value=0 -0.00217411 3.14098e-05 -0.00561227 -0.00541647
internal_weight=0 6.97682 4.25032 2.7265 2.38677
internal_count=56 52 28 24 20
is_linear=0
shrinkage=0.1


Tree=65
num_leaves=9
num_cat=0
split_feature=0 0 0 0 0 0 0 0
split_gain=0.0117887 0.00482572 0.00859498 0.00910715 0.00368993 0.00113556 0.000612637 0.00208359
threshold=0.016831777094257917 0.0046408291201055132 0.0081110765263017488 0.0088201304023662278 0.0024983216144647924 0.0063833176173950252 0.014451459212147534 0.011060829098723822
decision_type=2 2 2 2 2 2 2 2
left_child=1 4 5 -4 -1 -3 7 -5
right_child=-2 2 3 6 -6 -7 -8 -9
leaf_value=-0.0020944726590521119 0.0057322417581284011 -0.0049492116527030654 0.0068795045129815728 -0.013964458619831832 0.0063586384253407806 -0.0094381169874278303 -0.0036582532622734774 -0.0010304878637780956
leaf_weight=1.0938937067985537 2.6095948703587055 0.85010733269155059 1.1439182851463559 0.27961288113146998 0.97816605865955342 1.6717984639108179 0.72030049189925194 0.22459667595103383
leaf_count=8 4 12 4 8 4 8 4 4
internal_value=0 -0.00214852 -0.00386222 0.000463794 0.00189602 -0.00792496 -0.00552966 -0.00820311
internal_weight=0 6.96239 4.89033 2.36843 2.07206 2.52191 1.22451 0.50421
internal_count=56 52 40 20 12 20 16 12
is_linear=0
shrinkage=0.1


Tree=66
num_leaves=7
num_cat=0
split_feature=0 0 0 0 0 0
split_gain=0.0110826 0.00885893 0.00398439 0.00276413 0.00732393 0.000897584
threshold=0.0081110765263017488 0.0046408291201055132 0.0024983216144647924 0.016831777094257917 0.011060829098723822 0.0063833176173950252
decision_type=2 2 2 2 2 2
left_child=1 2 -1 4 -2 -3
right_child=3 5 -4 -5 -6 -7
leaf_value=-0.002850434930641064 0.0053244485836712865 -0.0048800007665237557 0.0059452830290266422 0.0055111258098220137 -0.0059604606447258845 -0.0088757909895701044
leaf_weight=1.0909081101417544 1.4358471566811206 0.84699734672904048 0.97558308392763127 2.6045864559710026 0.95936546847224224 1.6717625483870504
leaf_count=8 12 12 4 4 8 8
internal_value=0 -0.00355073 0.00130199 0.00325634 0.000804452 -0.0075321
internal_weight=0 4.58525 2.06649 4.9998 2.39521 2.51876
internal_count=56 32 12 24 20 20
is_linear=0
shrinkage=0.1


Tree=67
num_leaves=6
num_cat=0
split_feature=0 0 0 0 0
split_gain=0.0107164 0.0076536 0.0199647 0.00158652 0.00153704
threshold=0.0058729494061789218 0.0072513893889438134 0.0099119325506710817 0.0024983216144647924 0.016831777094257917
decision_type=2 2 2 2 2
left_child=3 -2 -3 -1 -4
right_child=1 2 4 -5 -6
leaf_value=-0.0030143728516353377 0.0074470888220924654 -0.0092664826478466994 0.00090784023028035266 -0.0081965487067492456 0.0053721716816189594
leaf_weight=1.0924536287784579 1.861006775870919 1.6186947659589348 1.0959137547761204 1.2864576848223803 2.6028969772160053
leaf_count=8 8 12 12 12 4
internal_value=0 0.00192764 -4.04004e-06 -0.00581677 0.00404944
internal_weight=0 7.17851 5.31751 2.37891 3.69881
internal_count=56 36 28 20 16
is_linear=0
shrinkage=0.1


Tree=68
num_leaves=6
num_cat=0
split_feature=0 0 0 0 0
split_gain=0.0101495 0.00399249 0.0138976 0.00543661 0.00173849
threshold=0.016831777094257917 0.0072513893889438134 0.0058729494061789218 0.0099119325506710817 0.0024983216144647924
decision_type=2 2 2 2 2
left_child=1 2 4 -3 -1
right_child=-2 3 -4 -5 -6
leaf_value=-0.0021966839344324048 0.0053288513178379711 -0.0086802223746157495 0.0064240214657606725 0.00043683894234858555 -0.0076263563707979548
leaf_weight=1.0893371514976027 2.6000452674925327 1.6154840802773835 1.8501296695321796 1.0990242594853041 1.2856633411720393
leaf_count=8 4 12 8 12 12
internal_value=0 -0.00199654 -7.3982e-05 -0.00498899 -0.00513594
internal_weight=0 6.93964 4.22513 2.71451 2.375
internal_count=56 52 28 24 20
is_linear=0
shrinkage=0.1


Tree=69
num_leaves=9
num_cat=0
split_feature=0 0 0 0 0 0 0 0
split_gain=0.00989924 0.00460224 0.00858113 0.00844314 0.00320878 0.0010854 0.000759044 0.00160205
threshold=0.016831777094257917 0.0046408291201055132 0.0081110765263017488 0.0088201304023662278 0.0024983216144647924 0.0063833176173950252 0.014451459212147534 0.011060829098723822
decision_type=2 2 2 2 2 2 2 2
left_child=1 4 5 -4 -1 -3 7 -5
right_child=-2 2 3 6 -6 -7 -8 -9
leaf_value=-0.001750746150506655 0.0052657508042338831 -0.0048021573548287632 0.0068516539697692337 -0.013176783424509876 0.0061477954814703325 -0.0092146814012243842 -0.0030114009596351877 -0.0018768173646745727
leaf_weight=1.0876964069902899 2.5968978255987167 0.83871243428438935 1.14172082208097 0.27754681161604799 0.97571773827075947 1.6624093502759931 0.71674270555377007 0.22897059749811888
leaf_count=8 4 12 4 8 4 8 4 4
internal_value=0 -0.00197338 -0.00365155 0.000666968 0.0019842 -0.00773501 -0.00510546 -0.00806865
internal_weight=0 6.92952 4.8661 2.36498 2.06341 2.50112 1.22326 0.506517
internal_count=56 52 40 20 12 20 16 12
is_linear=0
shrinkage=0.1


Tree=70
num_leaves=7
num_cat=0
split_feature=0 0 0 0 0 0
split_gain=0.0101519 0.00880864 0.0034509 0.00205485 0.00657677 0.000846167
threshold=0.0081110765263017488 0.0046408291201055132 0.0024983216144647924 0.016831777094257917 0.011060829098723822 0.0063833176173950252
decision_type=2 2 2 2 2 2
left_child=1 2 -1 4 -2 -3
right_child=3 5 -4 -5 -6 -7
leaf_value=-0.0024466640317221625 0.005300175666294319 -0.0048071270399509536 0.0057552588026198049 0.0050694478768215567 -0.0054036068454210891 -0.0087076660432545954
leaf_weight=1.0844993814826014 1.4302583041135224 0.8358383905142549 0.97341684997081745 2.5927525758743286 0.95888129342347372 1.6622038297355173
leaf_count=8 12 12 4 4 8 8
internal_value=0 -0.00341158 0.00143294 0.0031199 0.00100421 -0.00740256
internal_weight=0 4.55596 2.05792 4.98189 2.38914 2.49804
internal_count=56 32 12 24 20 20
is_linear=0
shrinkage=0.1


Tree=71
num_leaves=6
num_cat=0
split_feature=0 0 0 0 0
split_gain=0.00974013 0.00644168 0.0164978 0.00176334 0.00124658
threshold=0.0058729494061789218 0.0072513893889438134 0.0099119325506710817 0.0024983216144647924 0.016831777094257917
decision_type=2 2 2 2 2
left_child=3 -2 -3 -1 -4
right_child=1 2 4 -5 -6
leaf_value=-0.0025902463067898826 0.0069255357015562836 -0.0083898157607694007 0.00092689100921295386 -0.0080658370099008798 0.0049489398171186369
leaf_weight=1.0856802910566332 1.8483315389603374 1.6063211786095051 1.0967950299382212 1.2833354659378526 2.591015849262476
leaf_count=8 8 12 12 12 4
internal_value=0 0.00184297 6.85008e-05 -0.00555647 0.00375274
internal_weight=0 7.14246 5.29413 2.36902 3.68781
internal_count=56 36 28 20 16
is_linear=0
shrinkage=0.1


Tree=72
num_leaves=9
num_cat=0
split_feature=0 0 0 0 0 0 0 0
split_gain=0.00891667 0.00837534 0.00276512 0.00211649 0.00695273 0.00117151 0.00109371 0.00188907
threshold=0.0081110765263017488 0.0046408291201055132 0.0024983216144647924 0.016831777094257917 0.0088201304023662278 0.0063833176173950252 0.014451459212147534 0.011060829098723822
decision_type=2 2 2 2 2 2 2 2
left_child=1 2 -1 4 -2 -3 7 -6
right_child=3 5 -4 -5 6 -7 -8 -9
leaf_value=-0.0019471237811482273 0.0063927160854727666 -0.004038836714536846 0.0053955615929201887 0.0049137774396089719 -0.013582268971724968 -0.0086299353738178222 -0.0019394765702710965 -0.0013485497520952985
leaf_weight=1.0834295079112055 1.1387400934472682 0.83611036930233273 0.97386876493692387 2.5877672210335732 0.27715086657553889 1.6577639207243917 0.71158725395798683 0.23177752923220396
leaf_count=8 4 12 4 4 8 8 4 4
internal_value=0 -0.00319441 0.0015287 0.00293881 0.000772546 -0.0070907 -0.00447107 -0.00801076
internal_weight=0 4.55117 2.0573 4.94702 2.35926 2.49387 1.22052 0.508928
internal_count=56 32 12 24 20 20 16 12
is_linear=0
shrinkage=0.1


Tree=73
num_leaves=7
num_cat=0
split_feature=0 0 0 0 0 0
split_gain=0.00966697 0.00504336 0.0145938 0.00167258 0.000897873 0.00140718
threshold=0.0058729494061789218 0.0072513893889438134 0.0099119325506710817 0.0024983216144647924 0.016831777094257917 0.014451459212147534
decision_type=2 2 2 2 2 2
left_child=3 -2 -3 -1 5 -4
right_child=1 2 4 -5 -6 -7
leaf_value=-0.0026513887689645814 0.0063462192579870529 -0.0077256380098760409 0.0058809017964278542 -0.0079944675854701757 0.0047329526209937238 -0.0013826802930218601
leaf_weight=1.080239497125149 1.8381148315966127 1.5971014918759463 0.4284092551097276 1.2801985340192912 2.5839838720858097 0.70667018741369247
leaf_count=8 8 12 8 12 4 4
internal_value=0 0.00183088 0.000269664 -0.00554924 0.00370314 0.00135879
internal_weight=0 7.15428 5.31616 2.36044 3.71906 1.13508
internal_count=56 36 28 20 16 12
is_linear=0
shrinkage=0.1


Tree=74
num_leaves=10
num_cat=0
split_feature=0 0 0 0 0 0 0 0 0
split_gain=0.00959823 0.00930279 0.00304658 0.00158865 0.0054801 0.000576729 0.0965652 0.000416562 0.00326384
threshold=0.0081110765263017488 0.0046408291201055132 0.0024983216144647924 0.0088201304023662278 0.016831777094257917 0.0063833176173950252 0.0058729494061789218 0.014451459212147534 0.011060829098723822
decision_type=2 2 2 2 2 2 2 2 2
left_child=1 2 -1 -2 7 6 -3 8 -5
right_child=3 5 -4 4 -6 -7 -8 -9 -10
leaf_value=-0.001998809886968158 0.0063157735933628625 -0.049074976324550185 0.0057222615649975047 0.0018279358417189247 0.0046997919173819951 -0.0085235666130809781 0.021246822065075117 -0.0017421311518291416 -0.013584635874875704
leaf_weight=1.0789732411503794 1.1371214827522633 0.313651095144451 0.97089960426092137 0.2926353008951994 2.5794392563402653 1.6529088988900182 0.51738475449383259 0.70709625259041786 0.25900434516370296
leaf_count=8 4 8 4 8 4 8 4 4 4
internal_value=0 -0.00332815 0.00165819 0.00303283 0.0020602 -0.00744313 -0.00529416 -0.00334893 -0.00540853
internal_weight=0 4.53382 2.04987 4.9753 3.83818 2.48394 0.831036 1.25874 0.55164
internal_count=56 32 12 24 20 20 12 16 12
is_linear=0
shrinkage=0.1


Tree=75
num_leaves=7
num_cat=0
split_feature=0 0 0 0 0 0
split_gain=0.0143175 0.00731806 0.00613678 0.00197034 8.36541e-05 0.101559
threshold=0.011060829098723822 0.0046408291201055132 0.0081110765263017488 0.0024983216144647924 0.0063833176173950252 0.0058729494061789218
decision_type=2 2 2 2 2 2
left_child=1 3 4 -1 5 -3
right_child=-2 2 -4 -5 -6 -7
leaf_value=-0.0010874423092389076 0.0050496747246001894 -0.051244340542956818 -0.00025468766267940302 0.0051352302075316552 -0.0080767968376231538 0.018923532644222654
leaf_weight=1.0718228779733183 3.5270332917571068 0.34502681903541166 1.4149213279597459 0.96876985579729069 1.6448167674243448 0.51291750185191631
leaf_count=8 12 8 12 4 8 4
internal_value=0 -0.00298918 -0.00551849 0.00186677 -0.00849434 -0.00929485
internal_weight=0 5.95828 3.91768 2.04059 2.50276 0.857944
internal_count=56 44 32 12 20 12
is_linear=0
shrinkage=0.1


Tree=76
num_leaves=6
num_cat=0
split_feature=0 0 0 0 0
split_gain=0.0107483 0.00775482 0.00963062 0.0031051 0.000639403
threshold=0.0099119325506710817 0.0072513893889438134 0.0058729494061789218 0.0024983216144647924 0.016831777094257917
decision_type=2 2 2 2 2
left_child=1 2 3 -1 -2
right_child=4 -3 -4 -5 -6
leaf_value=-0.00069298455910159922 0.0021974922791658334 -0.0086096489814075812 0.0050486512057682275 -0.0080179865639855123 0.0050731895897847042
leaf_weight=1.0661486200988295 1.1031177463009956 1.603125642519444 1.8125100042670963 1.2657769192010162 2.5852178409695625
leaf_count=8 12 12 8 12 4
internal_value=0 -0.00270366 -0.000419135 -0.00466902 0.00421312
internal_weight=0 5.74756 4.14444 2.33193 3.68834
internal_count=56 40 28 20 16
is_linear=0
shrinkage=0.1


Tree=77
num_leaves=9
num_cat=0
split_feature=0 0 0 0 0 0 0 0
split_gain=0.00926433 0.0122024 0.00218636 0.00612846 0.00202291 1.07215e-05 0.0034305 1.40723e-06
threshold=0.0081110765263017488 0.0046408291201055132 0.016831777094257917 0.0088201304023662278 0.0024983216144647924 0.014451459212147534 0.011060829098723822 0.0063833176173950252
decision_type=2 2 2 2 2 2 2 2
left_child=1 4 3 -2 -1 6 -5 -3
right_child=2 7 -4 5 -6 -7 -8 -9
leaf_value=-0.00057100665605851295 0.0060656019231593809 -0.0079458498824284823 0.0049934892126540682 -0.012142020199869539 0.0057491004746794538 -0.0038879627700770165 0.0041407884082372837 -0.008108048748090466
leaf_weight=1.0654499642550948 1.1360066365450623 0.79065637290477786 2.5851017609238625 0.27524690260179319 0.96525373309850682 0.69946827739477158 0.24417065409943461 1.6535770893096922
leaf_count=8 4 12 4 8 4 4 4 8
internal_value=0 -0.00329586 0.00298558 0.000781379 0.00243313 -0.00414354 -0.00448771 -0.00805558
internal_weight=0 4.47494 4.93999 2.35489 2.0307 1.21889 0.519418 2.44423
internal_count=56 32 24 20 12 16 12 20
is_linear=0
shrinkage=0.1


Tree=78
num_leaves=6
num_cat=0
split_feature=0 0 0 0 0
split_gain=0.00812491 0.00867426 0.00401322 0.00293481 7.07563e-05
threshold=0.0081110765263017488 0.0046408291201055132 0.011060829098723822 0.0024983216144647924 0.0063833176173950252
decision_type=2 2 2 2 2
left_child=1 3 -2 -1 -3
right_child=2 4 -4 -5 -6
leaf_value=-0.0018879498384529456 0.0072150531137901265 -0.0063401008870612799 0.00096232241971541698 0.0057351569964882929 -0.0074953979269874148
leaf_weight=1.0632375441491606 1.4440351310186086 0.78015386220067773 3.5499840341508389 0.96194248646497715 1.6541216447949407
leaf_count=8 12 12 12 4 8
internal_value=0 -0.0031024 0.00277032 0.00173296 -0.00712514
internal_weight=0 4.45946 4.99402 2.02518 2.43428
internal_count=56 32 24 12 20
is_linear=0
shrinkage=0.1


Tree=79
num_leaves=7
num_cat=0
split_feature=0 0 0 0 0 0
split_gain=0.00781141 0.00342899 0.0107115 0.00460695 0.00159589 0.00105049
threshold=0.016831777094257917 0.0072513893889438134 0.0058729494061789218 0.0099119325506710817 0.014451459212147534 0.0024983216144647924
decision_type=2 2 2 2 2 2
left_child=1 2 5 -3 -5 -1
right_child=-2 3 -4 4 -6 -7
leaf_value=-0.0021639495853105141 0.0046890003939707341 -0.0079794220632557738 0.0057973725702734806 0.0051789837065999858 -0.0025806252038628381 -0.0064414647356416319
leaf_weight=1.0660722590982916 2.5801064483821392 1.5952606345526876 1.8153556473553178 0.42867211811244466 0.69438207522034645 1.2441815091297028
leaf_count=8 4 12 8 8 4 12
internal_value=0 -0.00176771 4.92085e-05 -0.00452527 0.000381234 -0.00446759
internal_weight=0 6.84392 4.12561 2.71831 1.12305 2.31025
internal_count=56 52 28 24 12 20
is_linear=0
shrinkage=0.1


Tree=80
num_leaves=7
num_cat=0
split_feature=0 0 0 0 0 0
split_gain=0.00763281 0.00349065 0.00558786 0.00701023 0.00222862 0.000379668
threshold=0.016831777094257917 0.0046408291201055132 0.0081110765263017488 0.011060829098723822 0.0024983216144647924 0.0063833176173950252
decision_type=2 2 2 2 2 2
left_child=1 4 5 -4 -1 -3
right_child=-2 2 3 -5 -6 -7
leaf_value=-0.0014253122689109308 0.0046341819095970758 -0.0047670981648637754 0.0046689102821411265 -0.0064194259566483815 0.0052143237619669764 -0.0074525359406960243
leaf_weight=1.0643312111496928 2.5795125849545002 0.77263469528406892 1.4234774860087784 0.95113343838602293 0.96287173777818669 1.6524275839328764
leaf_count=8 4 12 12 8 4 8
internal_value=0 -0.00175101 -0.00322056 0.000227556 0.00172835 -0.00659694
internal_weight=0 6.82688 4.79967 2.37461 2.0272 2.42506
internal_count=56 52 40 20 12 20
is_linear=0
shrinkage=0.1


Tree=81
num_leaves=6
num_cat=0
split_feature=0 0 0 0 0
split_gain=0.00726373 0.003731 0.0104223 0.00447262 0.00128141
threshold=0.016831777094257917 0.0072513893889438134 0.0058729494061789218 0.0099119325506710817 0.0024983216144647924
decision_type=2 2 2 2 2
left_child=1 2 4 -3 -1
right_child=-2 3 -4 -5 -6
leaf_value=-0.0017480833011905416 0.0045172241145152612 -0.0079937784019270576 0.0058393264855533516 0.00033693576904730095 -0.0064755251316329565
leaf_weight=1.0667943023145201 2.58027508482337 1.5927327820099892 1.8159132376313207 1.0824515745043752 1.2396390233188865
leaf_count=8 4 12 8 12 12
internal_value=0 -0.00171469 0.000172608 -0.00462295 -0.00428894
internal_weight=0 6.79753 4.12235 2.67518 2.30643
internal_count=56 52 28 24 20
is_linear=0
shrinkage=0.1


Tree=82
num_leaves=6
num_cat=0
split_feature=0 0 0 0 0
split_gain=0.00711977 0.00356943 0.00766746 0.00356338 0.00128076
threshold=0.016831777094257917 0.0072513893889438134 0.0058729494061789218 0.0099119325506710817 0.0024983216144647924
decision_type=2 2 2 2 2
left_child=1 2 4 -3 -1
right_child=-2 3 -4 -5 -6
leaf_value=-0.0011373406646137899 0.0044719966467217957 -0.0075565492783346844 0.0050217319152282133 -0.00011813645793748948 -0.0058693409092795855
leaf_weight=1.0644041113555434 2.5792289972305298 1.5908080574590715 1.8084801882505415 1.0821021189913151 1.2363537484779952
leaf_count=8 4 12 8 12 12
internal_value=0 -0.00170069 0.000149549 -0.00454518 -0.00368017
internal_weight=0 6.78215 4.10924 2.67291 2.30076
internal_count=56 52 28 24 20
is_linear=0
shrinkage=0.1


Tree=83
num_leaves=9
num_cat=0
split_feature=0 0 0 0 0 0 0 0
split_gain=0.00693193 0.0041088 0.00546871 0.00733397 0.00187453 0.00166858 0.000622016 0.00033877
threshold=0.016831777094257917 0.0046408291201055132 0.0081110765263017488 0.0088201304023662278 0.0024983216144647924 0.014451459212147534 0.0063833176173950252 0.011060829098723822
decision_type=2 2 2 2 2 2 2 2
left_child=1 4 6 -4 -1 7 -3 -5
right_child=-2 2 3 5 -6 -7 -8 -9
leaf_value=-0.00080778515510755559 0.0044129774105603698 -0.0042698474426218014 0.0059269423522621623 -0.012117441248732208 0.0052813729010162602 -0.002139238119798732 -0.0077248470714376214 -0.0068950414018126563
leaf_weight=1.0630621127784254 2.5779265761375427 0.76210668031126294 1.1337225204333665 0.26876083714887478 0.96403592824935902 0.70014218240976334 1.6476221345365045 0.23094911314547062
leaf_count=8 4 12 4 8 4 4 8 4
internal_value=0 -0.00168031 -0.00329076 0.000159686 0.00208806 -0.00528971 -0.00663216 -0.00970382
internal_weight=0 6.7704 4.7433 2.33357 2.0271 1.19985 2.40973 0.49971
internal_count=56 52 40 20 12 16 20 12
is_linear=0
shrinkage=0.1


Tree=84
num_leaves=6
num_cat=0
split_feature=0 0 0 0 0
split_gain=0.00647349 0.0030355 0.00765439 0.00330692 0.000941735
threshold=0.016831777094257917 0.0072513893889438134 0.0058729494061789218 0.0099119325506710817 0.0024983216144647924
decision_type=2 2 2 2 2
left_child=1 2 4 -3 -1
right_child=-2 3 -4 -5 -6
leaf_value=-0.0015601715964318507 0.0042688180127142582 -0.0071589737902872444 0.0049623177115144454 -7.1035691214515331e-06 -0.0056236538892254261
leaf_weight=1.0613807216286661 2.5742718987166882 1.5846821647137406 1.8040033932775257 1.0920694866217671 1.2327748574316499
leaf_count=8 4 12 8 12 12
internal_value=0 -0.00162202 8.86747e-05 -0.00424113 -0.0037437
internal_weight=0 6.77491 4.09816 2.67675 2.29416
internal_count=56 52 28 24 20
is_linear=0
shrinkage=0.1


Tree=85
num_leaves=9
num_cat=0
split_feature=0 0 0 0 0 0 0 0
split_gain=0.00632062 0.00360206 0.00553708 0.00679266 0.00209846 0.0013781 0.000845146 0.000639633
threshold=0.016831777094257917 0.0046408291201055132 0.0081110765263017488 0.0088201304023662278 0.0024983216144647924 0.014451459212147534 0.011060829098723822 0.0063833176173950252
decision_type=2 2 2 2 2 2 2 2
left_child=1 4 7 -4 -1 6 -5 -3
right_child=-2 2 3 5 -6 -7 -8 -9
leaf_value=-0.001141921831693435 0.0042183601981301269 -0.004077283068235067 0.0059104178920017453 -0.0050296983724814068 0.0053072714939990636 -0.0019866299612862712 -0.013201439194704429 -0.0075925926097837274
leaf_weight=1.0598734356462958 2.5730843357741833 0.75519576156511936 1.1329560289159419 0.27220560004934646 0.96290690451860417 0.6984088271856308 0.23654166189953685 1.6453018747270105
leaf_count=8 4 12 4 8 4 4 4 8
internal_value=0 -0.00160484 -0.00311232 0.000349112 0.0019281 -0.00487036 -0.00882914 -0.00648668
internal_weight=0 6.76339 4.74061 2.34011 2.02278 1.20716 0.508747 2.4005
internal_count=56 52 40 20 12 16 12 20
is_linear=0
shrinkage=0.1


Tree=86
num_leaves=6
num_cat=0
split_feature=0 0 0 0 0
split_gain=0.0060352 0.00282368 0.00815156 0.00328242 0.00105068
threshold=0.016831777094257917 0.0072513893889438134 0.0058729494061789218 0.0099119325506710817 0.0024983216144647924
decision_type=2 2 2 2 2
left_child=1 2 4 -3 -1
right_child=-2 3 -4 -5 -6
leaf_value=-0.001574663758103911 0.0041208519850938208 -0.0070066977278965869 0.0051055386510930889 0.00017113834420372727 -0.0058696400415636195
leaf_weight=1.0594086311757567 2.5724779367446899 1.5821747435256841 1.8022064287215469 1.0665820026770232 1.2318530892953274
leaf_count=8 4 12 8 12 12
internal_value=0 -0.0015723 7.38953e-05 -0.00411638 -0.00388378
internal_weight=0 6.74222 4.09347 2.64876 2.29126
internal_count=56 52 28 24 20
is_linear=0
shrinkage=0.1


Tree=87
num_leaves=9
num_cat=0
split_feature=0 0 0 0 0 0 0 0
split_gain=0.00590812 0.00324855 0.00539189 0.00666773 0.0019162 0.00134001 0.00075271 0.00068928
threshold=0.016831777094257917 0.0046408291201055132 0.0081110765263017488 0.0088201304023662278 0.0024983216144647924 0.014451459212147534 0.011060829098723822 0.0063833176173950252
decision_type=2 2 2 2 2 2 2 2
left_child=1 4 7 -4 -1 6 -5 -3
right_child=-2 2 3 5 -6 -7 -8 -9
leaf_value=-0.0011424265763106047 0.0040773167408239665 -0.0038156484374899276 0.0059282053456999849 -0.012522398120954476 0.0050223991300118627 -0.0020079726264533664 -0.0046066118202098159 -0.007470027654364296
leaf_weight=1.0579252243041994 2.5714263245463371 0.75249816011637483 1.1325676962733271 0.25957805034704484 0.96329271048307408 0.69771185889840126 0.22360691148787737 1.6432551741600034
leaf_count=8 4 12 4 8 4 4 4 8
internal_value=0 -0.00155777 -0.00299709 0.000446299 0.00179567 -0.00481126 -0.00885915 -0.0063222
internal_weight=0 6.73044 4.70922 2.31346 2.02122 1.1809 0.483185 2.39575
internal_count=56 52 40 20 12 16 12 20
is_linear=0
shrinkage=0.1


Tree=88
num_leaves=9
num_cat=0
split_feature=0 0 0 0 0 0 0 0
split_gain=0.0057164 0.00563205 0.00215931 0.00153265 0.00531455 0.00113801 0.000963774 0.000664264
threshold=0.0081110765263017488 0.0046408291201055132 0.0024983216144647924 0.0088201304023662278 0.016831777094257917 0.014451459212147534 0.011060829098723822 0.0063833176173950252
decision_type=2 2 2 2 2 2 2 2
left_child=1 2 -1 -2 5 6 -5 -3
right_child=3 7 -4 4 -6 -7 -8 -9
leaf_value=-0.0018397800519108891 0.0055816264343892521 -0.0034260547515784835 0.0047094259334238336 -0.0036589445504350338 0.0039475535872651136 -0.0015023273318096387 -0.012448698755429597 -0.0070150935328231164
leaf_weight=1.0561644583940508 1.1308535477146504 0.75145592028275165 0.96194464713335026 0.26769238512497417 2.5676400028169155 0.69415057078003883 0.23360414197668433 1.6436087712645528
leaf_count=8 4 12 4 8 4 4 4 8
internal_value=0 -0.0026098 0.00128194 0.00235342 0.00138331 -0.0041243 -0.00775497 -0.00588903
internal_weight=0 4.41317 2.01811 4.89394 3.76309 1.19545 0.501297 2.39506
internal_count=56 32 12 24 20 16 12 20
is_linear=0
shrinkage=0.1


Tree=89
num_leaves=6
num_cat=0
split_feature=0 0 0 0 0
split_gain=0.00580416 0.0042094 0.0105293 0.000955075 0.000741308
threshold=0.0058729494061789218 0.0072513893889438134 0.0099119325506710817 0.0024983216144647924 0.016831777094257917
decision_type=2 2 2 2 2
left_child=3 -2 -3 -1 -4
right_child=1 2 4 -5 -6
leaf_value=-0.0021699876472981534 0.005595064198752526 -0.0068398567955434463 0.00072328741625228511 -0.0062702995325332085 0.0038699016739773108
leaf_weight=1.0560622066259386 1.8009312804788349 1.5754660522798074 1.0569402030669155 1.2293690904043613 2.5673308447003365
leaf_count=8 8 12 12 12 4
internal_value=0 0.00142846 -1.46493e-05 -0.00437561 0.00295226
internal_weight=0 7.00067 5.19974 2.28543 3.62427
internal_count=56 36 28 20 16
is_linear=0
shrinkage=0.1


Tree=90
num_leaves=9
num_cat=0
split_feature=0 0 0 0 0 0 0 0
split_gain=0.00560627 0.00572658 0.00179903 0.00161463 0.00515667 0.00111368 0.000841145 0.000708958
threshold=0.0081110765263017488 0.0046408291201055132 0.0024983216144647924 0.0088201304023662278 0.016831777094257917 0.014451459212147534 0.011060829098723822 0.0063833176173950252
decision_type=2 2 2 2 2 2 2 2
left_child=1 2 -1 -2 5 6 -5 -3
right_child=3 7 -4 4 -6 -7 -8 -9
leaf_value=-0.0015133988577976949 0.0056506361465731647 -0.0033450545133364854 0.004467477538322908 -0.011809436854624714 0.0038448956527167236 -0.0016129486777529522 -0.0033735077666793376 -0.007059233574741002
leaf_weight=1.0538760423660281 1.1306502157822249 0.74821798689663443 0.96203414350748051 0.25484635191969596 2.5666251182556152 0.69362862780690193 0.22043188195675611 1.64116970077157
leaf_count=8 4 12 4 8 4 4 4 8
internal_value=0 -0.00258446 0.0013408 0.00233968 0.00133753 -0.004168 -0.00789689 -0.00589617
internal_weight=0 4.4053 2.01591 4.86618 3.73553 1.16891 0.475278 2.38939
internal_count=56 32 12 24 20 16 12 20
is_linear=0
shrinkage=0.1


Tree=91
num_leaves=9
num_cat=0
split_feature=0 0 0 0 0 0 0 0
split_gain=0.00558157 0.00443506 0.00203537 0.00135098 0.0043347 0.000947021 0.00103789 0.000663917
threshold=0.0081110765263017488 0.0046408291201055132 0.0024983216144647924 0.0088201304023662278 0.016831777094257917 0.014451459212147534 0.011060829098723822 0.0063833176173950252
decision_type=2 2 2 2 2 2 2 2
left_child=1 2 -1 -2 5 6 -5 -3
right_child=3 7 -4 4 -6 -7 -8 -9
leaf_value=-0.0021619315518643777 0.0053622889056338602 -0.0030240649062241824 0.0042042427164942628 -0.0026376765756331222 0.0037286731492181141 -0.0011929579031347956 -0.011821107622247119 -0.006620336608121319
leaf_weight=1.0524101667106154 1.1291869562119243 0.74689993076026473 0.96061804145574559 0.26350469933822773 2.5629786178469658 0.69019168242812157 0.23090958828106523 1.6416542120277879
leaf_count=8 4 12 4 8 4 4 4 8
internal_value=0 -0.0025817 0.00087601 0.00233013 0.00141651 -0.00358602 -0.00692668 -0.00549578
internal_weight=0 4.40158 2.01303 4.87677 3.74758 1.18461 0.494414 2.38855
internal_count=56 32 12 24 20 16 12 20
is_linear=0
shrinkage=0.1


Tree=92
num_leaves=6
num_cat=0
split_feature=0 0 0 0 0
split_gain=0.00654793 0.00450582 0.0100025 0.000966444 0.000489665
threshold=0.0058729494061789218 0.0072513893889438134 0.0099119325506710817 0.0024983216144647924 0.016831777094257917
decision_type=2 2 2 2 2
left_child=3 -2 -3 -1 -4
right_child=1 2 4 -5 -6
leaf_value=-0.0024311431840761902 0.0058322543673076446 -0.0066425137507479864 0.0010986856790925947 -0.0065618886451473254 0.0036641328195906328
leaf_weight=1.0524813160300257 1.7984082940965889 1.5694844941608606 1.0483268667012455 1.2263681255280969 2.5628824196755886
leaf_count=8 8 12 12 12 4
internal_value=0 0.00151968 2.26226e-05 -0.00465411 0.00291939
internal_weight=0 6.9791 5.18069 2.27885 3.61121
internal_count=56 36 28 20 16
is_linear=0
shrinkage=0.1


Tree=93
num_leaves=9
num_cat=0
split_feature=0 0 0 0 0 0 0 0
split_gain=0.00548128 0.00483245 0.00160547 0.0014507 0.00430071 0.000937808 0.000869564 0.000711668
threshold=0.0081110765263017488 0.0046408291201055132 0.0024983216144647924 0.0088201304023662278 0.016831777094257917 0.014451459212147534 0.011060829098723822 0.0063833176173950252
decision_type=2 2 2 2 2 2 2 2
left_child=1 2 -1 -2 5 6 -5 -3
right_child=3 7 -4 4 -6 -7 -8 -9
leaf_value=-0.0016513265221438861 0.0054573717239306844 -0.0030392839089110769 0.0040060305592838673 -0.011160838257749682 0.0036506787145780678 -0.0013474662136117724 -0.0025215565052485009 -0.006769792423301473
leaf_weight=1.0498966388404372 1.1290552346035836 0.74329783534631166 0.96055886894464482 0.25067890505306445 2.5624207742512226 0.68981057032942772 0.21766967745497823 1.6389454416930673
leaf_count=8 4 12 4 8 4 4 4 8
internal_value=0 -0.00255882 0.00105166 0.00231772 0.00136496 -0.0036922 -0.00714565 -0.00560581
internal_weight=0 4.3927 2.01046 4.84964 3.72058 1.15816 0.468349 2.38224
internal_count=56 32 12 24 20 16 12 20
is_linear=0
shrinkage=0.1


Tree=94
num_leaves=6
num_cat=0
split_feature=0 0 0 0 0
split_gain=0.00557285 0.00365477 0.00889557 0.000806294 0.000515242
threshold=0.0058729494061789218 0.0072513893889438134 0.0099119325506710817 0.0024983216144647924 0.016831777094257917
decision_type=2 2 2 2 2
left_child=3 -2 -3 -1 -4
right_child=1 2 4 -5 -6
leaf_value=-0.0022705662626627287 0.0052938264322393222 -0.0062482266457960997 0.00092744041813076653 -0.0060510389959630758 0.0035443880900411957
leaf_weight=1.04863902553916 1.7915157973766325 1.5640213048318399 1.0656668115407231 1.2210989487357435 2.5589551106095314
leaf_count=8 8 12 12 12 4
internal_value=0 0.00139967 5.51036e-05 -0.00430443 0.00277499
internal_weight=0 6.98016 5.18864 2.26974 3.62462
internal_count=56 36 28 20 16
is_linear=0
shrinkage=0.1


Tree=95
num_leaves=9
num_cat=0
split_feature=0 0 0 0 0 0 0 0
split_gain=0.00537479 0.00507725 0.00168588 0.00150367 0.00395904 0.000818778 0.00151195 0.000727445
threshold=0.0081110765263017488 0.0046408291201055132 0.0024983216144647924 0.0088201304023662278 0.016831777094257917 0.014451459212147534 0.011060829098723822 0.0063833176173950252
decision_type=2 2 2 2 2 2 2 2
left_child=1 2 -1 -2 5 6 -5 -3
right_child=3 7 -4 4 -6 -7 -8 -9
leaf_value=-0.0016131142879766112 0.0054878851664047325 -0.0030603376247158539 0.0041916144488089828 -0.0013975672142152262 0.0035274877136069779 -0.0012706054258190035 -0.012587789022865906 -0.0068477167967571978
leaf_weight=1.0465716756880286 1.1284053539857266 0.73486032010987434 0.95863575488328923 0.25794461253099166 2.5584210641682148 0.6880645714700222 0.22699987282976508 1.6364907659590242
leaf_count=8 4 12 4 8 4 4 4 8
internal_value=0 -0.00254199 0.00116197 0.00228921 0.00132191 -0.00348862 -0.00663565 -0.00567404
internal_weight=0 4.37656 2.00521 4.85984 3.73143 1.17301 0.484944 2.37135
internal_count=56 32 12 24 20 16 12 20
is_linear=0
shrinkage=0.1


Tree=96
num_leaves=6
num_cat=0
split_feature=0 0 0 0 0
split_gain=0.00542364 0.00353283 0.00863718 0.00107808 0.000452411
threshold=0.0058729494061789218 0.0072513893889438134 0.0099119325506710817 0.0024983216144647924 0.016831777094257917
decision_type=2 2 2 2 2
left_child=3 -2 -3 -1 -4
right_child=1 2 4 -5 -6
leaf_value=-0.001892874523509441 0.0052149123885553775 -0.0061486371803231975 0.00099322515397923163 -0.0062674551773620087 0.0034697265106518622
leaf_weight=1.0466230697929861 1.7890481818467376 1.5628828401677308 1.0364589081145825 1.2200446859933434 2.5587452165782452
leaf_count=8 8 12 12 12 4
internal_value=0 0.00138585 5.77702e-05 -0.00424751 0.00275578
internal_weight=0 6.94714 5.15809 2.26667 3.5952
internal_count=56 36 28 20 16
is_linear=0
shrinkage=0.1


Tree=97
num_leaves=9
num_cat=0
split_feature=0 0 0 0 0 0 0 0
split_gain=0.00523559 0.00507401 0.00159054 0.00395332 0.00140747 0.000825149 0.00112044 0.000746359
threshold=0.0081110765263017488 0.0046408291201055132 0.0088201304023662278 0.016831777094257917 0.0024983216144647924 0.014451459212147534 0.011060829098723822 0.0063833176173950252
decision_type=2 2 2 2 2 2 2 2
left_child=1 4 -2 5 -1 6 -4 -3
right_child=2 7 3 -5 -6 -7 -8 -9
leaf_value=-0.0013435408534209178 0.0055562540785213934 -0.0029898609282964527 -0.011539412695490837 0.00345237260820492 0.0039617492240183634 -0.0014324964434240359 -0.0016021677002050129 -0.0068313957533219297
leaf_weight=1.04496580734849 1.1282165385782716 0.73236222099512849 0.2439853147370743 2.5582342483103275 0.95895850658416737 0.68758497387170792 0.21209697797894478 1.6345011182129381
leaf_count=8 4 12 8 4 4 4 4 8
internal_value=0 -0.00250765 0.00226918 0.00126739 0.00119525 -0.00362013 -0.00691819 -0.00564274
internal_weight=0 4.37079 4.83012 3.7019 2.00392 1.14367 0.456082 2.36686
internal_count=56 32 24 20 12 16 12 20
is_linear=0
shrinkage=0.1


Tree=98
num_leaves=9
num_cat=0
split_feature=0 0 0 0 0 0 0 0
split_gain=0.0052007 0.00402375 0.00135393 0.00332233 0.000716466 0.00105715 0.000647692 0.00164047
threshold=0.0081110765263017488 0.0063833176173950252 0.0088201304023662278 0.016831777094257917 0.014451459212147534 0.011060829098723822 0.0046408291201055132 0.0024983216144647924
decision_type=2 2 2 2 2 2 2 2
left_child=1 6 -2 4 5 -4 7 -1
right_child=2 -3 3 -5 -6 -7 -8 -9
leaf_value=-0.001966331090503739 0.0052930255128559242 -0.0064264043379654015 -0.0016562520167167014 0.0033513029407697876 -0.0010279968516722035 -0.011097531013637042 -0.0027022506287036618 0.0037652753571627202
leaf_weight=1.0435912832617766 1.1268360801041124 1.6348930113017557 0.25317539507523201 2.5548890605568886 0.68435024470090866 0.22311309678480029 0.73074917681515206 0.9575522020459174
leaf_count=8 4 8 8 4 4 4 12 4
internal_value=0 -0.00250247 0.0022567 0.00133585 -0.00310074 -0.00607893 -0.000154203 0.000776257
internal_weight=0 4.36679 4.84236 3.71553 1.16064 0.476288 2.73189 2.00114
internal_count=56 32 24 20 16 12 24 12
is_linear=0
shrinkage=0.1


Tree=99
num_leaves=6
num_cat=0
split_feature=0 0 0 0 0
split_gain=0.00602146 0.00378038 0.00814314 0.000991307 0.000311157
threshold=0.0058729494061789218 0.0072513893889438134 0.0099119325506710817 0.0024983216144647924 0.016831777094257917
decision_type=2 2 2 2 2
left_child=3 -2 -3 -1 -4
right_child=1 2 4 -5 -6
leaf_value=-0.0022206678333506875 0.0054243886443537705 -0.0059528541524114208 0.0012407883191540071 -0.0064213458490706282 0.0032991955392902314
leaf_weight=1.0436511598527434 1.7868716064840553 1.5572497391840441 1.0305953281931581 1.2167386063374577 2.5549835078418255
leaf_count=8 8 12 12 12 4
internal_value=0 0.00146193 8.51789e-05 -0.00448184 0.00270755
internal_weight=0 6.9297 5.14283 2.26039 3.58558
internal_count=56 36 28 20 16
is_linear=0
shrinkage=0.1


end of trees

feature_importances:
word_overlap=679

parameters:
[boosting: gbdt]
[objective: lambdarank]
[metric: ndcg]
[tree_learner: serial]
[device_type: cpu]
[data: ]
[valid: ]
[num_iterations: 100]
[learning_rate: 0.1]
[num_leaves: 16]
[num_threads: 6]
[deterministic: 0]
[force_col_wise: 0]
[force_row_wise: 0]
[histogram_pool_size: -1]
[max_depth: -1]
[min_data_in_leaf: 5]
[min_sum_hessian_in_leaf: 0.001]
[bagging_fraction: 1]
[pos_bagging_fraction: 1]
[neg_bagging_fraction: 1]
[bagging_freq: 0]
[bagging_seed: 3]
[feature_fraction: 1]
[feature_fraction_bynode: 1]
[feature_fraction_seed: 2]
[extra_trees: 0]
[extra_seed: 6]
[early_stopping_round: 0]
[first_metric_only: 0]
[max_delta_step: 0]
[lambda_l1: 0]
[lambda_l2: 0]
[linear_lambda: 0]
[min_gain_to_split: 0]
[drop_rate: 0.1]
[max_drop: 50]
[skip_drop: 0.5]
[xgboost_dart_mode: 0]
[uniform_drop: 0]
[drop_seed: 4]
[top_rate: 0.2]
[other_rate: 0.1]
[min_data_per_group: 100]
[max_cat_threshold: 32]
[cat_l2: 10]
[cat_smooth: 10]
[max_cat_to_onehot: 4]
[top_k: 20]
[monotone_constraints: ]
[monotone_constraints_method: basic]
[monotone_penalty: 0]
[feature_contri: ]
[forcedsplits_filename: ]
[refit_decay_rate: 0.9]
[cegb_tradeoff: 1]
[cegb_penalty_split: 0]
[cegb_penalty_feature_lazy: ]
[cegb_penalty_feature_coupled: ]
[path_smooth: 0]
[interaction_constraints: ]
[verbosity: 1]
[saved_feature_importance_type: 0]
[linear_tree: 0]
[max_bin: 255]
[max_bin_by_feature: ]
[min_data_in_bin: 3]
[bin_construct_sample_cnt: 200000]
[data_random_seed: 1]
[is_enable_sparse: 1]
[enable_bundle: 1]
[use_missing: 1]
[zero_as_missing: 0]
[feature_pre_filter: 1]
[pre_partition: 0]
[two_round: 0]
[header: 0]
[label_column: ]
[weight_column: ]
[group_column: ]
[ignore_column: ]
[categorical_feature: ]
[forcedbins_filename: ]
[precise_float_parser: 0]
[parser_config_file: ]
[objective_seed: 5]
[num_class: 1]
[is_unbalance: 0]
[scale_pos_weight: 1]
[sigmoid: 1]
[boost_from_average: 1]
[reg_sqrt: 0]
[alpha: 0.9]
[fair_c: 1]
[poisson_max_delta_step: 0.7]
[tweedie_variance_power: 1.5]
[lambdarank_truncation_level: 30]
[lambdarank_norm: 1]
[label_gain: ]
[eval_at: 1,2,3,4,5]
[multi_error_top_k: 1]
[auc_mu_weights: ]
[num_machines: 1]
[local_listen_port: 12400]
[time_out: 120]
[machine_list_filename: ]
[machines: ]
[gpu_platform_id: -1]
[gpu_device_id: -1]
[gpu_use_dp: 0]
[num_gpu: 1]

end of parameters

pandas_categorical:null
