tree
version=v4
num_class=1
num_tree_per_iteration=1
label_index=0
max_feature_idx=0
objective=lambdarank
feature_names=word_overlap
feature_infos=[0.0031699715848330229:0.13314229714810266]
tree_sizes=757 1068 857 861 863 766 863 864 766 870 762 871 767 768 764 770 763 769 773 773 767 771 764 868 874 874 771 761 879 767 774 770 771 768 773 877 771 774 772 774 780 768 777 777 774 776 767 662 873 667 666 880 878 882 884 877 774 668 878 772 666 984 876 668 887 772 989 878 774 875 665 668 768 985 879 774 879 884 876 875 877 883 882 981 989 880 776 663 875 773 776 665 880 780 664 878 882 775 662 881

Tree=0
num_leaves=6
num_cat=0
split_feature=0 0 0 0 0
split_gain=0.968604 0.534987 0.346116 0.854145 0.434404
threshold=0.004706937503068085 0.0045876381482746224 0.0088807551912432926 0.014451459212147534 0.0081110765263017488
decision_type=2 2 2 2 2
left_child=1 -1 4 -4 -2
right_child=2 -3 3 -5 -6
leaf_value=-0.003860317085709491 0.014959451207836297 -0.12986821146484515 -0.090508271376281785 0.068550982657837253 0.10887839133206832
leaf_weight=0.62868205457925774 1.154448106884957 0.72606185637414455 0.670444620773196 0.68005823343992233 0.85886171460151661
leaf_count=8 12 8 12 8 8
internal_value=0 -0.071393 0.0287529 -0.0104125 0.0550245
internal_weight=0 1.35474 3.36381 1.3505 2.01331
internal_count=56 16 40 20 20
is_linear=0
shrinkage=0.1


Tree=1
num_leaves=9
num_cat=0
split_feature=0 0 0 0 0 0 0 0
split_gain=1.75338 0.85217 1.49781 0.46983 1.19099 0.765353 0.622668 0.365533
threshold=0.014451459212147534 0.004706937503068085 0.0041485052873060776 0.0072513893889438134 0.0081110765263017488 0.0084342640768936099 0.0088807551912432926 0.0099119325506710817
decision_type=2 2 2 2 2 2 2 2
left_child=1 2 -1 -3 -5 -6 -7 -8
right_child=-2 3 -4 4 5 6 7 -9
leaf_value=-0.16520282331322883 0.057796593092497954 0.020418389804644697 -0.013237362987975225 -0.082484436326750746 0.048250409467632649 0.0047557512956779716 -0.14977974750126652 -0.03969721050829287
leaf_weight=0.97168648242951094 4.1748107671737662 4.9156958907842627 1.9505563266575334 2.160792723298071 2.3801710307598114 2.5525845885276799 0.47850789874792077 0.81607604399323463
leaf_count=4 8 8 12 4 4 4 4 8
internal_value=0 -0.0148705 -0.063768 -0.00412996 -0.018516 0.00368005 -0.0238948 -0.0803862
internal_weight=0 16.2261 2.92224 13.3038 8.38813 6.22734 3.84717 1.29458
internal_count=56 48 16 32 24 20 16 12
is_linear=0
shrinkage=0.1


Tree=2
num_leaves=7
num_cat=0
split_feature=0 0 0 0 0 0
split_gain=1.87959 0.628466 0.699699 0.300548 0.267026 1.05438
threshold=0.0063833176173950252 0.016831777094257917 0.0088807551912432926 0.0081110765263017488 0.004706937503068085 0.0045876381482746224
decision_type=2 2 2 2 2 2
left_child=4 2 3 -2 5 -1
right_child=1 -3 -4 -5 -6 -7
leaf_value=-0.026988248801252765 0.0085788139218923015 0.064872288888690607 -0.023616073379633576 0.051102654268526698 -0.023594180628425727 -0.15001228823992169
leaf_weight=1.9805414527654677 3.42202280461788 2.5183385014533988 4.018063148483634 3.2316894084215164 2.0479417741298676 1.0746682733297346
leaf_count=8 8 4 16 8 4 8
internal_value=0 0.019938 0.00933434 0.0292325 -0.0515337 -0.0702619
internal_weight=0 13.1901 10.6718 6.65371 5.10315 3.05521
internal_count=56 36 32 16 20 16
is_linear=0
shrinkage=0.1


Tree=3
num_leaves=7
num_cat=0
split_feature=0 0 0 0 0 0
split_gain=2.88602 0.870394 0.859272 0.201005 0.123508 0.12247
threshold=0.014451459212147534 0.0084342640768936099 0.004706937503068085 0.0081110765263017488 0.0088807551912432926 0.011060829098723822
decision_type=2 2 2 2 2 2
left_child=1 2 -1 -4 -3 -6
right_child=-2 4 3 -5 5 -7
leaf_value=-0.058496459470160501 0.075359262430119839 -0.05525787972573213 -0.0033629165107319997 0.03229062683431879 -0.074016980470350949 -0.14093367891498551
leaf_weight=2.7083821184933203 3.8989753127098075 1.3409530967473977 5.4152221754193306 2.2334148585796356 0.70739460363984086 0.44590585306286812
leaf_count=16 8 4 12 4 8 4
internal_value=0 -0.0228634 -0.010092 0.00704798 -0.0758947 -0.0998893
internal_weight=0 12.8513 10.357 7.64864 2.49425 1.1533
internal_count=56 48 32 16 16 12
is_linear=0
shrinkage=0.1


Tree=4
num_leaves=7
num_cat=0
split_feature=0 0 0 0 0 0
split_gain=0.967176 0.594416 0.212518 0.544685 0.375249 0.0119028
threshold=0.004706937503068085 0.0045876381482746224 0.014451459212147534 0.0084342640768936099 0.0088807551912432926 0.0072513893889438134
decision_type=2 2 2 2 2 2
left_child=1 -1 3 5 -5 -2
right_child=2 -3 -4 4 -6 -7
leaf_value=-0.023202135688897223 0.011827228968083199 -0.12468758022477161 0.028690759558491881 0.0012679521637313793 -0.09249700940314122 0.020698012752469477
leaf_weight=1.8993514962494384 3.9913104474544507 0.82906519249081601 4.6184690594673148 0.8077917546033857 0.90497689973562956 2.4356472194194794
leaf_count=8 8 8 8 4 12 8
internal_value=0 -0.0540398 0.0115567 0.00183492 -0.0482747 0.015189
internal_weight=0 2.72842 12.7582 8.13973 1.71277 6.42696
internal_count=56 16 40 32 16 16
is_linear=0
shrinkage=0.1


Tree=5
num_leaves=6
num_cat=0
split_feature=0 0 0 0 0
split_gain=0.716784 0.208696 0.356893 0.277178 0.00533427
threshold=0.004706937503068085 0.014451459212147534 0.0084342640768936099 0.0088807551912432926 0.0072513893889438134
decision_type=2 2 2 2 2
left_child=-1 2 4 -4 -2
right_child=1 -3 3 -5 -6
leaf_value=-0.048840469732460166 0.0080599494574661538 0.026738199214418269 -0.00065219009775994681 -0.086191445707368419 0.014038047396832287
leaf_weight=2.5030758455395707 3.9932078048586828 4.5933632403612137 0.75281694531440713 0.76250750105828047 2.3835711032152176
leaf_count=16 8 8 4 12 8
internal_value=0 0.0097915 -7.1827e-05 -0.0436953 0.0102945
internal_weight=0 12.4855 7.8921 1.51532 6.37678
internal_count=56 40 32 16 16
is_linear=0
shrinkage=0.1


Tree=6
num_leaves=7
num_cat=0
split_feature=0 0 0 0 0 0
split_gain=0.604045 0.214994 0.378219 0.195447 0.278007 0.343839
threshold=0.0081110765263017488 0.004706937503068085 0.0045876381482746224 0.0088807551912432926 0.016831777094257917 0.014451459212147534
decision_type=2 2 2 2 2 2
left_child=1 2 -1 -2 5 -5
right_child=3 -3 -4 4 -6 -7
leaf_value=-0.019108258386917723 0.050727034329143342 -0.0080034530311778231 -0.10684492709420645 -0.073204086202253285 0.030899913769312677 0.012000388820711748
leaf_weight=1.731649022549391 1.7071748375892637 5.2866840213537216 0.68597826175391663 0.70342986378818761 3.1129751652479172 1.4497199058532715
leaf_count=8 8 12 8 12 4 4
internal_value=0 -0.0193001 -0.0440027 0.0213233 0.0117912 -0.0158357
internal_weight=0 7.70431 2.41763 6.9733 5.26612 2.15315
internal_count=56 28 16 28 20 16
is_linear=0
shrinkage=0.1


Tree=7
num_leaves=7
num_cat=0
split_feature=0 0 0 0 0 0
split_gain=0.472188 0.181056 0.326387 0.141108 0.204993 0.291425
threshold=0.0081110765263017488 0.0072513893889438134 0.004706937503068085 0.0088807551912432926 0.016831777094257917 0.014451459212147534
decision_type=2 2 2 2 2 2
left_child=1 2 -1 -2 5 -5
right_child=3 -3 -4 4 -6 -7
leaf_value=-0.039668904947160771 0.043143922814589564 -0.050385878182298595 0.0076547583193066872 -0.070694869632376728 0.026986579932248123 0.011437966297976819
leaf_weight=2.3233014885336161 1.7965864911675451 1.3492163717746732 3.9103036820888519 0.62855075672268879 3.0138223618268967 1.3815889805555344
leaf_count=16 8 4 8 12 4 4
internal_value=0 -0.017172 -0.00998305 0.0190911 0.0104897 -0.0142442
internal_weight=0 7.58282 6.23361 6.82055 5.02396 2.01014
internal_count=56 28 24 28 20 16
is_linear=0
shrinkage=0.1


Tree=8
num_leaves=6
num_cat=0
split_feature=0 0 0 0 0
split_gain=0.417122 0.486172 0.233232 0.151434 0.0906784
threshold=0.0081110765263017488 0.0084342640768936099 0.014451459212147534 0.004706937503068085 0.0088807551912432926
decision_type=2 2 2 2 2
left_child=3 -2 4 -1 -3
right_child=1 2 -4 -5 -6
leaf_value=-0.037754119831822863 0.074910131867658589 -0.0065879698354888829 0.017062924304920176 -0.0067952613303127324 -0.057000019318642951
leaf_weight=2.3356326371431351 1.2176754251122472 0.78482104092836358 4.2555460780858994 4.8836109638214111 0.65425848448649049
leaf_count=16 4 4 8 12 12
internal_value=0 0.0175579 0.00529428 -0.0168113 -0.0295071
internal_weight=0 6.9123 5.69463 7.21924 1.43908
internal_count=56 28 24 28 16
is_linear=0
shrinkage=0.1


Tree=9
num_leaves=7
num_cat=0
split_feature=0 0 0 0 0 0
split_gain=0.888999 0.168376 0.0403175 0.125449 0.0947301 0.10398
threshold=0.016831777094257917 0.004706937503068085 0.0072513893889438134 0.0081110765263017488 0.0084342640768936099 0.0099119325506710817
decision_type=2 2 2 2 2 2
left_child=1 -1 -3 -4 -5 -6
right_child=-2 2 3 4 5 -7
leaf_value=-0.034374351831944754 0.065277829451004174 0.0039570146597694622 -0.038822032614867219 0.017098594306448188 -0.03954910890583941 0.0013562102220153304
leaf_weight=2.3109454549849024 1.8031320273876197 3.6639441549777967 1.1584766805171964 1.6486153453588483 0.96915242169052374 1.7320122150704265
leaf_count=16 4 8 4 4 8 12
internal_value=0 -0.0102502 -0.00417209 -0.00957936 -0.00179116 -0.0133202
internal_weight=0 11.4831 9.1722 5.50826 4.34978 2.70116
internal_count=56 52 36 28 24 20
is_linear=0
shrinkage=0.1


Tree=10
num_leaves=6
num_cat=0
split_feature=0 0 0 0 0
split_gain=0.346856 0.442011 0.127151 0.139693 0.10186
threshold=0.0081110765263017488 0.0084342640768936099 0.014451459212147534 0.0088807551912432926 0.004706937503068085
decision_type=2 2 2 2 2
left_child=4 -2 3 -3 -1
right_child=1 2 -4 -5 -6
leaf_value=-0.032801025590845967 0.06722519203499365 0.0086108629758460779 0.012244762290341075 -0.056547868987186681 -0.0071110623714099892
leaf_weight=2.2901034224778414 1.3601776659488676 0.66485705226659753 3.9567428976297379 0.65138698695227504 4.73350690305233
leaf_count=16 4 4 8 12 12
internal_value=0 0.0163991 0.00328843 -0.0236351 -0.0154875
internal_weight=0 6.63316 5.27299 1.31624 7.02361
internal_count=56 28 24 16 28
is_linear=0
shrinkage=0.1


Tree=11
num_leaves=7
num_cat=0
split_feature=0 0 0 0 0 0
split_gain=0.641424 0.152527 0.035865 0.0399134 0.113169 0.0130228
threshold=0.016831777094257917 0.004706937503068085 0.014451459212147534 0.0084342640768936099 0.0088807551912432926 0.0072513893889438134
decision_type=2 2 2 2 2 2
left_child=1 -1 3 5 -5 -3
right_child=-2 2 -4 4 -6 -7
leaf_value=-0.031793565345039146 0.058389937314309248 0.0019765554627693507 0.013352164245419795 0.0082917279364716472 -0.051051916380052256 -0.0072576761368250385
leaf_weight=2.268334759399294 1.6376501172780997 3.5931733995676023 1.2018685489892957 0.6445050388574598 0.64091133698821068 2.6561945602297783
leaf_count=16 4 8 4 4 12 8
internal_value=0 -0.008689 -0.00269026 -0.00524917 -0.0212971 -0.00194831
internal_weight=0 11.005 8.73665 7.53478 1.28542 6.24937
internal_count=56 52 36 32 16 16
is_linear=0
shrinkage=0.1


Tree=12
num_leaves=6
num_cat=0
split_feature=0 0 0 0 0
split_gain=0.330264 0.323085 0.0887074 0.0690129 0.0829783
threshold=0.0081110765263017488 0.0084342640768936099 0.004706937503068085 0.014451459212147534 0.0088807551912432926
decision_type=2 2 2 2 2
left_child=2 -2 -1 4 -3
right_child=1 3 -4 -5 -6
leaf_value=-0.031315470735239929 0.067867276633914494 0.01132651941919384 -0.0071283645113431986 0.013195832633777752 -0.040078463930982799
leaf_weight=2.2484606746584177 1.0333394557237623 0.64261757582426049 4.6567735001444817 3.8504921197891235 0.61410059127956629
leaf_count=16 4 4 12 8 12
internal_value=0 0.0168726 -0.0150041 0.00655482 -0.0137927
internal_weight=0 6.14055 6.90523 5.10721 1.25672
internal_count=56 28 28 24 16
is_linear=0
shrinkage=0.1


Tree=13
num_leaves=6
num_cat=0
split_feature=0 0 0 0 0
split_gain=0.54945 0.136952 0.0349552 0.0368155 0.0682866
threshold=0.016831777094257917 0.004706937503068085 0.0099119325506710817 0.0072513893889438134 0.0081110765263017488
decision_type=2 2 2 2 2
left_child=1 -1 3 -3 -5
right_child=-2 2 -4 4 -6
leaf_value=-0.030120203000487851 0.05481703009175172 0.0018436770006431309 0.011252194928459013 -0.033343068239850414 -0.0031181913989825421
leaf_weight=2.2388408705592147 1.5929057747125632 3.5245575457811338 1.5502934376709161 1.0934766381978991 2.3624237696640193
leaf_count=16 4 8 12 4 12
internal_value=0 -0.00810786 -0.00233086 -0.00534753 -0.0126816
internal_weight=0 10.7696 8.53075 6.98046 3.4559
internal_count=56 52 36 24 16
is_linear=0
shrinkage=0.1


Tree=14
num_leaves=6
num_cat=0
split_feature=0 0 0 0 0
split_gain=0.252825 0.195071 0.0723033 0.0231998 0.133407
threshold=0.0081110765263017488 0.0088807551912432926 0.0046472771828046872 0.016831777094257917 0.014451459212147534
decision_type=2 2 2 2 2
left_child=2 -2 -1 4 -3
right_child=1 3 -4 -5 -6
leaf_value=-0.029369561642694181 0.045500016785851936 -0.042656126069123106 -0.0065877165480289161 0.010109862655496391 0.015865481526473595
leaf_weight=1.962439429014921 1.5566195994615553 0.6030900138430294 4.8017644211649895 2.6424683928489685 1.1000575870275497
leaf_count=12 8 12 16 4 4
internal_value=0 0.0151246 -0.0131972 0.00424392 -0.00485721
internal_weight=0 5.90224 6.7642 4.34562 1.70315
internal_count=56 28 28 20 16
is_linear=0
shrinkage=0.1


Tree=15
num_leaves=6
num_cat=0
split_feature=0 0 0 0 0
split_gain=0.556415 0.107046 0.0259208 0.0389074 0.0430665
threshold=0.016831777094257917 0.004706937503068085 0.0099119325506710817 0.0072513893889438134 0.0081110765263017488
decision_type=2 2 2 2 2
left_child=1 -1 3 -3 -5
right_child=-2 2 -4 4 -6
leaf_value=-0.028621966595026707 0.05388263635453875 0.0015259015150961722 0.0085538231442837866 -0.030286120632800964 -0.0061276605857188433
leaf_weight=2.1063961293548337 1.6566175147891051 3.4655648618936521 1.4880637112073598 1.0569635033607485 2.4445049893110991
leaf_count=16 4 8 12 4 12
internal_value=0 -0.00845173 -0.00342677 -0.00598566 -0.0134202
internal_weight=0 10.5615 8.4551 6.96703 3.50147
internal_count=56 52 36 24 16
is_linear=0
shrinkage=0.1


Tree=16
num_leaves=6
num_cat=0
split_feature=0 0 0 0 0
split_gain=0.221187 0.159778 0.0590444 0.0333208 0.10498
threshold=0.0081110765263017488 0.0088807551912432926 0.004706937503068085 0.016831777094257917 0.014451459212147534
decision_type=2 2 2 2 2
left_child=2 -2 -1 4 -3
right_child=1 3 -4 -5 -6
leaf_value=-0.026386961754194267 0.044351055878119737 -0.039871720396460114 -0.0060158347861209854 0.011987769292309674 0.012725752727043977
leaf_weight=2.0863955859094858 1.3608288690447805 0.5913315853103992 4.4735574573278427 2.645252637565136 1.0591408684849739
leaf_count=16 8 12 12 4 4
internal_value=0 0.0144904 -0.0124949 0.00503096 -0.00611888
internal_weight=0 5.65655 6.55995 4.29573 1.65047
internal_count=56 28 28 20 16
is_linear=0
shrinkage=0.1


Tree=17
num_leaves=6
num_cat=0
split_feature=0 0 0 0 0
split_gain=0.191206 0.331606 0.0563478 0.0155506 0.0810669
threshold=0.0081110765263017488 0.0084342640768936099 0.004706937503068085 0.014451459212147534 0.0088807551912432926
decision_type=2 2 2 2 2
left_child=2 -2 -1 4 -3
right_child=1 3 -4 -5 -6
leaf_value=-0.025435042619829387 0.063671068237393408 0.01663230832040806 -0.0054592298216301722 0.0052162355394068036 -0.035196292923870255
leaf_weight=2.0696839075535536 1.0611990839242933 0.63819617778062798 4.4445381537079811 3.6184538975358009 0.57252523908391595
leaf_count=16 4 4 12 8 12
internal_value=0 0.0130563 -0.0118059 0.00193379 -0.00787637
internal_weight=0 5.89037 6.51422 4.82918 1.21072
internal_count=56 28 28 24 16
is_linear=0
shrinkage=0.1


Tree=18
num_leaves=6
num_cat=0
split_feature=0 0 0 0 0
split_gain=0.394266 0.0803667 0.0117304 0.0452881 0.0291909
threshold=0.016831777094257917 0.004706937503068085 0.0088807551912432926 0.014451459212147534 0.0081110765263017488
decision_type=2 2 2 2 2
left_child=1 -1 4 -4 -3
right_child=-2 2 3 -5 -6
leaf_value=-0.024602848523159016 0.048691660284318761 -0.0052055177393958802 -0.032731154618427308 0.0022272258069269092 0.0091016541482319968
leaf_weight=2.0573543552309266 1.4554514810442931 4.4226974472403509 0.57217904319986668 1.051781177520752 2.1047159358859062
leaf_count=16 4 12 12 4 8
internal_value=0 -0.00694194 -0.00248444 -0.0100899 -0.000592276
internal_weight=0 10.2087 8.15137 1.62396 6.52741
internal_count=56 52 36 16 20
is_linear=0
shrinkage=0.1


Tree=19
num_leaves=6
num_cat=0
split_feature=0 0 0 0 0
split_gain=0.470335 0.0680549 0.0174414 0.0538479 0.0137025
threshold=0.016831777094257917 0.004706937503068085 0.0072513893889438134 0.0081110765263017488 0.0099119325506710817
decision_type=2 2 2 2 2
left_child=1 -1 -3 -4 -5
right_child=-2 2 3 4 -6
leaf_value=-0.024228599584532048 0.049726116829089069 0.0016616486116433626 -0.027970024054025572 -0.0067836297378891589 0.0055717499654833356
leaf_weight=2.0472596110776058 1.6412673518061645 3.3784181848168355 1.0322174653410909 2.4531626405660063 1.415557768661529
leaf_count=16 4 8 4 12 12
internal_value=0 -0.00790325 -0.00386644 -0.00767718 -0.00226282
internal_weight=0 10.3266 8.27936 4.90094 3.86872
internal_count=56 52 36 28 24
is_linear=0
shrinkage=0.1


Tree=20
num_leaves=6
num_cat=0
split_feature=0 0 0 0 0
split_gain=0.164427 0.192784 0.0410094 0.024769 0.047472
threshold=0.0081110765263017488 0.0088807551912432926 0.004706937503068085 0.016831777094257917 0.014451459212147534
decision_type=2 2 2 2 2
left_child=2 -2 -1 4 -3
right_child=1 3 -4 -5 -6
leaf_value=-0.022589636710942135 0.046489010822662449 -0.031185822673569542 -0.0053976609223615676 0.0083165444582913618 0.0052039984645567226
leaf_weight=2.0323439864441752 1.2939586527645586 0.55378912924788859 4.3729076720774174 2.5658297091722488 1.0165383890271187
leaf_count=16 8 12 12 4 4
internal_value=0 0.0128015 -0.0108526 0.00226262 -0.00762918
internal_weight=0 5.43012 6.40525 4.13616 1.57033
internal_count=56 28 28 20 16
is_linear=0
shrinkage=0.1


Tree=21
num_leaves=6
num_cat=0
split_feature=0 0 0 0 0
split_gain=0.144569 0.448766 0.0387334 0.0209258 0.0117229
threshold=0.0081110765263017488 0.0088807551912432926 0.004706937503068085 0.016831777094257917 0.014451459212147534
decision_type=2 2 2 2 2
left_child=2 -2 -1 4 -3
right_child=1 3 -4 -5 -6
leaf_value=-0.021827078875906375 0.054392284797216334 -0.027593686839869042 -0.0050703171060822137 -0.00088267079312997891 -0.0094593454353810794
leaf_weight=2.0194051722064614 1.7125928588211534 0.53883515344932642 4.3528974279761314 2.4599057286977768 1.0533334240317345
leaf_count=16 8 12 12 4 4
internal_value=0 0.0114748 -0.0103806 -0.00666414 -0.0155965
internal_weight=0 5.76467 6.3723 4.05207 1.59217
internal_count=56 28 28 20 16
is_linear=0
shrinkage=0.1


Tree=22
num_leaves=6
num_cat=0
split_feature=0 0 0 0 0
split_gain=0.187431 0.328457 0.53231 0.0457969 0.020116
threshold=0.016831777094257917 0.011060829098723822 0.0084342640768936099 0.004706937503068085 0.0072513893889438134
decision_type=2 2 2 2 2
left_child=1 2 3 -1 -5
right_child=-2 -3 -4 4 -6
leaf_value=-0.021118651720932999 0.035960669931292405 -0.051290414613267422 0.058011668639160269 0.0014804243735905302 -0.010463722739876655
leaf_weight=2.0065587116405332 1.291131645441056 1.3087001233361668 1.4436837034299967 3.3270720951259136 2.4471597634255886
leaf_count=16 4 8 12 8 8
internal_value=0 -0.00440798 0.00224335 -0.00810416 -0.00358159
internal_weight=0 10.5332 9.22447 7.78079 5.77423
internal_count=56 52 44 32 16
is_linear=0
shrinkage=0.1


Tree=23
num_leaves=7
num_cat=0
split_feature=0 0 0 0 0 0
split_gain=0.609519 0.0418227 0.0405595 0.0697825 0.0729761 0.00241233
threshold=0.0099119325506710817 0.016831777094257917 0.0072513893889438134 0.0063833176173950252 0.0045876381482746224 0.0084342640768936099
decision_type=2 2 2 2 2 2
left_child=2 -2 3 4 -1 -4
right_child=1 -3 5 -5 -6 -7
leaf_value=-0.0027969258144462253 0.025250147582812341 0.049404534571212334 -0.018654142078925674 0.0055950542761585217 -0.0345289846364902 -0.024030726148776053
leaf_weight=1.5809815153479561 1.215502910548822 1.7472913637757301 2.742703422904015 2.430427722632885 1.338185206055641 1.1994350671302525
leaf_count=8 12 4 8 4 12 8
internal_value=0 0.0394951 -0.0125935 -0.00692196 -0.0173433 -0.02029
internal_weight=0 2.96279 9.29173 5.34959 2.91917 3.94214
internal_count=56 16 40 24 20 16
is_linear=0
shrinkage=0.1


Tree=24
num_leaves=7
num_cat=0
split_feature=0 0 0 0 0 0
split_gain=0.125394 0.194318 0.0416193 0.061928 0.034725 0.0359216
threshold=0.0081110765263017488 0.0088807551912432926 0.0072513893889438134 0.004706937503068085 0.016831777094257917 0.014451459212147534
decision_type=2 2 2 2 2 2
left_child=2 -2 3 -1 5 -3
right_child=1 4 -4 -5 -6 -7
leaf_value=-0.019836753372928312 0.040987320572628237 -0.034474024592943228 -0.028097929087177287 0.0025049780925075027 0.0061976186382321479 -0.0011898789136054507
leaf_weight=2.0102823432534933 1.5542648285627363 0.51441486016847215 1.0227818414568899 3.2406635768711567 2.5122920125722885 0.87713278084993362
leaf_count=16 8 12 4 8 4 4
internal_value=0 0.011084 -0.00964303 -0.00604837 -0.000821603 -0.0134941
internal_weight=0 5.4581 6.27373 5.25095 3.90384 1.39155
internal_count=56 28 28 24 20 16
is_linear=0
shrinkage=0.1


Tree=25
num_leaves=7
num_cat=0
split_feature=0 0 0 0 0 0
split_gain=0.111285 0.119014 0.0338992 0.0484571 0.0108778 0.0664362
threshold=0.0081110765263017488 0.0088807551912432926 0.0072513893889438134 0.004706937503068085 0.016831777094257917 0.014451459212147534
decision_type=2 2 2 2 2 2
left_child=2 -2 3 -1 5 -3
right_child=1 4 -4 -5 -6 -7
leaf_value=-0.018143226758876412 0.032800239066705927 -0.033968241188526767 -0.026016450624814714 0.0016826928527047423 0.004629533780400541 0.011408136711295699
leaf_weight=2.0012157559394836 1.6533429846167562 0.53333508642390393 1.0016859471797941 3.2105906680226326 2.4914640188217163 0.81683181971311569
leaf_count=16 8 12 4 8 4 4
internal_value=0 0.010367 -0.00916818 -0.00593001 0.000712299 -0.00651618
internal_weight=0 5.49497 6.21349 5.21181 3.84163 1.35017
internal_count=56 28 28 24 20 16
is_linear=0
shrinkage=0.1


Tree=26
num_leaves=6
num_cat=0
split_feature=0 0 0 0 0
split_gain=0.112265 0.182985 0.024793 0.00023155 0.050372
threshold=0.0081110765263017488 0.0088807551912432926 0.004706937503068085 0.016831777094257917 0.014451459212147534
decision_type=2 2 2 2 2
left_child=2 -2 -1 4 -3
right_child=1 3 -4 -5 -6
leaf_value=-0.018545342900908337 0.034012419614666584 -0.025934658101167282 -0.004997736756565444 -0.0037404514636261623 0.013891219710609954
leaf_weight=2.0009894873946905 2.0495731383562088 0.53054167423397325 4.1575561910867691 2.4207779318094254 0.79119859635829926
leaf_count=16 8 12 12 4 4
internal_value=0 0.00999422 -0.00939953 -0.00315924 -0.00209474
internal_weight=0 5.79209 6.15855 3.74252 1.32174
internal_count=56 28 28 20 16
is_linear=0
shrinkage=0.1


Tree=27
num_leaves=6
num_cat=0
split_feature=0 0 0 0 0
split_gain=0.368231 0.0452142 0.0215154 0.0264707 0.02356
threshold=0.0099119325506710817 0.016831777094257917 0.0084342640768936099 0.004706937503068085 0.0072513893889438134
decision_type=2 2 2 2 2
left_child=2 -2 3 -1 -5
right_child=1 -3 -4 4 -6
leaf_value=-0.0177592761223304 0.018534164472392492 0.045550737657539218 -0.022554643819569006 0.0014067455103087669 -0.011678459307077492
leaf_weight=1.975348487496374 1.1035150932148108 1.4122071862220764 1.1379279713146386 3.1581656783819199 2.4383526109158993
leaf_count=16 12 4 8 8 8
internal_value=0 0.0337 -0.00973384 -0.00780709 -0.00429436
internal_weight=0 2.51572 8.70979 7.57187 5.59652
internal_count=56 16 40 32 16
is_linear=0
shrinkage=0.1


Tree=28
num_leaves=7
num_cat=0
split_feature=0 0 0 0 0 0
split_gain=0.0959357 0.128513 0.0271968 0.0416192 0.00950743 0.031033
threshold=0.0081110765263017488 0.0088807551912432926 0.0072513893889438134 0.004706937503068085 0.016831777094257917 0.014451459212147534
decision_type=2 2 2 2 2 2
left_child=2 -2 3 -1 5 -3
right_child=1 4 -4 -5 -6 -7
leaf_value=-0.017120100837796626 0.032482955836853275 -0.02695926121221447 -0.023864778137449819 0.0014237830611116067 0.0029578672006917548 0.0048212999460757475
leaf_weight=1.9638856230303643 1.6964131854474542 0.50542243150994204 0.98143412917852391 3.1540860310196877 2.4666085690259933 0.78365866839885712
leaf_count=16 8 12 4 8 4 4
internal_value=0 0.00963901 -0.00861607 -0.00569194 -0.000679412 -0.00763921
internal_weight=0 5.4521 6.09941 5.11797 3.75569 1.28908
internal_count=56 28 28 24 20 16
is_linear=0
shrinkage=0.1


Tree=29
num_leaves=6
num_cat=0
split_feature=0 0 0 0 0
split_gain=0.433938 0.0557992 0.0266166 0.0383264 0.00021452
threshold=0.016831777094257917 0.0099119325506710817 0.0072513893889438134 0.004706937503068085 0.0084342640768936099
decision_type=2 2 2 2 2
left_child=1 2 3 -1 -4
right_child=-2 -3 4 -5 -6
leaf_value=-0.016831827760903601 0.047901860449616834 0.013609338416493939 -0.0174676612860107 0.0010145225386154421 -0.015804475854557531
leaf_weight=1.9510335279628614 1.6238768920302398 1.0761582746636111 2.5929279066622262 3.1402137242257595 1.1064231800846753
leaf_count=16 4 12 8 8 8
internal_value=0 -0.00788371 -0.0105149 -0.00582444 -0.0169702
internal_weight=0 9.86676 8.7906 5.09125 3.69935
internal_count=56 52 40 24 16
is_linear=0
shrinkage=0.1


Tree=30
num_leaves=6
num_cat=0
split_feature=0 0 0 0 0
split_gain=0.0927799 0.0922213 0.0185929 0.0152336 0.0198822
threshold=0.0081110765263017488 0.0088807551912432926 0.004706937503068085 0.016831777094257917 0.014451459212147534
decision_type=2 2 2 2 2
left_child=2 -2 -1 4 -3
right_child=1 3 -4 -5 -6
leaf_value=-0.016494236293280833 0.030561093373630867 -0.023432783399366316 -0.0046263679663191663 0.0058189504802348638 0.0023881969938828601
leaf_weight=1.9487899327650664 1.5116242021322248 0.48928448162041627 4.0918780490756035 2.4951411634683609 0.76360716670751572
leaf_count=16 8 12 12 4 4
internal_value=0 0.00971058 -0.00845508 0.00130134 -0.00769552
internal_weight=0 5.25966 6.04067 3.74803 1.25289
internal_count=56 28 28 20 16
is_linear=0
shrinkage=0.1


Tree=31
num_leaves=6
num_cat=0
split_feature=0 0 0 0 0
split_gain=0.0872627 0.0747343 0.0176878 0.00569968 0.02638
threshold=0.0081110765263017488 0.0088807551912432926 0.004706937503068085 0.016831777094257917 0.014451459212147534
decision_type=2 2 2 2 2
left_child=2 -2 -1 4 -3
right_child=1 3 -4 -5 -6
leaf_value=-0.016097384552211959 0.027464405893635531 -0.022305495730282957 -0.0044968573855144684 0.0043145673403054445 0.0078343654678026571
leaf_weight=1.938010082580149 1.5949718803167341 0.47933667420875303 4.0845345035195351 2.4752316065132618 0.73673056811094284
leaf_count=16 8 12 12 4 4
internal_value=0 0.00937608 -0.00822982 0.0015603 -0.00404585
internal_weight=0 5.28627 6.02254 3.6913 1.21607
internal_count=56 28 28 20 16
is_linear=0
shrinkage=0.1


Tree=32
num_leaves=6
num_cat=0
split_feature=0 0 0 0 0
split_gain=0.0799766 0.106347 0.0170272 0.000348657 0.0264896
threshold=0.0081110765263017488 0.0088807551912432926 0.004706937503068085 0.016831777094257917 0.014451459212147534
decision_type=2 2 2 2 2
left_child=2 -2 -1 4 -3
right_child=1 3 -4 -5 -6
leaf_value=-0.01569766996561588 0.02845922359870667 -0.021007521959894072 -0.0042934755405691786 -0.00046541668406654355 0.0095259503499172185
leaf_weight=1.9290024749934671 1.8251643162220714 0.47018608532380335 4.0748305991292 2.426629863679409 0.7180555984377861
leaf_count=16 8 12 12 4 4
internal_value=0 0.00878231 -0.00795759 -0.00115265 -0.00255612
internal_weight=0 5.44004 6.00383 3.61487 1.18824
internal_count=56 28 28 20 16
is_linear=0
shrinkage=0.1


Tree=33
num_leaves=6
num_cat=0
split_feature=0 0 0 0 0
split_gain=0.364913 0.0554072 0.0280527 0.0332835 0.00249452
threshold=0.016831777094257917 0.0099119325506710817 0.0072513893889438134 0.004706937503068085 0.0084342640768936099
decision_type=2 2 2 2 2
left_child=1 2 3 -1 -4
right_child=-2 -3 4 -5 -6
leaf_value=-0.01529747420460157 0.046155234658445038 0.014997843834361219 -0.014814928304178993 0.0014523967850614623 -0.020577541761036017
leaf_weight=1.9209651201963405 1.4832593388855464 1.0105755515396584 2.4635783061385159 3.1020959056913853 1.0807137552183119
leaf_count=16 4 12 8 8 8
internal_value=0 -0.0071477 -0.00975991 -0.00495324 -0.016572
internal_weight=0 9.57793 8.56735 5.02306 3.54429
internal_count=56 52 40 24 16
is_linear=0
shrinkage=0.1


Tree=34
num_leaves=6
num_cat=0
split_feature=0 0 0 0 0
split_gain=0.0765936 0.0627164 0.0164885 0.0068932 0.0121763
threshold=0.0081110765263017488 0.0088807551912432926 0.004706937503068085 0.016831777094257917 0.014451459212147534
decision_type=2 2 2 2 2
left_child=2 -2 -1 4 -3
right_child=1 3 -4 -5 -6
leaf_value=-0.01535170418550255 0.025854750278443663 -0.017252681909138864 -0.0041006044271184802 0.0047428631205919565 0.0036508821131204226
leaf_weight=1.9208002928644416 1.5348858945071695 0.45959501422476046 4.0467096380889416 2.4758263379335403 0.70782250165939331
leaf_count=16 8 12 12 4 4
internal_value=0 0.00889926 -0.00772207 0.00175597 -0.00457854
internal_weight=0 5.17813 5.96751 3.64324 1.16742
internal_count=56 28 28 20 16
is_linear=0
shrinkage=0.1


Tree=35
num_leaves=7
num_cat=0
split_feature=0 0 0 0 0 0
split_gain=0.0715207 0.0694166 0.0219924 0.0315685 0.0017792 0.0146424
threshold=0.0081110765263017488 0.0088807551912432926 0.0072513893889438134 0.004706937503068085 0.016831777094257917 0.014451459212147534
decision_type=2 2 2 2 2 2
left_child=2 -2 3 -1 5 -3
right_child=1 4 -4 -5 -6 -7
leaf_value=-0.014932376482663771 0.025396776962962143 -0.016520697357051677 -0.021393209067943533 0.001419471673529044 0.0022042256281747312 0.0066004372215285045
leaf_weight=1.9137888643890617 1.6627068296074865 0.4540475099347534 0.9568866193294524 3.0819688402116299 2.4456214345991611 0.69035125523805618
leaf_count=16 8 12 4 8 4 4
internal_value=0 0.00850483 -0.00750482 -0.00484464 0.000681372 -0.00257302
internal_weight=0 5.25273 5.95264 4.99576 3.59002 1.1444
internal_count=56 28 28 24 20 16
is_linear=0
shrinkage=0.1


Tree=36
num_leaves=6
num_cat=0
split_feature=0 0 0 0 0
split_gain=0.473923 0.0585059 0.0470633 0.0286919 0.000110853
threshold=0.016831777094257917 0.0099119325506710817 0.0072513893889438134 0.004706937503068085 0.0084342640768936099
decision_type=2 2 2 2 2
left_child=1 2 3 -1 -4
right_child=-2 -3 4 -5 -6
leaf_value=-0.014491133062168014 0.048519614566728944 0.014550212747790729 -0.020104977479607319 0.0011257823141212371 -0.018896328780807894
leaf_weight=1.9080322748050056 1.7102172300219542 0.98124142154119987 2.6318026427179579 3.0682143978774548 1.0662720457185058
leaf_count=16 4 12 8 8 8
internal_value=0 -0.00859392 -0.011212 -0.00486218 -0.0197565
internal_weight=0 9.65556 8.67432 4.97625 3.69807
internal_count=56 52 40 24 16
is_linear=0
shrinkage=0.1


Tree=37
num_leaves=6
num_cat=0
split_feature=0 0 0 0 0
split_gain=0.0694067 0.0450762 0.0137953 0.00734514 0.00623205
threshold=0.0081110765263017488 0.0088807551912432926 0.004706937503068085 0.016831777094257917 0.014451459212147534
decision_type=2 2 2 2 2
left_child=2 -2 -1 4 -3
right_child=1 3 -4 -5 -6
leaf_value=-0.014363840593566074 0.023484710498702766 -0.013182518428613689 -0.004027633703563716 0.0056558278050501728 0.0019830165815568446
leaf_weight=1.9063404807820914 1.4502704720944164 0.45097666140645765 4.0019311122596264 2.4824579395353794 0.67884816974401474
leaf_count=16 8 12 12 4 4
internal_value=0 0.00859264 -0.00736267 0.00261372 -0.0040704
internal_weight=0 5.06255 5.90827 3.61228 1.12982
internal_count=56 28 28 20 16
is_linear=0
shrinkage=0.1


Tree=38
num_leaves=6
num_cat=0
split_feature=0 0 0 0 0
split_gain=0.0657515 0.0379438 0.0130858 0.00376636 0.00834664
threshold=0.0081110765263017488 0.0088807551912432926 0.004706937503068085 0.016831777094257917 0.014451459212147534
decision_type=2 2 2 2 2
left_child=2 -2 -1 4 -3
right_child=1 3 -4 -5 -6
leaf_value=-0.014011815567479963 0.02174474825966324 -0.012615156003825146 -0.0039326373794254426 0.0049388924905985612 0.005051624059190598
leaf_weight=1.9010548656806348 1.4918391089886425 0.44802124216221295 3.9949722103774548 2.4719991125166416 0.66340529173612595
leaf_count=16 8 12 12 4 4
internal_value=0 0.008344 -0.00718246 0.00276505 -0.00206994
internal_weight=0 5.07526 5.89603 3.58343 1.11143
internal_count=56 28 28 20 16
is_linear=0
shrinkage=0.1


Tree=39
num_leaves=6
num_cat=0
split_feature=0 0 0 0 0
split_gain=0.0616613 0.0402376 0.0124903 0.00163306 0.009006
threshold=0.0081110765263017488 0.0088807551912432926 0.004706937503068085 0.016831777094257917 0.014451459212147534
decision_type=2 2 2 2 2
left_child=2 -2 -1 4 -3
right_child=1 3 -4 -5 -6
leaf_value=-0.013662652258583883 0.021397032002153139 -0.012027924418900018 -0.0038038225957976479 0.0035780726885912151 0.0064291626018159621
leaf_weight=1.8961214469745753 1.5637109410017727 0.44505368242971621 3.9875238947570324 2.4543265216052532 0.65116311609745026
leaf_count=16 8 12 12 4 4
internal_value=0 0.00803126 -0.00698103 0.00214478 -0.00106424
internal_weight=0 5.11425 5.88365 3.55054 1.09622
internal_count=56 28 28 20 16
is_linear=0
shrinkage=0.1


Tree=40
num_leaves=6
num_cat=0
split_feature=0 0 0 0 0
split_gain=0.0572022 0.0613907 0.011957 3.69955e-05 0.00899602
threshold=0.0081110765263017488 0.0088807551912432926 0.004706937503068085 0.016831777094257917 0.014451459212147534
decision_type=2 2 2 2 2
left_child=2 -2 -1 4 -3
right_child=1 3 -4 -5 -6
leaf_value=-0.013319878410558081 0.023041444602428136 -0.011461326840545738 -0.0036628306618884665 0.00021608061491559983 0.0070862985055262133
leaf_weight=1.8914726693183181 1.7263235449790952 0.44197388342581712 3.9799669422209263 2.4185078516602516 0.64041119813919067
leaf_count=16 8 12 12 4 4
internal_value=0 0.00760866 -0.00677383 -1.39095e-06 -0.000487315
internal_weight=0 5.22722 5.87144 3.50089 1.08239
internal_count=56 28 28 20 16
is_linear=0
shrinkage=0.1


Tree=41
num_leaves=6
num_cat=0
split_feature=0 0 0 0 0
split_gain=0.406673 0.0556361 0.0471605 0.0242797 0.00161278
threshold=0.016831777094257917 0.0099119325506710817 0.0072513893889438134 0.004706937503068085 0.0084342640768936099
decision_type=2 2 2 2 2
left_child=1 2 3 -1 -4
right_child=-2 -3 4 -5 -6
leaf_value=-0.012980398375830494 0.047082573987257612 0.015295609878523462 -0.017807684114274202 0.0014671838073829684 -0.022471265417516234
leaf_weight=1.8870208617299757 1.5719545483589179 0.93425635015592057 2.503405556082726 3.0324765183031559 1.053646085783839
leaf_count=16 4 12 8 8 8
internal_value=0 -0.00786454 -0.0104172 -0.00407462 -0.0191891
internal_weight=0 9.41081 8.47655 4.9195 3.55705
internal_count=56 52 40 24 16
is_linear=0
shrinkage=0.1


Tree=42
num_leaves=6
num_cat=0
split_feature=0 0 0 0 0
split_gain=0.0566398 0.0296268 0.0116973 0.00364201 0.00238105
threshold=0.0081110765263017488 0.0088807551912432926 0.004706937503068085 0.016831777094257917 0.014451459212147534
decision_type=2 2 2 2 2
left_child=2 -2 -1 4 -3
right_child=1 3 -4 -5 -6
leaf_value=-0.013156816134136346 0.019845566595866351 -0.0076465347309951602 -0.0035911218104198259 0.0050005560686071406 0.0019420168590282179
leaf_weight=1.8874420234933493 1.4531648028641937 0.43836787296459101 3.9614518843591213 2.4683032631874084 0.63285591453313828
leaf_count=16 8 12 12 4 4
internal_value=0 0.00782319 -0.00667798 0.00288737 -0.00198183
internal_weight=0 4.99269 5.84889 3.53953 1.07122
internal_count=56 28 28 20 16
is_linear=0
shrinkage=0.1


Tree=43
num_leaves=6
num_cat=0
split_feature=0 0 0 0 0
split_gain=0.0545859 0.0283586 0.0114134 0.00156346 0.00292213
threshold=0.0081110765263017488 0.0088807551912432926 0.004706937503068085 0.016831777094257917 0.014451459212147534
decision_type=2 2 2 2 2
left_child=2 -2 -1 4 -3
right_child=1 3 -4 -5 -6
leaf_value=-0.012975004626075943 0.019158194804451873 -0.0067152188952896395 -0.0035199921898191929 0.0041245544017933121 0.0039396279115054269
leaf_weight=1.8853083895519374 1.5006688386201856 0.43905717669986211 3.954917024821043 2.4561495408415794 0.62211368232965469
leaf_count=16 8 12 12 4 4
internal_value=0 0.00764911 -0.00657221 0.00273875 -0.000468792
internal_weight=0 5.01799 5.84023 3.51732 1.06117
internal_count=56 28 28 20 16
is_linear=0
shrinkage=0.1


Tree=44
num_leaves=6
num_cat=0
split_feature=0 0 0 0 0
split_gain=0.0523936 0.0341581 0.0112574 0.00026615 0.00290276
threshold=0.0081110765263017488 0.0088807551912432926 0.004706937503068085 0.016831777094257917 0.014451459212147534
decision_type=2 2 2 2 2
left_child=2 -2 -1 4 -3
right_child=1 3 -4 -5 -6
leaf_value=-0.012824919899643593 0.019608243740715361 -0.005617493996371228 -0.0034298593983874584 0.0024766764149580412 0.0050247566543287128
leaf_weight=1.884071137756109 1.5842913445085285 0.44051851134281628 3.9476697593927383 2.4359006807208061 0.61286899447441101
leaf_count=16 8 12 12 4 4
internal_value=0 0.00743125 -0.00646514 0.00190235 0.00057425
internal_weight=0 5.07358 5.83174 3.48929 1.05339
internal_count=56 28 28 20 16
is_linear=0
shrinkage=0.1


Tree=45
num_leaves=6
num_cat=0
split_feature=0 0 0 0 0
split_gain=0.0498959 0.064784 0.0112359 0.000859889 0.00254353
threshold=0.0081110765263017488 0.0088807551912432926 0.004706937503068085 0.016831777094257917 0.014451459212147534
decision_type=2 2 2 2 2
left_child=2 -2 -1 4 -3
right_child=1 3 -4 -5 -6
leaf_value=-0.012719775722179198 0.022495387737368477 -0.0043133674428987656 -0.0033306226711972324 -0.0019924920967110296 0.005662071792856333
leaf_weight=1.8840783936902878 1.7934117075055835 0.44294179033022396 3.9396201819181442 2.393218245357275 0.60436759144067764
leaf_count=16 8 12 12 4 4
internal_value=0 0.00708576 -0.00636819 -0.000946676 0.00144313
internal_weight=0 5.23394 5.8237 3.44053 1.04731
internal_count=56 28 28 20 16
is_linear=0
shrinkage=0.1


Tree=46
num_leaves=6
num_cat=0
split_feature=0 0 0 0 0
split_gain=0.377452 0.0446439 0.0433527 0.0232844 0.00496286
threshold=0.0099119325506710817 0.016831777094257917 0.0072513893889438134 0.004706937503068085 0.0084342640768936099
decision_type=2 2 2 2 2
left_child=2 -2 3 -1 -4
right_child=1 -3 4 -5 -6
leaf_value=-0.012673559983122232 0.017589087968958111 0.04570561559577762 -0.016099249925467282 0.0015069098891175433 -0.024339112888690007
leaf_weight=1.8859982220455984 0.91209712182171743 1.4828208237886429 2.418582940474153 2.9995545707643032 1.0475551316048948
leaf_count=16 12 4 8 8 8
internal_value=0 0.0349975 -0.0100358 -0.00396726 -0.0185895
internal_weight=0 2.39492 8.35169 4.88555 3.46614
internal_count=56 16 40 24 16
is_linear=0
shrinkage=0.1


Tree=47
num_leaves=5
num_cat=0
split_feature=0 0 0 0
split_gain=0.0645983 0.0376165 0.10321 0.0168468
threshold=0.0081110765263017488 0.011060829098723822 0.0084342640768936099 0.004706937503068085
decision_type=2 2 2 2
left_child=3 2 -2 -1
right_child=1 -3 -4 -5
leaf_value=-0.014872930411538969 0.055976546374132297 0.0018396134164530996 0.0039710002867876506 -0.0034031921340073597
leaf_weight=1.904294269159436 0.5507863014936446 3.1874769295100123 1.2424404015764592 3.9098933152854443
leaf_count=16 4 12 12 12
internal_value=0 0.00835797 0.0199444 -0.00715982
internal_weight=0 4.9807 1.79323 5.81419
internal_count=56 28 16 28
is_linear=0
shrinkage=0.1


Tree=48
num_leaves=7
num_cat=0
split_feature=0 0 0 0 0 0
split_gain=0.455398 0.0264159 0.0374885 0.0252473 0.0934233 0.000575351
threshold=0.0099119325506710817 0.0072513893889438134 0.004706937503068085 0.016831777094257917 0.014451459212147534 0.0084342640768936099
decision_type=2 2 2 2 2 2
left_child=1 2 -1 4 -2 -3
right_child=3 5 -4 -5 -6 -7
leaf_value=-0.017255112741784866 0.064016217117951621 -0.018649152573944682 0.00062515977739707946 0.045182959095453439 4.7614721753484847e-05 -0.015837815224659182
leaf_weight=1.9395448351278881 0.37044696125667642 2.465378707274795 2.9654113277792931 1.5538474209606647 0.59502501040697098 1.0329657897818831
leaf_count=16 8 8 8 4 4 8
internal_value=0 -0.0111802 -0.00644516 0.037292 0.0245921 -0.017819
internal_weight=0 8.4033 4.90496 2.51932 0.965472 3.49834
internal_count=56 40 24 16 12 16
is_linear=0
shrinkage=0.1


Tree=49
num_leaves=5
num_cat=0
split_feature=0 0 0 0
split_gain=0.0442849 0.0556056 0.0774498 0.0130332
threshold=0.0081110765263017488 0.011060829098723822 0.0084342640768936099 0.004706937503068085
decision_type=2 2 2 2
left_child=3 2 -2 -1
right_child=1 -3 -4 -5
leaf_value=-0.012699422125806582 0.054315883662843512 -0.00093713196455822128 0.0079495159191581184 -0.0026130066386609086
leaf_weight=1.9093687403947113 0.50387342274188984 3.1964083545608446 1.2639672624645752 3.8931939825415611
leaf_count=16 4 12 12 12
internal_value=0 0.00693374 0.0211649 -0.005932
internal_weight=0 4.96425 1.76784 5.80256
internal_count=56 28 16 28
is_linear=0
shrinkage=0.1


Tree=50
num_leaves=5
num_cat=0
split_feature=0 0 0 0
split_gain=0.0546297 0.170535 0.146346 0.00783729
threshold=0.011060829098723822 0.0081110765263017488 0.0084342640768936099 0.0046472771828046872
decision_type=2 2 2 2
left_child=1 3 -3 -1
right_child=-2 2 -4 -5
leaf_value=-0.010410375553898201 -0.011360570439088207 0.054069965078364625 0.0038428124618713148 -0.0024431604947433979
leaf_weight=1.7819456486031393 3.0724160439567649 1.0813359525054695 1.2514793064910916 4.0201776102185249
leaf_count=12 12 4 12 16
internal_value=0 0.00429067 0.0271247 -0.00489005
internal_weight=0 8.13494 2.33282 5.80212
internal_count=56 44 16 28
is_linear=0
shrinkage=0.1


Tree=51
num_leaves=7
num_cat=0
split_feature=0 0 0 0 0 0
split_gain=0.180745 0.0177127 0.0204062 0.0141277 0.00447282 0.00172064
threshold=0.016831777094257917 0.0099119325506710817 0.0072513893889438134 0.004706937503068085 0.014451459212147534 0.0084342640768936099
decision_type=2 2 2 2 2 2
left_child=1 2 3 -1 -3 -4
right_child=-2 4 5 -5 -6 -7
leaf_value=-0.0090540028142632491 0.036176369778252046 0.016813197830078546 -0.010947048431062086 0.0019992536629879344 0.0026684556979969499 -0.015892130485361908
leaf_weight=1.8877426823601089 1.2174358628690249 0.36236975737847466 2.2058918122202162 2.9845867156982422 0.58360332250595093 1.0331917740404604
leaf_count=16 4 8 8 8 4 8
internal_value=0 -0.00486259 -0.00637279 -0.00228324 0.00808682 -0.0125244
internal_weight=0 9.05739 8.11141 4.87233 0.945973 3.23908
internal_count=56 52 40 24 12 16
is_linear=0
shrinkage=0.1


Tree=52
num_leaves=7
num_cat=0
split_feature=0 0 0 0 0 0
split_gain=0.264513 0.0192157 0.0275288 0.011275 0.00239188 0.00143216
threshold=0.016831777094257917 0.0072513893889438134 0.0099119325506710817 0.004706937503068085 0.0084342640768936099 0.014451459212147534
decision_type=2 2 2 2 2 2
left_child=1 3 4 -1 -3 -4
right_child=-2 2 5 -5 -6 -7
leaf_value=-0.0079165807405267592 0.040471723144318815 -0.01699218514438141 0.0090345381780746366 0.0019694986741676784 -0.011220949823134043 0.0010193890084844307
leaf_weight=1.8817235436290483 1.4012848399579532 2.3502430282533173 0.36036553571466345 2.9815490208566189 1.0341010394040493 0.58454177156090736
leaf_count=16 4 8 8 8 8 4
internal_value=0 -0.00616941 -0.0110152 -0.00185568 -0.0152288 0.00407618
internal_weight=0 9.19252 4.32925 4.86327 3.38434 0.944907
internal_count=56 52 28 24 16 12
is_linear=0
shrinkage=0.1


Tree=53
num_leaves=7
num_cat=0
split_feature=0 0 0 0 0 0
split_gain=0.0203371 0.0710914 0.0130983 0.0142648 0.00924756 0.0144573
threshold=0.0081110765263017488 0.0088807551912432926 0.0045876381482746224 0.0063833176173950252 0.016831777094257917 0.014451459212147534
decision_type=2 2 2 2 2 2
left_child=2 -2 -1 -4 5 -3
right_child=1 4 3 -5 -6 -7
leaf_value=0.0037694425615900661 0.023392998534047652 -0.023155484574846227 -0.018121227579334338 -0.0039022088456630217 0.00045143438269809404 2.0683744359507712e-05
leaf_weight=1.5695719318464396 1.4419273510575292 0.50024779606610559 0.89693727623671282 3.306547075510025 2.3933868631720543 0.58264663815498352
leaf_count=8 8 12 12 8 4 4
internal_value=0 0.0047253 -0.0040256 -0.00693626 -0.00301787 -0.0106856
internal_weight=0 4.91821 5.77306 4.20348 3.47628 1.08289
internal_count=56 28 28 20 20 16
is_linear=0
shrinkage=0.1


Tree=54
num_leaves=7
num_cat=0
split_feature=0 0 0 0 0 0
split_gain=0.0233753 0.0916735 0.00831193 0.00366306 0.000781983 0.0119031
threshold=0.0081110765263017488 0.0088807551912432926 0.0045876381482746224 0.0063833176173950252 0.016831777094257917 0.014451459212147534
decision_type=2 2 2 2 2 2
left_child=2 -2 -1 -4 5 -3
right_child=1 4 3 -5 -6 -7
leaf_value=0.0018495405454562706 0.024677424226542538 -0.017795937867393013 -0.012450909960928788 -0.0051655107541039007 -0.003249771606635941 0.0033309571530195769
leaf_weight=1.5695332204923031 1.6075528860092161 0.49914824427105509 0.87200959026813496 3.3090019971132278 2.3533092997968197 0.572604950517416
leaf_count=8 8 12 12 8 4 4
internal_value=0 0.00497695 -0.0043556 -0.00668498 -0.00426947 -0.00650848
internal_weight=0 5.03262 5.75054 4.18101 3.42506 1.07175
internal_count=56 28 28 20 20 16
is_linear=0
shrinkage=0.1


Tree=55
num_leaves=7
num_cat=0
split_feature=0 0 0 0 0 0
split_gain=0.2966 0.0283848 0.0438266 0.0152961 0.00336876 0.00250072
threshold=0.016831777094257917 0.0099119325506710817 0.0072513893889438134 0.004706937503068085 0.014451459212147534 0.0084342640768936099
decision_type=2 2 2 2 2 2
left_child=1 2 3 -1 -3 -4
right_child=-2 4 5 -5 -6 -7
leaf_value=-0.0094330518419967167 0.041750858907402461 0.017527471829979695 -0.018930632798041615 0.0021244302903773867 0.0051354378884441287 -0.01305529188853017
leaf_weight=1.8756328728049956 1.4670139625668532 0.35921348549891341 2.4007367063313727 2.9402053467929363 0.56351560354232788 1.0375051333103327
leaf_count=16 4 8 8 8 4 8
internal_value=0 -0.00667433 -0.00853385 -0.00237688 0.00995959 -0.0171577
internal_weight=0 9.17681 8.25408 4.81584 0.922729 3.43824
internal_count=56 52 40 24 12 16
is_linear=0
shrinkage=0.1


Tree=56
num_leaves=6
num_cat=0
split_feature=0 0 0 0 0
split_gain=0.0216771 0.0456708 0.00808539 0.0043806 0.0115212
threshold=0.0081110765263017488 0.0088807551912432926 0.0045876381482746224 0.016831777094257917 0.014451459212147534
decision_type=2 2 2 2 2
left_child=2 -2 -1 4 -3
right_child=1 3 -4 -5 -6
leaf_value=0.0019479187565217958 0.020177553344533059 -0.017743899301349741 -0.0064790602069176298 0.0011116798761130428 0.0031846255702475089
leaf_weight=1.5685034692287443 1.396609468385577 0.49474154372001089 4.1536942953243852 2.3986779898405075 0.56165242940187454
leaf_count=8 8 12 20 4 4
internal_value=0 0.00491721 -0.00416915 -0.00125133 -0.00661684
internal_weight=0 4.85168 5.7222 3.45507 1.05639
internal_count=56 28 28 20 16
is_linear=0
shrinkage=0.1


Tree=57
num_leaves=5
num_cat=0
split_feature=0 0 0 0
split_gain=0.0250869 0.0604199 0.0876458 0.00631021
threshold=0.0081110765263017488 0.011060829098723822 0.0084342640768936099 0.004706937503068085
decision_type=2 2 2 2
left_child=3 2 -2 -1
right_child=1 -3 -4 -5
leaf_value=-0.0092915842876649165 0.051626304970367035 -0.0032202592253935711 0.0045184710777916044 -0.002196062675904469
leaf_weight=1.8560663443058727 0.58486976288259018 3.0955348572460935 1.2162960763671433 3.8597627803683281
leaf_count=16 4 12 12 12
internal_value=0 0.00525293 0.0198152 -0.00450015
internal_weight=0 4.8967 1.80117 5.71583
internal_count=56 28 16 28
is_linear=0
shrinkage=0.1


Tree=58
num_leaves=7
num_cat=0
split_feature=0 0 0 0 0 0
split_gain=0.222205 0.0191785 0.0350857 0.0124068 0.00148342 0.00101275
threshold=0.016831777094257917 0.0099119325506710817 0.0072513893889438134 0.004706937503068085 0.0084342640768936099 0.014451459212147534
decision_type=2 2 2 2 2 2
left_child=1 2 3 -1 -4 -3
right_child=-2 5 4 -5 -6 -7
leaf_value=-0.0080747694216777594 0.038141191862767439 0.012335604389059973 -0.016473597577934092 0.002360449756709519 -0.011904211006718193 0.0054885303057694776
leaf_weight=1.8627046467736326 1.3311539106071002 0.35539763653650958 2.2954694218933587 2.9338949769735336 1.0289462856017051 0.55082061514258385
leaf_count=16 4 8 8 8 8 4
internal_value=0 -0.00562429 -0.00716401 -0.00169195 -0.0150593 0.00817379
internal_weight=0 9.02723 8.12102 4.7966 3.32442 0.906218
internal_count=56 52 40 24 16 12
is_linear=0
shrinkage=0.1


Tree=59
num_leaves=6
num_cat=0
split_feature=0 0 0 0 0
split_gain=0.018245 0.0655276 0.00886762 0.0020776 0.0126679
threshold=0.0081110765263017488 0.0088807551912432926 0.0045876381482746224 0.016831777094257917 0.014451459212147534
decision_type=2 2 2 2 2
left_child=2 -2 -1 4 -3
right_child=1 3 -4 -5 -6
leaf_value=0.002571418836828588 0.022118117207089821 -0.018582476873873204 -0.0062638652702951964 -0.0014979756833598135 0.0035529233349956436
leaf_weight=1.5657304041087625 1.47221696190536 0.48843158362433337 4.138611214235425 2.3635017946362495 0.54930470138788223
leaf_count=8 8 12 20 4 4
internal_value=0 0.00449323 -0.00383875 -0.00313565 -0.00686555
internal_weight=0 4.87346 5.70434 3.40124 1.03774
internal_count=56 28 28 20 16
is_linear=0
shrinkage=0.1


Tree=60
num_leaves=5
num_cat=0
split_feature=0 0 0 0
split_gain=0.0333388 0.123798 0.114701 0.00631188
threshold=0.011060829098723822 0.0081110765263017488 0.0084342640768936099 0.0045876381482746224
decision_type=2 2 2 2
left_child=1 3 -3 -1
right_child=-2 2 -4 -5
leaf_value=0.0012519281919562972 -0.0089340287481236378 0.052118555724837978 0.0044146779949235573 -0.0062000254117758682
leaf_weight=1.5684455046430228 3.0102709104539827 0.86757227592170272 1.2028602472273631 4.1284649260342121
leaf_count=8 12 4 12 20
internal_value=0 0.00346243 0.024404 -0.00414839
internal_weight=0 7.76734 2.07043 5.69691
internal_count=56 44 16 28
is_linear=0
shrinkage=0.1


Tree=61
num_leaves=8
num_cat=0
split_feature=0 0 0 0 0 0 0
split_gain=0.153578 0.019626 0.0245644 0.0128488 0.00196909 0.000936563 2.60235e-05
threshold=0.016831777094257917 0.0099119325506710817 0.0072513893889438134 0.004706937503068085 0.0081110765263017488 0.014451459212147534 0.0084342640768936099
decision_type=2 2 2 2 2 2 2
left_child=1 2 3 -1 -4 -3 -6
right_child=-2 5 4 -5 6 -7 -8
leaf_value=-0.0080841312900171592 0.033605159308038084 0.013543609867912683 -0.01679061652622529 0.002558446025519241 -0.01100499056254995 0.0069161718598757405 -0.011682965086352481
leaf_weight=1.8505223775282482 1.1983041539788253 0.3528681166935711 0.91514712572097812 2.931430459022522 1.2806007303297522 0.53882771357893944 1.0148145428393034
leaf_count=16 4 8 4 8 4 4 8
internal_value=0 -0.00453266 -0.00610257 -0.00156002 -0.0128684 0.00953883 -0.0113047
internal_weight=0 8.88421 7.99252 4.78195 3.21056 0.891696 2.29542
internal_count=56 52 40 24 16 12 12
is_linear=0
shrinkage=0.1


Tree=62
num_leaves=7
num_cat=0
split_feature=0 0 0 0 0 0
split_gain=0.271968 0.0276371 0.0402205 0.01056 0.0103716 0.000519191
threshold=0.016831777094257917 0.0072513893889438134 0.0099119325506710817 0.004706937503068085 0.0084342640768936099 0.014451459212147534
decision_type=2 2 2 2 2 2
left_child=1 3 4 -1 -3 -4
right_child=-2 2 5 -5 -6 -7
leaf_value=-0.0071278208349344055 0.04015115076095141 -0.020793038038546083 0.0096099131126309387 0.0025324840564517298 -0.008716691725945587 0.0046823103423894999
leaf_weight=1.8434326928108911 1.4539842046797282 2.3935887869447474 0.35502003063447762 2.9302826654165983 1.0117890540277583 0.53763200342655182
leaf_count=16 4 8 8 8 8 4
internal_value=0 -0.00643527 -0.0122522 -0.00119797 -0.017205 0.00664209
internal_weight=0 9.07175 4.29803 4.77372 3.40538 0.892652
internal_count=56 52 28 24 16 12
is_linear=0
shrinkage=0.1


Tree=63
num_leaves=5
num_cat=0
split_feature=0 0 0 0
split_gain=0.0169533 0.0508629 0.0213148 0.00863925
threshold=0.0081110765263017488 0.011060829098723822 0.0072513893889438134 0.004706937503068085
decision_type=2 2 2 2
left_child=2 -2 3 -1
right_child=1 -3 -4 -5
leaf_value=-0.0063696669537862682 0.01844606563692994 -0.0032133998693165237 -0.01766347630862989 0.0023736480445462824
leaf_weight=1.8411464747041462 1.6725896018906494 3.0819317226996645 0.91532526910305012 2.9263398461043835
leaf_count=16 16 12 4 8
internal_value=0 0.00440617 -0.00368642 -0.00100292
internal_weight=0 4.75452 5.68281 4.76749
internal_count=56 28 28 24
is_linear=0
shrinkage=0.1


Tree=64
num_leaves=7
num_cat=0
split_feature=0 0 0 0 0 0
split_gain=0.0146253 0.0636249 0.0246004 0.00626459 0.00111805 0.0164025
threshold=0.0081110765263017488 0.0088807551912432926 0.0072513893889438134 0.0046472771828046872 0.016831777094257917 0.014451459212147534
decision_type=2 2 2 2 2 2
left_child=2 -2 3 -1 5 -3
right_child=1 4 -4 -5 -6 -7
leaf_value=-0.0053527304909527125 0.021453054556030301 -0.019583530672040453 -0.018434519364342046 0.0021842321771072216 -0.0023328149237226404 0.0059065831420164923
leaf_weight=1.7310999939218161 1.4634357038885353 0.48477598838508151 0.91712741553783406 3.0385091006755829 2.3476738501340151 0.52674242109060287
leaf_count=12 8 12 4 12 4 4
internal_value=0 0.00405092 -0.00343538 -0.000551262 -0.00353033 -0.0063097
internal_weight=0 4.82263 5.68674 4.76961 3.35919 1.01152
internal_count=56 28 28 24 20 16
is_linear=0
shrinkage=0.1


Tree=65
num_leaves=6
num_cat=0
split_feature=0 0 0 0 0
split_gain=0.0362881 0.115237 0.119754 0.0221434 0.00667118
threshold=0.011060829098723822 0.0081110765263017488 0.0084342640768936099 0.0072513893889438134 0.004706937503068085
decision_type=2 2 2 2 2
left_child=1 3 -3 4 -1
right_child=-2 2 -4 -5 -6
leaf_value=-0.0057809613969414192 -0.0093919291828843503 0.051687813473776004 0.0032131621767208574 -0.018063743677702297 0.0019187031097334818
leaf_weight=1.8360873535275457 2.9728784351609647 0.88188028335571322 1.2073678876040501 0.91362832486629475 2.9066851288080215
leaf_count=16 12 4 12 4 8
internal_value=0 0.00360475 0.0236745 -0.00380822 -0.0010621
internal_weight=0 7.74565 2.08925 5.6564 4.74277
internal_count=56 44 16 28 24
is_linear=0
shrinkage=0.1


Tree=66
num_leaves=8
num_cat=0
split_feature=0 0 0 0 0 0 0
split_gain=0.142695 0.0297143 0.0225725 0.00580093 0.00343979 0.000637462 4.04589e-06
threshold=0.0099119325506710817 0.0072513893889438134 0.016831777094257917 0.0045876381482746224 0.0081110765263017488 0.014451459212147534 0.0084342640768936099
decision_type=2 2 2 2 2 2 2
left_child=1 3 5 -1 -3 -2 -6
right_child=2 4 -4 -5 6 -7 -8
leaf_value=0.0039509514590062248 0.014577003110905673 -0.018707042653440389 0.032506196039601643 -0.0034976970478270797 -0.011569167094848107 0.0090765594348315524 -0.011301235240044095
leaf_weight=1.5559493573382495 0.35437078389804821 0.91492702066898379 1.1807369217276573 3.1873120684176683 1.2708652187138798 0.51968514174222946 1.0126933839637784
leaf_count=8 8 4 4 16 4 4 8
internal_value=0 -0.00607724 0.0234884 -0.00105429 -0.0135261 0.0113066 -0.0114503
internal_weight=0 7.94175 2.05479 4.74326 3.19849 0.874056 2.28356
internal_count=56 40 16 24 16 12 12
is_linear=0
shrinkage=0.1


Tree=67
num_leaves=7
num_cat=0
split_feature=0 0 0 0 0 0
split_gain=0.251289 0.0283087 0.0556162 0.0129383 0.00613683 0.00213257
threshold=0.016831777094257917 0.0072513893889438134 0.0099119325506710817 0.0084342640768936099 0.0045876381482746224 0.014451459212147534
decision_type=2 2 2 2 2 2
left_child=1 4 3 -3 -1 -4
right_child=-2 2 5 -5 -6 -7
leaf_value=0.0043068316991932455 0.039098835465296834 -0.021915505834146823 0.016163034064890891 -0.0084378487260932649 -0.0033570089303840696 0.0061793872572908273
leaf_weight=1.5575733836740235 1.4199482928961522 2.3764940500259404 0.36464423406869162 1.017126028309576 3.1740255588665605 0.51774630695581436
leaf_count=8 4 8 8 8 16 4
internal_value=0 -0.00616349 -0.0120606 -0.017876 -0.000834184 0.0103051
internal_weight=0 9.00761 4.27601 3.39362 4.7316 0.882391
internal_count=56 52 28 16 24 12
is_linear=0
shrinkage=0.1


Tree=68
num_leaves=6
num_cat=0
split_feature=0 0 0 0 0
split_gain=0.0235336 0.059615 0.0495132 0.0393328 0.00683339
threshold=0.0081110765263017488 0.011060829098723822 0.0084342640768936099 0.0072513893889438134 0.0045876381482746224
decision_type=2 2 2 2 2
left_child=3 2 -2 4 -1
right_child=1 -3 -4 -5 -6
leaf_value=0.0047735110081814774 0.047860105374349766 -0.003147715850408528 0.0096438573133951159 -0.023086318372839781 -0.0033132599506589424
leaf_weight=1.5600600270554421 0.46968272607773531 3.0487163988873363 1.2186444625258444 0.9354916289448737 3.1645142063498497
leaf_count=8 4 12 12 4 16
internal_value=0 0.0052005 0.0202754 -0.00435241 -0.000642999
internal_weight=0 4.73704 1.68833 5.66007 4.72457
internal_count=56 28 16 28 24
is_linear=0
shrinkage=0.1


Tree=69
num_leaves=7
num_cat=0
split_feature=0 0 0 0 0 0
split_gain=0.348129 0.0952761 0.0378149 0.0327298 0.0135842 0.00702885
threshold=0.0099119325506710817 0.0072513893889438134 0.016831777094257917 0.0084342640768936099 0.014451459212147534 0.0045876381482746224
decision_type=2 2 2 2 2 2
left_child=1 5 4 -3 -2 -1
right_child=2 3 -4 -5 -6 -7
leaf_value=0.0049451146998096222 0.030243591836004766 -0.028223899107665398 0.041880343175518642 -0.0069491730391802453 0.0055094782002224991 -0.0032629722068364948
leaf_weight=1.5570933418348412 0.39368790580192681 2.5588044049218301 1.6028497144579887 1.0079924327728802 0.50929416343569756 3.161615626886487
leaf_count=8 8 8 4 8 4 16
internal_value=0 -0.00987754 0.03266 -0.0222116 0.0162932 -0.000554444
internal_weight=0 8.28551 2.50583 3.5668 0.902982 4.71871
internal_count=56 40 16 16 12 24
is_linear=0
shrinkage=0.1


Tree=70
num_leaves=5
num_cat=0
split_feature=0 0 0 0
split_gain=0.0856384 0.152632 0.127647 0.0133947
threshold=0.0081110765263017488 0.0072513893889438134 0.011060829098723822 0.0045876381482746224
decision_type=2 2 2 2
left_child=1 3 -2 -1
right_child=2 -3 -4 -5
leaf_value=0.0070560002339675257 0.031491002794408363 -0.042746145731826161 -0.002468282635201431 -0.004301748770879547
leaf_weight=1.5560499839484689 1.7389086215989662 1.0479776710271833 3.0452369657577947 3.1210522213950753
leaf_count=8 16 4 12 16
internal_value=0 -0.00825202 0.00987501 -0.000523079
internal_weight=0 5.72508 4.78415 4.6771
internal_count=56 28 28 24
is_linear=0
shrinkage=0.1


Tree=71
num_leaves=5
num_cat=0
split_feature=0 0 0 0
split_gain=0.0578111 0.131558 0.111547 0.00618184
threshold=0.0081110765263017488 0.011060829098723822 0.0072513893889438134 0.0046472771828046872
decision_type=2 2 2 2
left_child=2 -2 3 -1
right_child=1 -3 -4 -5
leaf_value=-0.0050805300984527292 0.028795082725921746 -0.004954490660626476 -0.036804074057541089 0.0024205862729317212
leaf_weight=1.7349660815671084 1.874584731122013 3.0088289919076487 1.0191372483968733 2.9956868048757315
leaf_count=12 16 12 4 12
internal_value=0 0.00800088 -0.00679531 -0.000330447
internal_weight=0 4.88341 5.74979 4.73065
internal_count=56 28 28 24
is_linear=0
shrinkage=0.1


Tree=72
num_leaves=6
num_cat=0
split_feature=0 0 0 0 0
split_gain=0.0691 0.180549 0.0954029 0.0501484 0.00653083
threshold=0.011060829098723822 0.0081110765263017488 0.0084342640768936099 0.0072513893889438134 0.004706937503068085
decision_type=2 2 2 2 2
left_child=1 3 -3 4 -1
right_child=-2 2 -4 -5 -6
leaf_value=-0.0051024361437659316 -0.013153486732280518 0.051482598998509779 0.010254774723859834 -0.025594528971208227 0.0024977861221388022
leaf_weight=1.8554240474477408 2.9227291677962057 1.0141959870234134 1.2568577908095901 0.95411815494298924 2.8942550830543041
leaf_count=16 12 4 12 4 8
internal_value=0 0.00482066 0.0286661 -0.00467376 -0.00047118
internal_weight=0 7.97485 2.27105 5.7038 4.74968
internal_count=56 44 16 28 24
is_linear=0
shrinkage=0.1


Tree=73
num_leaves=8
num_cat=0
split_feature=0 0 0 0 0 0 0
split_gain=0.16414 0.0439052 0.00825844 0.0080911 0.00666088 0.00207283 0.00020256
threshold=0.0099119325506710817 0.0072513893889438134 0.0081110765263017488 0.016831777094257917 0.004706937503068085 0.014451459212147534 0.0084342640768936099
decision_type=2 2 2 2 2 2 2
left_child=1 4 -3 5 -1 -2 -4
right_child=3 2 6 -5 -6 -7 -8
leaf_value=-0.0051261993404787144 0.023132256626864588 -0.023480174068379787 -0.011471400894308467 0.030755552141869709 0.0025494103031307204 0.013617843446730504 -0.013385646774425991
leaf_weight=1.8536478085443375 0.4372366494499148 0.94174126535654101 1.2475632326677444 1.1432744227349758 2.8984193224459887 0.48074886947870255 0.99260282679460932
leaf_count=16 8 4 4 4 8 4 8
internal_value=0 -0.00653179 -0.0156228 0.0251415 -0.000444629 0.0181496 -0.0123196
internal_weight=0 7.93397 3.18191 2.06126 4.75207 0.917986 2.24017
internal_count=56 40 16 16 24 12 12
is_linear=0
shrinkage=0.1


Tree=74
num_leaves=7
num_cat=0
split_feature=0 0 0 0 0 0
split_gain=0.193476 0.0326057 0.0601058 0.00712368 0.00698378 0.000253688
threshold=0.016831777094257917 0.0072513893889438134 0.0099119325506710817 0.0084342640768936099 0.0045876381482746224 0.014451459212147534
decision_type=2 2 2 2 2 2
left_child=1 4 3 -3 -1 -4
right_child=-2 2 5 -5 -6 -7
leaf_value=0.0057978274835016989 0.036001478770130636 -0.02099302565264706 0.01265443854009686 -0.010858169298149348 -0.0022934543993240932 0.0093352158221500659
leaf_weight=1.6120598502457122 1.3035857155919082 2.3035968532785778 0.44638853473588813 0.99227912869537238 3.1534131607040763 0.47559385001659393
leaf_count=8 4 8 8 8 16 4
internal_value=0 -0.00522423 -0.011628 -0.0179418 0.000443657 0.0109423
internal_weight=0 8.98333 4.21786 3.29588 4.76547 0.921982
internal_count=56 52 28 16 24 12
is_linear=0
shrinkage=0.1


Tree=75
num_leaves=6
num_cat=0
split_feature=0 0 0 0 0
split_gain=0.0108148 0.057289 0.0640033 0.048341 0.00782215
threshold=0.0081110765263017488 0.011060829098723822 0.0084342640768936099 0.0072513893889438134 0.0045876381482746224
decision_type=2 2 2 2 2
left_child=3 2 -2 4 -1
right_child=1 -3 -4 -5 -6
leaf_value=0.0067840599835553815 0.047431591791374052 -0.0047839915464101468 0.0054741824746363608 -0.023642768572999608 -0.0017561935503930129
leaf_weight=1.6255999552085993 0.51833866070955981 3.0279750791378319 1.2176086301915345 0.94143360853195179 3.1518854256719351
leaf_count=8 4 12 12 4 16
internal_value=0 0.00351921 0.0180023 -0.00293154 0.00114974
internal_weight=0 4.76392 1.73595 5.71892 4.77749
internal_count=56 28 16 28 24
is_linear=0
shrinkage=0.1


Tree=76
num_leaves=7
num_cat=0
split_feature=0 0 0 0 0 0
split_gain=0.205205 0.049708 0.0599085 0.0153835 0.00941543 0.00082685
threshold=0.016831777094257917 0.0072513893889438134 0.0099119325506710817 0.0084342640768936099 0.0045876381482746224 0.014451459212147534
decision_type=2 2 2 2 2 2
left_child=1 4 3 -3 -1 -4
right_child=-2 2 5 -5 -6 -7
leaf_value=0.0077446106021669073 0.036572414230603138 -0.023874546008374978 0.012564948682784689 -0.0090122778575884351 -0.0016129923953552821 0.0065325227159540563
leaf_weight=1.6331103201955537 1.3364367708563811 2.3517736596986656 0.44375736545771349 0.98945828340947617 3.1477720653638244 0.46564172953367233
leaf_count=8 4 8 8 8 16 4
internal_value=0 -0.0054118 -0.0132797 -0.0194733 0.00158349 0.00947615
internal_weight=0 9.03151 4.25063 3.34123 4.78088 0.909399
internal_count=56 52 28 16 24 12
is_linear=0
shrinkage=0.1


Tree=77
num_leaves=7
num_cat=0
split_feature=0 0 0 0 0 0
split_gain=0.0247794 0.0351136 0.0793133 0.0474662 7.45902e-05 0.00273555
threshold=0.0045876381482746224 0.0081110765263017488 0.0072513893889438134 0.0088807551912432926 0.016831777094257917 0.011060829098723822
decision_type=2 2 2 2 2 2
left_child=-1 2 -2 -3 5 -5
right_child=1 3 -4 4 -6 -7
leaf_value=0.011180892838601084 -0.0010200470956869606 0.019555175598518722 -0.033372749941472601 0.0043052056167784663 -0.002288648349288689 -0.0068461470905111441
leaf_weight=1.667743572965265 3.1403404939919692 1.3598128091543911 0.99873842298984516 0.32191469345707469 2.3306005224585533 0.69473776640370488
leaf_count=8 16 8 4 8 4 8
internal_value=0 -0.00210791 -0.00882659 0.00380005 -0.00260043 -0.00331516
internal_weight=0 8.84614 4.13908 4.70707 3.34725 1.01665
internal_count=56 48 20 28 20 16
is_linear=0
shrinkage=0.1


Tree=78
num_leaves=7
num_cat=0
split_feature=0 0 0 0 0 0
split_gain=0.192251 0.0544096 0.226929 0.0884098 0.005054 0.0112553
threshold=0.0045876381482746224 0.0081110765263017488 0.0072513893889438134 0.0088807551912432926 0.016831777094257917 0.011060829098723822
decision_type=2 2 2 2 2 2
left_child=-1 2 -2 -3 5 -5
right_child=1 3 -4 4 -6 -7
leaf_value=0.029326739748021503 -0.00017070158479820454 0.021497652650273716 -0.052070413532792639 0.001561312816906076 -0.0053431525793321989 -0.021483415407452855
leaf_weight=1.8541232673451311 3.1105039203539473 1.491445818915963 1.1554272919893263 0.31448563706362653 2.2964897807687521 0.64998790971003473
leaf_count=8 16 8 4 8 4 8
internal_value=0 -0.00602942 -0.0142277 0.00132967 -0.00789443 -0.0139692
internal_weight=0 9.01834 4.26593 4.75241 3.26096 0.964474
internal_count=56 48 20 28 20 16
is_linear=0
shrinkage=0.1


Tree=79
num_leaves=7
num_cat=0
split_feature=0 0 0 0 0 0
split_gain=0.28471 0.120823 0.0385556 0.0146322 0.00823551 6.67314e-06
threshold=0.0099119325506710817 0.0072513893889438134 0.016831777094257917 0.0084342640768936099 0.0045876381482746224 0.014451459212147534
decision_type=2 2 2 2 2 2
left_child=1 4 5 -3 -1 -2
right_child=2 3 -4 -5 -6 -7
leaf_value=0.0072995466717012351 0.013754241065279844 -0.027073376456262302 0.040134720691947713 -0.012733144305941364 -0.0014675069732092189 0.014296162780543154
leaf_weight=1.6251168427988867 0.45566363394027676 2.4891766794025902 1.4970303028821945 0.99633944337256242 3.145149452611804 0.45324442908167839
leaf_count=8 8 8 4 8 16 4
internal_value=0 -0.00882168 0.0302709 -0.0229742 0.00151922 0.0140245
internal_weight=0 8.25578 2.40594 3.48552 4.77027 0.908908
internal_count=56 40 16 16 24 12
is_linear=0
shrinkage=0.1


Tree=80
num_leaves=7
num_cat=0
split_feature=0 0 0 0 0 0
split_gain=0.0188697 0.087373 0.0239914 0.00751813 0.00129882 0.0101878
threshold=0.0081110765263017488 0.0072513893889438134 0.0088807551912432926 0.0045876381482746224 0.016831777094257917 0.011060829098723822
decision_type=2 2 2 2 2 2
left_child=1 3 -2 -1 5 -4
right_child=2 -3 4 -5 -6 -7
leaf_value=0.0073541742194227992 0.016249243862386773 -0.030728541770443592 -0.011331575972066481 -0.0010375856386493207 -0.0010330350012508439 0.0101036756420523
leaf_weight=1.6160745071247218 1.3026443589478729 0.99820826947689045 0.3260840700240808 3.1455642832443118 2.3424971271306276 0.6928445597877726
leaf_count=8 8 4 8 16 4 8
internal_value=0 -0.00382864 0.00472813 0.00181053 0.000263385 0.00324383
internal_weight=0 5.75985 4.66407 4.76164 3.36143 1.01893
internal_count=56 28 28 24 20 16
is_linear=0
shrinkage=0.1


Tree=81
num_leaves=7
num_cat=0
split_feature=0 0 0 0 0 0
split_gain=0.00673134 0.0402773 0.0338913 0.00623381 0.00203624 0.0312481
threshold=0.0088807551912432926 0.0081110765263017488 0.0072513893889438134 0.004706937503068085 0.016831777094257917 0.014451459212147534
decision_type=2 2 2 2 2 2
left_child=1 2 3 -1 5 -2
right_child=4 -3 -4 -5 -6 -7
leaf_value=-0.0029984513934540264 -0.023736348610681336 0.01725012144658181 -0.019343369069275931 0.0043969297715632195 -0.0020950256068265733 0.011875851313412643
leaf_weight=1.8828206574544308 0.54051340266596559 1.3542957818135617 0.93488785624504078 2.8883242141455412 2.3291659913957119 0.45279964804649353
leaf_count=16 12 8 4 8 4 4
internal_value=0 0.00174667 -0.00193298 0.00147852 -0.00371172 -0.0075026
internal_weight=0 7.06033 5.70603 4.77114 3.32248 0.993313
internal_count=56 36 28 24 20 16
is_linear=0
shrinkage=0.1


Tree=82
num_leaves=7
num_cat=0
split_feature=0 0 0 0 0 0
split_gain=0.00976516 0.0558876 0.0296965 0.00739558 1.67539e-06 0.0211169
threshold=0.0088807551912432926 0.0081110765263017488 0.0072513893889438134 0.004706937503068085 0.016831777094257917 0.014451459212147534
decision_type=2 2 2 2 2 2
left_child=1 2 3 -1 5 -2
right_child=4 -3 -4 -5 -6 -7
leaf_value=-0.0040981216851499825 -0.017983316293685866 0.019531667399501206 -0.01873701356487566 0.0039769290194790483 -0.0044592350159961477 0.011354014133970356
leaf_weight=1.8720125202089546 0.53842796193202991 1.4594988767057655 0.93108339607715596 2.877607449889183 2.3026671260595322 0.45075000077486038
leaf_count=16 12 8 4 8 4 4
internal_value=0 0.0020774 -0.00240699 0.000794233 -0.00450599 -0.00461484
internal_weight=0 7.1402 5.6807 4.74962 3.29185 0.989178
internal_count=56 36 28 24 20 16
is_linear=0
shrinkage=0.1


Tree=83
num_leaves=8
num_cat=0
split_feature=0 0 0 0 0 0 0
split_gain=0.0567436 0.0727022 0.171834 0.0351132 0.0251294 0.0088921 0.000729003
threshold=0.016831777094257917 0.0081110765263017488 0.0084342640768936099 0.0099119325506710817 0.0072513893889438134 0.004706937503068085 0.014451459212147534
decision_type=2 2 2 2 2 2 2
left_child=1 4 -3 -4 5 -1 -5
right_child=-2 2 3 6 -6 -7 -8
leaf_value=-0.005247178925168793 -0.014193465509581305 0.050744584549364417 -0.013676420091624654 0.016991285754695131 -0.017888340074989358 0.0036214092796237672 0.011131135654606494
leaf_weight=1.8664712244644741 2.230937648564578 0.97717596683651242 1.0081513789191374 0.40276305103907351 0.92596219480037678 2.8674334567040205 0.44885732978582382
leaf_count=16 4 4 8 8 4 8 4
internal_value=0 0.00372666 0.0167921 -0.00104752 -0.00282224 0.000124726 0.0139026
internal_weight=0 8.49681 2.83695 1.85977 5.65987 4.7339 0.85162
internal_count=56 52 24 20 28 24 12
is_linear=0
shrinkage=0.1


Tree=84
num_leaves=8
num_cat=0
split_feature=0 0 0 0 0 0 0
split_gain=0.112188 0.017761 0.023689 0.00842462 0.000315165 0.000253998 7.08775e-05
threshold=0.016831777094257917 0.0072513893889438134 0.0099119325506710817 0.004706937503068085 0.014451459212147534 0.0081110765263017488 0.0084342640768936099
decision_type=2 2 2 2 2 2 2
left_child=1 3 5 -1 -4 -3 -7
right_child=-2 2 4 -5 -6 6 -8
leaf_value=-0.0049039889001735257 0.029723813348216443 -0.014146688092762611 0.0040157256307871017 0.0037254155295342001 0.0078768339573829227 -0.012670027923607339 -0.011539524206420451
leaf_weight=1.8702524993568639 1.1248990260064609 0.90665363520383913 0.3952680054353549 2.8634498659521341 0.45447515696287155 1.2369914725422861 1.0052741825347764
leaf_count=16 4 4 8 8 4 4 8
internal_value=0 -0.00382901 -0.00873595 0.000315999 0.00608079 -0.0127343 -0.0121632
internal_weight=0 8.73236 3.99866 4.7337 0.849743 3.14892 2.24227
internal_count=56 52 28 24 12 16 12
is_linear=0
shrinkage=0.1


Tree=85
num_leaves=7
num_cat=0
split_feature=0 0 0 0 0 0
split_gain=0.184866 0.0299983 0.0232421 0.00785494 0.0049488 0.00075665
threshold=0.016831777094257917 0.0072513893889438134 0.0099119325506710817 0.004706937503068085 0.0084342640768936099 0.014451459212147534
decision_type=2 2 2 2 2 2
left_child=1 3 4 -1 -3 -4
right_child=-2 2 5 -5 -6 -7
leaf_value=-0.0047512301079540584 0.035369077180532497 -0.017820786497842953 0.00015062199058863053 0.0035783273845109071 -0.0094062407994098419 0.0061510698976547009
leaf_weight=1.8758959053084234 1.2897725664079196 2.2593146674335007 0.39034083730075497 2.8554528262466192 1.0120136688929049 0.45523615553975105
leaf_count=16 4 8 8 8 8 4
internal_value=0 -0.0051556 -0.0113976 0.000275805 -0.0152177 0.0033811
internal_weight=0 8.84825 4.11691 4.73135 3.27133 0.845577
internal_count=56 52 28 24 16 12
is_linear=0
shrinkage=0.1


Tree=86
num_leaves=6
num_cat=0
split_feature=0 0 0 0 0
split_gain=0.018414 0.0569651 0.00940008 0.0039653 0.0226551
threshold=0.0088807551912432926 0.0081110765263017488 0.0045876381482746224 0.016831777094257917 0.014451459212147534
decision_type=2 2 2 2 2
left_child=1 2 -1 4 -2
right_child=3 -3 -4 -5 -6
leaf_value=0.0048723943106742176 -0.025467574346577506 0.020898231418249993 -0.0041947171593007581 -0.0038975636485782633 0.0049117148468813326
leaf_weight=1.5985332690179346 0.53275000385474447 1.4055254487320779 4.0157329272478819 2.3052725419402122 0.45523777604103088
leaf_count=8 12 8 20 4 4
internal_value=0 0.00289422 -0.00161307 -0.00616921 -0.0114696
internal_weight=0 7.01979 5.61427 3.29326 0.987988
internal_count=56 36 28 20 16
is_linear=0
shrinkage=0.1


Tree=87
num_leaves=5
num_cat=0
split_feature=0 0 0 0
split_gain=0.0465333 0.0864103 0.101878 0.00743919
threshold=0.011060829098723822 0.0081110765263017488 0.0084342640768936099 0.0045876381482746224
decision_type=2 2 2 2
left_child=1 3 -3 -1
right_child=-2 2 -4 -5
leaf_value=0.0034890771186944594 -0.010838513871616891 0.049379036641118479 0.0034513359357308234 -0.004585175043206666
leaf_weight=1.5950226867571471 2.8754173498600721 0.8066198090091351 1.2037705842521971 4.009578107856214
leaf_count=8 12 4 12 20
internal_value=0 0.00409262 0.0218787 -0.00228731
internal_weight=0 7.61499 2.01039 5.6046
internal_count=56 44 16 28
is_linear=0
shrinkage=0.1


Tree=88
num_leaves=7
num_cat=0
split_feature=0 0 0 0 0 0
split_gain=0.115088 0.0123879 0.0257048 0.0110665 0.00118565 9.1525e-06
threshold=0.016831777094257917 0.0099119325506710817 0.0072513893889438134 0.004706937503068085 0.0084342640768936099 0.014451459212147534
decision_type=2 2 2 2 2 2
left_child=1 2 3 -1 -4 -3
right_child=-2 5 4 -5 -6 -7
leaf_value=-0.00649557639960159 0.029883309895431573 0.0073168190573210563 -0.01347579265961983 0.003430430321581818 -0.0093068713189669982 0.0079819269473823153
leaf_weight=1.8513007257133702 1.1393100116401917 0.38317504338920105 2.1446447223424916 2.85594791918993 1.0004211606574243 0.4497348926961422
leaf_count=16 4 8 8 8 8 4
internal_value=0 -0.00392003 -0.00515004 -0.000473341 -0.0121497 0.00767595
internal_weight=0 8.68522 7.85231 4.70725 3.14507 0.83291
internal_count=56 52 40 24 16 12
is_linear=0
shrinkage=0.1


Tree=89
num_leaves=6
num_cat=0
split_feature=0 0 0 0 0
split_gain=0.233446 0.0316365 0.0346015 0.010428 0.00900843
threshold=0.016831777094257917 0.0072513893889438134 0.0084342640768936099 0.004706937503068085 0.011060829098723822
decision_type=2 2 2 2 2
left_child=1 3 -3 -1 -4
right_child=-2 2 4 -5 -6
leaf_value=-0.0062278486108065887 0.037885809859823733 -0.020394424673379194 0.0030420352107574673 0.0034118647638990197 -0.011743340161938152
leaf_weight=1.8484986731782536 1.4041890203952796 2.3396665779873729 1.2006954671815036 2.8561621494591236 0.62741294817533333
leaf_count=16 4 8 12 8 8
internal_value=0 -0.00599597 -0.0123403 -0.000375655 -0.00203236
internal_weight=0 8.87244 4.16777 4.70466 1.82811
internal_count=56 52 28 24 20
is_linear=0
shrinkage=0.1


Tree=90
num_leaves=6
num_cat=0
split_feature=0 0 0 0 0
split_gain=0.00853015 0.0154366 0.0316186 0.00160766 0.0264625
threshold=0.004706937503068085 0.0088807551912432926 0.0081110765263017488 0.016831777094257917 0.014451459212147534
decision_type=2 2 2 2 2
left_child=-1 2 -2 4 -3
right_child=1 3 -4 -5 -6
leaf_value=-0.0061380260230318095 0.00011756491563274061 -0.023181460047225211 0.018103191679954639 -0.0025730611960015463 0.01027276159707409
leaf_weight=1.8520285347476608 3.7333034686744195 0.50311740156030316 1.324118294753134 2.3168507572263479 0.44608628749847412
leaf_count=16 12 12 8 4 4
internal_value=0 0.00136575 0.00482651 -0.00399315 -0.00745937
internal_weight=0 8.32348 5.05742 3.26605 0.949204
internal_count=56 40 20 20 16
is_linear=0
shrinkage=0.1


Tree=91
num_leaves=5
num_cat=0
split_feature=0 0 0 0
split_gain=0.0112866 0.0476488 0.0706006 0.00645598
threshold=0.011060829098723822 0.0081110765263017488 0.0084342640768936099 0.0045876381482746224
decision_type=2 2 2 2
left_child=1 3 -3 -1
right_child=-2 2 -4 -5
leaf_value=0.0029819203516803089 -0.005274370902592169 0.046298204443598043 0.0029185466712768073 -0.0045591247362667276
leaf_weight=1.586121874861419 2.9048431041883305 0.54667140915989865 1.1959478458156807 3.9939313624054193
leaf_count=8 12 4 12 20
internal_value=0 0.0020923 0.016527 -0.00241559
internal_weight=0 7.32267 1.74262 5.58005
internal_count=56 44 16 28
is_linear=0
shrinkage=0.1


Tree=92
num_leaves=7
num_cat=0
split_feature=0 0 0 0 0 0
split_gain=0.164745 0.0188959 0.0359039 0.0108078 0.00447621 7.78127e-05
threshold=0.016831777094257917 0.0099119325506710817 0.0072513893889438134 0.004706937503068085 0.0084342640768936099 0.014451459212147534
decision_type=2 2 2 2 2 2
left_child=1 2 3 -1 -4 -3
right_child=-2 5 4 -5 -6 -7
leaf_value=-0.006756958719218522 0.033848910852881414 0.0085862729086722857 -0.016987571106659459 0.0030742222848612849 -0.0089230725559099819 0.01055179218281823
leaf_weight=1.8403707407414893 1.2568190991878516 0.37081913405563671 2.2259286856278782 2.8497020304203033 0.99633709399495263 0.44089894369244576
leaf_count=16 4 8 8 8 8 4
internal_value=0 -0.0048764 -0.00636704 -0.000783504 -0.014494 0.00965388
internal_weight=0 8.72406 7.91234 4.69007 3.22227 0.811718
internal_count=56 52 40 24 16 12
is_linear=0
shrinkage=0.1


Tree=93
num_leaves=6
num_cat=0
split_feature=0 0 0 0 0
split_gain=0.0163497 0.0599499 0.00562398 0.000235642 0.0207639
threshold=0.0088807551912432926 0.0081110765263017488 0.004706937503068085 0.016831777094257917 0.014451459212147534
decision_type=2 2 2 2 2
left_child=1 2 -1 4 -2
right_child=3 -3 -4 -5 -6
leaf_value=-0.0064978181414678971 -0.021496176967352038 0.021023554661751619 0.00026097359000121836 -0.0053615431571210417 0.008472517023848939
leaf_weight=1.8378473706543443 0.48641016671899739 1.4238847969099877 3.7293322905898094 2.2835908941924572 0.44061894342303276
leaf_count=16 12 8 12 4 4
internal_value=0 0.00271295 -0.00197025 -0.00590739 -0.00725199
internal_weight=0 6.99106 5.56718 3.21062 0.927029
internal_count=56 36 28 20 16
is_linear=0
shrinkage=0.1


Tree=94
num_leaves=5
num_cat=0
split_feature=0 0 0 0
split_gain=0.0780314 0.112892 0.116104 0.0057748
threshold=0.011060829098723822 0.0081110765263017488 0.0084342640768936099 0.0045876381482746224
decision_type=2 2 2 2
left_child=1 3 -3 -1
right_child=-2 2 -4 -5
leaf_value=0.0027543337163230906 -0.014271152262828865 0.050007070511712416 0.0034990623271028442 -0.0043863308971101682
leaf_weight=1.583095367066562 2.8098504121298902 0.98078820016235146 1.1856895769888067 3.9795578327029943
leaf_count=8 12 4 12 20
internal_value=0 0.00518815 0.0245537 -0.00235414
internal_weight=0 7.72913 2.16648 5.56265
internal_count=56 44 16 28
is_linear=0
shrinkage=0.1


Tree=95
num_leaves=7
num_cat=0
split_feature=0 0 0 0 0 0
split_gain=0.101266 0.0200375 0.0130653 0.0110665 0.000850139 1.29598e-07
threshold=0.0099119325506710817 0.0072513893889438134 0.016831777094257917 0.004706937503068085 0.0084342640768936099 0.014451459212147534
decision_type=2 2 2 2 2 2
left_child=1 3 5 -1 -3 -2
right_child=2 4 -4 -5 -6 -7
leaf_value=-0.0069946164459430919 0.010916661478453106 -0.012433327944256625 0.027746570100407392 0.0029726619410948866 -0.0088779073051203292 0.010997427145501055
leaf_weight=1.8304973077028988 0.36548074777238038 2.1096831867471342 1.101489532738924 2.8455474879592657 0.9872352800448424 0.43531458079814911
leaf_count=16 8 8 4 8 8 4
internal_value=0 -0.0050611 0.0206803 -0.000929156 -0.0112999 0.0109606
internal_weight=0 7.77296 1.90228 4.67604 3.09692 0.800795
internal_count=56 40 16 24 16 12
is_linear=0
shrinkage=0.1


Tree=96
num_leaves=7
num_cat=0
split_feature=0 0 0 0 0 0
split_gain=0.160429 0.0170592 0.0277988 0.010312 0.00616758 0.000274753
threshold=0.016831777094257917 0.0072513893889438134 0.0099119325506710817 0.004706937503068085 0.0084342640768936099 0.014451459212147534
decision_type=2 2 2 2 2 2
left_child=1 3 4 -1 -3 -4
right_child=-2 2 5 -5 -6 -7
leaf_value=-0.0065894967549950407 0.033453494647767715 -0.016715914204846329 0.0050500937509060546 0.0030358843046699611 -0.0072104619871648417 0.0087806699824123369
leaf_weight=1.8282817164435963 1.2525748573243625 2.214999715797604 0.36118941858876485 2.8450884483754635 0.98667040205327783 0.43540478870272636
leaf_count=16 4 8 8 8 8 4
internal_value=0 -0.00483219 -0.0096274 -0.000729687 -0.0137866 0.00708916
internal_weight=0 8.67163 3.99826 4.67337 3.20167 0.796594
internal_count=56 52 28 24 16 12
is_linear=0
shrinkage=0.1


Tree=97
num_leaves=6
num_cat=0
split_feature=0 0 0 0 0
split_gain=0.0195003 0.0612191 0.00579956 0.000416002 0.0197856
threshold=0.0088807551912432926 0.0081110765263017488 0.004706937503068085 0.016831777094257917 0.014451459212147534
decision_type=2 2 2 2 2
left_child=1 2 -1 4 -2
right_child=3 -3 -4 -5 -6
leaf_value=-0.0063950160417522613 -0.022499656431441997 0.02149125139026627 0.00048614138543820766 -0.0057638377207172228 0.0070828772115936051
leaf_weight=1.826745858415961 0.4709373114164922 1.4197947671636937 3.7171184197068214 2.2766400557011366 0.43485511839389801
leaf_count=16 12 8 12 4 4
internal_value=0 0.00296369 -0.00178125 -0.006485 -0.0082976
internal_weight=0 6.96366 5.54386 3.18243 0.905792
internal_count=56 36 28 20 16
is_linear=0
shrinkage=0.1


Tree=98
num_leaves=5
num_cat=0
split_feature=0 0 0 0
split_gain=0.0940707 0.11977 0.116089 0.00557665
threshold=0.011060829098723822 0.0081110765263017488 0.0084342640768936099 0.004706937503068085
decision_type=2 2 2 2
left_child=1 3 -3 -1
right_child=-2 2 -4 -5
leaf_value=-0.0066951982092022053 -0.015748276716965486 0.050031086968180129 0.0039614710733106781 5.8658580809871857e-05
leaf_weight=1.8215955616906283 2.7882596307608765 1.0241113565862181 1.1739865400159031 3.717653090134263
leaf_count=16 12 4 12 12
internal_value=0 0.0056751 0.0254257 -0.00216236
internal_weight=0 7.73735 2.1981 5.53925
internal_count=56 44 16 28
is_linear=0
shrinkage=0.1


Tree=99
num_leaves=7
num_cat=0
split_feature=0 0 0 0 0 0
split_gain=0.0911429 0.0181978 0.0133181 0.00908611 0.00131312 4.03421e-05
threshold=0.0099119325506710817 0.0072513893889438134 0.016831777094257917 0.004706937503068085 0.0084342640768936099 0.014451459212147534
decision_type=2 2 2 2 2 2
left_child=1 3 5 -1 -3 -2
right_child=2 4 -4 -5 -6 -7
leaf_value=-0.0063663504327431458 0.0090670753825123906 -0.012174276383019695 0.026934909019849892 0.0026849014948089429 -0.0077406981380632456 0.010506569878328058
leaf_weight=1.8205850813537834 0.35611309122759816 2.0970826847478752 1.0896050781011581 2.8378537446260452 0.98030397674301628 0.4294925332069397
leaf_count=16 8 8 4 8 8 4
internal_value=0 -0.00479455 0.019779 -0.000852458 -0.010762 0.00985405
internal_weight=0 7.73583 1.87521 4.65844 3.07739 0.785606
internal_count=56 40 16 24 16 12
is_linear=0
shrinkage=0.1


end of trees

feature_importances:
word_overlap=538

parameters:
[boosting: gbdt]
[objective: lambdarank]
[metric: ndcg]
[tree_learner: serial]
[device_type: cpu]
[data: ]
[valid: ]
[num_iterations: 100]
[learning_rate: 0.1]
[num_leaves: 16]
[num_threads: 6]
[deterministic: 0]
[force_col_wise: 0]
[force_row_wise: 0]
[histogram_pool_size: -1]
[max_depth: -1]
[min_data_in_leaf: 5]
[min_sum_hessian_in_leaf: 0.001]
[bagging_fraction: 1]
[pos_bagging_fraction: 1]
[neg_bagging_fraction: 1]
[bagging_freq: 0]
[bagging_seed: 3]
[feature_fraction: 1]
[feature_fraction_bynode: 1]
[feature_fraction_seed: 2]
[extra_trees: 0]
[extra_seed: 6]
[early_stopping_round: 0]
[first_metric_only: 0]
[max_delta_step: 0]
[lambda_l1: 0]
[lambda_l2: 0]
[linear_lambda: 0]
[min_gain_to_split: 0]
[drop_rate: 0.1]
[max_drop: 50]
[skip_drop: 0.5]
[xgboost_dart_mode: 0]
[uniform_drop: 0]
[drop_seed: 4]
[top_rate: 0.2]
[other_rate: 0.1]
[min_data_per_group: 100]
[max_cat_threshold: 32]
[cat_l2: 10]
[cat_smooth: 10]
[max_cat_to_onehot: 4]
[top_k: 20]
[monotone_constraints: ]
[monotone_constraints_method: basic]
[monotone_penalty: 0]
[feature_contri: ]
[forcedsplits_filename: ]
[refit_decay_rate: 0.9]
[cegb_tradeoff: 1]
[cegb_penalty_split: 0]
[cegb_penalty_feature_lazy: ]
[cegb_penalty_feature_coupled: ]
[path_smooth: 0]
[interaction_constraints: ]
[verbosity: 1]
[saved_feature_importance_type: 0]
[linear_tree: 0]
[max_bin: 255]
[max_bin_by_feature: ]
[min_data_in_bin: 3]
[bin_construct_sample_cnt: 200000]
[data_random_seed: 1]
[is_enable_sparse: 1]
[enable_bundle: 1]
[use_missing: 1]
[zero_as_missing: 0]
[feature_pre_filter: 1]
[pre_partition: 0]
[two_round: 0]
[header: 0]
[label_column: ]
[weight_column: ]
[group_column: ]
[ignore_column: ]
[categorical_feature: ]
[forcedbins_filename: ]
[precise_float_parser: 0]
[parser_config_file: ]
[objective_seed: 5]
[num_class: 1]
[is_unbalance: 0]
[scale_pos_weight: 1]
[sigmoid: 1]
[boost_from_average: 1]
[reg_sqrt: 0]
[alpha: 0.9]
[fair_c: 1]
[poisson_max_delta_step: 0.7]
[tweedie_variance_power: 1.5]
[lambdarank_truncation_level: 30]
[lambdarank_norm: 1]
[label_gain: ]
[eval_at: 1,2,3,4,5]
[multi_error_top_k: 1]
[auc_mu_weights: ]
[num_machines: 1]
[local_listen_port: 12400]
[time_out: 120]
[machine_list_filename: ]
[machines: ]
[gpu_platform_id: -1]
[gpu_device_id: -1]
[gpu_use_dp: 0]
[num_gpu: 1]

end of parameters

pandas_categorical:null
