tree
version=v4
num_class=1
num_tree_per_iteration=1
label_index=0
max_feature_idx=0
objective=lambdarank
feature_names=word_overlap
feature_infos=[0.0017653313005275932:0.016985972381420227]
tree_sizes=859 1063 1072 968 1074 968 1081 870 1078 1086 1086 1081 1085 1092 984 1092 1089 1091 1095 1096 1091 769 1087 768 1089 769 1194 991 995 1103 995 992 1000 1100 674 999 1100 673 997 1095 674 1000 1102 676 999 1207 780 1209 672 784 1204 780 1210 879 772 890 671 992 778 887 987 779 768 674 776 995 676 993 888 890 878 1108 676 1104 675 1004 994 673 1000 1002 675 1007 999 675 1113 999 675 1004 1112 677 1010 1107 676 1006 1112 680 1007 1001 682 1007

Tree=0
num_leaves=7
num_cat=0
split_feature=0 0 0 0 0 0
split_gain=0.909573 1.93622 1.2455 0.379024 0.384054 0.245615
threshold=0.0045876381482746224 0.0060247522101428714 0.0082404255037043152 0.002365692145855696 0.0028671281842487023 0.0078442005138157894
decision_type=2 2 2 2 2 2
left_child=3 -2 5 -1 -5 -3
right_child=1 2 -4 4 -6 -7
leaf_value=-0.010652588780244925 -0.14222908933754819 0.049690647158228546 -0.07376927222323218 0.13916783350048903 0.031759782488660744 0.14088269495877481
leaf_weight=0.63185257837176312 1.0746061131358149 0.71010774746537231 0.78818904608488072 0.640847038477659 0.69279045984148979 0.50567861273884773
leaf_count=8 12 8 12 4 8 4
internal_value=0 -0.0339303 0.0241435 0.0531457 0.0833721 0.0876199
internal_weight=0 3.07858 2.00398 1.96549 1.33364 1.21579
internal_count=56 36 24 20 12 12
is_linear=0
shrinkage=0.1


Tree=1
num_leaves=9
num_cat=0
split_feature=0 0 0 0 0 0 0 0
split_gain=2.27605 1.94763 0.566678 1.14909 0.297293 0.23996 0.112602 0.107581
threshold=0.0045876381482746224 0.0041485052873060776 0.0066705815683823144 0.0078442005138157894 0.0082404255037043152 0.0060247522101428714 0.002365692145855696 0.011511922585286698
decision_type=2 2 2 2 2 2 2 2
left_child=1 6 5 -4 -5 -2 -1 -6
right_child=2 -3 3 4 7 -7 -8 -9
leaf_value=0.028766632623907357 -0.10895700648766538 0.11147496320887229 0.034505340229531695 -0.079596787561873036 -0.011542815202995861 -0.04854627712513284 -0.0013951446929514101 -0.052872806941542942
leaf_weight=1.7239415347576157 1.0134277045726758 2.5275507271289825 2.6818956136703491 1.8057521581649778 1.6719221100211143 1.8722839653491974 4.388791635632515 1.0104262083768845
leaf_count=8 12 4 4 4 8 4 8 4
internal_value=0 0.0376408 -0.0323426 -0.0172825 -0.0482286 -0.0697618 0.00711122 -0.0271116
internal_weight=0 8.64028 10.0557 7.17 4.4881 2.88571 6.11273 2.68235
internal_count=56 20 36 20 16 16 16 12
is_linear=0
shrinkage=0.1


Tree=2
num_leaves=9
num_cat=0
split_feature=0 0 0 0 0 0 0 0
split_gain=2.35044 0.657917 0.314788 0.697353 0.671255 0.18363 0.0716202 0.0441902
threshold=0.0093559016286032231 0.0028671281842487023 0.0066705815683823144 0.0045876381482746224 0.0060247522101428714 0.002365692145855696 0.0046472771828046872 0.0078442005138157894
decision_type=2 2 2 2 2 2 2 2
left_child=1 5 3 -3 6 -1 -5 -4
right_child=-2 2 7 4 -6 -7 -8 -9
leaf_value=0.019685425149188092 -0.11610387797151661 0.0083783667222370722 0.0078510028091033947 -0.14599991980840007 -0.0059625649871877587 0.058546956129720967 -0.094682711261760158 0.028437326507106609
leaf_weight=2.1309620365500477 1.5826023593544949 4.1088329553604108 1.9250169992446897 0.44206453859806061 1.1334710568189621 2.8316183686256409 0.70678392052650452 2.2750431597232819
leaf_count=8 8 8 4 4 4 4 8 8
internal_value=0 0.0118136 -0.00226464 -0.0162404 -0.0605612 0.0418596 -0.114429 0.019002
internal_weight=0 15.5538 10.5912 6.39115 2.28232 4.96258 1.14885 4.20006
internal_count=56 48 36 24 16 12 12 12
is_linear=0
shrinkage=0.1


Tree=3
num_leaves=8
num_cat=0
split_feature=0 0 0 0 0 0 0
split_gain=1.20788 0.511413 0.283326 0.658742 0.22362 0.202063 0.147471
threshold=0.0045876381482746224 0.0093559016286032231 0.0066705815683823144 0.0060247522101428714 0.0028671281842487023 0.0078442005138157894 0.002365692145855696
decision_type=2 2 2 2 2 2 2
left_child=4 2 3 -2 6 -4 -1
right_child=1 -3 5 -5 -6 -7 -8
leaf_value=0.019145356428218442 -0.11253602492633213 -0.096349683599387517 0.017037580866446678 0.0053473259967427352 0.0077624562856481076 -0.027294785414249137 0.055088240282032165
leaf_weight=1.9951512068510036 0.91922307759523458 1.0205421261489389 2.0648560225963593 0.97878693044185638 4.1328070610761642 2.0477127879858017 2.6679714322090149
leaf_count=8 12 8 4 4 8 8 4
internal_value=0 -0.0308987 -0.0197857 -0.0517446 0.0246992 -0.0050362 0.0397098
internal_weight=0 7.03112 6.01058 1.89801 8.79593 4.11257 4.66312
internal_count=56 36 28 16 20 12 12
is_linear=0
shrinkage=0.1


Tree=4
num_leaves=9
num_cat=0
split_feature=0 0 0 0 0 0 0 0
split_gain=2.21885 0.349116 0.261004 0.0181266 0.445932 0.0272171 0.010387 0.00979907
threshold=0.0045876381482746224 0.0028671281842487023 0.0093559016286032231 0.0066705815683823144 0.0060247522101428714 0.0078442005138157894 0.002365692145855696 0.004706937503068085
decision_type=2 2 2 2 2 2 2 2
left_child=1 6 3 4 7 -5 -1 -2
right_child=2 -3 -4 5 -6 -7 -8 -9
leaf_value=0.054970724024394214 -0.090860606279342934 0.010832269073742523 -0.094348613046710827 -0.023454771999208 0.0029940799412545654 -0.040094529962086706 0.045747892639445509 -0.11373987052021972
leaf_weight=2.3870915621519071 0.49792152084410257 4.1580527424812317 0.89677042514085759 1.7905852794647219 0.90849615633487701 2.1794519536197186 2.5000110864639282 0.29997643269598484
leaf_count=8 8 8 8 4 4 8 4 4
internal_value=0 0.0321312 -0.0442146 -0.0362944 -0.0449138 -0.0325896 0.0502528 -0.0994623
internal_weight=0 9.04516 6.5732 5.67643 1.70639 3.97004 4.8871 0.797898
internal_count=56 20 36 28 16 12 12 12
is_linear=0
shrinkage=0.1


Tree=5
num_leaves=8
num_cat=0
split_feature=0 0 0 0 0 0 0
split_gain=1.58506 0.342233 0.297266 0.204649 0.291523 0.0135794 0.0109963
threshold=0.0045876381482746224 0.0082404255037043152 0.0028671281842487023 0.0066705815683823144 0.0060247522101428714 0.0046472771828046872 0.002365692145855696
decision_type=2 2 2 2 2 2 2
left_child=2 3 6 4 5 -2 -1
right_child=1 -3 -4 -5 -6 -7 -8
leaf_value=0.038294691086285186 -0.12017329942045699 -0.085509750225244749 0.0066983632833219568 -0.010906777211182418 -0.021226673277746844 -0.09184970118151807 0.0477040964677799
leaf_weight=2.591815769672392 0.26054462231695708 1.2765223272144792 4.2089602053165436 2.9583199769258499 1.1352784484624863 0.48319437354803085 2.3848029226064682
leaf_count=8 4 12 8 8 4 8 4
internal_value=0 -0.0394531 0.0262597 -0.0272993 -0.0531075 -0.101772 0.0428037
internal_weight=0 6.11386 9.18558 4.83734 1.87902 0.743739 4.97662
internal_count=56 36 20 24 16 12 12
is_linear=0
shrinkage=0.1


Tree=6
num_leaves=9
num_cat=0
split_feature=0 0 0 0 0 0 0 0
split_gain=0.633922 0.457184 0.483482 0.448178 0.173318 0.0843758 0.0510765 0.000814907
threshold=0.0045876381482746224 0.0093559016286032231 0.0066705815683823144 0.0041485052873060776 0.0060247522101428714 0.002365692145855696 0.0078442005138157894 0.004706937503068085
decision_type=2 2 2 2 2 2 2 2
left_child=3 2 4 5 7 -1 -4 -2
right_child=1 -3 6 -5 -6 -7 -8 -9
leaf_value=0.01132563697147675 -0.093974730012434948 -0.095420773400365644 0.021894346830008168 0.043375483444879077 -0.030805481393107039 -0.012542355340609452 -0.0044412375302522915 -0.10103122947485579
leaf_weight=2.7907656580209714 0.41977555863559313 0.83386744931340206 1.5343899279832842 3.5970141291618347 0.94898447394371033 3.1560994014143944 1.4160986505448816 0.26822696253657341
leaf_count=8 8 8 4 4 4 8 8 4
internal_value=0 -0.0273077 -0.0149268 0.015512 -0.0585109 -0.0013415 0.00925448 -0.0967258
internal_weight=0 5.42134 4.58748 9.54388 1.63699 5.94687 2.95049 0.688003
internal_count=56 36 28 20 16 16 12 12
is_linear=0
shrinkage=0.1


Tree=7
num_leaves=7
num_cat=0
split_feature=0 0 0 0 0 0
split_gain=0.972044 0.221868 0.325306 0.171092 0.0604595 9.50926e-05
threshold=0.0045876381482746224 0.0060247522101428714 0.0082404255037043152 0.0028671281842487023 0.002365692145855696 0.004706937503068085
decision_type=2 2 2 2 2 2
left_child=3 5 -3 4 -1 -2
right_child=1 2 -4 -5 -6 -7
leaf_value=0.021856646982319886 -0.088759986095634555 -0.010987760494518351 -0.073056655698516368 0.0048906438044532324 0.044337114518806238 -0.091260935170247581
leaf_weight=2.451396167278288 0.39874348975718099 3.2909606695175171 1.1358175724744795 4.0433290973305702 2.3367035239934921 0.24572118557989597
leaf_count=8 8 12 12 8 4 4
internal_value=0 -0.0348941 -0.0269133 0.0200371 0.0328276 -0.0897135
internal_weight=0 5.07124 4.42678 8.83143 4.7881 0.644465
internal_count=56 36 24 20 12 12
is_linear=0
shrinkage=0.1


Tree=8
num_leaves=9
num_cat=0
split_feature=0 0 0 0 0 0 0 0
split_gain=0.588961 0.249864 0.246935 0.263014 0.101234 0.0394802 0.0152962 0.000474854
threshold=0.0045876381482746224 0.0041485052873060776 0.0093559016286032231 0.0066705815683823144 0.0060247522101428714 0.002365692145855696 0.0078442005138157894 0.004706937503068085
decision_type=2 2 2 2 2 2 2 2
left_child=1 5 3 4 7 -1 -5 -2
right_child=2 -3 -4 6 -6 -7 -8 -9
leaf_value=0.011041244439814803 -0.08176563584006874 0.036231483235039212 -0.08010132942312792 0.007998445013106632 -0.029917423426107578 -0.0059841325105452689 -0.007402884741515384 -0.087526262310246045
leaf_weight=2.5314246416091901 0.37201519031077734 3.4511570036411285 0.77298540994524945 1.3460413813591006 0.81091268360614777 2.948416568338871 1.2379342336207626 0.23253887519240379
leaf_count=8 8 4 8 4 4 8 8 4
internal_value=0 0.0151547 -0.0283602 -0.01836 -0.0530085 0.00188078 0.000619957 -0.0839814
internal_weight=0 8.931 4.77243 3.99944 1.41547 5.47984 2.58398 0.604554
internal_count=56 20 36 28 16 16 12 12
is_linear=0
shrinkage=0.1


Tree=9
num_leaves=9
num_cat=0
split_feature=0 0 0 0 0 0 0 0
split_gain=0.602338 0.170159 0.175733 0.147626 0.0969452 0.0808329 0.00409033 0.000242508
threshold=0.0045876381482746224 0.0082404255037043152 0.0066705815683823144 0.0028671281842487023 0.0060247522101428714 0.002365692145855696 0.011511922585286698 0.004706937503068085
decision_type=2 2 2 2 2 2 2 2
left_child=3 2 4 5 7 -1 -3 -2
right_child=1 6 -4 -5 -6 -7 -8 -9
leaf_value=0.014729106086817673 -0.076922062730070989 -0.059932837721988222 -0.0014312641156065062 0.0014674998379644649 -0.023895764104286919 0.041270962853829495 -0.072844519996308171 -0.081157549091323111
leaf_weight=2.3172535896301252 0.35572407953441254 0.64891152270138241 2.1885634958744049 3.9306987971067429 0.74835079908370972 2.2728872001171112 0.39452313631772995 0.21804293617606163
leaf_count=8 8 8 8 8 4 4 4 4
internal_value=0 -0.0293589 -0.0188208 0.0156914 -0.0476064 0.0278718 -0.0648148 -0.0785316
internal_weight=0 4.55412 3.51068 8.52084 1.32212 4.59014 1.04343 0.573767
internal_count=56 36 24 20 16 12 12 12
is_linear=0
shrinkage=0.1


Tree=10
num_leaves=9
num_cat=0
split_feature=0 0 0 0 0 0 0 0
split_gain=0.469822 0.188914 0.162505 0.152872 0.0683634 0.0375344 0.00820827 0.000562562
threshold=0.0045876381482746224 0.0041485052873060776 0.0093559016286032231 0.0066705815683823144 0.0060247522101428714 0.002365692145855696 0.0078442005138157894 0.004706937503068085
decision_type=2 2 2 2 2 2 2 2
left_child=1 5 3 4 7 -1 -5 -2
right_child=2 -3 -4 6 -6 -7 -8 -9
leaf_value=0.01090844141412731 -0.071090192978516237 0.032021992363891666 -0.070572372208436665 0.0021211358910362618 -0.026002407394833588 -0.0061291654895180604 -0.0096828103311243866 -0.07773894888532179
leaf_weight=2.3704386651515943 0.33376786299049965 3.3592157959938049 0.71323664113879193 1.2463660985231402 0.68318696320056915 2.8448827117681503 1.1171439550817011 0.20568179618567228
leaf_count=8 8 4 8 4 4 8 8 4
internal_value=0 0.0135272 -0.0269782 -0.018308 -0.0470145 0.00161467 -0.00345815 -0.0736252
internal_weight=0 8.57454 4.29938 3.58615 1.22264 5.21532 2.36351 0.53945
internal_count=56 20 36 28 16 16 12 12
is_linear=0
shrinkage=0.1


Tree=11
num_leaves=9
num_cat=0
split_feature=0 0 0 0 0 0 0 0
split_gain=0.434683 0.132114 0.12754 0.122179 0.0754126 0.0668443 0.0023875 0.000567092
threshold=0.0045876381482746224 0.0082404255037043152 0.0028671281842487023 0.0066705815683823144 0.002365692145855696 0.0060247522101428714 0.011511922585286698 0.004706937503068085
decision_type=2 2 2 2 2 2 2 2
left_child=2 3 4 5 -1 7 -3 -2
right_child=1 6 -4 -5 -6 -7 -8 -9
leaf_value=0.011730099723465788 -0.066575933827818345 -0.054961622658252877 -0.00010694828461156222 -0.0017236328090826482 0.037789482323736301 -0.021027028652601157 -0.065219297930838832 -0.0734020606685966
leaf_weight=2.2173956334590894 0.32200174499303214 0.59652066603302945 3.8383209854364395 2.0226659625768661 2.22458516061306 0.6520749032497406 0.36620310135185719 0.19565312378108501
leaf_count=8 8 8 8 8 4 4 4 4
internal_value=0 -0.0263929 0.0132442 -0.0166008 0.0247809 -0.0423261 -0.0588635 -0.0691559
internal_weight=0 4.15512 8.2803 3.1924 4.44198 1.16973 0.962724 0.517655
internal_count=56 36 20 24 12 16 12 12
is_linear=0
shrinkage=0.1


Tree=12
num_leaves=9
num_cat=0
split_feature=0 0 0 0 0 0 0 0
split_gain=0.354954 0.162996 0.119564 0.0994325 0.0490973 0.032476 0.0118554 0.00138097
threshold=0.0045876381482746224 0.0041485052873060776 0.0093559016286032231 0.0066705815683823144 0.0060247522101428714 0.002365692145855696 0.0078442005138157894 0.004706937503068085
decision_type=2 2 2 2 2 2 2 2
left_child=1 5 3 4 7 -1 -5 -2
right_child=2 -3 -4 6 -6 -7 -8 -9
leaf_value=0.0093275321155754341 -0.060630247309960673 0.029052313480891857 -0.063165805927097432 0.0023536767450706899 -0.022344181026899185 -0.0068394338689284368 -0.01234899328141896 -0.071545017867130328
leaf_weight=2.2549115121364576 0.30633535701781667 3.2906769812107086 0.66797114722430695 1.1750603169202807 0.61150151491165161 2.767508864402771 1.0284371972084043 0.18648781068623066
leaf_count=8 8 4 8 4 4 8 8 4
internal_value=0 0.0117533 -0.0245753 -0.0167825 -0.0412732 0.000419034 -0.00450849 -0.0647605
internal_weight=0 8.3131 3.97579 3.30782 1.10432 5.02242 2.2035 0.492823
internal_count=56 20 36 28 16 16 12 12
is_linear=0
shrinkage=0.1


Tree=13
num_leaves=9
num_cat=0
split_feature=0 0 0 0 0 0 0 0
split_gain=0.339138 0.170226 0.0671159 0.0356981 0.0785412 0.0473249 0.00396282 0.00137674
threshold=0.0028671281842487023 0.0082404255037043152 0.002365692145855696 0.0045876381482746224 0.0066705815683823144 0.0060247522101428714 0.004706937503068085 0.011511922585286698
decision_type=2 2 2 2 2 2 2 2
left_child=2 3 -1 -2 5 6 -5 -3
right_child=1 7 -4 4 -6 -7 -8 -9
leaf_value=0.0097736448855840086 -0.00072322342635502577 -0.050418432495323531 0.034714282443959459 -0.053100969618967819 -0.0031357062777835039 -0.018020456194900503 -0.07176551120997815 -0.058459785347681197
leaf_weight=2.1314011663198471 3.7521168440580368 0.55561252124607552 2.1851554363965988 0.30190560873597883 1.8959895148873327 0.59408053010702133 0.18253026902675629 0.3451811671257019
leaf_count=8 8 8 4 8 8 4 4 4
internal_value=0 -0.0126763 0.0223993 -0.00720946 -0.0153914 -0.0369364 -0.0601336 -0.0534999
internal_weight=0 7.62742 4.31656 6.72662 2.97451 1.07852 0.484436 0.900794
internal_count=56 44 12 32 24 16 12 12
is_linear=0
shrinkage=0.1


Tree=14
num_leaves=8
num_cat=0
split_feature=0 0 0 0 0 0 0
split_gain=0.278825 0.141609 0.0892856 0.092558 0.0275994 0.0110718 0.00564132
threshold=0.0045876381482746224 0.0041485052873060776 0.0093559016286032231 0.0060247522101428714 0.002365692145855696 0.004706937503068085 0.0078442005138157894
decision_type=2 2 2 2 2 2 2
left_child=1 4 3 5 -1 -2 -5
right_child=2 -3 -4 6 -6 -7 -8
leaf_value=0.0080817377435488114 -0.04422104182590611 0.026660327703908485 -0.056789240231203547 -0.0048599904142232215 -0.0070928775340554431 -0.075718222109029565 -0.014479449283702343
leaf_weight=2.1562469750642759 0.28441142197698521 3.2327176630496979 0.63329329341649998 1.6878219842910769 2.698629304766655 0.18367728358134627 0.95437097176909436
leaf_count=8 8 4 8 8 8 4 8
internal_value=0 0.0104445 -0.0225641 -0.0155955 -0.000353217 -0.0565805 -0.00833458
internal_weight=0 8.08759 3.74357 3.11028 4.85488 0.468089 2.64219
internal_count=56 20 36 28 16 12 16
is_linear=0
shrinkage=0.1


Tree=15
num_leaves=9
num_cat=0
split_feature=0 0 0 0 0 0 0 0
split_gain=0.279493 0.130136 0.0669226 0.0183211 0.0752125 0.0419773 0.00832186 0.000618975
threshold=0.0028671281842487023 0.0082404255037043152 0.002365692145855696 0.0045876381482746224 0.0066705815683823144 0.0060247522101428714 0.0046472771828046872 0.011511922585286698
decision_type=2 2 2 2 2 2 2 2
left_child=2 3 -1 -2 5 6 -5 -3
right_child=1 7 -4 4 -6 -7 -8 -9
leaf_value=0.0076364276140353992 -0.0023194417527450284 -0.046389968331784048 0.032869475883629304 -0.078028104054907246 -0.00087431116784719785 -0.017368379702812665 -0.048657146679981333 -0.051924643491791336
leaf_weight=2.0528431534767151 3.6911449506878853 0.52085068635642517 2.1538795083761215 0.14743731450289521 1.8087135627865789 0.57251132279634476 0.27905139978975058 0.33014324679970741
leaf_count=8 8 8 4 4 8 4 8 4
internal_value=0 -0.0117653 0.020556 -0.00695022 -0.013038 -0.0350608 -0.0588107 -0.0485371
internal_weight=0 7.34985 4.20672 6.49886 2.80771 0.999 0.426489 0.850994
internal_count=56 44 12 32 24 16 12 12
is_linear=0
shrinkage=0.1


Tree=16
num_leaves=9
num_cat=0
split_feature=0 0 0 0 0 0 0 0
split_gain=0.225169 0.113923 0.0541193 0.0201253 0.0636924 0.0293854 0.00612536 0.00124718
threshold=0.0028671281842487023 0.0082404255037043152 0.002365692145855696 0.0045876381482746224 0.0066705815683823144 0.0060247522101428714 0.004706937503068085 0.011511922585286698
decision_type=2 2 2 2 2 2 2 2
left_child=2 3 -1 -2 5 6 -5 -3
right_child=1 7 -4 4 -6 -7 -8 -9
leaf_value=0.0069407069560708905 -0.0013757391626691958 -0.04252147545652573 0.029646600143373475 -0.043489891014224576 -0.0013568089105402462 -0.018033821333724165 -0.068219987874472934 -0.050487932049767426
leaf_weight=2.0740863978862762 3.708429791033268 0.5025348812341689 2.1254398375749588 0.25600964110344682 1.7610117942094801 0.54882795363664627 0.16452087601646781 0.32271309196949005
leaf_count=8 8 8 4 8 8 4 4 4
internal_value=0 -0.0106563 0.0184325 -0.0061729 -0.0126885 -0.0332745 -0.0531649 -0.0456368
internal_weight=0 7.26405 4.19953 6.4388 2.73037 0.969358 0.420531 0.825248
internal_count=56 44 12 32 24 16 12 12
is_linear=0
shrinkage=0.1


Tree=17
num_leaves=9
num_cat=0
split_feature=0 0 0 0 0 0 0 0
split_gain=0.187699 0.148412 0.0667955 0.0552369 0.0284221 0.0279737 0.0227269 0.000260905
threshold=0.0045876381482746224 0.0041485052873060776 0.0093559016286032231 0.0066705815683823144 0.0060247522101428714 0.002365692145855696 0.0078442005138157894 0.004706937503068085
decision_type=2 2 2 2 2 2 2 2
left_child=1 5 3 4 7 -1 -5 -2
right_child=2 -3 -4 6 -6 -7 -8 -9
leaf_value=0.0057907982554676876 -0.052193498712498766 0.025049251950231024 -0.050111553243010878 0.0062079750875260846 -0.018414417921604798 -0.0096890195150648104 -0.015595447463470828 -0.057578218835208798
leaf_weight=2.0999408811330795 0.23842475144192654 3.2085543572902679 0.59150830842554558 1.0619913935661314 0.526078961789608 2.6287981569766998 0.86947749741375435 0.14452651306055486
leaf_count=8 8 4 8 4 4 8 8 4
internal_value=0 0.00844894 -0.0195401 -0.0131739 -0.0335008 -0.00281473 -0.00360714 -0.0542257
internal_weight=0 7.93729 3.43201 2.8405 0.90903 4.72874 1.93147 0.382951
internal_count=56 20 36 28 16 16 12 12
is_linear=0
shrinkage=0.1


Tree=18
num_leaves=9
num_cat=0
split_feature=0 0 0 0 0 0 0 0
split_gain=0.205485 0.0859326 0.0433653 0.0261708 0.0344668 0.0304544 0.00437476 0.000817308
threshold=0.0028671281842487023 0.0082404255037043152 0.002365692145855696 0.0045876381482746224 0.0066705815683823144 0.0060247522101428714 0.0046472771828046872 0.011511922585286698
decision_type=2 2 2 2 2 2 2 2
left_child=2 3 -1 -2 5 6 -5 -3
right_child=1 7 -4 4 -6 -7 -8 -9
leaf_value=0.0071820575468949308 -0.00099843405768223516 -0.038910137523032046 0.027741478254186172 -0.066802036039515927 -0.0057661915878586814 -0.014473465898645555 -0.044024498741133788 -0.045496029186967317
leaf_weight=1.9958607256412504 3.6222148090600967 0.47956285253167141 2.1111236065626144 0.1296231318265203 1.682041637599468 0.51969089359045029 0.24127622391097248 0.31039551086723804
leaf_count=8 8 8 4 4 8 4 8 4
internal_value=0 -0.0104369 0.0177503 -0.00647609 -0.0141885 -0.0300956 -0.0519849 -0.0414979
internal_weight=0 6.98481 4.10698 6.19485 2.57263 0.89059 0.370899 0.789958
internal_count=56 44 12 32 24 16 12 12
is_linear=0
shrinkage=0.1


Tree=19
num_leaves=9
num_cat=0
split_feature=0 0 0 0 0 0 0 0
split_gain=0.653936 0.626578 0.0795986 0.0204191 0.035264 0.0228797 0.00238791 0.00117187
threshold=0.0019174873866273209 0.0028671281842487023 0.0082404255037043152 0.0045876381482746224 0.0066705815683823144 0.0060247522101428714 0.004706937503068085 0.011511922585286698
decision_type=2 2 2 2 2 2 2 2
left_child=-1 -2 3 -3 5 6 -5 -4
right_child=1 2 7 4 -6 -7 -8 -9
leaf_value=-0.079853044057212302 0.044305380744495609 -0.00083168056292053181 -0.036548482140855876 -0.041486784148686638 -0.0039398363690593147 -0.015027894608497849 -0.058097018720940301 -0.04452281469707145
leaf_weight=0.93830221891403276 3.162815719842909 3.6423912718892097 0.46637967973947514 0.22460126131773028 1.6461039558053014 0.50437626242637634 0.14081142214126885 0.30467286705970764
leaf_count=4 8 8 8 8 8 4 4 4
internal_value=0 0.00742421 -0.00940977 -0.00561733 -0.0125458 -0.0288328 -0.0478875 -0.0396995
internal_weight=0 10.0922 6.92934 6.15828 2.51589 0.869789 0.365413 0.771053
internal_count=56 52 44 32 24 16 12 12
is_linear=0
shrinkage=0.1


Tree=20
num_leaves=9
num_cat=0
split_feature=0 0 0 0 0 0 0 0
split_gain=0.546201 0.0408117 0.036161 0.033245 0.0284915 0.00729188 0.000454824 0.000322599
threshold=0.0028671281842487023 0.002365692145855696 0.0082404255037043152 0.0066705815683823144 0.0045876381482746224 0.0060247522101428714 0.011511922585286698 0.004706937503068085
decision_type=2 2 2 2 2 2 2 2
left_child=1 -1 3 4 -2 7 -4 -6
right_child=2 -3 6 -5 5 -7 -8 -9
leaf_value=0.042801722012402954 -0.014985256453730717 0.021784921402590238 -0.03542145753078238 -0.0020882328372724556 -0.044361193411180284 -0.027524131639534891 -0.040426526826709414 -0.050682527162534657
leaf_weight=1.5417208373546603 3.7120291665196419 2.3058690652251244 0.45408042147755612 1.6455316469073293 0.21472974261268962 0.46369534730911255 0.30252293311059475 0.12937215343117714
leaf_count=8 8 4 8 8 8 4 4 4
internal_value=0 0.0302063 -0.0167903 -0.0142583 -0.018689 -0.0357087 -0.0374227 -0.0467378
internal_weight=0 3.84759 6.92196 6.16536 4.51983 0.807797 0.756603 0.344102
internal_count=56 12 44 32 24 16 12 12
is_linear=0
shrinkage=0.1


Tree=21
num_leaves=6
num_cat=0
split_feature=0 0 0 0 0
split_gain=0.504482 0.0431912 0.0254394 0.0161039 9.69978e-05
threshold=0.0028671281842487023 0.0082404255037043152 0.0066705815683823144 0.002365692145855696 0.011511922585286698
decision_type=2 2 2 2 2
left_child=3 2 -2 -1 -3
right_child=1 4 -4 -5 -6
leaf_value=0.034729065732563451 -0.017584035150096985 -0.038375447432263822 -0.0028758323064521814 0.022131986322987046 -0.040708244352417482
leaf_weight=1.82302850484848 4.5598490806296468 0.44774022605270136 1.5846045985817907 2.2891090512275696 0.29612641036510468
leaf_count=8 24 8 8 4 4
internal_value=0 -0.0165461 -0.0137909 0.0277166 -0.0393041
internal_weight=0 6.88832 6.14445 4.11214 0.743867
internal_count=56 44 32 12 12
is_linear=0
shrinkage=0.1


Tree=22
num_leaves=9
num_cat=0
split_feature=0 0 0 0 0 0 0 0
split_gain=0.155029 0.45331 0.0472424 0.060509 0.023256 0.0184391 0.0049801 0.00379156
threshold=0.0045876381482746224 0.0041485052873060776 0.0093559016286032231 0.0066705815683823144 0.002365692145855696 0.0078442005138157894 0.0060247522101428714 0.0046472771828046872
decision_type=2 2 2 2 2 2 2 2
left_child=1 4 3 6 -1 -5 7 -2
right_child=2 -3 -4 5 -6 -7 -8 -9
leaf_value=-0.021655637967863347 -0.060471996803116213 0.036383400960934044 -0.04582804645588695 0.0068954297498867488 -0.0070092762427099485 -0.013951495951007781 -0.029706409249652045 -0.038068521815661879
leaf_weight=1.8020811304450033 0.11716508027166206 3.1896255910396576 0.54687917418777932 0.90598373115062691 2.7211240343749523 0.79799006972461939 0.43164278566837311 0.21264163171872497
leaf_count=8 4 4 8 4 8 8 4 8
internal_value=0 0.0075136 -0.0192382 -0.01334 -0.0128445 -0.00286742 -0.0367755 -0.0460274
internal_weight=0 7.71283 3.0123 2.46542 4.52321 1.70397 0.761449 0.329807
internal_count=56 20 36 28 16 12 16 12
is_linear=0
shrinkage=0.1


Tree=23
num_leaves=6
num_cat=0
split_feature=0 0 0 0 0
split_gain=0.598798 0.0437147 0.023281 0.0217302 1.76066e-05
threshold=0.0028671281842487023 0.002365692145855696 0.0082404255037043152 0.0066705815683823144 0.011511922585286698
decision_type=2 2 2 2 2
left_child=1 -1 3 -2 -4
right_child=2 -3 4 -5 -6
leaf_value=0.04144023730420756 -0.019735569045079174 0.020745354037776456 -0.035720266206408217 -0.0058705402631354479 -0.03471208783382744
leaf_weight=1.8497457355260847 4.5428625966887921 2.2774000912904739 0.42901828512549389 1.5048063062131403 0.29052452370524406
leaf_count=8 24 4 8 8 4
internal_value=0 0.0300206 -0.0183088 -0.0162856 -0.0353132
internal_weight=0 4.12715 6.76721 6.04767 0.719543
internal_count=56 12 44 32 12
is_linear=0
shrinkage=0.1


Tree=24
num_leaves=9
num_cat=0
split_feature=0 0 0 0 0 0 0 0
split_gain=0.17397 0.246452 0.263032 0.0363362 0.0441324 0.00732164 0.00449868 5.68476e-05
threshold=0.002365692145855696 0.0045876381482746224 0.0041485052873060776 0.0093559016286032231 0.0066705815683823144 0.0078442005138157894 0.0060247522101428714 0.004706937503068085
decision_type=2 2 2 2 2 2 2 2
left_child=-1 2 -2 4 6 -6 7 -3
right_child=1 3 -4 -5 5 -7 -8 -9
leaf_value=-0.028295574975780519 -0.0055083494513155926 -0.040572503810804593 0.037038747374563412 -0.041519326711083909 0.0029488591646303721 -0.010541916519219128 -0.025916667020834228 -0.043261665406271466
leaf_weight=1.8017228767275817 2.6729703806340677 0.20302667701616961 3.1835790276527405 0.53780852630734433 0.8491687476634977 0.7644242262467742 0.40671294927597046 0.12827812624163926
leaf_count=8 8 8 4 8 4 8 4 4
internal_value=0 0.00582906 0.01762 -0.0180698 -0.012707 -0.00344227 -0.0329633 -0.0416137
internal_weight=0 8.74597 5.85655 2.88942 2.35161 1.61359 0.738018 0.331305
internal_count=56 48 12 36 28 12 16 12
is_linear=0
shrinkage=0.1


Tree=25
num_leaves=6
num_cat=0
split_feature=0 0 0 0 0
split_gain=0.685268 0.0750658 0.0113816 0.0309121 0.000342396
threshold=0.0028671281842487023 0.002365692145855696 0.0082404255037043152 0.0066705815683823144 0.011511922585286698
decision_type=2 2 2 2 2
left_child=1 -1 3 -2 -4
right_child=2 -3 4 -5 -6
leaf_value=0.046735506463059094 -0.022463963707060195 0.019694375422345294 -0.033723233172523542 -0.0056627904880730976 -0.029226548494991018
leaf_weight=1.877880163490772 4.5344560616649687 2.2645271718502045 0.41343358531594265 1.4437641128897665 0.2868019100278616
leaf_count=8 24 4 8 8 4
internal_value=0 0.0319529 -0.0198193 -0.0184064 -0.0318815
internal_weight=0 4.14241 6.67846 5.97822 0.700235
internal_count=56 12 44 32 12
is_linear=0
shrinkage=0.1


Tree=26
num_leaves=10
num_cat=0
split_feature=0 0 0 0 0 0 0 0 0
split_gain=2.36688 0.420896 0.221856 0.274263 0.0321308 0.0378551 0.00497775 0.00210602 0.000160805
threshold=0.0019174873866273209 0.002365692145855696 0.0045876381482746224 0.0041485052873060776 0.0093559016286032231 0.0066705815683823144 0.0060247522101428714 0.0078442005138157894 0.004706937503068085
decision_type=2 2 2 2 2 2 2 2 2
left_child=-1 -2 3 -3 5 6 8 -7 -4
right_child=1 2 4 -5 -6 7 -8 -9 -10
leaf_value=-0.1578236735772188 0.077960104125023952 -0.0052444179302967584 -0.040815957436776393 0.038351227312007741 -0.03793388784436514 0.0017526367244886489 -0.022134355443188879 -0.0056345758524361661 -0.03620614717399008
leaf_weight=0.8707630857825287 0.93940619379281898 2.6427579782903177 0.1952056582085796 3.1788043677806854 0.52988630533218373 0.80054356157779671 0.38504038751125336 0.74513749964535236 0.12357609905302525
leaf_count=4 4 8 8 4 8 4 4 8 4
internal_value=0 0.0144048 0.00746323 0.0185605 -0.0157806 -0.0105622 -0.0297864 -0.00180857 -0.039029
internal_weight=0 9.54036 8.60095 5.82156 2.77939 2.2495 0.703822 1.54568 0.318782
internal_count=56 52 48 12 36 28 16 12 12
is_linear=0
shrinkage=0.1


Tree=27
num_leaves=8
num_cat=0
split_feature=0 0 0 0 0 0 0
split_gain=0.12158 0.0350316 0.00932863 0.0165751 0.0083626 0.00292128 1.67804e-05
threshold=0.0028671281842487023 0.0082404255037043152 0.0045876381482746224 0.0066705815683823144 0.0060247522101428714 0.011511922585286698 0.004706937503068085
decision_type=2 2 2 2 2 2 2
left_child=-1 2 -2 4 6 -3 -4
right_child=1 5 3 -5 -6 -7 -8
leaf_value=0.01483786395791075 -0.002403412146139765 -0.034458536599882371 -0.034732593775863116 -0.0047621876570153937 -0.013350722592524842 -0.021407641046383048 -0.036215164363215514
leaf_weight=3.5223754160106182 3.3382088840007782 0.42937405128031958 0.19952958030626211 1.4525428116321562 0.37498997151851654 0.28558776713907719 0.12365600932389498
leaf_count=12 8 8 8 8 4 4 4
internal_value=0 -0.00842448 -0.00571244 -0.0108485 -0.023511 -0.0292454 -0.0352998
internal_weight=0 6.20389 5.48893 2.15072 0.698176 0.714962 0.323186
internal_count=56 44 32 24 16 12 12
is_linear=0
shrinkage=0.1


Tree=28
num_leaves=8
num_cat=0
split_feature=0 0 0 0 0 0 0
split_gain=0.0857016 0.0358329 0.0113231 0.0118567 0.00824014 0.00203525 4.57369e-05
threshold=0.0028671281842487023 0.0082404255037043152 0.0045876381482746224 0.0066705815683823144 0.0060247522101428714 0.011511922585286698 0.004706937503068085
decision_type=2 2 2 2 2 2 2
left_child=-1 2 -2 4 6 -3 -4
right_child=1 5 3 -5 -6 -7 -8
leaf_value=0.01250023359817269 -0.0007098080068555177 -0.032601479856306237 -0.031901649990958063 -0.0048936283909821214 -0.010813614576358932 -0.021682042973036993 -0.034388263276625412
leaf_weight=3.4960751459002495 3.3227752968668938 0.42591502889990795 0.19302206393331323 1.4293929636478422 0.37034811824560165 0.28485429845750332 0.11992703727446496
leaf_count=12 8 8 8 8 4 4 4
internal_value=0 -0.00711033 -0.00434922 -0.0100732 -0.0209083 -0.0282253 -0.0328546
internal_weight=0 6.14623 5.43547 2.11269 0.683297 0.710769 0.312949
internal_count=56 44 32 24 16 12 12
is_linear=0
shrinkage=0.1


Tree=29
num_leaves=9
num_cat=0
split_feature=0 0 0 0 0 0 0 0
split_gain=0.0760824 0.115152 0.0220002 0.019515 0.00809276 0.0080072 0.000131472 1.74162e-05
threshold=0.0045876381482746224 0.0041485052873060776 0.002365692145855696 0.0093559016286032231 0.0066705815683823144 0.0060247522101428714 0.0078442005138157894 0.004706937503068085
decision_type=2 2 2 2 2 2 2 2
left_child=1 2 -1 4 5 7 -6 -2
right_child=3 -3 -4 -5 6 -7 -8 -9
leaf_value=-0.016568982634247387 -0.030476772251706474 0.020709481613144239 -0.00041782666631805975 -0.031186741579072481 -0.0051544383414474952 -0.0091132398409298123 -0.0069879077404553088 -0.032034538124730505
leaf_weight=1.2415278479456904 0.18775388202630061 2.9181321114301682 2.6298081912100315 0.5299015063792466 0.88347351551055886 0.36604528874158859 0.70175205543637276 0.11618329177144915
leaf_count=8 8 4 8 8 4 4 8 4
internal_value=0 0.00570933 -0.00559746 -0.0139181 -0.00986049 -0.0190749 -0.00596608 -0.0310722
internal_weight=0 6.78947 3.87134 2.78511 2.25521 0.669982 1.58523 0.303937
internal_count=56 20 16 36 28 16 12 12
is_linear=0
shrinkage=0.1


Tree=30
num_leaves=8
num_cat=0
split_feature=0 0 0 0 0 0 0
split_gain=0.118138 0.0257176 0.00430128 0.0119086 0.00439057 0.00282408 7.34587e-08
threshold=0.0028671281842487023 0.0082404255037043152 0.0045876381482746224 0.0066705815683823144 0.0060247522101428714 0.011511922585286698 0.004706937503068085
decision_type=2 2 2 2 2 2 2
left_child=-1 2 -2 4 6 -3 -4
right_child=1 5 3 -5 -6 -7 -8
leaf_value=0.014699890566568655 -0.0038439340067420976 -0.031712158374997121 -0.029660899411355485 -0.0044396973816189424 -0.01329599676174536 -0.018761321536049248 -0.029762893033284499
leaf_weight=3.4765233509242535 3.3184591233730316 0.41561082284897555 0.18514030333608422 1.3963824734091757 0.35874094814062119 0.28304724954068661 0.11415544978808612
leaf_count=12 8 8 8 8 4 4 4
internal_value=0 -0.00841707 -0.00607017 -0.00966617 -0.020757 -0.0264654 -0.0296998
internal_weight=0 6.07154 5.37288 2.05442 0.658037 0.698658 0.299296
internal_count=56 44 32 24 16 12 12
is_linear=0
shrinkage=0.1


Tree=31
num_leaves=8
num_cat=0
split_feature=0 0 0 0 0 0 0
split_gain=0.0799073 0.026417 0.00587812 0.00838468 0.004866 0.0028006 1.54328e-05
threshold=0.0028671281842487023 0.0082404255037043152 0.0045876381482746224 0.0066705815683823144 0.0060247522101428714 0.011511922585286698 0.004706937503068085
decision_type=2 2 2 2 2 2 2
left_child=-1 2 -2 4 6 -3 -4
right_child=1 5 3 -5 -6 -7 -8
leaf_value=0.012137083937063912 -0.0019443956384650306 -0.030442792707584751 -0.027130839822430888 -0.0043730819199707654 -0.010292330115269034 -0.017574411490057958 -0.028624072927864348
leaf_weight=3.4498866088688374 3.3017828352749348 0.41525110043585289 0.18113067955710027 1.3769719228148458 0.35496129095554352 0.285334138199687 0.11201732675544918
leaf_count=12 8 8 8 8 4 4 4
internal_value=0 -0.00694681 -0.00454594 -0.0087876 -0.0181667 -0.0252018 -0.0277014
internal_weight=0 6.02745 5.32686 2.02508 0.648109 0.700585 0.293148
internal_count=56 44 32 24 16 12 12
is_linear=0
shrinkage=0.1


Tree=32
num_leaves=8
num_cat=0
split_feature=0 0 0 0 0 0 0
split_gain=0.0563487 0.0256124 0.00688871 0.00639456 0.00500544 0.00341135 9.66639e-06
threshold=0.0028671281842487023 0.0082404255037043152 0.0045876381482746224 0.0066705815683823144 0.0060247522101428714 0.011511922585286698 0.004706937503068085
decision_type=2 2 2 2 2 2 2
left_child=-1 2 -2 4 6 -3 -4
right_child=1 5 3 -5 -6 -7 -8
leaf_value=0.01021609280048235 -0.00065108424225246127 -0.029540205743799109 -0.025699933013722503 -0.0042175469753599768 -0.0083525542737119488 -0.015408924055484703 -0.026895156311079589
leaf_weight=3.4328818060457706 3.2910174615681171 0.41627485398203123 0.17741193366236974 1.3585738167166708 0.35143997520208359 0.28972647339105606 0.10938504990190268
leaf_count=12 8 8 8 8 4 4 4
internal_value=0 -0.00585112 -0.00346256 -0.00809625 -0.0163526 -0.0237411 -0.0261558
internal_weight=0 5.99383 5.28783 1.99681 0.638237 0.706001 0.286797
internal_count=56 44 32 24 16 12 12
is_linear=0
shrinkage=0.1


Tree=33
num_leaves=9
num_cat=0
split_feature=0 0 0 0 0 0 0 0
split_gain=0.0489551 0.123623 0.0228346 0.0161538 0.00500496 0.00490525 0.00412837 1.48813e-05
threshold=0.0045876381482746224 0.0041485052873060776 0.002365692145855696 0.0093559016286032231 0.0066705815683823144 0.0060247522101428714 0.0078442005138157894 0.004706937503068085
decision_type=2 2 2 2 2 2 2 2
left_child=1 2 -1 4 5 7 -6 -2
right_child=3 -3 -4 -5 6 -7 -8 -9
leaf_value=-0.018708500592483104 -0.024193076401771759 0.020127138767827308 -0.0020297292062226367 -0.026594058288957154 0.00022348838732571204 -0.0070024375612728479 -0.010358137733178297 -0.025692119921049469
leaf_weight=1.1981377899646761 0.17417728086002249 2.8996224850416183 2.6067543365061283 0.55512659717351187 0.85970999300479867 0.34816184639930725 0.6455601816996932 0.10684784292243421
leaf_count=8 8 4 8 8 4 4 8 4
internal_value=0 0.00457225 -0.00728177 -0.0113976 -0.0074453 -0.0149352 -0.00431462 -0.024763
internal_weight=0 6.70451 3.80489 2.68958 2.13446 0.629187 1.50527 0.281025
internal_count=56 20 16 36 28 16 12 12
is_linear=0
shrinkage=0.1


Tree=34
num_leaves=5
num_cat=0
split_feature=0 0 0 0
split_gain=0.0908775 0.0178339 0.00542272 0.00234851
threshold=0.0028671281842487023 0.0078442005138157894 0.0093559016286032231 0.0066705815683823144
decision_type=2 2 2 2
left_child=-1 3 -3 -2
right_child=1 2 -4 -5
leaf_value=0.012991016862486326 -0.0057782971487535953 -0.012124285313888622 -0.025695235052306545 -1.1534888536159485e-05
leaf_weight=3.4202787838876247 3.9097383009502664 0.63149168621748664 0.55165595561265945 0.8618793487548827
leaf_count=12 24 8 8 4
internal_value=0 -0.00746174 -0.0184519 -0.00473667
internal_weight=0 5.95477 1.18315 4.77162
internal_count=56 44 16 28
is_linear=0
shrinkage=0.1


Tree=35
num_leaves=8
num_cat=0
split_feature=0 0 0 0 0 0 0
split_gain=0.0584704 0.0219468 0.00413206 0.00359304 0.00690898 0.00386559 0.000185812
threshold=0.0028671281842487023 0.0078442005138157894 0.0093559016286032231 0.0045876381482746224 0.0066705815683823144 0.0060247522101428714 0.004706937503068085
decision_type=2 2 2 2 2 2 2
left_child=-1 3 -3 -2 5 6 -5
right_child=1 2 -4 4 -6 -7 -8
leaf_value=0.010450868497906675 -0.0011298316700091681 -0.01265970306920515 -0.024560562989658818 -0.025695093812077775 -0.0012054891236074848 -0.007903154975484385 -0.020423046535496519
leaf_weight=3.3997623808681965 3.2678142935037613 0.61921810824424006 0.55167679395526648 0.17535725189372875 0.85108987987041473 0.34308312833309174 0.10804129648022354
leaf_count=12 8 8 8 8 4 4 4
internal_value=0 -0.00600554 -0.0182669 -0.00298013 -0.00707226 -0.0150424 -0.0236852
internal_weight=0 5.91628 1.17089 4.74539 1.47757 0.626482 0.283399
internal_count=56 44 16 28 20 16 12
is_linear=0
shrinkage=0.1


Tree=36
num_leaves=9
num_cat=0
split_feature=0 0 0 0 0 0 0 0
split_gain=0.050878 0.0997556 0.0134878 0.0106701 0.00256663 0.00517767 0.00409307 4.93165e-06
threshold=0.0045876381482746224 0.0041485052873060776 0.002365692145855696 0.0093559016286032231 0.0078442005138157894 0.0066705815683823144 0.0060247522101428714 0.004706937503068085
decision_type=2 2 2 2 2 2 2 2
left_child=1 2 -1 4 5 6 7 -2
right_child=3 -3 -4 -5 -6 -7 -8 -9
leaf_value=-0.015039603973418365 -0.021633190092375153 0.018596035760912965 -0.0020816626447781863 -0.024186899459622588 -0.013993057502031987 -0.0011380919816255969 -0.0057420666945020632 -0.02248666628348895
leaf_weight=1.1669354587793352 0.17575415573082931 2.8958900719881058 2.5777154862880707 0.54887684527784575 0.60470279352739442 0.84363673627376556 0.3413449302315712 0.11012506752740592
leaf_count=8 8 4 8 8 8 4 4 4
internal_value=0 0.00465864 -0.00611971 -0.0117876 -0.00850866 -0.00625391 -0.0131348 -0.021962
internal_weight=0 6.64054 3.74465 2.62444 2.07556 1.47086 0.627224 0.285879
internal_count=56 20 16 36 28 20 16 12
is_linear=0
shrinkage=0.1


Tree=37
num_leaves=5
num_cat=0
split_feature=0 0 0 0
split_gain=0.0836547 0.0198156 0.00214549 0.00130398
threshold=0.0028671281842487023 0.0078442005138157894 0.0093559016286032231 0.0066705815683823144
decision_type=2 2 2 2
left_child=-1 3 -3 -2
right_child=1 2 -4 -5
leaf_value=0.012508770012444537 -0.0051484776646456504 -0.014896783336454443 -0.02358562485311087 -0.00081345909652380934
leaf_weight=3.3888040594756603 3.8830067078815773 0.59178017964586593 0.5467448653653264 0.84485955536365498
leaf_count=12 24 8 8 4
internal_value=0 -0.00722587 -0.0190694 -0.00437382
internal_weight=0 5.86639 1.13853 4.72787
internal_count=56 44 16 28
is_linear=0
shrinkage=0.1


Tree=38
num_leaves=8
num_cat=0
split_feature=0 0 0 0 0 0 0
split_gain=0.0534005 0.0233112 0.00329591 0.00506954 0.00367042 0.00149491 0.00027921
threshold=0.0028671281842487023 0.0078442005138157894 0.0045876381482746224 0.0066705815683823144 0.0060247522101428714 0.0093559016286032231 0.004706937503068085
decision_type=2 2 2 2 2 2 2
left_child=-1 2 -2 4 6 -3 -4
right_child=1 5 3 -5 -6 -7 -8
leaf_value=0.010026974698211566 -0.00091181156763420201 -0.015152280903798774 -0.024118423470318846 -0.0015236582286756743 -0.0063288066268102116 -0.022430623148079115 -0.017749106372325577
leaf_weight=3.3675523363053799 3.2413097396492958 0.58107448695227482 0.17830381146632113 0.8348773866891861 0.33782599121332169 0.5486363098025322 0.11209239379968494
leaf_count=12 8 8 8 4 4 8 4
internal_value=0 -0.00578774 -0.00269014 -0.00662979 -0.0134156 -0.018687 -0.0216599
internal_weight=0 5.83412 4.70441 1.4631 0.628222 1.12971 0.290396
internal_count=56 44 28 20 16 16 12
is_linear=0
shrinkage=0.1


Tree=39
num_leaves=9
num_cat=0
split_feature=0 0 0 0 0 0 0 0
split_gain=0.0471042 0.0860163 0.0112558 0.010687 0.00373966 0.00382087 0.00120858 0.000102289
threshold=0.0045876381482746224 0.0041485052873060776 0.0078442005138157894 0.002365692145855696 0.0066705815683823144 0.0060247522101428714 0.0093559016286032231 0.004706937503068085
decision_type=2 2 2 2 2 2 2 2
left_child=1 3 4 -1 5 7 -4 -2
right_child=2 -3 6 -5 -6 -7 -8 -9
leaf_value=-0.013676580505143586 -0.018271575808504362 0.01740691205848461 -0.01579808360519409 -0.0020311847627784143 -0.0012628408950810803 -0.0041926637752915169 -0.022381113710750352 -0.022080074237312657
leaf_weight=1.1400728896260264 0.17993446136824809 2.8903933614492416 0.56936246948316671 2.5520560219883919 0.82829566299915314 0.33708193153142929 0.54663483053445816 0.1159760468872264
leaf_count=8 8 4 8 8 4 4 8 4
internal_value=0 0.00448716 -0.0114605 -0.0056271 -0.00568521 -0.011472 -0.0190226 -0.0197642
internal_weight=0 6.58252 2.57729 3.69213 1.46129 0.632992 1.116 0.295911
internal_count=56 20 36 16 20 16 16 12
is_linear=0
shrinkage=0.1


Tree=40
num_leaves=5
num_cat=0
split_feature=0 0 0 0
split_gain=0.0751645 0.0192543 0.00105007 0.000941688
threshold=0.0028671281842487023 0.0078442005138157894 0.0066705815683823144 0.0093559016286032231
decision_type=2 2 2 2
left_child=-1 2 -2 -3
right_child=1 3 -4 -5
leaf_value=0.011905524066672151 -0.0047927808021392716 -0.015889468094495773 -0.00087152420562310723 -0.021729567327345056
leaf_weight=3.3580540269613266 3.8639748565619811 0.55896456120535709 0.82953007519245137 0.54559809993952513
leaf_count=12 24 8 4 8
internal_value=0 -0.0068953 -0.00409974 -0.0187742
internal_weight=0 5.79807 4.6935 1.10456
internal_count=56 44 28 16
is_linear=0
shrinkage=0.1


Tree=41
num_leaves=8
num_cat=0
split_feature=0 0 0 0 0 0 0
split_gain=0.0474954 0.021398 0.0027599 0.00427408 0.00436554 0.000798127 0.000520754
threshold=0.0028671281842487023 0.0078442005138157894 0.0045876381482746224 0.0066705815683823144 0.0060247522101428714 0.004706937503068085 0.0093559016286032231
decision_type=2 2 2 2 2 2 2
left_child=-1 2 -2 4 5 -4 -3
right_child=1 6 3 -5 -6 -7 -8
leaf_value=0.0094975800498956452 -0.00090252384246022909 -0.015863157612118029 -0.025233451378046719 -0.0013862242107662854 -0.0044826220945128181 -0.014625883417840239 -0.020214425461302629
leaf_weight=3.3367551304399967 3.2195588983595371 0.55064987717196323 0.18261965480633058 0.81998907029628754 0.33483077585697174 0.11597952723968774 0.54952489398419857
leaf_count=12 8 8 8 4 4 4 8
internal_value=0 -0.0054894 -0.00253538 -0.00615241 -0.0123224 -0.0211133 -0.0180366
internal_weight=0 5.77315 4.67298 1.45342 0.63343 0.298599 1.10017
internal_count=56 44 28 20 16 12 16
is_linear=0
shrinkage=0.1


Tree=42
num_leaves=9
num_cat=0
split_feature=0 0 0 0 0 0 0 0
split_gain=0.0423753 0.0425032 0.0443067 0.00904143 0.00273593 0.00386664 0.00162931 0.000588926
threshold=0.0078442005138157894 0.0041485052873060776 0.0045876381482746224 0.002365692145855696 0.0066705815683823144 0.0060247522101428714 0.004706937503068085 0.0093559016286032231
decision_type=2 2 2 2 2 2 2 2
left_child=1 3 -3 -1 5 6 -4 -2
right_child=7 2 4 -5 -6 -7 -8 -9
leaf_value=-0.012940944043253466 -0.016171773520630192 0.016386776905248989 -0.011906183114576611 -0.0021351865918906756 -0.0011172027983209856 -0.0023549823576806531 -0.026614962704034434 -0.020823629830275525
leaf_weight=1.1158717349171641 0.54157035425305344 2.8848626166582108 0.18781783664599039 2.5298711359500885 0.81447923183441162 0.33521093428134918 0.1257201429689303 0.54705606214702129
leaf_count=8 8 4 8 8 4 4 4 8
internal_value=0 0.00252067 0.0091976 -0.00544256 -0.00497638 -0.00982144 -0.017804 -0.0185094
internal_weight=0 7.99383 4.34809 3.64574 1.46323 0.648749 0.313538 1.08863
internal_count=56 40 24 16 20 16 12 16
is_linear=0
shrinkage=0.1


Tree=43
num_leaves=5
num_cat=0
split_feature=0 0 0 0
split_gain=0.0675118 0.0159565 0.00108749 0.000333233
threshold=0.0028671281842487023 0.0078442005138157894 0.0066705815683823144 0.0093559016286032231
decision_type=2 2 2 2
left_child=-1 2 -2 -3
right_child=1 3 -4 -5
leaf_value=0.011329605411866037 -0.0047310337752168724 -0.015729349297948933 -0.00071078838297102334 -0.019239317836311026
leaf_weight=3.3296262882649899 3.8468212271109223 0.53413459146395303 0.81549027562141407 0.54797726776450872
leaf_count=12 24 8 4 8
internal_value=0 -0.00656696 -0.00402785 -0.0175068
internal_weight=0 5.74442 4.66231 1.08211
internal_count=56 44 28 16
is_linear=0
shrinkage=0.1


Tree=44
num_leaves=8
num_cat=0
split_feature=0 0 0 0 0 0 0
split_gain=0.0420394 0.0163998 0.00259925 0.00453609 0.0119438 0.000527574 0.0238215
threshold=0.0028671281842487023 0.0078442005138157894 0.0045876381482746224 0.0066705815683823144 0.004706937503068085 0.0082404255037043152 0.011511922585286698
decision_type=2 2 2 2 2 2 2
left_child=-1 2 -2 4 -4 -3 -7
right_child=1 5 3 -5 -6 6 -8
leaf_value=0.0089747788398243222 -0.0010120961147198882 -0.019237934778673773 -0.033649921260632765 -0.0011392217781302132 -0.0035947732507734366 -0.030804747876351103 0.0064763456550760755
leaf_weight=3.3082327805459499 3.2012089751660824 0.38507386296987511 0.18727833381853976 0.80590154230594635 0.44976275775115937 0.39496575156226754 0.30278275161981583
leaf_count=12 8 4 8 4 8 8 4
internal_value=0 -0.00518435 -0.00260042 -0.00612415 -0.0124304 -0.0162667 -0.0146269
internal_weight=0 5.72697 4.64415 1.44294 0.637041 1.08282 0.697749
internal_count=56 44 28 20 16 16 12
is_linear=0
shrinkage=0.1


Tree=45
num_leaves=10
num_cat=0
split_feature=0 0 0 0 0 0 0 0 0
split_gain=0.0349828 0.135369 0.0407735 0.0372143 0.021966 0.00794703 0.00138759 0.00394128 0.00461141
threshold=0.0078442005138157894 0.011511922585286698 0.0041485052873060776 0.0045876381482746224 0.0093559016286032231 0.002365692145855696 0.0066705815683823144 0.0060247522101428714 0.004706937503068085
decision_type=2 2 2 2 2 2 2 2 2
left_child=2 4 5 -4 -2 -1 7 8 -5
right_child=1 -3 3 6 -6 -7 -8 -9 -10
leaf_value=-0.012486152767509643 -0.023803256924221704 0.031670962205250938 0.015588175694173251 -0.005970986957784823 -0.05595423133897412 -0.0022787667963648926 -0.0013094778450566374 -7.7858903645295296e-05 -0.031192684517686198
leaf_weight=1.0954643301665785 0.48438336234539725 0.41364111192524433 2.8807418793439865 0.1864593324717132 0.37859400734305382 2.5112351961433887 0.80375643074512482 0.33613251894712448 0.11860013240948319
leaf_count=8 8 4 4 8 4 8 4 4 4
internal_value=0 -0.0153636 0.00247257 0.00901915 -0.0379081 -0.00537906 -0.00407729 -0.00754684 -0.0157766
internal_weight=0 1.27662 7.93239 4.32569 0.862977 3.6067 1.44495 0.641192 0.305059
internal_count=56 16 40 24 12 16 20 16 12
is_linear=0
shrinkage=0.1


Tree=46
num_leaves=6
num_cat=0
split_feature=0 0 0 0 0
split_gain=0.060014 0.0171635 0.0038929 0.000541059 0.000213383
threshold=0.0028671281842487023 0.0078442005138157894 0.011511922585286698 0.0066705815683823144 0.0082404255037043152
decision_type=2 2 2 2 2
left_child=-1 3 4 -2 -3
right_child=1 2 -4 -5 -6
leaf_value=0.010727924804494747 -0.0040366006432617915 -0.020295616283787048 -0.0094376912337870485 -0.001186703479854152 -0.023788753777344771
leaf_weight=3.3052021861076355 3.8246002316009253 0.37523818016052224 0.3873495040461421 0.80668033659458149 0.32750477595254779
leaf_count=12 24 4 4 4 8
internal_value=0 -0.00619746 -0.0174869 -0.0035402 -0.0219236
internal_weight=0 5.72137 1.09009 4.63128 0.702743
internal_count=56 44 16 28 12
is_linear=0
shrinkage=0.1


Tree=47
num_leaves=10
num_cat=0
split_feature=0 0 0 0 0 0 0 0 0
split_gain=0.0377925 0.0270585 0.0302693 0.00211568 0.00208767 0.0012802 0.00560058 0.0001934 7.99396e-06
threshold=0.0078442005138157894 0.0041485052873060776 0.0045876381482746224 0.002365692145855696 0.011511922585286698 0.0066705815683823144 0.0060247522101428714 0.004706937503068085 0.0082404255037043152
decision_type=2 2 2 2 2 2 2 2 2
left_child=1 3 -3 -1 8 6 7 -4 -2
right_child=4 2 5 -5 -6 -7 -8 -9 -10
leaf_value=-0.0076982001400721471 -0.020454936612940587 0.013636792248412358 -0.015750017621819736 -0.0024125519970878964 -0.011601068743989364 -0.0015188388798339715 0.0011331082830389955 -0.021064664341386898 -0.021133182941529039
leaf_weight=1.085857402533293 0.37376344949007012 2.8838464170694351 0.17456531152129151 2.5025286823511124 0.38526393380016088 0.79933466017246246 0.3398691862821579 0.11266106204129755 0.32477248040959239
leaf_count=8 4 4 8 8 4 4 4 4 8
internal_value=0 0.00240272 0.0077431 -0.00401201 -0.0175109 -0.00417232 -0.00755462 -0.0178346 -0.0207703
internal_weight=0 7.89866 4.31028 3.58839 1.0838 1.42643 0.627096 0.287226 0.698536
internal_count=56 40 24 16 16 20 16 12 12
is_linear=0
shrinkage=0.1


Tree=48
num_leaves=5
num_cat=0
split_feature=0 0 0 0
split_gain=0.0633942 0.0160973 0.00159621 0.0013601
threshold=0.0028671281842487023 0.0078442005138157894 0.0093559016286032231 0.0060247522101428714
decision_type=2 2 2 2
left_child=-1 3 -3 -2
right_child=1 2 -4 -5
leaf_value=0.011042580957340849 -0.0048014068027071042 -0.013346630195612311 -0.021056969652035545 -0.00082342830444736388
leaf_weight=3.294231116771698 3.4794597498839721 0.51125705335289218 0.56546650733798742 1.1414662376046179
leaf_count=12 20 8 8 8
internal_value=0 -0.00638453 -0.0173959 -0.00381876
internal_weight=0 5.69765 1.07672 4.62093
internal_count=56 44 16 28
is_linear=0
shrinkage=0.1


Tree=49
num_leaves=6
num_cat=0
split_feature=0 0 0 0 0
split_gain=0.0384706 0.0209636 0.00188352 0.000758425 0.000125722
threshold=0.0028671281842487023 0.0078442005138157894 0.011511922585286698 0.0060247522101428714 0.0082404255037043152
decision_type=2 2 2 2 2
left_child=-1 3 4 -2 -3
right_child=1 2 -4 -5 -6
leaf_value=0.0086368671214461269 -0.0027725410145240585 -0.021900261584648664 -0.011921368682825048 0.00020170849132381894 -0.019198383088493198
leaf_weight=3.2723358534276485 3.4645341312279925 0.37185449525713898 0.38457323610782623 1.1392804533243177 0.32078601513057947
leaf_count=12 20 4 4 8 8
internal_value=0 -0.00497492 -0.0175331 -0.00203652 -0.0206489
internal_weight=0 5.68103 1.07721 4.60381 0.692641
internal_count=56 44 16 28 12
is_linear=0
shrinkage=0.1


Tree=50
num_leaves=10
num_cat=0
split_feature=0 0 0 0 0 0 0 0 0
split_gain=0.039692 0.0362769 0.02731 0.00675998 0.00183825 0.000485655 0.000180117 0.0114551 0.00120773
threshold=0.0078442005138157894 0.0041485052873060776 0.0045876381482746224 0.002365692145855696 0.0082404255037043152 0.011511922585286698 0.0066705815683823144 0.0060247522101428714 0.004706937503068085
decision_type=2 2 2 2 2 2 2 2 2
left_child=1 3 -3 -1 -2 -6 7 8 -4
right_child=4 2 6 -5 5 -7 -8 -9 -10
leaf_value=-0.011684523756069213 -0.023629833165329458 0.014267492348212788 -0.023732169338552888 -0.0021581571557589287 -0.017835375999915856 -0.012567915579849064 -0.0016174062288845737 0.0082002549738929113 -0.010554564472457624
leaf_weight=1.0636136978864672 0.37473053485155083 2.8725552260875702 0.17701145075261571 2.4857444651424885 0.3210962675511837 0.3847927637398243 0.786789670586586 0.35470148175954819 0.114563092822209
leaf_count=8 4 4 8 8 8 4 4 4 4
internal_value=0 0.00247203 0.00864224 -0.00501286 -0.0179691 -0.014964 -0.00263348 -0.00387046 -0.0185545
internal_weight=0 7.85498 4.30562 3.54936 1.08062 0.705889 1.43307 0.646276 0.291575
internal_count=56 40 24 16 16 12 20 16 12
is_linear=0
shrinkage=0.1


Tree=51
num_leaves=6
num_cat=0
split_feature=0 0 0 0 0
split_gain=0.0503065 0.0262579 0.0032028 0.00297355 0.000356946
threshold=0.0028671281842487023 0.0078442005138157894 0.0060247522101428714 0.0082404255037043152 0.011511922585286698
decision_type=2 2 2 2 2
left_child=-1 2 -2 -3 -5
right_child=1 3 -4 4 -6
leaf_value=0.0099088975728301148 -0.0038924588566275828 -0.026781744347831968 0.0021795494907884713 -0.018285884690130785 -0.013753806545155607
leaf_weight=3.2631087005138397 3.4834507487248629 0.3812935836613176 1.1572909802198408 0.31802498688921332 0.38315768539905548
leaf_count=12 20 4 8 8 4
internal_value=0 -0.00564958 -0.00237824 -0.0196743 -0.0158094
internal_weight=0 5.72322 4.64074 1.08248 0.701183
internal_count=56 44 28 16 12
is_linear=0
shrinkage=0.1


Tree=52
num_leaves=10
num_cat=0
split_feature=0 0 0 0 0 0 0 0 0
split_gain=0.0608457 0.0315992 0.0147311 0.00772634 0.00241169 0.00110741 0.0201828 0.000445075 0.000207908
threshold=0.0078442005138157894 0.0041485052873060776 0.0045876381482746224 0.0082404255037043152 0.002365692145855696 0.0066705815683823144 0.0060247522101428714 0.004706937503068085 0.011511922585286698
decision_type=2 2 2 2 2 2 2 2 2
left_child=1 4 -3 -2 -1 6 7 -4 -5
right_child=3 2 5 8 -6 -7 -8 -9 -10
leaf_value=-0.0079835083804368958 -0.033154476917241112 0.012953599069101276 -0.012199114962756403 -0.017602584041149706 -0.0022617278165529731 -0.0018951111432019563 0.018792928734931859 -0.019872552582838349 -0.014148857989468945
leaf_weight=1.049083296209574 0.39794191718101479 2.8713739961385727 0.18443604395724811 0.31934398366138339 2.4734564274549484 0.7842753678560257 0.38849965482950211 0.12807944207452238 0.38375510461628437
leaf_count=8 4 4 8 8 8 4 4 4 4
internal_value=0 0.00307703 0.00877143 -0.0220196 -0.00396579 0.000686422 0.00357457 -0.0153439 -0.0157175
internal_weight=0 7.8792 4.35666 1.10104 3.52254 1.48529 0.701015 0.312515 0.703099
internal_count=56 40 24 16 16 20 16 12 12
is_linear=0
shrinkage=0.1


Tree=53
num_leaves=7
num_cat=0
split_feature=0 0 0 0 0 0
split_gain=0.138261 0.0458651 0.0307115 0.0034991 0.000204654 8.47785e-06
threshold=0.0078442005138157894 0.0082404255037043152 0.0041485052873060776 0.0060247522101428714 0.011511922585286698 0.002365692145855696
decision_type=2 2 2 2 2 2
left_child=2 -2 5 -4 -3 -1
right_child=1 4 3 -5 -6 -7
leaf_value=-0.0020063803225063379 -0.055968503949465509 -0.017607530683960575 0.0085070182459425353 0.014739024016891892 -0.014171151593754028 -0.0023470012766850915
leaf_weight=1.0373813509941103 0.4756297208368776 0.31600286113098264 3.1678558170096949 1.2590204700827596 0.38379385508596897 2.471745990216732
leaf_count=8 4 8 16 8 4 8
internal_value=0 -0.0320081 0.00474082 0.0102794 -0.0157229 -0.00224631
internal_weight=0 1.17543 7.936 4.42688 0.699797 3.50913
internal_count=56 16 40 24 12 16
is_linear=0
shrinkage=0.1


Tree=54
num_leaves=6
num_cat=0
split_feature=0 0 0 0 0
split_gain=0.138349 0.0343981 0.0222886 0.0221733 0.00138625
threshold=0.0078442005138157894 0.0082404255037043152 0.0028671281842487023 0.0060247522101428714 0.011511922585286698
decision_type=2 2 2 2 2
left_child=2 -2 -1 -4 -3
right_child=1 4 3 -5 -6
leaf_value=0.01117945878965609 -0.051866528283708614 -0.022298738388481325 -0.0037098781668870625 0.011801963827234654 -0.013500004027964488
leaf_weight=3.2393775656819344 0.49163017794489838 0.33236363204196095 3.469666094169952 1.2547775283455846 0.38820863328874111
leaf_count=12 4 8 20 8 4
internal_value=0 -0.0314727 0.00479058 0.000409953 -0.0175584
internal_weight=0 1.2122 7.96382 4.72444 0.720572
internal_count=56 16 40 28 12
is_linear=0
shrinkage=0.1


Tree=55
num_leaves=7
num_cat=0
split_feature=0 0 0 0 0 0
split_gain=0.0491204 0.0167596 0.00419324 0.00858902 0.0108051 0.00301454
threshold=0.0028671281842487023 0.0078442005138157894 0.0045876381482746224 0.0060247522101428714 0.004706937503068085 0.0093559016286032231
decision_type=2 2 2 2 2 2
left_child=-1 2 -2 4 -4 -3
right_child=1 5 3 -5 -6 -7
leaf_value=0.0098475441667265368 -0.00080915098580155304 -0.011039187790858961 -0.036182712070502047 -0.0031728962837412125 0.00043819827443995611 -0.021397393992760052
leaf_weight=3.2432438805699348 3.1504435278475285 0.53544432297348954 0.19906169781461347 1.1614289432764051 0.13535363494884223 0.59117112215608358
leaf_count=12 8 8 8 8 4 8
internal_value=0 -0.00553239 -0.00287919 -0.00723897 -0.0213605 -0.0164745
internal_weight=0 5.7729 4.64629 1.49584 0.334415 1.12662
internal_count=56 44 28 20 12 16
is_linear=0
shrinkage=0.1


Tree=56
num_leaves=5
num_cat=0
split_feature=0 0 0 0
split_gain=0.045167 0.0167139 0.00684375 0.00251707
threshold=0.0078442005138157894 0.0028671281842487023 0.0093559016286032231 0.0066705815683823144
decision_type=2 2 2 2
left_child=1 -1 -2 -3
right_child=2 3 -4 -5
leaf_value=0.0081918302360921482 -0.010571620668611219 -0.0001349755624578419 -0.026287759252258153 -0.0063736639550919091
leaf_weight=3.2284918799996376 0.52502305386587955 3.851734655094333 0.5867130234837532 0.77720020711421955
leaf_count=12 8 24 8 4
internal_value=0 0.00266929 -0.0188657 -0.00118245
internal_weight=0 7.85743 1.11174 4.62893
internal_count=56 40 16 28
is_linear=0
shrinkage=0.1


Tree=57
num_leaves=8
num_cat=0
split_feature=0 0 0 0 0 0 0
split_gain=0.0429138 0.0232741 0.0272151 0.00624698 0.00400277 0.000761735 0.0601388
threshold=0.0078442005138157894 0.0041485052873060776 0.0045876381482746224 0.0093559016286032231 0.002365692145855696 0.0060247522101428714 0.004706937503068085
decision_type=2 2 2 2 2 2 2
left_child=1 4 -3 -2 -1 6 -4
right_child=3 2 5 -5 -6 -7 -8
leaf_value=-0.0087192011187303062 -0.010133099619049641 0.013183160892759263 -0.043012044432336367 -0.025135843083225314 -0.0012939496361456034 -0.0021094848459918304 0.037888713781168315
leaf_weight=1.0327408984303477 0.50873697223141767 2.8678072392940521 0.20825371635146428 0.61072162166237831 2.4443516656756401 1.1406415328383444 0.16444115585181862
leaf_count=8 8 4 8 8 8 8 4
internal_value=0 0.0026095 0.00745779 -0.0183179 -0.00349934 -0.00339192 -0.00731685
internal_weight=0 7.85824 4.38114 1.11946 3.47709 1.51334 0.372695
internal_count=56 40 24 16 16 20 12
is_linear=0
shrinkage=0.1


Tree=58
num_leaves=6
num_cat=0
split_feature=0 0 0 0 0
split_gain=0.0494949 0.039291 0.00365636 0.013338 0.0216604
threshold=0.0028671281842487023 0.0093559016286032231 0.0046472771828046872 0.0066705815683823144 0.0060247522101428714
decision_type=2 2 2 2 2
left_child=-1 2 -2 4 -4
right_child=1 -3 3 -5 -6
leaf_value=0.0099033609239386304 -0.0047480786818132354 -0.029588943794831481 0.035460010527974296 -0.0050607738083037453 -0.0027414884035363006
leaf_weight=3.2313540205359459 3.2585942782461643 0.6086513390764593 0.25120138830970962 1.271144352853298 0.36276952922344208
leaf_count=12 12 8 8 12 4
internal_value=0 -0.00556316 -0.00272021 0.000785152 0.0128884
internal_weight=0 5.75236 5.14371 1.88512 0.613971
internal_count=56 44 36 24 12
is_linear=0
shrinkage=0.1


Tree=59
num_leaves=7
num_cat=0
split_feature=0 0 0 0 0 0
split_gain=0.0281135 0.0206883 0.0121984 0.0156647 0.00455824 0.00101441
threshold=0.0028671281842487023 0.004706937503068085 0.011511922585286698 0.0066705815683823144 0.0078442005138157894 0.0082404255037043152
decision_type=2 2 2 2 2 2
left_child=-1 -2 3 -3 -5 -6
right_child=1 2 -4 4 5 -7
leaf_value=0.0075487286593727866 -0.0091753325776671082 0.014121813765786565 0.016895633647215753 -0.00062998096711547758 -0.0082058503401076788 -0.015864345638109987
leaf_weight=3.1919047683477402 3.3952643559314311 0.524340532254428 0.49534849822521199 0.74198009073734261 0.35752557218074799 0.33501316606998444
leaf_count=12 16 8 4 4 4 8
internal_value=0 -0.00411914 0.00287582 -0.000669451 -0.0060759 -0.0119106
internal_weight=0 5.84947 2.45421 1.95886 1.43452 0.692539
internal_count=56 44 28 24 16 12
is_linear=0
shrinkage=0.1


Tree=60
num_leaves=8
num_cat=0
split_feature=0 0 0 0 0 0 0
split_gain=0.0296172 0.052869 0.0187841 0.0518035 0.00936138 0.00286457 3.78962e-05
threshold=0.0045876381482746224 0.0041485052873060776 0.0060247522101428714 0.004706937503068085 0.002365692145855696 0.0093559016286032231 0.0078442005138157894
decision_type=2 2 2 2 2 2 2
left_child=1 4 3 -2 -1 6 -4
right_child=2 -3 5 -5 -6 -7 -8
leaf_value=-0.012671556178100507 -0.06008691593193221 0.013778762831136611 -0.0034009909043803072 0.012446067923701095 -0.0012450882329753969 -0.01103017854028524 -0.0023468490617497596
leaf_weight=1.0166020058095457 0.22837897716090116 2.8581652343273163 1.1137642040848734 0.17309855343773961 2.4328401125967503 0.6311112418770789 0.49154406460002054
leaf_count=8 8 4 8 4 8 8 8
internal_value=0 0.00372105 -0.0088976 -0.028814 -0.00461264 -0.00532224 -0.00307821
internal_weight=0 6.30761 2.6379 0.401478 3.44944 2.23642 1.60531
internal_count=56 20 36 12 16 24 16
is_linear=0
shrinkage=0.1


Tree=61
num_leaves=6
num_cat=0
split_feature=0 0 0 0 0
split_gain=0.0523642 0.0232868 0.00443449 0.00275938 0.00569005
threshold=0.0082404255037043152 0.0028671281842487023 0.011511922585286698 0.004706937503068085 0.0066705815683823144
decision_type=2 2 2 2 2
left_child=1 -1 -2 -3 -5
right_child=2 3 -4 4 -6
leaf_value=0.0089390453024814215 -0.016119643405594044 -0.0036497257150138818 -0.031849980097343508 0.0096778583021278099 -0.0027654636649032966
leaf_weight=3.2143489643931371 0.3025990775786348 3.3126538463402539 0.43950686603784561 0.54870559368282545 1.1127125434577463
leaf_count=12 8 16 4 8 8
internal_value=0 0.00230521 -0.0254358 -0.00198171 0.00134411
internal_weight=0 8.18842 0.742106 4.97407 1.66142
internal_count=56 44 12 32 16
is_linear=0
shrinkage=0.1


Tree=62
num_leaves=6
num_cat=0
split_feature=0 0 0 0 0
split_gain=0.25273 0.0502382 0.0397577 0.0528046 0.00119832
threshold=0.0082404255037043152 0.011511922585286698 0.0041485052873060776 0.0060247522101428714 0.002365692145855696
decision_type=2 2 2 2 2
left_child=2 -2 4 -4 -1
right_child=1 -3 3 -5 -6
leaf_value=-0.0059840065180974062 -0.0237208653995757 -0.076160731120923753 0.0178175702949975 -0.0050393376573902408 -0.001901692463881422
leaf_weight=1.0205976963043197 0.30479084048420269 0.45602389425039291 3.3660840779775754 1.4444631636142728 2.4336541146039963
leaf_count=8 8 4 16 12 8
internal_value=0 -0.0551527 0.00507707 0.0109543 -0.00310786
internal_weight=0 0.760815 8.2648 4.81055 3.45425
internal_count=56 12 44 28 16
is_linear=0
shrinkage=0.1


Tree=63
num_leaves=5
num_cat=0
split_feature=0 0 0 0
split_gain=0.0565932 0.0143721 0.00705839 9.78735e-05
threshold=0.0028671281842487023 0.0093559016286032231 0.004706937503068085 0.0066705815683823144
decision_type=2 2 2 2
left_child=-1 2 -2 -4
right_child=1 -3 3 -5
leaf_value=0.010577815650183821 -0.0070795919320217103 -0.02134679197765425 0.0019173584496396366 0.00027682706097602246
leaf_weight=3.2194308526813984 3.3298764554783702 0.55325708910822857 0.51459018001332868 1.2398900426924226
leaf_count=12 16 8 8 12
internal_value=0 -0.00604059 -0.00437504 0.000757996
internal_weight=0 5.63761 5.08436 1.75448
internal_count=56 44 36 20
is_linear=0
shrinkage=0.1


Tree=64
num_leaves=6
num_cat=0
split_feature=0 0 0 0 0
split_gain=0.0310549 0.00992105 0.0169783 0.117674 0.00334693
threshold=0.0028671281842487023 0.0045876381482746224 0.0060247522101428714 0.0046472771828046872 0.0093559016286032231
decision_type=2 2 2 2 2
left_child=-1 -2 3 -3 -4
right_child=1 2 4 -5 -6
leaf_value=0.0078666669170207298 -0.00072548076696965329 -0.10537985151304029 -0.0035209378482305969 0.01496284600137307 -0.01254055204748528
leaf_weight=3.1962427161633968 3.1176623106002808 0.12915373593568835 1.58567212196067 0.21908448508474976 0.55554261244833458
leaf_count=12 8 4 16 8 8
internal_value=0 -0.00448426 -0.00919155 -0.0296696 -0.0058611
internal_weight=0 5.60712 2.48945 0.348238 2.14121
internal_count=56 44 36 12 24
is_linear=0
shrinkage=0.1


Tree=65
num_leaves=8
num_cat=0
split_feature=0 0 0 0 0 0 0
split_gain=0.0245235 0.0347706 0.0244961 0.00511277 0.00178416 5.78069e-05 0.0253251
threshold=0.0045876381482746224 0.0041485052873060776 0.0093559016286032231 0.0066705815683823144 0.002365692145855696 0.0060247522101428714 0.004706937503068085
decision_type=2 2 2 2 2 2 2
left_child=1 4 3 5 -1 6 -2
right_child=2 -3 -4 -5 -6 -7 -8
leaf_value=-0.0070176067491363736 -0.039234242996142192 0.011409718238971083 -0.028266654662122477 0.00034513531968652963 -0.0020292211048847614 -0.011489880713341906 0.020500984325408991
leaf_weight=1.0176035575568678 0.14296541269868646 2.8630771636962891 0.50197904370725144 1.2403715131804345 2.4270865693688393 0.35855354368686676 0.1409390305634588
leaf_count=8 8 4 8 12 8 4 4
internal_value=0 0.00326592 -0.00863829 -0.00340519 -0.00350285 -0.0106458 -0.00957981
internal_weight=0 6.30777 2.38481 1.88283 3.44469 0.642458 0.283904
internal_count=56 20 36 28 16 16 12
is_linear=0
shrinkage=0.1


Tree=66
num_leaves=5
num_cat=0
split_feature=0 0 0 0
split_gain=0.042287 0.00662731 0.0111635 0.00174434
threshold=0.0028671281842487023 0.0078442005138157894 0.0093559016286032231 0.0066705815683823144
decision_type=2 2 2 2
left_child=-1 3 -3 -2
right_child=1 2 -4 -5
leaf_value=0.0091222259835566626 -0.0046067436891588402 -0.0020893376864629149 -0.023489165238822093 0.00066557196516961155
leaf_weight=3.2045498490333557 3.7416509995236993 0.48628296237438906 0.48880354408174753 0.75397068262100209
leaf_count=12 24 8 8 4
internal_value=0 -0.00534348 -0.0128169 -0.00372251
internal_weight=0 5.47071 0.975087 4.49562
internal_count=56 44 16 28
is_linear=0
shrinkage=0.1


Tree=67
num_leaves=8
num_cat=0
split_feature=0 0 0 0 0 0 0
split_gain=0.0252396 0.028962 0.00970565 0.00776246 0.0175295 0.000560719 5.58781e-05
threshold=0.0045876381482746224 0.0041485052873060776 0.0093559016286032231 0.0060247522101428714 0.004706937503068085 0.002365692145855696 0.0078442005138157894
decision_type=2 2 2 2 2 2 2
left_child=1 5 3 4 -2 -1 -5
right_child=2 -3 -4 6 -6 -7 -8
leaf_value=-0.0048766871825979352 -0.046880963902138167 0.010711505891277522 -0.021526360853037968 -0.0026241207883204755 0.0059900635097007993 -0.0020765744985444166 -0.0039108486842882118
leaf_weight=1.014711029827595 0.13282043032813851 2.8647315353155136 0.48268549609929312 1.1057338416576383 0.11879888526163995 2.4223912432789803 0.48576126294210542
leaf_count=8 8 4 8 8 4 8 8
internal_value=0 0.00328585 -0.00890314 -0.00559729 -0.0219186 -0.00290323 -0.00301686
internal_weight=0 6.30183 2.3258 1.84311 0.251619 3.4371 1.5915
internal_count=56 20 36 28 12 16 16
is_linear=0
shrinkage=0.1


Tree=68
num_leaves=7
num_cat=0
split_feature=0 0 0 0 0 0
split_gain=0.0431171 0.00446746 0.00648938 0.0104314 0.00330896 0.0155018
threshold=0.0028671281842487023 0.0045876381482746224 0.0093559016286032231 0.0066705815683823144 0.0060247522101428714 0.004706937503068085
decision_type=2 2 2 2 2 2
left_child=-1 -2 3 4 5 -3
right_child=1 2 -4 -5 -6 -7
leaf_value=0.0092068487532658543 -0.0029697222190981291 -0.049891683986123744 -0.019162453503991785 -0.00080199502588483801 -0.010801306231761787 0.0010944861998810774
leaf_weight=3.1996739320456982 3.1275028809905052 0.1274060077266771 0.47682276275008906 1.2286944095976648 0.35317699611186981 0.1120988103793934
leaf_count=12 8 8 8 12 4 4
internal_value=0 -0.00542951 -0.00877691 -0.00605805 -0.0169544 -0.0260279
internal_weight=0 5.4257 2.2982 1.82138 0.592682 0.239505
internal_count=56 44 36 28 16 12
is_linear=0
shrinkage=0.1


Tree=69
num_leaves=7
num_cat=0
split_feature=0 0 0 0 0 0
split_gain=0.0263905 0.00646983 0.00507783 0.0103761 0.0184997 0.00570053
threshold=0.0028671281842487023 0.0045876381482746224 0.0066705815683823144 0.0060247522101428714 0.004706937503068085 0.0093559016286032231
decision_type=2 2 2 2 2 2
left_child=-1 -2 3 4 -3 -4
right_child=1 2 5 -5 -6 -7
leaf_value=0.0072278069480866585 -0.0012826225700937072 -0.058081314733147406 -0.0018892632938568776 -0.0054682693933001533 -0.0019087732496280117 -0.014769908147747163
leaf_weight=3.1799605712294579 3.1096233688294888 0.12873331713490221 1.2230978114530442 0.3557085245847702 0.10766244935803115 0.47781699057668436
leaf_count=12 8 8 12 4 4 8
internal_value=0 -0.00425424 -0.00828414 -0.01626 -0.0324985 -0.00550766
internal_weight=0 5.40264 2.29302 0.592104 0.236396 1.70091
internal_count=56 44 36 16 12 20
is_linear=0
shrinkage=0.1


Tree=70
num_leaves=7
num_cat=0
split_feature=0 0 0 0 0 0
split_gain=0.0175772 0.0273583 0.0926774 0.0203489 0.0636499 0.197499
threshold=0.0028671281842487023 0.0082404255037043152 0.011511922585286698 0.0045876381482746224 0.0066705815683823144 0.004706937503068085
decision_type=2 2 2 2 2 2
left_child=-1 3 -3 -2 5 -5
right_child=1 2 -4 4 -6 -7
leaf_value=0.0059579494785537571 -0.001219843029055599 -0.027063098122200813 0.046640375644184086 -0.11827159285773113 0.00051174607830405507 -0.001800060420356922
leaf_weight=3.1500430256128311 3.0821234174072742 0.29816811298951496 0.3987884595990181 0.21354227897245426 1.0574030913412569 0.45749872224405408
leaf_count=12 8 8 4 8 8 8
internal_value=0 -0.00340767 0.015109 -0.00609036 -0.0147754 -0.0388643
internal_weight=0 5.50752 0.696957 4.81057 1.72844 0.671041
internal_count=56 44 12 32 24 16
is_linear=0
shrinkage=0.1


Tree=71
num_leaves=9
num_cat=0
split_feature=0 0 0 0 0 0 0 0
split_gain=0.032049 0.0313948 0.0164758 0.0126293 0.00531914 0.000903946 0.00071607 0.00446476
threshold=0.0078442005138157894 0.0041485052873060776 0.0045876381482746224 0.0093559016286032231 0.002365692145855696 0.0066705815683823144 0.0060247522101428714 0.004706937503068085
decision_type=2 2 2 2 2 2 2 2
left_child=1 4 -3 -2 -1 6 7 -4
right_child=3 2 5 -5 -6 -7 -8 -9
leaf_value=-0.011093155090389743 -0.0063884010097438326 0.012245829016522219 -0.024532770207971736 -0.029737060026115966 -0.0024152759463132376 0.00096478754430007272 -0.0016687908065163876 0.0051295484788957957
leaf_weight=0.99870463088154826 0.48533883318305004 2.8517509400844574 0.097515771398320572 0.44321930501610041 2.4128408655524254 0.73918718099594116 0.35867881029844284 0.10579902841709554
leaf_count=8 8 4 8 8 8 4 4 4
internal_value=0 0.00215224 0.00799123 -0.0175332 -0.00495566 -0.00133343 -0.00435626 -0.00909737
internal_weight=0 7.56448 4.15293 0.928558 3.41155 1.30118 0.561994 0.203315
internal_count=56 40 24 16 16 20 16 12
is_linear=0
shrinkage=0.1


Tree=72
num_leaves=5
num_cat=0
split_feature=0 0 0 0
split_gain=0.0331211 0.0127557 0.0110143 0.000902323
threshold=0.0028671281842487023 0.0078442005138157894 0.0093559016286032231 0.0066705815683823144
decision_type=2 2 2 2
left_child=-1 3 -3 -2
right_child=1 2 -4 -5
leaf_value=0.0080742652061168083 -0.0032412609041693112 -0.0050743981938137931 -0.027068281477728037 0.00058280154588896454
leaf_weight=3.1799998991191387 3.6667261364636943 0.47638220130465914 0.43617003224790096 0.74188243597745884
leaf_count=12 24 8 8 4
internal_value=0 -0.0048253 -0.0155868 -0.00259775
internal_weight=0 5.32116 0.912552 4.40861
internal_count=56 44 16 28
is_linear=0
shrinkage=0.1


Tree=73
num_leaves=9
num_cat=0
split_feature=0 0 0 0 0 0 0 0
split_gain=0.0221293 0.0161919 0.0177899 0.00756335 0.002806 0.00246291 0.0017639 0.000480105
threshold=0.0078442005138157894 0.0041485052873060776 0.0045876381482746224 0.0093559016286032231 0.0066705815683823144 0.0060247522101428714 0.004706937503068085 0.002365692145855696
decision_type=2 2 2 2 2 2 2 2
left_child=1 7 -3 -2 5 6 -4 -1
right_child=3 2 4 -5 -6 -7 -8 -9
leaf_value=-0.00517700639825558 -0.006035942637576508 0.010359838086074408 -0.027659158751465227 -0.024331740656504997 0.00023394000083326556 -0.0041918275858433881 -0.0087604999189087214 -0.0025706759870894325
leaf_weight=1.0003349855542185 0.47323136101476837 2.8605449646711349 0.098082060460001008 0.43240692093968391 0.73695188015699387 0.35198216140270233 0.099475568043999374 2.4083362333476543
leaf_count=8 8 4 8 8 4 4 4 8
internal_value=0 0.00177053 0.00596749 -0.0147715 -0.00379899 -0.00920729 -0.0181432 -0.00333555
internal_weight=0 7.55571 4.14704 0.905638 1.28649 0.54954 0.197558 3.40867
internal_count=56 40 24 16 20 16 12 16
is_linear=0
shrinkage=0.1


Tree=74
num_leaves=5
num_cat=0
split_feature=0 0 0 0
split_gain=0.0371844 0.00839844 0.00692246 0.00108333
threshold=0.0028671281842487023 0.0078442005138157894 0.0093559016286032231 0.0066705815683823144
decision_type=2 2 2 2
left_child=-1 3 -3 -2
right_child=1 2 -4 -5
leaf_value=0.0085476258332292891 -0.00404523247870718 -0.0055405706557737494 -0.023156186248513178 0.00015709799279618823
leaf_weight=3.1787670589983463 3.6574503321899101 0.46600976982153941 0.42794050369411707 0.73707861453294743
leaf_count=12 24 8 8 4
internal_value=0 -0.00513775 -0.0139733 -0.00334039
internal_weight=0 5.28848 0.89395 4.39453
internal_count=56 44 16 28
is_linear=0
shrinkage=0.1


Tree=75
num_leaves=8
num_cat=0
split_feature=0 0 0 0 0 0 0
split_gain=0.0219015 0.00946579 0.00461269 0.00129744 0.00352137 0.0039725 0.00105732
threshold=0.0028671281842487023 0.0078442005138157894 0.0093559016286032231 0.0045876381482746224 0.0066705815683823144 0.0060247522101428714 0.004706937503068085
decision_type=2 2 2 2 2 2 2
left_child=-1 3 -3 -2 5 6 -5
right_child=1 2 -4 4 -6 -7 -8
leaf_value=0.0065769033785198052 -0.00093603732059190656 -0.0064584384258937885 -0.020874196115456687 -0.029606010035239428 -0.00020428550609112285 -0.0044393462883405349 -0.014840673867660858
leaf_weight=3.162687424570322 3.1003793776035309 0.46388724935241032 0.42560943635180593 0.098069846048019604 0.73173411935567856 0.3472430631518364 0.095943512511439621
leaf_count=12 8 8 8 8 4 4 4
internal_value=0 -0.00395234 -0.0133561 -0.00203971 -0.00472772 -0.010843 -0.0223043
internal_weight=0 5.26287 0.889497 4.37337 1.27299 0.541256 0.194013
internal_count=56 44 16 28 20 16 12
is_linear=0
shrinkage=0.1


Tree=76
num_leaves=8
num_cat=0
split_feature=0 0 0 0 0 0 0
split_gain=0.0185772 0.03406 0.00820237 0.00184989 0.0016942 0.00399668 0.000787267
threshold=0.0045876381482746224 0.0041485052873060776 0.0093559016286032231 0.002365692145855696 0.0066705815683823144 0.0060247522101428714 0.004706937503068085
decision_type=2 2 2 2 2 2 2
left_child=1 3 4 -1 5 6 -2
right_child=2 -3 -4 -5 -6 -7 -8
leaf_value=-0.0076526306440217011 -0.027651395617737596 0.01080611568993683 -0.020518038206768247 -0.0025167640214138411 -0.0028606335090651299 -0.0032281408840876685 -0.014792814417471803
leaf_weight=0.9908193685114387 0.095862774294801389 2.8550581187009811 0.42216510884463776 2.4003175385296345 1.188294692430645 0.3460984081029892 0.094602132099680603
leaf_count=8 8 4 8 8 12 4 4
internal_value=0 0.00275827 -0.00802446 -0.00401736 -0.00496661 -0.0096306 -0.0212647
internal_weight=0 6.2462 2.14702 3.39114 1.72486 0.536563 0.190465
internal_count=56 20 36 16 28 16 12
is_linear=0
shrinkage=0.1


Tree=77
num_leaves=5
num_cat=0
split_feature=0 0 0 0
split_gain=0.0325816 0.0074336 0.00359008 0.00109067
threshold=0.0028671281842487023 0.0078442005138157894 0.0093559016286032231 0.0066705815683823144
decision_type=2 2 2 2
left_child=-1 3 -3 -2
right_child=1 2 -4 -5
leaf_value=0.008008847042008542 -0.0038637453954724768 -0.0071065424168456764 -0.019947391720656203 0.00037258862252877335
leaf_weight=3.1663646586239338 3.6382521756459028 0.453824013005942 0.41852059634402394 0.72960578650236119
leaf_count=12 24 8 8 4
internal_value=0 -0.00483931 -0.0132671 -0.00315611
internal_weight=0 5.2402 0.872345 4.36786
internal_count=56 44 16 28
is_linear=0
shrinkage=0.1


Tree=78
num_leaves=8
num_cat=0
split_feature=0 0 0 0 0 0 0
split_gain=0.0191939 0.00814087 0.0024966 0.00126908 0.00365023 0.00427947 0.000572508
threshold=0.0028671281842487023 0.0078442005138157894 0.0093559016286032231 0.0045876381482746224 0.0066705815683823144 0.0060247522101428714 0.004706937503068085
decision_type=2 2 2 2 2 2 2
left_child=-1 3 -3 -2 5 6 -5
right_child=1 2 -4 4 -6 -7 -8
leaf_value=0.0061613065248529303 -0.0008692949776261292 -0.0074082771897388024 -0.018139606161111294 -0.028518542584709483 -2.839592042646023e-05 -0.0042935720147203541 -0.01746737799837126
leaf_weight=3.1518122181296349 3.0938386842608452 0.45145351812243451 0.4170721797272563 0.0954237515106795 0.72461402416229248 0.3419913575053215 0.092144192894920707
leaf_count=12 8 8 8 8 4 4 4
internal_value=0 -0.00372264 -0.0125615 -0.00195705 -0.00464035 -0.010951 -0.0230896
internal_weight=0 5.21654 0.868526 4.34801 1.25417 0.529559 0.187568
internal_count=56 44 16 28 20 16 12
is_linear=0
shrinkage=0.1


Tree=79
num_leaves=8
num_cat=0
split_feature=0 0 0 0 0 0 0
split_gain=0.0164743 0.0339942 0.00575468 0.00205212 0.00162583 0.00386192 0.000453289
threshold=0.0045876381482746224 0.0041485052873060776 0.0093559016286032231 0.002365692145855696 0.0066705815683823144 0.0060247522101428714 0.004706937503068085
decision_type=2 2 2 2 2 2 2
left_child=1 3 4 -1 5 6 -2
right_child=2 -3 -4 -5 -6 -7 -8
leaf_value=-0.0080480404484847817 -0.026236843536057965 0.010623023701001565 -0.018202849261428865 -0.0026228282029866637 -0.0029805279811915344 -0.0033670602310266135 -0.016320713351013684
leaf_weight=0.98375220224261317 0.093251790851354932 2.8527570515871048 0.41445611929520954 2.3937508128583431 1.1689246271271256 0.34046519547700882 0.091167466132901609
leaf_count=8 8 4 8 8 12 4 4
internal_value=0 0.00258564 -0.00764098 -0.00420301 -0.00505661 -0.00968007 -0.0213348
internal_weight=0 6.23026 2.10827 3.3775 1.69381 0.524884 0.184419
internal_count=56 20 36 16 28 16 12
is_linear=0
shrinkage=0.1


Tree=80
num_leaves=5
num_cat=0
split_feature=0 0 0 0
split_gain=0.0301701 0.00635139 0.00226353 0.00112267
threshold=0.0028671281842487023 0.0078442005138157894 0.0093559016286032231 0.0066705815683823144
decision_type=2 2 2 2
left_child=-1 3 -3 -2
right_child=1 2 -4 -5
leaf_value=0.0077116773025658241 -0.003852194801727828 -0.0076000514864888215 -0.017907911307084128 0.00046395727476885717
leaf_weight=3.1563775166869164 3.6214579517254606 0.44173820572905231 0.41147221392020583 0.72294148802757252
leaf_count=12 24 8 8 4
internal_value=0 -0.00468311 -0.0125712 -0.00313395
internal_weight=0 5.19761 0.85321 4.3444
internal_count=56 44 16 28
is_linear=0
shrinkage=0.1


Tree=81
num_leaves=8
num_cat=0
split_feature=0 0 0 0 0 0 0
split_gain=0.0176198 0.00703244 0.00161137 0.00112702 0.00353493 0.00370667 0.000353496
threshold=0.0028671281842487023 0.0078442005138157894 0.0093559016286032231 0.0045876381482746224 0.0066705815683823144 0.0060247522101428714 0.004706937503068085
decision_type=2 2 2 2 2 2 2
left_child=-1 3 -3 -2 5 6 -5
right_child=1 2 -4 4 -6 -7 -8
leaf_value=0.0059065324300130746 -0.00093111515753213539 -0.0076950155861413563 -0.016408444451714362 -0.026622159204097651 3.8256836725973929e-05 -0.0045780611433060862 -0.017804334207083678
leaf_weight=3.1423858627676964 3.0887190960347652 0.43954691081307817 0.41039359569549561 0.092697006766684131 0.71816117316484451 0.33628742396831512 0.089222601382061839
leaf_count=12 8 8 8 8 4 4 4
internal_value=0 -0.00358657 -0.0119023 -0.00195242 -0.00450385 -0.0107986 -0.0222975
internal_weight=0 5.17503 0.849941 4.32509 1.23637 0.518207 0.18192
internal_count=56 44 16 28 20 16 12
is_linear=0
shrinkage=0.1


Tree=82
num_leaves=8
num_cat=0
split_feature=0 0 0 0 0 0 0
split_gain=0.0146771 0.0330567 0.00440192 0.00197239 0.00148832 0.00330318 0.000292932
threshold=0.0045876381482746224 0.0041485052873060776 0.0093559016286032231 0.002365692145855696 0.0066705815683823144 0.0060247522101428714 0.004706937503068085
decision_type=2 2 2 2 2 2 2
left_child=1 3 4 -1 5 6 -2
right_child=2 -3 -4 -5 -6 -7 -8
leaf_value=-0.008066731705239116 -0.024426684912478274 0.010352113836118188 -0.016590844780831566 -0.0027336331306723593 -0.0030063756044972374 -0.0036129271520089173 -0.016339687623225001
leaf_weight=0.97736793383955989 0.090765498578548764 2.8512600660324097 0.40829982422292221 2.3875131048262119 1.151009175693616 0.33474320918321609 0.088429690338671207
leaf_count=8 8 4 8 8 12 4 4
internal_value=0 0.0024301 -0.00728607 -0.00428269 -0.00500423 -0.0094786 -0.0204359
internal_weight=0 6.21614 2.07325 3.36488 1.66495 0.513938 0.179195
internal_count=56 20 36 16 28 16 12
is_linear=0
shrinkage=0.1


Tree=83
num_leaves=5
num_cat=0
split_feature=0 0 0 0
split_gain=0.0282343 0.00545359 0.0015653 0.00109572
threshold=0.0028671281842487023 0.0078442005138157894 0.0093559016286032231 0.0066705815683823144
decision_type=2 2 2 2
left_child=-1 3 -3 -2
right_child=1 2 -4 -5
leaf_value=0.0074646097238082413 -0.0038332048668354769 -0.0077459590244091259 -0.016401544115164129 0.00044816318770867853
leaf_weight=3.1472078412771225 3.6059767325641587 0.43070329609327007 0.40576531738042831 0.71655219793319691
leaf_count=12 24 8 8 4
internal_value=0 -0.00455373 -0.0119447 -0.00312348
internal_weight=0 5.159 0.836469 4.32253
internal_count=56 44 16 28
is_linear=0
shrinkage=0.1


Tree=84
num_leaves=9
num_cat=0
split_feature=0 0 0 0 0 0 0 0
split_gain=0.016348 0.00614685 0.0011497 0.00134037 0.000963974 0.00324866 0.00304515 0.000236796
threshold=0.0028671281842487023 0.0078442005138157894 0.0082404255037043152 0.011511922585286698 0.0045876381482746224 0.0066705815683823144 0.0060247522101428714 0.004706937503068085
decision_type=2 2 2 2 2 2 2 2
left_child=-1 4 -3 -4 -2 6 7 -6
right_child=1 2 3 -5 5 -7 -8 -9
leaf_value=0.0056924663276163613 -0.0010086522041223448 -0.0064862567408336212 -0.019450161996675965 -0.0093367781113861282 -0.024613508560965901 2.8586900142222852e-05 -0.0047750703245289482 -0.017297236263351525
leaf_weight=3.1336089186370373 3.084009911864996 0.30848524719476689 0.25138342124409974 0.27376609854400158 0.090227276552468316 0.71196075528860092 0.33070416748523712 0.086790723842568696
leaf_count=12 8 4 8 4 8 4 4 4
internal_value=0 -0.00347223 -0.0113316 -0.0141779 -0.00194984 -0.00432968 -0.0104411 -0.0210264
internal_weight=0 5.13733 0.833635 0.52515 4.30369 1.21968 0.507722 0.177018
internal_count=56 44 16 12 28 20 16 12
is_linear=0
shrinkage=0.1


Tree=85
num_leaves=8
num_cat=0
split_feature=0 0 0 0 0 0 0
split_gain=0.0130982 0.0319944 0.00392688 0.0018562 0.00127743 0.00269865 0.00017715
threshold=0.0045876381482746224 0.0041485052873060776 0.0093559016286032231 0.002365692145855696 0.0066705815683823144 0.0060247522101428714 0.004706937503068085
decision_type=2 2 2 2 2 2 2
left_child=1 3 4 -1 5 6 -2
right_child=2 -3 -4 -5 -6 -7 -8
leaf_value=-0.0080188082282623713 -0.022157280088387382 0.010076686144755502 -0.015796687622906772 -0.0028320292533610056 -0.0029129040473123632 -0.0036343421746039117 -0.01578821799977758
leaf_weight=0.97138419747352633 0.088359604473226105 2.8498538434505463 0.40264588966965664 2.3816033415496349 1.1343684392049906 0.32940120249986649 0.08634643122786656
leaf_count=8 8 4 8 8 12 4 4
internal_value=0 0.00228653 -0.00694863 -0.00433468 -0.00477427 -0.00896282 -0.0190094
internal_weight=0 6.20284 2.04112 3.35299 1.63848 0.504107 0.174706
internal_count=56 20 36 16 28 16 12
is_linear=0
shrinkage=0.1


Tree=86
num_leaves=5
num_cat=0
split_feature=0 0 0 0
split_gain=0.0265471 0.00478011 0.0013387 0.00102018
threshold=0.0028671281842487023 0.0078442005138157894 0.0093559016286032231 0.0066705815683823144
decision_type=2 2 2 2
left_child=-1 3 -3 -2
right_child=1 2 -4 -5
leaf_value=0.0072421288259370969 -0.0037874666872393702 -0.0074887999477052051 -0.015567885720204708 0.00035975483358767686
leaf_weight=3.1386736705899239 3.591794848209247 0.42045130487531412 0.40042626485228539 0.71047554165124882
leaf_count=12 24 8 8 4
internal_value=0 -0.00443686 -0.0114298 -0.0031026
internal_weight=0 5.12315 0.820878 4.30227
internal_count=56 44 16 28
is_linear=0
shrinkage=0.1


Tree=87
num_leaves=8
num_cat=0
split_feature=0 0 0 0 0 0 0
split_gain=0.0152641 0.00550499 0.00097043 0.000789381 0.00283272 0.00249322 0.00014753
threshold=0.0028671281842487023 0.0078442005138157894 0.0093559016286032231 0.0045876381482746224 0.0066705815683823144 0.0060247522101428714 0.004706937503068085
decision_type=2 2 2 2 2 2 2
left_child=-1 3 -3 -2 5 6 -5
right_child=1 2 -4 4 -6 -7 -8
leaf_value=0.0055033118156293716 -0.0010865127928206565 -0.0075225746417349809 -0.01441182594068794 -0.02245397640755745 -3.1341333299847381e-05 -0.0047248549469737075 -0.016609874405290548
leaf_weight=3.125418096780777 3.0794306509196758 0.41872636112384487 0.39958396228030324 0.087987307517323421 0.70606343448162079 0.32560746371746063 0.084853803913574666
leaf_count=12 8 8 8 8 4 4 4
internal_value=0 -0.00337109 -0.0108866 -0.00193548 -0.00410594 -0.0098777 -0.0195849
internal_weight=0 5.10225 0.81831 4.28394 1.20451 0.498449 0.172841
internal_count=56 44 16 28 20 16 12
is_linear=0
shrinkage=0.1


Tree=88
num_leaves=9
num_cat=0
split_feature=0 0 0 0 0 0 0 0
split_gain=0.0117134 0.0308814 0.00353825 0.00172115 0.00147484 0.00230429 0.000964982 0.000136271
threshold=0.0045876381482746224 0.0041485052873060776 0.0082404255037043152 0.002365692145855696 0.0066705815683823144 0.0060247522101428714 0.011511922585286698 0.004706937503068085
decision_type=2 2 2 2 2 2 2 2
left_child=1 3 4 -1 5 7 -4 -2
right_child=2 -3 6 -5 -6 -7 -8 -9
leaf_value=-0.0079264847807960451 -0.020814301315538245 0.0098043617279207212 -0.018326240776863977 -0.0029198472496397773 -0.0019604660564695826 -0.0036798752397576105 -0.0096610801987582276 -0.015165859718264885
leaf_weight=0.96571722626686129 0.086631627753377294 2.8486497700214386 0.24465083517134179 2.3759730868041515 1.0016162209212778 0.32426086813211441 0.27074471581727266 0.084248341387137771
leaf_count=8 8 4 8 8 8 4 4 4
internal_value=0 0.00215448 -0.00662821 -0.00436672 -0.00416751 -0.00863212 -0.0137743 -0.0180295
internal_weight=0 6.19034 2.01215 3.34169 1.49676 0.495141 0.515396 0.17088
internal_count=56 20 36 16 24 16 12 12
is_linear=0
shrinkage=0.1


Tree=89
num_leaves=5
num_cat=0
split_feature=0 0 0 0
split_gain=0.0250526 0.00409903 0.00123786 0.000848956
threshold=0.0028671281842487023 0.0078442005138157894 0.0093559016286032231 0.0066705815683823144
decision_type=2 2 2 2
left_child=-1 3 -3 -2
right_child=1 2 -4 -5
leaf_value=0.0070388779905855752 -0.0037226163629496749 -0.0070211613686521068 -0.014856361009911107 7.4820049802422676e-05
leaf_weight=3.1307602897286415 3.5784664679667912 0.41069056466221798 0.39612460695207119 0.70463804155588139
leaf_count=12 24 8 8 4
internal_value=0 -0.00432954 -0.010868 -0.00309788
internal_weight=0 5.08992 0.806815 4.2831
internal_count=56 44 16 28
is_linear=0
shrinkage=0.1


Tree=90
num_leaves=8
num_cat=0
split_feature=0 0 0 0 0 0 0
split_gain=0.014319 0.00484804 0.000890037 0.000694305 0.00238751 0.00210217 9.44858e-05
threshold=0.0028671281842487023 0.0078442005138157894 0.0093559016286032231 0.0045876381482746224 0.0066705815683823144 0.0060247522101428714 0.004706937503068085
decision_type=2 2 2 2 2 2 2
left_child=-1 3 -3 -2 5 6 -5
right_child=1 2 -4 4 -6 -7 -8
leaf_value=0.0053327438554923228 -0.0011426413821405228 -0.0071306200663225419 -0.013783798398197437 -0.020677417458261477 -0.00024124850914410378 -0.0045822616348529721 -0.015951777100134623
leaf_weight=3.1177923195064068 3.0750068761408329 0.40922395465895522 0.39530115528032184 0.086148372851311938 0.70038978755474091 0.32066381722688675 0.083145780488848686
leaf_count=12 8 8 8 8 4 4 4
internal_value=0 -0.00327944 -0.0103996 -0.00193644 -0.00398706 -0.00934165 -0.0183565
internal_weight=0 5.06988 0.804525 4.26535 1.19035 0.489958 0.169294
internal_count=56 44 16 28 20 16 12
is_linear=0
shrinkage=0.1


Tree=91
num_leaves=9
num_cat=0
split_feature=0 0 0 0 0 0 0 0
split_gain=0.0107851 0.0295602 0.00297481 0.00159171 0.001206 0.00198441 0.000628607 9.38772e-05
threshold=0.0041485052873060776 0.0045876381482746224 0.0082404255037043152 0.002365692145855696 0.0066705815683823144 0.0060247522101428714 0.011511922585286698 0.004706937503068085
decision_type=2 2 2 2 2 2 2 2
left_child=3 -2 4 -1 5 7 -4 -3
right_child=1 2 6 -5 -6 -7 -8 -9
leaf_value=-0.0078123202853817367 0.0095478285787180886 -0.019294082395470338 -0.016664250543476221 -0.0029866119298283585 -0.0020702106868096311 -0.0035261407212076046 -0.0096241591221552965 -0.014560254479618973
leaf_weight=0.96042925491929088 2.8474975973367691 0.085016556608024763 0.23984702117741097 2.3705594167113304 0.98907044529914856 0.319499671459198 0.2691622506827116 0.082588285615202039
leaf_count=8 4 8 8 8 8 4 4 4
internal_value=0 0.0030176 -0.0063492 -0.00437802 -0.00407608 -0.00814902 -0.0129415 -0.0169615
internal_weight=0 4.83268 1.98518 3.33099 1.47617 0.487105 0.509009 0.167605
internal_count=56 40 36 16 24 16 12 12
is_linear=0
shrinkage=0.1


Tree=92
num_leaves=5
num_cat=0
split_feature=0 0 0 0
split_gain=0.0236846 0.00351989 0.0011086 0.000759903
threshold=0.0028671281842487023 0.0078442005138157894 0.0093559016286032231 0.0066705815683823144
decision_type=2 2 2 2
left_child=-1 3 -3 -2
right_child=1 2 -4 -5
leaf_value=0.00684754019753624 -0.0036798735304893887 -0.0066475033231658048 -0.014120626621560576 -7.4082847252414724e-05
leaf_weight=3.1232350207865238 3.5662678267108276 0.40176082751713682 0.39236976252868772 0.6990232542157172
leaf_count=12 24 8 8 4
internal_value=0 -0.00422705 -0.0103399 -0.00308893
internal_weight=0 5.05942 0.794131 4.26529
internal_count=56 44 16 28
is_linear=0
shrinkage=0.1


Tree=93
num_leaves=8
num_cat=0
split_feature=0 0 0 0 0 0 0
split_gain=0.0134479 0.00427217 0.000789748 0.000587932 0.00205953 0.0017966 6.76232e-05
threshold=0.0028671281842487023 0.0078442005138157894 0.0093559016286032231 0.0045876381482746224 0.0066705815683823144 0.0060247522101428714 0.004706937503068085
decision_type=2 2 2 2 2 2 2
left_child=-1 3 -3 -2 5 6 -5
right_child=1 2 -4 4 -6 -7 -8
leaf_value=0.0051705126640679824 -0.0012053805299642769 -0.0068110552367771811 -0.013126592597434325 -0.019251215831622856 -0.00034912125365672294 -0.0044289414435512899 -0.015216421178299095
leaf_weight=3.110540397465229 3.0707423575222492 0.4005129754077642 0.39159261481836438 0.084638789645395951 0.69491801410913467 0.31614784151315689 0.081572615599725395
leaf_count=12 8 8 8 8 4 4 4
internal_value=0 -0.003191 -0.00993326 -0.00193381 -0.00383381 -0.00885407 -0.017271
internal_weight=0 5.04013 0.792106 4.24802 1.17728 0.482359 0.166211
internal_count=56 44 16 28 20 16 12
is_linear=0
shrinkage=0.1


Tree=94
num_leaves=9
num_cat=0
split_feature=0 0 0 0 0 0 0 0
split_gain=0.0108297 0.0274162 0.00252089 0.00148464 0.0010055 0.00172535 0.000420019 7.06567e-05
threshold=0.0041485052873060776 0.0045876381482746224 0.0082404255037043152 0.002365692145855696 0.0066705815683823144 0.0060247522101428714 0.011511922585286698 0.004706937503068085
decision_type=2 2 2 2 2 2 2 2
left_child=3 -2 4 -1 5 7 -4 -3
right_child=1 2 6 -5 -6 -7 -8 -9
leaf_value=-0.0077185813139778988 0.0093018946819103127 -0.018039604540495545 -0.015246604904310923 -0.0030478674273599908 -0.0021175639891973653 -0.0033718115405209376 -0.0094573768647278622 -0.013896890350684258
leaf_weight=0.95541489869356189 2.8463007509708405 0.083660377713385747 0.23558481270447362 2.3654594607651234 0.97729725390672684 0.31512635201215744 0.26776066143065691 0.081061668810434639
leaf_count=8 4 8 8 8 8 4 4 4
internal_value=0 0.00303405 -0.00606579 -0.00439163 -0.00395825 -0.00770713 -0.012167 -0.0160009
internal_weight=0 4.80679 1.96049 3.32087 1.45715 0.479848 0.503345 0.164722
internal_count=56 40 36 16 24 16 12 12
is_linear=0
shrinkage=0.1


Tree=95
num_leaves=5
num_cat=0
split_feature=0 0 0 0
split_gain=0.0224252 0.00302759 0.000979021 0.000704992
threshold=0.0028671281842487023 0.0078442005138157894 0.0093559016286032231 0.0066705815683823144
decision_type=2 2 2 2
left_child=-1 3 -3 -2
right_child=1 2 -4 -5
leaf_value=0.0066663986600568508 -0.0036450326109240248 -0.0063279617223356704 -0.013401896829391018 -0.00015979578226526684
leaf_weight=3.1161006800830364 3.5549578260397539 0.3935655103996395 0.38904234068468213 0.69363332539796818
leaf_count=12 24 8 8 4
internal_value=0 -0.00412887 -0.00984449 -0.00307603
internal_weight=0 5.0312 0.782608 4.24859
internal_count=56 44 16 28
is_linear=0
shrinkage=0.1


Tree=96
num_leaves=8
num_cat=0
split_feature=0 0 0 0 0 0 0
split_gain=0.0126469 0.00376941 0.000690611 0.000487432 0.00179461 0.00154863 5.25706e-05
threshold=0.0028671281842487023 0.0078442005138157894 0.0093559016286032231 0.0045876381482746224 0.0066705815683823144 0.0060247522101428714 0.004706937503068085
decision_type=2 2 2 2 2 2 2
left_child=-1 3 -3 -2 5 6 -5
right_child=1 2 -4 4 -6 -7 -8
leaf_value=0.005016571966014273 -0.0012666666996277362 -0.0065319911833248458 -0.012480048477482159 -0.018038703772513438 -0.00041070648418590789 -0.0042649523456584027 -0.01445143625858205
leaf_weight=3.1036686301231384 3.066634189337492 0.39250856754370023 0.3883202075958252 0.083346445986535178 0.68965762853622437 0.31198672205209732 0.080125907552428544
leaf_count=12 8 8 8 8 4 4 4
internal_value=0 -0.00310614 -0.00949007 -0.0019282 -0.00366938 -0.00839611 -0.0162804
internal_weight=0 5.01258 0.780829 4.23175 1.16512 0.475459 0.163472
internal_count=56 44 16 28 20 16 12
is_linear=0
shrinkage=0.1


Tree=97
num_leaves=8
num_cat=0
split_feature=0 0 0 0 0 0 0
split_gain=0.0108668 0.0254396 0.00219564 0.00139135 0.000690912 0.00150979 5.67121e-05
threshold=0.0041485052873060776 0.0045876381482746224 0.0093559016286032231 0.002365692145855696 0.0066705815683823144 0.0060247522101428714 0.004706937503068085
decision_type=2 2 2 2 2 2 2
left_child=3 -2 4 -1 5 6 -3
right_child=1 2 -4 -5 -6 -7 -8
leaf_value=-0.0076337406831500504 0.0090675269921462742 -0.016952760817475133 -0.012523510624162106 -0.0031027872234288233 -0.0027069314747316126 -0.0032131598205570357 -0.013211750953771334
leaf_weight=0.95067055150866542 2.8451143205165863 0.082482491154223569 0.38729423377662886 2.3606175743043423 1.0772162547800688 0.311080701649189 0.079657287802547216
leaf_count=8 4 8 8 8 12 4 4
internal_value=0 0.00304874 -0.00578847 -0.00440362 -0.00410608 -0.00729104 -0.0151148
internal_weight=0 4.78285 1.93773 3.31129 1.55044 0.47322 0.16214
internal_count=56 40 36 16 28 16 12
is_linear=0
shrinkage=0.1


Tree=98
num_leaves=5
num_cat=0
split_feature=0 0 0 0
split_gain=0.0212476 0.00260773 0.000722811 0.000687037
threshold=0.0028671281842487023 0.0078442005138157894 0.0066705815683823144 0.0093559016286032231
decision_type=2 2 2 2
left_child=-1 2 -2 -3
right_child=1 3 -4 -5
leaf_value=0.0064924160566948294 -0.0036342196208642322 -0.0063968017293013942 -9.3150961053358708e-05 -0.012362530583873788
leaf_weight=3.1092448867857456 3.5444569060346112 0.38636353821493674 0.68839775025844563 0.38580757891759276
leaf_count=12 24 8 4 8
internal_value=0 -0.00403325 -0.00305833 -0.00937752
internal_weight=0 5.00503 4.23285 0.772171
internal_count=56 44 28 16
is_linear=0
shrinkage=0.1


Tree=99
num_leaves=8
num_cat=0
split_feature=0 0 0 0 0 0 0
split_gain=0.0118866 0.00331059 0.000483719 0.000386919 0.00164488 0.00133658 5.14059e-05
threshold=0.0028671281842487023 0.0078442005138157894 0.0093559016286032231 0.0045876381482746224 0.0066705815683823144 0.0060247522101428714 0.004706937503068085
decision_type=2 2 2 2 2 2 2
left_child=-1 3 -3 -2 5 6 -5
right_child=1 2 -4 4 -6 -7 -8
leaf_value=0.0048658503816081502 -0.0013323766595219196 -0.0065436980541499525 -0.011554332012218237 -0.017177000090648056 -0.00035545312435426494 -0.004185255920790166 -0.013601435645663275
leaf_weight=3.0970685407519341 3.062736876308918 0.38543858728371549 0.38523106928914785 0.082280859700403886 0.6845366433262825 0.3081253319978714 0.078637751517817378
leaf_count=12 8 8 8 8 4 4 4
internal_value=0 -0.00302183 -0.00904834 -0.00192029 -0.00348119 -0.00804297 -0.0154297
internal_weight=0 4.98699 0.77067 4.21632 1.15358 0.469044 0.160919
internal_count=56 44 16 28 20 16 12
is_linear=0
shrinkage=0.1


end of trees

feature_importances:
word_overlap=655

parameters:
[boosting: gbdt]
[objective: lambdarank]
[metric: ndcg]
[tree_learner: serial]
[device_type: cpu]
[data: ]
[valid: ]
[num_iterations: 100]
[learning_rate: 0.1]
[num_leaves: 16]
[num_threads: 6]
[deterministic: 0]
[force_col_wise: 0]
[force_row_wise: 0]
[histogram_pool_size: -1]
[max_depth: -1]
[min_data_in_leaf: 5]
[min_sum_hessian_in_leaf: 0.001]
[bagging_fraction: 1]
[pos_bagging_fraction: 1]
[neg_bagging_fraction: 1]
[bagging_freq: 0]
[bagging_seed: 3]
[feature_fraction: 1]
[feature_fraction_bynode: 1]
[feature_fraction_seed: 2]
[extra_trees: 0]
[extra_seed: 6]
[early_stopping_round: 0]
[first_metric_only: 0]
[max_delta_step: 0]
[lambda_l1: 0]
[lambda_l2: 0]
[linear_lambda: 0]
[min_gain_to_split: 0]
[drop_rate: 0.1]
[max_drop: 50]
[skip_drop: 0.5]
[xgboost_dart_mode: 0]
[uniform_drop: 0]
[drop_seed: 4]
[top_rate: 0.2]
[other_rate: 0.1]
[min_data_per_group: 100]
[max_cat_threshold: 32]
[cat_l2: 10]
[cat_smooth: 10]
[max_cat_to_onehot: 4]
[top_k: 20]
[monotone_constraints: ]
[monotone_constraints_method: basic]
[monotone_penalty: 0]
[feature_contri: ]
[forcedsplits_filename: ]
[refit_decay_rate: 0.9]
[cegb_tradeoff: 1]
[cegb_penalty_split: 0]
[cegb_penalty_feature_lazy: ]
[cegb_penalty_feature_coupled: ]
[path_smooth: 0]
[interaction_constraints: ]
[verbosity: 1]
[saved_feature_importance_type: 0]
[linear_tree: 0]
[max_bin: 255]
[max_bin_by_feature: ]
[min_data_in_bin: 3]
[bin_construct_sample_cnt: 200000]
[data_random_seed: 1]
[is_enable_sparse: 1]
[enable_bundle: 1]
[use_missing: 1]
[zero_as_missing: 0]
[feature_pre_filter: 1]
[pre_partition: 0]
[two_round: 0]
[header: 0]
[label_column: ]
[weight_column: ]
[group_column: ]
[ignore_column: ]
[categorical_feature: ]
[forcedbins_filename: ]
[precise_float_parser: 0]
[parser_config_file: ]
[objective_seed: 5]
[num_class: 1]
[is_unbalance: 0]
[scale_pos_weight: 1]
[sigmoid: 1]
[boost_from_average: 1]
[reg_sqrt: 0]
[alpha: 0.9]
[fair_c: 1]
[poisson_max_delta_step: 0.7]
[tweedie_variance_power: 1.5]
[lambdarank_truncation_level: 30]
[lambdarank_norm: 1]
[label_gain: ]
[eval_at: 1,2,3,4,5]
[multi_error_top_k: 1]
[auc_mu_weights: ]
[num_machines: 1]
[local_listen_port: 12400]
[time_out: 120]
[machine_list_filename: ]
[machines: ]
[gpu_platform_id: -1]
[gpu_device_id: -1]
[gpu_use_dp: 0]
[num_gpu: 1]

end of parameters

pandas_categorical:null
