tree
version=v4
num_class=1
num_tree_per_iteration=1
label_index=0
max_feature_idx=0
objective=lambdarank
feature_names=word_overlap
feature_infos=[0.0017653313005275932:0.016677581807095596]
tree_sizes=969 960 1066 863 971 978 978 1075 868 978 764 876 977 1083 764 875 867 764 767 666 768 1092 770 873 773 1092 777 880 773 880 668 985 669 775 669 986 667 773 668 984 669 774 667 990 666 986 665 775 667 985 668 776 668 991 668 772 670 993 670 776 672 991 672 777 672 993 671 776 672 990 674 779 673 995 673 778 673 994 672 778 672 995 669 780 886 781 677 782 886 777 670 779 886 779 673 780 889 779 888 779

Tree=0
num_leaves=8
num_cat=0
split_feature=0 0 0 0 0 0 0
split_gain=0.394416 1.01428 0.750715 0.418585 0.253463 0.0969526 0.258953
threshold=0.0085633804180694773 0.0066705815683823144 0.0045876381482746224 0.014000365725584657 0.004706937503068085 0.0028671281842487023 0.002365692145855696
decision_type=2 2 2 2 2 2 2
left_child=1 2 5 -2 -4 6 -1
right_child=3 -3 4 -5 -6 -7 -8
leaf_value=0.0054981831193414311 -0.11934912034556029 0.10748782729343075 -0.10678662140854611 0.029054823621307416 -0.024558520879250777 0.0012314228923118648 0.10552008760157663
leaf_weight=0.56678058579564117 0.50650765188038338 0.88344804570078839 0.7377396300435064 0.30421314015984535 0.76211272925138474 0.61945488862693299 0.47640672326087952
leaf_count=8 8 8 8 4 8 8 4
internal_value=0 0.0127566 -0.0137068 -0.0636623 -0.0650045 0.0325684 0.0511766
internal_weight=0 4.04594 3.16249 0.810721 1.49985 1.66264 1.04319
internal_count=56 44 36 12 16 20 12
is_linear=0
shrinkage=0.1


Tree=1
num_leaves=8
num_cat=0
split_feature=0 0 0 0 0 0 0
split_gain=2.35304 1.08059 0.485468 0.788268 0.878942 0.424883 0.200883
threshold=0.0019174873866273209 0.0078442005138157894 0.0066705815683823144 0.0045876381482746224 0.004706937503068085 0.014000365725584657 0.0028671281842487023
decision_type=2 2 2 2 2 2 2
left_child=-1 2 3 6 -5 -3 -2
right_child=1 5 -4 4 -6 -7 -8
leaf_value=-0.12444895205006008 0.047662467597215992 -0.048695491009863076 0.064461493530200836 -0.12432301904388242 0.0057414469434525972 0.017726535867993241 0.013076303247454771
leaf_weight=1.4022171944379831 4.0215767323970812 3.4147334769368163 2.6146729886531821 0.73321966081857715 1.7830816656351087 1.3413330465555189 2.8833820372819901
leaf_count=4 8 12 4 8 8 4 8
internal_value=0 0.0103921 0.0263386 0.0157584 -0.0321578 -0.0299628 0.0332199
internal_weight=0 16.792 12.0359 9.42126 2.5163 4.75607 6.90496
internal_count=56 52 36 32 16 16 16
is_linear=0
shrinkage=0.1


Tree=2
num_leaves=9
num_cat=0
split_feature=0 0 0 0 0 0 0 0
split_gain=2.65628 2.42311 2.15099 0.819038 1.19596 0.39048 0.106711 0.078902
threshold=0.0028671281842487023 0.0041485052873060776 0.0045876381482746224 0.0096935360976079035 0.0061951216141071979 0.002365692145855696 0.0078442005138157894 0.004706937503068085
decision_type=2 2 2 2 2 2 2 2
left_child=5 -2 -3 4 7 -1 -6 -4
right_child=1 2 3 -5 6 -7 -8 -9
leaf_value=0.097958517087939623 -0.13276681279133354 0.095055596766005834 -0.11580551997705493 -0.080833702211756883 0.023839606768299146 0.039318580881118642 -0.0031172564039615956 -0.068840516737237803
leaf_weight=2.0312721617519882 1.7477950453758229 1.7677785307168949 0.68845938704907694 2.0639254823327065 2.9644144773483276 2.5752131640911102 2.910062812268734 0.74460699409246445
leaf_count=8 4 4 8 8 8 4 8 4
internal_value=0 -0.0232974 -0.00612115 -0.0252065 -0.00949532 0.0651764 0.0104859 -0.091403
internal_weight=0 12.887 11.1392 9.37147 7.30754 4.60649 5.87448 1.43307
internal_count=56 44 40 36 28 12 16 12
is_linear=0
shrinkage=0.1


Tree=3
num_leaves=7
num_cat=0
split_feature=0 0 0 0 0 0
split_gain=0.446607 0.579487 0.720253 0.617686 0.0121528 0.00831616
threshold=0.0028671281842487023 0.0061951216141071979 0.0045876381482746224 0.0085633804180694773 0.002365692145855696 0.004706937503068085
decision_type=2 2 2 2 2 2
left_child=4 2 -2 -3 -1 -4
right_child=1 3 5 -5 -6 -7
leaf_value=0.03082357282007972 -0.012962629307038523 0.028279271286520847 -0.1085741393523507 -0.040262153784065134 0.02075299823348874 -0.092704107518388798
leaf_weight=2.1375324502587327 3.1867785230278951 4.4859288781881332 0.67223591357469537 1.8599472902715204 2.727152407169342 0.64894420653581619
leaf_count=8 8 12 8 12 4 4
internal_value=0 -0.0112848 -0.0386996 0.00819009 0.025178 -0.100779
internal_weight=0 10.8538 4.50796 6.34588 4.86468 1.32118
internal_count=56 44 20 24 12 12
is_linear=0
shrinkage=0.1


Tree=4
num_leaves=8
num_cat=0
split_feature=0 0 0 0 0 0 0
split_gain=0.590621 0.305798 0.648937 0.344387 0.232169 0.0419512 0.000260355
threshold=0.0028671281842487023 0.0061951216141071979 0.0045876381482746224 0.0085633804180694773 0.014000365725584657 0.002365692145855696 0.004706937503068085
decision_type=2 2 2 2 2 2 2
left_child=5 2 -2 -3 -5 -1 -4
right_child=1 3 6 4 -6 -7 -8
leaf_value=0.018951739104317467 -0.010728194731465589 0.01575720959827652 -0.098649142831569975 -0.08230803466810184 -0.0071565541889687728 0.038114645057832568 -0.10174271951885094
leaf_weight=2.042312130331994 3.1256387829780561 4.4168986082077026 0.60683680698275544 0.68223417177796331 1.0343076586723328 2.5926762223243713 0.49311115592718124
leaf_count=8 8 12 8 8 4 4 4
internal_value=0 -0.0132758 -0.0339756 0.000985184 -0.0370253 0.0296709 -0.100036
internal_weight=0 10.359 4.22559 6.13344 1.71654 4.63499 1.09995
internal_count=56 44 20 24 12 12 12
is_linear=0
shrinkage=0.1


Tree=5
num_leaves=8
num_cat=0
split_feature=0 0 0 0 0 0 0
split_gain=0.477618 0.0904729 0.574255 0.165771 0.0137959 0.00859594 0.00287014
threshold=0.0028671281842487023 0.0061951216141071979 0.0045876381482746224 0.0096935360976079035 0.0078442005138157894 0.002365692145855696 0.004706937503068085
decision_type=2 2 2 2 2 2 2
left_child=5 2 -2 4 -3 -1 -4
right_child=1 3 6 -5 -6 -7 -8
leaf_value=0.021226437532401152 -0.0025740984729270004 0.0084667055223503485 -0.086636856635510184 -0.035655588929368216 -0.0033139773281806607 0.02993727376670078 -0.097667907991996428
leaf_weight=1.9377994686365134 2.9825834259390818 2.992784172296524 0.55365033261477936 1.3295037224888799 1.4884409848600624 2.7271879017353058 0.41093698143959045
leaf_count=8 8 8 8 8 8 4 4
internal_value=0 -0.0125823 -0.0242653 -0.00464621 0.00455375 0.0263189 -0.0913363
internal_weight=0 9.7579 3.94717 5.81073 4.48123 4.66499 0.964587
internal_count=56 44 20 24 16 12 12
is_linear=0
shrinkage=0.1


Tree=6
num_leaves=8
num_cat=0
split_feature=0 0 0 0 0 0 0
split_gain=0.660522 0.121605 0.30922 0.0831754 0.0757409 0.00244943 0.000365112
threshold=0.0028671281842487023 0.0045876381482746224 0.0061951216141071979 0.0096935360976079035 0.002365692145855696 0.0078442005138157894 0.004706937503068085
decision_type=2 2 2 2 2 2 2
left_child=4 -2 6 5 -1 -4 -3
right_child=1 2 3 -5 -6 -7 -8
leaf_value=0.016898622584478704 0.0018907902836593684 -0.077469755357632786 -0.0060011089699718283 -0.036217848130056227 0.042992043829694786 -0.011046840190495143 -0.081768852507463213
leaf_weight=1.9846816211938865 2.9793069660663587 0.52382010035216797 3.0190113186836243 1.3186659291386602 2.5311166942119598 1.4120934605598447 0.31715629994869232
leaf_count=8 8 8 8 8 4 8 4
internal_value=0 -0.0148752 -0.0224541 -0.0141703 0.0315241 -0.00760907 -0.0790911
internal_weight=0 9.57005 6.59075 5.74977 4.5158 4.4311 0.840976
internal_count=56 44 36 24 12 16 12
is_linear=0
shrinkage=0.1


Tree=7
num_leaves=9
num_cat=0
split_feature=0 0 0 0 0 0 0 0
split_gain=1.42082 0.177901 0.566086 0.282257 0.173757 0.157542 0.0478878 0.0230238
threshold=0.0045876381482746224 0.0066705815683823144 0.0061951216141071979 0.0078442005138157894 0.0046472771828046872 0.0028671281842487023 0.014000365725584657 0.002365692145855696
decision_type=2 2 2 2 2 2 2 2
left_child=5 2 4 -3 -2 7 -5 -1
right_child=1 3 -4 6 -6 -7 -8 -9
leaf_value=0.033828987111853441 -0.128832773212886 -0.069621751002248197 0.045093168337332026 -0.031456965751495827 -0.031889448370447354 0.011440937799983765 -0.0031792262538332555 0.04791737438314228
leaf_weight=2.2888630926609039 0.30411618389189221 2.2596578598022461 0.95544105768203735 1.6707999743521216 0.47158824652433395 2.9588942974805832 0.93345861881971348 2.3519613444805145
leaf_count=8 4 4 4 12 8 8 4 4
internal_value=0 -0.0339621 -0.00643213 -0.0437605 -0.0698962 0.0294724 -0.0213212 0.040969
internal_weight=0 6.59506 1.73115 4.86392 0.775704 7.59972 2.60426 4.64082
internal_count=56 36 16 20 12 20 16 12
is_linear=0
shrinkage=0.1


Tree=8
num_leaves=7
num_cat=0
split_feature=0 0 0 0 0 0
split_gain=2.32251 1.40713 0.206993 0.0551158 0.105437 0.0159632
threshold=0.0019174873866273209 0.0028671281842487023 0.0096935360976079035 0.0061951216141071979 0.0066705815683823144 0.0078442005138157894
decision_type=2 2 2 2 2 2
left_child=-1 -2 3 -3 -5 -6
right_child=1 2 -4 4 5 -7
leaf_value=-0.14112404201939396 0.066324900156122746 -0.011492146111601174 -0.044805086600831115 0.025689344515398289 -0.012756410728427628 0.0020110144729159497
leaf_weight=1.0765956938266761 3.4600256308913222 3.5886156307533348 1.3270761184394366 1.6070630848407743 1.6310698688030245 1.3279653396457431
leaf_count=4 8 20 8 4 4 8
internal_value=0 0.0117397 -0.00817908 -0.00221866 0.00506961 -0.00612904
internal_weight=0 12.9418 9.48179 8.15471 4.5661 2.95904
internal_count=56 52 44 36 16 12
is_linear=0
shrinkage=0.1


Tree=9
num_leaves=8
num_cat=0
split_feature=0 0 0 0 0 0 0
split_gain=1.06479 0.0662186 0.287093 0.181561 0.120618 0.00658613 0.00211829
threshold=0.0028671281842487023 0.0066705815683823144 0.0045876381482746224 0.0085633804180694773 0.0061951216141071979 0.002365692145855696 0.004706937503068085
decision_type=2 2 2 2 2 2 2
left_child=5 2 -2 -3 6 -1 -4
right_child=1 3 4 -5 -6 -7 -8
leaf_value=0.041661055411168352 -0.0054563839294458089 0.0068153203151078354 -0.092686572681340007 -0.035199767150439903 -0.036695094631537861 0.050402450920696951 -0.081464290480202262
leaf_weight=1.4632268697023403 3.1436401009559614 2.8890925794839859 0.37867674604058277 1.5970734450966118 1.451021671295166 2.0974266678094864 0.30261114239692688
leaf_count=8 8 8 8 12 4 4 4
internal_value=0 -0.0170737 -0.0246683 -0.00814204 -0.0529921 0.0468102 -0.0877019
internal_weight=0 9.76212 5.27595 4.48617 2.13231 3.56065 0.681288
internal_count=56 44 24 20 16 12 12
is_linear=0
shrinkage=0.1


Tree=10
num_leaves=6
num_cat=0
split_feature=0 0 0 0 0
split_gain=0.708254 0.105646 0.312596 0.0766187 0.028163
threshold=0.0028671281842487023 0.0078442005138157894 0.0061951216141071979 0.014000365725584657 0.002365692145855696
decision_type=2 2 2 2 2
left_child=4 2 -2 -3 -1
right_child=1 3 -4 -5 -6
leaf_value=0.027860369847922468 -0.026111117157450698 -0.043696071222022514 0.016238067495023555 -0.0086921080316178217 0.046475855886518688
leaf_weight=1.3343640752136718 3.9298393651843053 1.6792851407080891 3.1321865618228912 0.99631702154874791 2.0788043588399887
leaf_count=8 20 12 8 4 4
internal_value=0 -0.0137395 -0.00732819 -0.0306616 0.0391982
internal_weight=0 9.73763 7.06203 2.6756 3.41317
internal_count=56 44 28 16 12
is_linear=0
shrinkage=0.1


Tree=11
num_leaves=7
num_cat=0
split_feature=0 0 0 0 0 0
split_gain=0.383131 0.274224 0.134534 0.0558246 0.137099 0.000427829
threshold=0.0045876381482746224 0.0061951216141071979 0.0085633804180694773 0.002365692145855696 0.0028671281842487023 0.004706937503068085
decision_type=2 2 2 2 2 2
left_child=3 5 -3 -1 -5 -2
right_child=1 2 -4 4 -6 -7
leaf_value=0.00013362041133344285 -0.083448660982215928 -0.00092833101702637338 -0.036015917758343695 0.041707803440573586 0.0080981357143568369 -0.078185340305390982
leaf_weight=1.5762373469769952 0.34554255101829756 3.7831131666898727 1.5366076342761514 2.0384508371353149 2.9996936693787575 0.27923985570669174
leaf_count=8 8 12 12 4 8 4
internal_value=0 -0.0184241 -0.0110634 0.0165581 0.0216967 -0.0810963
internal_weight=0 5.9445 5.31972 6.61438 5.03814 0.624782
internal_count=56 36 24 20 12 12
is_linear=0
shrinkage=0.1


Tree=12
num_leaves=8
num_cat=0
split_feature=0 0 0 0 0 0 0
split_gain=0.328921 0.0998692 0.0456107 0.0336118 0.130046 0.161244 0.000233909
threshold=0.0028671281842487023 0.0085633804180694773 0.002365692145855696 0.0045876381482746224 0.0066705815683823144 0.0061951216141071979 0.004706937503068085
decision_type=2 2 2 2 2 2 2
left_child=2 3 -1 -2 5 6 -5
right_child=1 -3 -4 4 -6 -7 -8
leaf_value=0.012700816711770153 0.0026433887099707345 -0.03368462387564071 0.035942280356385019 -0.077899636877556702 0.0034749982056897864 -0.011430505501834306 -0.073786534313790134
leaf_weight=1.4597846195101749 3.0473442375659925 1.5029648523777721 2.0029540657997131 0.31538465619087186 2.543721616268158 1.230482429265976 0.24619350768625736
leaf_count=8 8 12 4 8 8 4 4
internal_value=0 -0.010188 0.0261444 -0.00540481 -0.0110614 -0.0316949 -0.0760965
internal_weight=0 8.88609 3.46274 7.38313 4.33578 1.79206 0.561578
internal_count=56 44 12 32 24 16 12
is_linear=0
shrinkage=0.1


Tree=13
num_leaves=9
num_cat=0
split_feature=0 0 0 0 0 0 0 0
split_gain=0.197027 0.0623744 0.039975 0.0857583 0.0169237 0.220793 0.0215355 0.000135126
threshold=0.0045876381482746224 0.0096935360976079035 0.0028671281842487023 0.002365692145855696 0.0066705815683823144 0.0061951216141071979 0.0078442005138157894 0.004706937503068085
decision_type=2 2 2 2 2 2 2 2
left_child=2 4 3 -1 5 7 -6 -2
right_child=1 -3 -4 -5 6 -7 -8 -9
leaf_value=0.0010099753962763873 -0.072452827363159542 -0.033284290087950072 0.0035692892909703258 0.032822062597430139 0.0048002497393926126 0.006958510856413783 -0.013244187228529667 -0.069173313026039379
leaf_weight=1.4812767915427685 0.28902383707463708 1.2540449015796182 3.0960161462426186 1.9802832752466202 1.5206930339336397 1.2521748393774033 1.1705028451979158 0.22224840894341469
leaf_count=8 8 8 8 4 4 4 8 4
internal_value=0 -0.0135834 0.011825 0.019209 -0.00803737 -0.0156517 -0.00304796 -0.0710272
internal_weight=0 5.70869 6.55758 3.46156 4.45464 1.76345 2.6912 0.511272
internal_count=56 36 20 12 28 16 12 12
is_linear=0
shrinkage=0.1


Tree=14
num_leaves=6
num_cat=0
split_feature=0 0 0 0 0
split_gain=0.187128 0.060805 0.0491608 0.0446073 0.0392017
threshold=0.0045876381482746224 0.0085633804180694773 0.0028671281842487023 0.002365692145855696 0.0066705815683823144
decision_type=2 2 2 2 2
left_child=2 4 3 -1 -2
right_child=1 -3 -4 -5 -6
leaf_value=0.0065154086374610721 -0.01888259506389265 -0.0309741625725042 0.0024229769004402994 0.029693629044227801 0.00092834259461541222
leaf_weight=1.4433780908584595 1.6963639715686438 1.4582175966352222 3.091869905591011 1.9548971652984619 2.4291470125317574
leaf_count=8 16 12 8 4 8
internal_value=0 -0.0134218 0.0115473 0.0198489 -0.00721769
internal_weight=0 5.58373 6.49015 3.39828 4.12551
internal_count=56 36 20 12 24
is_linear=0
shrinkage=0.1


Tree=15
num_leaves=7
num_cat=0
split_feature=0 0 0 0 0 0
split_gain=0.129958 0.0712001 0.112516 0.111748 0.0669759 0.00441155
threshold=0.0096935360976079035 0.0028671281842487023 0.0061951216141071979 0.0066705815683823144 0.002365692145855696 0.0078442005138157894
decision_type=2 2 2 2 2 2
left_child=1 4 -3 -4 -1 -5
right_child=-2 2 3 5 -6 -7
leaf_value=-0.00099011220161271981 -0.030994984999873316 -0.014284995733043494 0.033316162520524627 0.0012223098788431723 0.027620312543016886 -0.0072077103688999531
leaf_weight=1.4133793935179693 1.2178616225719459 3.742336486466229 1.3451197743415835 1.4842048585414889 1.9431014358997345 1.0670891273766754
leaf_count=8 8 20 4 4 4 8
internal_value=0 0.00343308 -0.00190112 0.00999307 0.0155728 -0.00230358
internal_weight=0 10.9952 7.63875 3.89641 3.35648 2.55129
internal_count=56 48 36 16 12 12
is_linear=0
shrinkage=0.1


Tree=16
num_leaves=7
num_cat=0
split_feature=0 0 0 0 0 0
split_gain=2.25606 0.779086 0.0800267 0.116525 0.0699944 0.023495
threshold=0.0019174873866273209 0.0045876381482746224 0.0066705815683823144 0.0078442005138157894 0.0028671281842487023 0.014000365725584657
decision_type=2 2 2 2 2 2
left_child=-1 4 -3 -4 -2 -5
right_child=1 2 3 5 -6 -7
leaf_value=-0.1640804099125823 0.048064086324654198 -0.034362833325493052 0.013822759425428025 -0.030434380340023933 0.02611186444480328 -0.0098509846874674251
leaf_weight=0.78336551412940103 2.8502326868474466 1.6287091849371789 1.4989650249481203 1.3574477937072518 2.9617747068405151 0.93757371604442585
leaf_count=4 8 16 4 12 8 4
internal_value=0 0.0114409 -0.0158217 -0.00786225 0.0368773 -0.0220255
internal_weight=0 11.2347 5.4227 3.79399 5.81201 2.29502
internal_count=56 52 36 20 16 16
is_linear=0
shrinkage=0.1


Tree=17
num_leaves=6
num_cat=0
split_feature=0 0 0 0 0
split_gain=0.423262 0.396397 0.201821 0.0659264 0.0566158
threshold=0.0028671281842487023 0.0061951216141071979 0.0096935360976079035 0.0066705815683823144 0.0078442005138157894
decision_type=2 2 2 2 2
left_child=-1 -2 3 -3 -5
right_child=1 2 -4 4 -6
leaf_value=0.03303260335197454 -0.034897721249977809 0.038011261068466806 -0.027598831984304018 -0.0021715114289563172 0.029515802405841875
leaf_weight=2.9099296890199193 3.8683447595685703 1.2738992869853976 1.200903909280896 1.4857827425003054 0.90870879963040341
leaf_count=12 20 4 8 4 8
internal_value=0 -0.011001 0.00798347 0.0196319 0.00985381
internal_weight=0 8.73764 4.86929 3.66839 2.39449
internal_count=56 44 24 16 12
is_linear=0
shrinkage=0.1


Tree=18
num_leaves=6
num_cat=0
split_feature=0 0 0 0 0
split_gain=0.390078 0.0340406 0.0545313 0.0584293 0.040311
threshold=0.0028671281842487023 0.0096935360976079035 0.0066705815683823144 0.0045876381482746224 0.0078442005138157894
decision_type=2 2 2 2 2
left_child=-1 2 3 -2 -4
right_child=1 -3 4 -5 -6
leaf_value=0.031257240127118439 -0.0068869310389873158 -0.026554413679374833 0.013570714495494914 -0.030897313610931738 -0.011722288294232565
leaf_weight=2.9479572325944909 2.9692907556891424 1.2135510165244339 1.5231821089982989 1.53874702937901 1.0747135188430545
leaf_count=12 8 8 4 16 8
internal_value=0 -0.0110758 -0.00843237 -0.0150825 0.00310735
internal_weight=0 8.31948 7.10593 4.50804 2.5979
internal_count=56 44 36 24 12
is_linear=0
shrinkage=0.1


Tree=19
num_leaves=5
num_cat=0
split_feature=0 0 0 0
split_gain=0.276226 0.0441062 0.0482894 0.0271242
threshold=0.0028671281842487023 0.0096935360976079035 0.0061951216141071979 0.0078442005138157894
decision_type=2 2 2 2
left_child=-1 2 -2 -4
right_child=1 -3 3 -5
leaf_value=0.026387027593228665 -0.014859014503344217 -0.027031865162130089 0.0074398493974209938 -0.011539475727283541
leaf_weight=2.9253972321748742 3.4175569871440512 1.2094483599066732 2.5122808814048772 1.0753000024706123
leaf_count=12 20 8 8 8
internal_value=0 -0.00939701 -0.00635233 0.00175121
internal_weight=0 8.21459 7.00514 3.58758
internal_count=56 44 36 16
is_linear=0
shrinkage=0.1


Tree=20
num_leaves=6
num_cat=0
split_feature=0 0 0 0 0
split_gain=0.140487 0.0627209 0.0106687 0.0111195 0.00358621
threshold=0.0028671281842487023 0.0096935360976079035 0.0061951216141071979 0.0078442005138157894 0.002365692145855696
decision_type=2 2 2 2 2
left_child=4 2 -2 -4 -1
right_child=1 -3 3 -5 -6
leaf_value=0.014038461475383936 -0.007221802809165654 -0.027882817943948996 0.0044329520991402086 -0.0078062169949918454 0.021187331567651794
leaf_weight=1.1243899278342733 3.3281680634245259 1.2088681086897848 2.4263535887002949 1.0694965925067661 1.8666887879371643
leaf_count=8 20 8 8 8 4
internal_value=0 -0.00688854 -0.00316942 0.000688584 0.0185
internal_weight=0 8.03289 6.82402 3.49585 2.99108
internal_count=56 44 36 16 12
is_linear=0
shrinkage=0.1


Tree=21
num_leaves=9
num_cat=0
split_feature=0 0 0 0 0 0 0 0
split_gain=0.123485 0.0431254 0.114269 0.0535804 0.0726359 0.011497 0.00113851 1.00386e-05
threshold=0.0096935360976079035 0.0045876381482746224 0.0041485052873060776 0.0066705815683823144 0.0061951216141071979 0.0078442005138157894 0.002365692145855696 0.004706937503068085
decision_type=2 2 2 2 2 2 2 2
left_child=1 2 6 4 7 -5 -1 -3
right_child=-2 3 -4 5 -6 -7 -8 -9
leaf_value=-0.0053608952883226271 -0.030045946811904502 -0.055549872983738383 0.025069373367230433 0.010463172408219559 -0.0056592972375215725 -0.0033070961741640068 -0.0015506878424422319 -0.056564097995187648
leaf_weight=1.222388837486504 1.2170382775366313 0.23661950230598472 2.5499252378940582 1.3732862174510958 0.99868766963481903 1.0856363438069818 2.1878377199172974 0.16609212663024664
leaf_count=8 8 8 4 4 4 8 8 4
internal_value=0 0.00372355 0.00905669 -0.00451058 -0.0201163 0.00438348 -0.00291645 -0.0559682
internal_weight=0 9.82047 5.96015 3.86032 1.4014 2.45892 3.41023 0.402712
internal_count=56 48 20 28 16 12 16 12
is_linear=0
shrinkage=0.1


Tree=22
num_leaves=6
num_cat=0
split_feature=0 0 0 0 0
split_gain=0.19611 0.0931256 0.0577843 0.000530744 6.28039e-06
threshold=0.0096935360976079035 0.0028671281842487023 0.0061951216141071979 0.0066705815683823144 0.0078442005138157894
decision_type=2 2 2 2 2
left_child=1 -1 -3 -4 -5
right_child=-2 2 3 4 -6
leaf_value=0.019732885754134764 -0.03673855869752201 -0.011006009617990626 0.0092265367519892057 0.0066827831516379672 0.0063671739119054663
leaf_weight=2.9317876845598203 1.284943230450154 3.3336343495175242 1.0303755402565005 1.3403090685606005 1.1905649937689302
leaf_count=12 8 20 4 4 8
internal_value=0 0.00480396 -0.001544 0.00731326 0.00653432
internal_weight=0 9.82667 6.89488 3.56125 2.53087
internal_count=56 48 36 16 12
is_linear=0
shrinkage=0.1


Tree=23
num_leaves=7
num_cat=0
split_feature=0 0 0 0 0 0
split_gain=0.375686 0.0467982 0.0541667 0.0691909 0.00895006 0.00344995
threshold=0.0096935360976079035 0.0041485052873060776 0.0045876381482746224 0.0066705815683823144 0.0078442005138157894 0.002365692145855696
decision_type=2 2 2 2 2 2
left_child=1 5 -3 -4 -5 -1
right_child=-2 2 3 4 -6 -7
leaf_value=-0.0076377221551682658 -0.055324260478757936 0.022448367104872888 -0.014313066887015891 0.0078562381740364413 0.019706814049986025 -0.0009730156256439386
leaf_weight=1.2115876860916599 1.1039701588451869 2.5666539669036865 1.3753838604316118 1.3367741107940676 1.2179690971970556 2.1638307496905327
leaf_count=8 8 4 16 4 8 8
internal_value=0 0.0061867 0.0111495 0.00377045 0.013506 -0.00336527
internal_weight=0 9.8722 6.49678 3.93013 2.55474 3.37542
internal_count=56 48 32 28 12 16
is_linear=0
shrinkage=0.1


Tree=24
num_leaves=6
num_cat=0
split_feature=0 0 0 0 0
split_gain=0.147131 0.0906859 0.0842374 0.0598406 0.000788795
threshold=0.0096935360976079035 0.0028671281842487023 0.0061951216141071979 0.0066705815683823144 0.0078442005138157894
decision_type=2 2 2 2 2
left_child=1 -1 -3 -4 -5
right_child=-2 2 3 4 -6
leaf_value=0.018498007634259749 -0.036940187094049025 -0.013772646055905842 0.027895565970321813 0.0012022123090055169 -0.002429503743633103
leaf_weight=2.9095215722918493 0.98031115718185979 3.3975568953901529 1.0805289298295977 1.3608517795801165 1.0669432710856197
leaf_count=12 8 20 4 4 8
internal_value=0 0.00368939 -0.00254964 0.00831903 -0.000393818
internal_weight=0 9.8154 6.90588 3.50832 2.4278
internal_count=56 48 36 16 12
is_linear=0
shrinkage=0.1


Tree=25
num_leaves=9
num_cat=0
split_feature=0 0 0 0 0 0 0 0
split_gain=0.115573 0.0398476 0.120285 0.0294573 0.0728622 0.0119986 0.00930706 0.00170092
threshold=0.0096935360976079035 0.0045876381482746224 0.0041485052873060776 0.0066705815683823144 0.0061951216141071979 0.0078442005138157894 0.002365692145855696 0.004706937503068085
decision_type=2 2 2 2 2 2 2 2
left_child=1 2 6 4 7 -5 -1 -3
right_child=-2 3 -4 5 -6 -7 -8 -9
leaf_value=-0.011001276276990136 -0.033194835345934433 -0.046992425254572895 0.02469566549174379 0.0081227205980562451 -0.0019998045529590054 -0.0061847881924273311 -7.2688929474112158e-05 -0.060256011538131496
leaf_weight=1.2258886657655224 0.9549209903925665 0.21541821677237771 2.5642967373132706 1.3619835376739504 0.99647544324398041 1.0289697386324403 2.1389075145125389 0.17541790567338467
leaf_count=8 8 8 4 4 4 8 8 4
internal_value=0 0.00326541 0.0083799 -0.00476057 -0.0163523 0.00196535 -0.00405428 -0.0529455
internal_weight=0 9.70736 5.92909 3.77826 1.38731 2.39095 3.3648 0.390836
internal_count=56 48 20 28 16 12 16 12
is_linear=0
shrinkage=0.1


Tree=26
num_leaves=6
num_cat=0
split_feature=0 0 0 0 0
split_gain=0.140592 0.0578846 0.0275672 0.00675947 0.00465742
threshold=0.0028671281842487023 0.0096935360976079035 0.0061951216141071979 0.0066705815683823144 0.0078442005138157894
decision_type=2 2 2 2 2
left_child=-1 2 -2 -4 -5
right_child=1 -3 3 4 -6
leaf_value=0.018758498868538039 -0.010335554475641467 -0.030386257133805439 0.0092385917543668494 0.0032847034435442564 -0.0057209332692167401
leaf_weight=2.8977823071181774 3.3190281912684441 0.93716465309262265 1.030858173966408 1.3789085149765017 0.98412858322262753
leaf_count=12 20 8 4 4 8
internal_value=0 -0.00710555 -0.00385542 0.00248176 -0.000465853
internal_weight=0 7.65009 6.71292 3.3939 2.36304
internal_count=56 44 36 16 12
is_linear=0
shrinkage=0.1


Tree=27
num_leaves=7
num_cat=0
split_feature=0 0 0 0 0 0
split_gain=0.0820502 0.0361607 0.0639821 0.0209692 0.0107648 0.00101624
threshold=0.0096935360976079035 0.0045876381482746224 0.0041485052873060776 0.0066705815683823144 0.0078442005138157894 0.002365692145855696
decision_type=2 2 2 2 2 2
left_child=1 2 5 -3 -5 -1
right_child=-2 3 -4 4 -6 -7
leaf_value=-0.0040089992075405334 -0.028475658533630502 -0.01488350407209761 0.019376976069067599 0.0064654752366606469 -0.0073473307659984461 -0.00033529363224270591
leaf_weight=1.1669663265347465 0.92284057475626546 1.3596539343707266 2.5887694656848907 1.3633397817611697 0.9625574555248021 2.1226172298192978
leaf_count=8 8 16 4 4 8 8
internal_value=0 0.00274767 0.0076165 -0.00501797 0.000749135 -0.00163853
internal_weight=0 9.5639 5.87835 3.68555 2.3259 3.28958
internal_count=56 48 20 28 12 16
is_linear=0
shrinkage=0.1


Tree=28
num_leaves=6
num_cat=0
split_feature=0 0 0 0 0
split_gain=0.107365 0.0414004 0.0591749 0.0386566 0.00182883
threshold=0.0028671281842487023 0.0096935360976079035 0.0061951216141071979 0.0066705815683823144 0.0078442005138157894
decision_type=2 2 2 2 2
left_child=-1 2 -2 -4 -5
right_child=1 -3 3 4 -6
leaf_value=0.01644802927590323 -0.012830995080234759 -0.026221843643560585 0.021772579485010862 0.00095786354066363245 -0.00481163597043673
leaf_weight=2.8803984820842743 3.3773969947360456 0.91066035069525231 1.055189445614815 1.3587913662195208 0.92235559970140446
leaf_count=12 20 8 4 4 8
internal_value=0 -0.00621385 -0.00349994 0.00594595 -0.00137497
internal_weight=0 7.62439 6.71373 3.33634 2.28115
internal_count=56 44 36 16 12
is_linear=0
shrinkage=0.1


Tree=29
num_leaves=7
num_cat=0
split_feature=0 0 0 0 0 0
split_gain=0.0692875 0.100994 0.0268533 0.0233034 0.012136 0.0113667
threshold=0.0045876381482746224 0.0041485052873060776 0.0096935360976079035 0.0066705815683823144 0.0078442005138157894 0.002365692145855696
decision_type=2 2 2 2 2 2
left_child=1 5 3 -2 -5 -1
right_child=2 -3 -4 4 -6 -7
leaf_value=-0.012210795139563975 -0.015806495015203578 0.021921719206938559 -0.024710835066478615 0.006764476575883336 -0.0081656913431644405 -1.5959303630519132e-05
leaf_weight=1.2005763500928881 1.3588808695785703 2.5919165164232254 0.90504999458789814 1.3534556031227114 0.91081273928284634 2.1034803129732609
leaf_count=8 16 4 8 4 8 8
internal_value=0 0.00714483 -0.00930297 -0.00545413 0.000758745 -0.00444713
internal_weight=0 5.89597 4.5282 3.62315 2.26427 3.30406
internal_count=56 20 36 28 12 16
is_linear=0
shrinkage=0.1


Tree=30
num_leaves=5
num_cat=0
split_feature=0 0 0 0
split_gain=0.112249 0.046462 0.0696327 0.0235746
threshold=0.0028671281842487023 0.0061951216141071979 0.0066705815683823144 0.0096935360976079035
decision_type=2 2 2 2
left_child=-1 -2 -3 -4
right_child=1 2 3 -5
leaf_value=0.016917326722332482 -0.015052800389453442 0.022832101689090008 -0.0013197516370972973 -0.020522037884821921
leaf_weight=2.8506301641464233 3.3951160334981978 1.0605020821094511 2.2325285635888581 0.89592153206467617
leaf_count=12 20 4 12 8
internal_value=0 -0.00635873 0.000687755 -0.00681888
internal_weight=0 7.58407 4.18895 3.12845
internal_count=56 44 24 20
is_linear=0
shrinkage=0.1


Tree=31
num_leaves=8
num_cat=0
split_feature=0 0 0 0 0 0 0
split_gain=0.0665568 0.0821753 0.0165462 0.0340617 0.0196628 0.0163124 0.00710952
threshold=0.0045876381482746224 0.0041485052873060776 0.0066705815683823144 0.0078442005138157894 0.014000365725584657 0.0085633804180694773 0.002365692145855696
decision_type=2 2 2 2 2 2 2
left_child=1 6 -2 -4 5 -5 -1
right_child=2 -3 3 4 -6 -7 -8
leaf_value=-0.0097704964625522951 -0.018537966287248867 0.020275940524656134 0.0066933011281321928 -0.012035745911162448 -0.00041846495946655629 -0.03640120305303983 -5.2780418971208014e-05
leaf_weight=1.1775566637516024 1.332915239036083 2.5975999981164932 1.3560396134853365 0.64974368363618829 0.64280659705400456 0.47611028142273426 2.0874257273972034
leaf_count=8 16 4 4 4 4 8 8
internal_value=0 0.0070026 -0.0092097 -0.0052305 -0.0143725 -0.0223396 -0.0035576
internal_weight=0 5.86258 4.45762 3.1247 1.76866 1.12585 3.26498
internal_count=56 20 36 20 16 12 16
is_linear=0
shrinkage=0.1


Tree=32
num_leaves=5
num_cat=0
split_feature=0 0 0 0
split_gain=0.0981346 0.0448535 0.0664701 0.0347637
threshold=0.0028671281842487023 0.0061951216141071979 0.0066705815683823144 0.0096935360976079035
decision_type=2 2 2 2
left_child=-1 -2 -3 -4
right_child=1 2 3 -5
leaf_value=0.015843533382507179 -0.014542195317694608 0.022621164828320446 0.00028568322718985824 -0.023202522058683634
leaf_weight=2.8381757326424122 3.3734957873821259 1.0578034669160841 2.2057226896286015 0.88212762586772431
leaf_count=12 20 4 12 8
internal_value=0 -0.0059803 0.000986889 -0.00642436
internal_weight=0 7.51915 4.14565 3.08785
internal_count=56 44 24 20
is_linear=0
shrinkage=0.1


Tree=33
num_leaves=6
num_cat=0
split_feature=0 0 0 0 0
split_gain=0.0585611 0.0800263 0.0202624 0.0306515 0.00850515
threshold=0.0045876381482746224 0.0041485052873060776 0.0096935360976079035 0.0066705815683823144 0.002365692145855696
decision_type=2 2 2 2 2
left_child=1 4 3 -2 -1
right_child=2 -3 -4 -5 -6
leaf_value=-0.010735857109229471 -0.017489891959918725 0.019603695081019886 -0.022367631508364589 0.0018357042909302995 -7.8734587436002967e-05
leaf_weight=1.1725011765956881 1.3060632459819319 2.6050546169281006 0.87308342196047295 2.2084343209862709 2.0726202502846718
leaf_count=8 16 4 8 12 8
internal_value=0 0.00654984 -0.00873321 -0.0053461 -0.00392928
internal_weight=0 5.85018 4.38758 3.5145 3.24512
internal_count=56 20 36 28 16
is_linear=0
shrinkage=0.1


Tree=34
num_leaves=5
num_cat=0
split_feature=0 0 0 0
split_gain=0.0927434 0.0390324 0.0619888 0.0228462
threshold=0.0028671281842487023 0.0061951216141071979 0.0066705815683823144 0.0096935360976079035
decision_type=2 2 2 2
left_child=-1 -2 -3 -4
right_child=1 2 3 -5
leaf_value=0.015432513628257739 -0.013842785321938179 0.021525032854495529 -0.0011073912820650622 -0.020330697580618003
leaf_weight=2.8246627077460289 3.3557349313050508 1.0599580258131025 2.1821690462529664 0.86263755150139321
leaf_count=12 20 4 12 8
internal_value=0 -0.00584299 0.000697018 -0.00655363
internal_weight=0 7.4605 4.10476 3.04481
internal_count=56 44 24 20
is_linear=0
shrinkage=0.1


Tree=35
num_leaves=8
num_cat=0
split_feature=0 0 0 0 0 0 0
split_gain=0.0560847 0.070822 0.0137496 0.0313246 0.0228987 0.0179625 0.00698399
threshold=0.0045876381482746224 0.0041485052873060776 0.0066705815683823144 0.0078442005138157894 0.014000365725584657 0.0085633804180694773 0.002365692145855696
decision_type=2 2 2 2 2 2 2
left_child=1 6 -2 -4 5 -5 -1
right_child=2 -3 3 4 -6 -7 -8
leaf_value=-0.00974300140376347 -0.017198199715833456 0.018639419194599948 0.0064196114590956551 -0.012058556294165305 0.00094167544791783813 -0.038570147927395784 -3.1899281824798694e-05
leaf_weight=1.156855069100857 1.3017506483010945 2.6130810976028442 1.3535441756248476 0.61619412153959252 0.63908473402261723 0.43666620552539825 2.0580517202615738
leaf_count=8 16 4 4 4 4 8 8
internal_value=0 0.00641206 -0.00859613 -0.00491929 -0.0139903 -0.023054 -0.00352635
internal_weight=0 5.82799 4.34724 3.04549 1.69195 1.05286 3.21491
internal_count=56 20 36 20 16 12 16
is_linear=0
shrinkage=0.1


Tree=36
num_leaves=5
num_cat=0
split_feature=0 0 0 0
split_gain=0.0835496 0.0405672 0.0568628 0.0264237
threshold=0.0028671281842487023 0.0061951216141071979 0.0066705815683823144 0.0096935360976079035
decision_type=2 2 2 2
left_child=-1 -2 -3 -4
right_child=1 2 3 -5
leaf_value=0.01467450274261925 -0.013722413812640328 0.021103235297336872 3.7029518726234554e-05 -0.020742897310481082
leaf_weight=2.8126661144196987 3.3465549512766302 1.0564509630203245 2.1553418468683962 0.85455813631415356
leaf_count=12 20 4 12 8
internal_value=0 -0.00556792 0.00114312 -0.00586272
internal_weight=0 7.41291 4.06635 3.0099
internal_count=56 44 24 20
is_linear=0
shrinkage=0.1


Tree=37
num_leaves=6
num_cat=0
split_feature=0 0 0 0 0
split_gain=0.0498076 0.0678252 0.0144905 0.0274206 0.00749754
threshold=0.0045876381482746224 0.0041485052873060776 0.0096935360976079035 0.0066705815683823144 0.002365692145855696
decision_type=2 2 2 2 2
left_child=1 4 3 -2 -1
right_child=2 -3 -4 -5 -6
leaf_value=-0.010202215995997669 -0.016852606430457703 0.017963453805514683 -0.019878149454993558 0.001592201831190103 -0.0001116678792069009
leaf_weight=1.1504625007510187 1.285314229782671 2.618771567940712 0.84800313040614117 2.1612580101937056 2.0457488931715488
leaf_count=8 16 4 8 12 8
internal_value=0 0.00603208 -0.00816762 -0.00528634 -0.00374372
internal_weight=0 5.81498 4.29458 3.44657 3.19621
internal_count=56 20 36 28 16
is_linear=0
shrinkage=0.1


Tree=38
num_leaves=5
num_cat=0
split_feature=0 0 0 0
split_gain=0.0787309 0.0362602 0.0533934 0.0173384
threshold=0.0028671281842487023 0.0061951216141071979 0.0066705815683823144 0.0096935360976079035
decision_type=2 2 2 2
left_child=-1 -2 -3 -4
right_child=1 2 3 -5
leaf_value=0.014269867608934249 -0.013144110760828243 0.020237622689337598 -0.0011246242777313399 -0.018085546193689142
leaf_weight=2.8012300170958042 3.3330785767175257 1.0587029159069059 2.1353698186576371 0.83972698263823975
leaf_count=12 20 4 12 8
internal_value=0 -0.00542606 0.000951267 -0.00591188
internal_weight=0 7.36688 4.0338 2.9751
internal_count=56 44 24 20
is_linear=0
shrinkage=0.1


Tree=39
num_leaves=8
num_cat=0
split_feature=0 0 0 0 0 0 0
split_gain=0.0477069 0.0618083 0.0134988 0.027269 0.0230663 0.0142188 0.00652617
threshold=0.0045876381482746224 0.0041485052873060776 0.0066705815683823144 0.0078442005138157894 0.014000365725584657 0.0085633804180694773 0.002365692145855696
decision_type=2 2 2 2 2 2 2
left_child=1 6 -2 -4 5 -5 -1
right_child=2 -3 3 4 -6 -7 -8
leaf_value=-0.0095529087079096395 -0.016609023389652752 0.017253205129751242 0.0061613443482813248 -0.012543306380800957 0.0018616424233435125 -0.036831387608238279 -9.6063280401675598e-05
leaf_weight=1.1382498331367972 1.2825623108074067 2.6256770640611649 1.3514724820852282 0.584986552596092 0.63346531614661217 0.40994385629892349 2.033274557441473
leaf_count=8 16 4 4 4 4 8 8
internal_value=0 0.00590499 -0.00803119 -0.00433922 -0.0130541 -0.0225508 -0.00349009
internal_weight=0 5.7972 4.26243 2.97987 1.6284 0.99493 3.17152
internal_count=56 20 36 20 16 12 16
is_linear=0
shrinkage=0.1


Tree=40
num_leaves=5
num_cat=0
split_feature=0 0 0 0
split_gain=0.0716273 0.0385946 0.0502278 0.0198955
threshold=0.0028671281842487023 0.0061951216141071979 0.0066705815683823144 0.0096935360976079035
decision_type=2 2 2 2
left_child=-1 -2 -3 -4
right_child=1 2 3 -5
leaf_value=0.013635348888865795 -0.013150269541902057 0.020139542849715041 -0.00011671494046843941 -0.01835792309768591
leaf_weight=2.7902075126767159 3.3269255855120718 1.0557994991540907 2.1117106806486849 0.83410033956170071
leaf_count=12 20 4 12 8
internal_value=0 -0.00519141 0.00142555 -0.00528168
internal_weight=0 7.32854 4.00161 2.94581
internal_count=56 44 24 20
is_linear=0
shrinkage=0.1


Tree=41
num_leaves=6
num_cat=0
split_feature=0 0 0 0 0
split_gain=0.042709 0.0595378 0.0138337 0.0217852 0.00682563
threshold=0.0045876381482746224 0.0041485052873060776 0.0066705815683823144 0.0096935360976079035 0.002365692145855696
decision_type=2 2 2 2 2
left_child=1 4 -2 -4 -1
right_child=2 -3 3 -5 -6
leaf_value=-0.0098979412913153715 -0.016385230565646669 0.016691795076316292 0.0014772353398889296 -0.017640984198267089 -0.00020188787122076598
leaf_weight=1.132511340081692 1.2684571729041634 2.6297499686479568 2.120390966534615 0.82907522469758976 2.0227894708514214
leaf_count=8 16 4 12 8 8
internal_value=0 0.00557944 -0.00765243 -0.00389677 -0.00368203
internal_weight=0 5.78505 4.21792 2.94947 3.1553
internal_count=56 20 36 20 16
is_linear=0
shrinkage=0.1


Tree=42
num_leaves=5
num_cat=0
split_feature=0 0 0 0
split_gain=0.0678552 0.0341442 0.0465606 0.0132656
threshold=0.0028671281842487023 0.0061951216141071979 0.0066705815683823144 0.0096935360976079035
decision_type=2 2 2 2
left_child=-1 -2 -3 -4
right_child=1 2 3 -5
leaf_value=0.013290781641386661 -0.012566567008282429 0.019162777791720584 -0.0011109684677469869 -0.016098960246694032
leaf_weight=2.7805307470262051 3.313734520226717 1.0568580031394961 2.0953320646658544 0.82226524408906687
leaf_count=12 20 4 12 8
internal_value=0 -0.00507059 0.00117925 -0.00533503
internal_weight=0 7.28819 3.97446 2.9176
internal_count=56 44 24 20
is_linear=0
shrinkage=0.1


Tree=43
num_leaves=8
num_cat=0
split_feature=0 0 0 0 0 0 0
split_gain=0.0408474 0.0542233 0.0131973 0.0233467 0.0220371 0.0108857 0.00585781
threshold=0.0045876381482746224 0.0041485052873060776 0.0066705815683823144 0.0078442005138157894 0.014000365725584657 0.0085633804180694773 0.002365692145855696
decision_type=2 2 2 2 2 2 2
left_child=1 6 -2 -4 5 -5 -1
right_child=2 -3 3 4 -6 -7 -8
leaf_value=-0.0092254309219486109 -0.016041954046101082 0.016027384731464502 0.0058333695845668226 -0.01277007872442272 0.0024233723448523607 -0.034562368650749832 -0.00020597593358146816
leaf_weight=1.1214002855122092 1.2662368537858126 2.6361247897148132 1.3492799252271654 0.55777409672737099 0.62882507964968681 0.38913334161043167 2.0120260939002037
leaf_count=8 16 4 4 4 4 8 8
internal_value=0 0.00545803 -0.00751336 -0.00382134 -0.0120885 -0.0217257 -0.00343389
internal_weight=0 5.76955 4.19125 2.92501 1.57573 0.946907 3.13343
internal_count=56 20 36 20 16 12 16
is_linear=0
shrinkage=0.1


Tree=44
num_leaves=5
num_cat=0
split_feature=0 0 0 0
split_gain=0.0618477 0.0360097 0.0442317 0.01542
threshold=0.0028671281842487023 0.0061951216141071979 0.0066705815683823144 0.0096935360976079035
decision_type=2 2 2 2
left_child=-1 -2 -3 -4
right_child=1 2 3 -5
leaf_value=0.012708224548976015 -0.012549986237984714 0.019137252357537635 -0.00020857956236204969 -0.016419149631749071
leaf_weight=2.7710973396897316 3.307859618216753 1.0536927878856661 2.0748064639046793 0.81820095516741265
leaf_count=12 20 4 12 8
internal_value=0 -0.00485429 0.00159573 -0.00479326
internal_weight=0 7.25456 3.9467 2.89301
internal_count=56 44 24 20
is_linear=0
shrinkage=0.1


Tree=45
num_leaves=8
num_cat=0
split_feature=0 0 0 0 0 0 0
split_gain=0.0367024 0.0526377 0.0133692 0.0185667 0.0152649 0.00857335 0.00611659
threshold=0.0045876381482746224 0.0041485052873060776 0.0066705815683823144 0.0078442005138157894 0.014000365725584657 0.0085633804180694773 0.002365692145855696
decision_type=2 2 2 2 2 2 2
left_child=1 6 -2 -4 5 -5 -1
right_child=2 -3 3 4 -6 -7 -8
leaf_value=-0.00955739437141713 -0.015794569987858328 0.015561757345605299 0.0051717129413197081 -0.010990990998410251 0.0011158893489230223 -0.03055758376868227 -0.00032040550040752716
leaf_weight=1.1164803020656111 1.2535970578901467 2.6392057090997696 1.3442767560482027 0.54282130300998666 0.63082930073142052 0.38118886575102806 2.0029797367751598
leaf_count=8 16 4 4 4 4 8 8
internal_value=0 0.00516756 -0.00716597 -0.00343491 -0.010876 -0.0190629 -0.0036264
internal_weight=0 5.75867 4.15271 2.89912 1.55484 0.92401 3.11946
internal_count=56 20 36 20 16 12 16
is_linear=0
shrinkage=0.1


Tree=46
num_leaves=5
num_cat=0
split_feature=0 0 0 0
split_gain=0.0580629 0.035104 0.0407442 0.01645
threshold=0.0028671281842487023 0.0061951216141071979 0.0066705815683823144 0.0096935360976079035
decision_type=2 2 2 2
left_child=-1 -2 -3 -4
right_child=1 2 3 -5
leaf_value=0.012327993985344831 -0.01232427569650928 0.018557076566214366 0.00027985227042287472 -0.016512777427540908
leaf_weight=2.7627370543777943 3.2969381595030427 1.0477100759744646 2.0574224693700676 0.81420547887682904
leaf_count=12 20 4 12 8
internal_value=0 -0.00471974 0.00167718 -0.00448144
internal_weight=0 7.21628 3.91934 2.87163
internal_count=56 44 24 20
is_linear=0
shrinkage=0.1


Tree=47
num_leaves=6
num_cat=0
split_feature=0 0 0 0 0
split_gain=0.0334013 0.0486472 0.012659 0.0178683 0.00548492
threshold=0.0045876381482746224 0.0041485052873060776 0.0066705815683823144 0.0096935360976079035 0.002365692145855696
decision_type=2 2 2 2 2
left_child=1 4 -2 -4 -1
right_child=2 -3 3 -5 -6
leaf_value=-0.0092014736492875039 -0.015308923346865037 0.014899177122313903 0.0017059256723029486 -0.015818279194954203 -0.00042884192130344056
leaf_weight=1.1089345067739489 1.2423361097462473 2.6421367973089218 2.0659746397286658 0.80995005555450905 1.9946647174656389
leaf_count=8 16 4 12 8 8
internal_value=0 0.00492651 -0.0068734 -0.00322944 -0.00356336
internal_weight=0 5.74574 4.11826 2.87592 3.1036
internal_count=56 20 36 20 16
is_linear=0
shrinkage=0.1


Tree=48
num_leaves=5
num_cat=0
split_feature=0 0 0 0
split_gain=0.0547836 0.0295445 0.037359 0.0107702
threshold=0.0028671281842487023 0.0061951216141071979 0.0066705815683823144 0.0096935360976079035
decision_type=2 2 2 2
left_child=-1 -2 -3 -4
right_child=1 2 3 -5
leaf_value=0.011980759757961592 -0.011593479670467196 0.01745735942581134 -0.00078897112068267476 -0.014450641310825157
leaf_weight=2.7570654451847076 3.2816150025464594 1.045221656560898 2.0429361555725341 0.80421345680952061
leaf_count=12 20 4 12 8
internal_value=0 -0.00460438 0.00128806 -0.00464788
internal_weight=0 7.17399 3.89237 2.84715
internal_count=56 44 24 20
is_linear=0
shrinkage=0.1


Tree=49
num_leaves=8
num_cat=0
split_feature=0 0 0 0 0 0 0
split_gain=0.0319785 0.0449381 0.0113287 0.015918 0.0160481 0.00634168 0.00484236
threshold=0.0045876381482746224 0.0041485052873060776 0.0066705815683823144 0.0078442005138157894 0.014000365725584657 0.0085633804180694773 0.002365692145855696
decision_type=2 2 2 2 2 2 2
left_child=1 6 -2 -4 5 -5 -1
right_child=2 -3 3 4 -6 -7 -8
leaf_value=-0.0086990295888926608 -0.01473223120959365 0.014379482511351641 0.0046469378251481029 -0.0118962574292849 0.0019414222488402313 -0.029081236761925616 -0.0004299040433351059
leaf_weight=1.1006410047411921 1.2398254913277922 2.6471849977970123 1.3413615077733996 0.52153317630290963 0.62600374035537243 0.36503754835575819 1.9859899915754793
leaf_count=8 16 4 4 4 4 8 8
internal_value=0 0.00481998 -0.00675097 -0.0032837 -0.0103166 -0.018972 -0.00337854
internal_weight=0 5.73382 4.09376 2.85394 1.51257 0.886571 3.08663
internal_count=56 20 36 20 16 12 16
is_linear=0
shrinkage=0.1


Tree=50
num_leaves=5
num_cat=0
split_feature=0 0 0 0
split_gain=0.0503641 0.0300378 0.0351168 0.0123005
threshold=0.0028671281842487023 0.0061951216141071979 0.0066705815683823144 0.0096935360976079035
decision_type=2 2 2 2
left_child=-1 -2 -3 -4
right_child=1 2 3 -5
leaf_value=0.011501245903315856 -0.011473679966062829 0.017232663538726531 -9.637093664748314e-05 -0.014730422420585141
leaf_weight=2.7495059929788113 3.2751348651945591 1.0419483929872515 2.0274445097893481 0.80140769761055697
leaf_count=12 20 4 12 8
internal_value=0 -0.00442528 0.00153846 -0.00424217
internal_weight=0 7.14594 3.8708 2.82885
internal_count=56 44 24 20
is_linear=0
shrinkage=0.1


Tree=51
num_leaves=6
num_cat=0
split_feature=0 0 0 0 0
split_gain=0.0288871 0.0433186 0.0111778 0.0138991 0.0048776
threshold=0.0045876381482746224 0.0041485052873060776 0.0066705815683823144 0.0096935360976079035 0.002365692145855696
decision_type=2 2 2 2 2
left_child=1 4 -2 -4 -1
right_child=2 -3 3 -5 -6
leaf_value=-0.0088518415426182186 -0.014406151394856292 0.013947479810264072 0.0013922545984866074 -0.014178254183879097 -0.00053494913785067115
leaf_weight=1.0956275314092638 1.2303176652640102 2.6499190777540207 2.0362386908382182 0.79796744976192702 1.9785919487476347
leaf_count=8 16 4 12 8 8
internal_value=0 0.00457762 -0.00644675 -0.0029916 -0.00349902
internal_weight=0 5.72414 4.06452 2.83421 3.07422
internal_count=56 20 36 20 16
is_linear=0
shrinkage=0.1


Tree=52
num_leaves=5
num_cat=0
split_feature=0 0 0 0
split_gain=0.0481672 0.0264406 0.0326619 0.00830451
threshold=0.0028671281842487023 0.0061951216141071979 0.0066705815683823144 0.0096935360976079035
decision_type=2 2 2 2
left_child=-1 -2 -3 -4
right_child=1 2 3 -5
leaf_value=0.01125723949272771 -0.010962309485795595 0.016397255834075208 -0.0009253660010543484 -0.013004770455307844
leaf_weight=2.7431346364319324 3.2638124255463481 1.0415238440036776 2.0153564615175132 0.79312704503536213
leaf_count=12 20 4 12 8
internal_value=0 -0.00434087 0.0012724 -0.00433664
internal_weight=0 7.11382 3.85001 2.80848
internal_count=56 44 24 20
is_linear=0
shrinkage=0.1


Tree=53
num_leaves=8
num_cat=0
split_feature=0 0 0 0 0 0 0
split_gain=0.0277344 0.0398674 0.010336 0.0136706 0.0155789 0.00493887 0.00420961
threshold=0.0045876381482746224 0.0041485052873060776 0.0066705815683823144 0.0078442005138157894 0.014000365725584657 0.0085633804180694773 0.002365692145855696
decision_type=2 2 2 2 2 2 2
left_child=1 6 -2 -4 5 -5 -1
right_child=2 -3 3 4 -6 -7 -8
leaf_value=-0.0082911698549417209 -0.013989463889523462 0.013452194712305104 0.004318111225376225 -0.012039055740283258 0.0024002472658986355 -0.027489331837255757 -0.00054093999887913538
leaf_weight=1.0875555761158469 1.2286193966865537 2.6546625941991806 1.3394853323698046 0.50244099646806695 0.62236747145652771 0.35173783265054226 1.9708869978785513
leaf_count=8 16 4 4 4 4 8 8
internal_value=0 0.00448579 -0.00633622 -0.00299715 -0.00963337 -0.0184012 -0.00329685
internal_weight=0 5.71311 4.04465 2.81603 1.47655 0.854179 3.05844
internal_count=56 20 36 20 16 12 16
is_linear=0
shrinkage=0.1


Tree=54
num_leaves=5
num_cat=0
split_feature=0 0 0 0
split_gain=0.0442822 0.0270089 0.0308058 0.00979064
threshold=0.0028671281842487023 0.0061951216141071979 0.0066705815683823144 0.0096935360976079035
decision_type=2 2 2 2
left_child=-1 -2 -3 -4
right_child=1 2 3 -5
leaf_value=0.010805962867613025 -0.010863302792351258 0.01622379758488721 -0.00022493589753177958 -0.01336526873689806
leaf_weight=2.7362832874059677 3.2584226937033236 1.0387654304504397 2.0017888071015482 0.79110578168183554
leaf_count=12 20 4 12 8
internal_value=0 -0.00417035 0.0015213 -0.00394702
internal_weight=0 7.09008 3.83166 2.79289
internal_count=56 44 24 20
is_linear=0
shrinkage=0.1


Tree=55
num_leaves=6
num_cat=0
split_feature=0 0 0 0 0
split_gain=0.0250353 0.038649 0.0102247 0.0113751 0.00428409
threshold=0.0045876381482746224 0.0041485052873060776 0.0066705815683823144 0.0096935360976079035 0.002365692145855696
decision_type=2 2 2 2 2
left_child=1 4 -2 -4 -1
right_child=2 -3 3 -5 -6
leaf_value=-0.0084762952954663059 -0.013683982222960512 0.013074101384590068 0.0012764701797099718 -0.012896860153317187 -0.00064274384768030516
leaf_weight=1.0830667316913607 1.220225693657994 2.6571083217859268 2.0108052445575599 0.78821725584566582 1.9643369913101194
leaf_count=8 16 4 12 8 8
internal_value=0 0.00425915 -0.006045 -0.0027148 -0.00342684
internal_weight=0 5.70451 4.01925 2.79902 3.0474
internal_count=56 20 36 20 16
is_linear=0
shrinkage=0.1


Tree=56
num_leaves=5
num_cat=0
split_feature=0 0 0 0
split_gain=0.0425167 0.0239233 0.0285985 0.00671856
threshold=0.0028671281842487023 0.0061951216141071979 0.0066705815683823144 0.0096935360976079035
decision_type=2 2 2 2
left_child=-1 -2 -3 -4
right_child=1 2 3 -5
leaf_value=0.010596808499957415 -0.010403826195069495 0.015430798477128721 -0.00093551997021475066 -0.011864113836549027
leaf_weight=2.7305115722119808 3.2482736026868224 1.038457050919533 1.9913508426398041 0.78400371409952629
leaf_count=12 20 4 12 8
internal_value=0 -0.00409719 0.00127425 -0.00402271
internal_weight=0 7.06209 3.81381 2.77535
internal_count=56 44 24 20
is_linear=0
shrinkage=0.1


Tree=57
num_leaves=8
num_cat=0
split_feature=0 0 0 0 0 0 0
split_gain=0.0240168 0.0356206 0.00945169 0.0116962 0.0146716 0.00392835 0.00369564
threshold=0.0045876381482746224 0.0041485052873060776 0.0066705815683823144 0.0078442005138157894 0.014000365725584657 0.0085633804180694773 0.002365692145855696
decision_type=2 2 2 2 2 2 2
left_child=1 6 -2 -4 5 -5 -1
right_child=2 -3 3 4 -6 -7 -8
leaf_value=-0.0079451726869763581 -0.013280000426960618 0.012614979999229512 0.0040175070222928672 -0.011907198382186573 0.0026758523490417979 -0.025918279454286004 -0.00064892928174580802
leaf_weight=1.0757018551230433 1.2189017515629528 2.6615689545869827 1.3378496915102007 0.48541019111871697 0.61946455016732216 0.34046468883752823 1.9574812501668928
leaf_count=8 16 4 4 4 4 8 8
internal_value=0 0.00417204 -0.00593658 -0.00272052 -0.00895744 -0.0176832 -0.0032365
internal_weight=0 5.69475 4.00209 2.78319 1.44534 0.825875 3.03318
internal_count=56 20 36 20 16 12 16
is_linear=0
shrinkage=0.1


Tree=58
num_leaves=5
num_cat=0
split_feature=0 0 0 0
split_gain=0.0391691 0.0243968 0.0270583 0.00806989
threshold=0.0028671281842487023 0.0061951216141071979 0.0066705815683823144 0.0096935360976079035
decision_type=2 2 2 2
left_child=-1 -2 -3 -4
right_child=1 2 3 -5
leaf_value=0.010181527353267441 -0.010308942795004737 0.01528303313082318 -0.00027026681163503226 -0.012265835697823503
leaf_weight=2.7243733704090118 3.2434155489318073 1.0358793288469317 1.9793865438550713 0.78254233207553614
leaf_count=12 20 4 12 8
internal_value=0 -0.00393942 0.00150031 -0.00366899
internal_weight=0 7.04122 3.79781 2.76193
internal_count=56 44 24 20
is_linear=0
shrinkage=0.1


Tree=59
num_leaves=6
num_cat=0
split_feature=0 0 0 0 0
split_gain=0.0217059 0.034613 0.00931086 0.00957155 0.00376268
threshold=0.0045876381482746224 0.0041485052873060776 0.0066705815683823144 0.0096935360976079035 0.002365692145855696
decision_type=2 2 2 2 2
left_child=1 4 -2 -4 -1
right_child=2 -3 3 -5 -6
leaf_value=-0.0081199014531120137 -0.012976450358639919 0.01227545025915152 0.0012180731617066367 -0.011852641311102016 -0.00074477782674460915
leaf_weight=1.0715928971767428 1.211398381739855 2.6636984497308731 1.9883296564221384 0.78004656545817841 1.9516499340534208
leaf_count=8 16 4 12 8 8
internal_value=0 0.00396405 -0.00566447 -0.00246487 -0.0033589
internal_weight=0 5.68694 3.97977 2.76838 3.02324
internal_count=56 20 36 20 16
is_linear=0
shrinkage=0.1


Tree=60
num_leaves=5
num_cat=0
split_feature=0 0 0 0
split_gain=0.0377301 0.0216342 0.0250712 0.00559457
threshold=0.0028671281842487023 0.0061951216141071979 0.0066705815683823144 0.0096935360976079035
decision_type=2 2 2 2
left_child=-1 -2 -3 -4
right_child=1 2 3 -5
leaf_value=0.0099996986099624291 -0.0098807792570283492 0.014519941142625899 -0.00090684867818398892 -0.010929946982002744
leaf_weight=2.7192798815667629 3.2339931507594883 1.0354110747575762 1.9701802702620628 0.77630882244557131
leaf_count=12 20 4 12 8
internal_value=0 -0.00387576 0.00125927 -0.00373993
internal_weight=0 7.01589 3.7819 2.74649
internal_count=56 44 24 20
is_linear=0
shrinkage=0.1


Tree=61
num_leaves=8
num_cat=0
split_feature=0 0 0 0 0 0 0
split_gain=0.0208193 0.0319592 0.0085711 0.00997872 0.0136311 0.00324731 0.00316521
threshold=0.0045876381482746224 0.0041485052873060776 0.0066705815683823144 0.0078442005138157894 0.014000365725584657 0.002365692145855696 0.0085633804180694773
decision_type=2 2 2 2 2 2 2
left_child=1 5 -2 -4 6 -1 -5
right_child=2 -3 3 4 -6 -7 -8
leaf_value=-0.0076190543621999342 -0.01257501928628321 0.01185196819545984 0.0037218109119113944 -0.011655128345305027 0.0028485072492333203 -0.00074994846122678469 -0.024422977477678215
leaf_weight=1.0649233758449557 1.2103001619689169 2.6678360253572464 1.3362806737422945 0.47018453478813149 0.61705618165433407 1.9455238729715345 0.33074521273374557
leaf_count=8 16 4 4 4 4 8 8
internal_value=0 0.00388257 -0.00556084 -0.00247862 -0.00832177 -0.00317984 -0.0169276
internal_weight=0 5.67828 3.96457 2.75427 1.41799 3.01045 0.80093
internal_count=56 20 36 20 16 16 12
is_linear=0
shrinkage=0.1


Tree=62
num_leaves=5
num_cat=0
split_feature=0 0 0 0
split_gain=0.0348351 0.0219701 0.0237453 0.00680773
threshold=0.0028671281842487023 0.0061951216141071979 0.0066705815683823144 0.0096935360976079035
decision_type=2 2 2 2
left_child=-1 -2 -3 -4
right_child=1 2 3 -5
leaf_value=0.0096172466843362711 -0.0097823585767045224 0.014375364966878537 -0.0002828373096113057 -0.011353156388523996
leaf_weight=2.7137933410704136 3.2294704872183502 1.0329177081584933 1.9595873234793546 0.77526709157973517
leaf_count=12 20 4 12 8
internal_value=0 -0.00372993 0.00145778 -0.00342101
internal_weight=0 6.99724 3.76777 2.73485
internal_count=56 44 24 20
is_linear=0
shrinkage=0.1


Tree=63
num_leaves=6
num_cat=0
split_feature=0 0 0 0 0
split_gain=0.0188406 0.0310859 0.00839801 0.00820486 0.00330039
threshold=0.0045876381482746224 0.0041485052873060776 0.0066705815683823144 0.0096935360976079035 0.002365692145855696
decision_type=2 2 2 2 2
left_child=1 4 -2 -4 -1
right_child=2 -3 3 -5 -6
leaf_value=-0.0077749129961653873 -0.012270371500347358 0.011541881240345992 0.0011787653162539703 -0.010979380107684088 -0.0008385822130735287
leaf_weight=1.0611160881817343 1.203605536837131 2.6697224527597427 1.9682196639478209 0.7730670841410755 1.9403033666312692
leaf_count=8 16 4 12 8 8
internal_value=0 0.00369175 -0.00530722 -0.00224994 -0.00329084
internal_weight=0 5.67114 3.94489 2.74129 3.00142
internal_count=56 20 36 20 16
is_linear=0
shrinkage=0.1


Tree=64
num_leaves=5
num_cat=0
split_feature=0 0 0 0
split_gain=0.0336485 0.0195036 0.0219877 0.00475521
threshold=0.0028671281842487023 0.0061951216141071979 0.0066705815683823144 0.0096935360976079035
decision_type=2 2 2 2
left_child=-1 -2 -3 -4
right_child=1 2 3 -5
leaf_value=0.0094576204805103484 -0.0093830066696444468 0.013650948525789861 -0.00086423290292505584 -0.01014585899651846
leaf_weight=2.7093183659017086 3.2207016218453646 1.0323011279106142 1.9513249704614284 0.76970720011740912
leaf_count=12 20 4 12 8
internal_value=0 -0.00367416 0.00122455 -0.00348976
internal_weight=0 6.97403 3.75333 2.72103
internal_count=56 44 24 20
is_linear=0
shrinkage=0.1


Tree=65
num_leaves=8
num_cat=0
split_feature=0 0 0 0 0 0 0
split_gain=0.0180752 0.0287734 0.00769642 0.00849768 0.0125823 0.00285592 0.00257441
threshold=0.0045876381482746224 0.0041485052873060776 0.0066705815683823144 0.0078442005138157894 0.014000365725584657 0.002365692145855696 0.0085633804180694773
decision_type=2 2 2 2 2 2 2
left_child=1 5 -2 -4 6 -1 -5
right_child=2 -3 3 4 -6 -7 -8
leaf_value=-0.0073091394405964405 -0.011874226693608169 0.011153931989354141 0.0034306733021366152 -0.011345905734832096 0.0029585139675575695 -0.0008416570081336384 -0.023019768059465224
leaf_weight=1.0551072619855406 1.2026607838924976 2.6735277622938156 1.3347560465335848 0.45650712400674798 0.61500241979956627 1.9348031356930731 0.32226304803043604
leaf_count=8 16 4 4 4 4 8 8
internal_value=0 0.00361617 -0.00520961 -0.00227203 -0.00773327 -0.00312396 -0.0161767
internal_weight=0 5.66344 3.93119 2.72853 1.39377 2.98991 0.77877
internal_count=56 20 36 20 16 16 12
is_linear=0
shrinkage=0.1


Tree=66
num_leaves=5
num_cat=0
split_feature=0 0 0 0
split_gain=0.0311433 0.0197085 0.020809 0.00584432
threshold=0.0028671281842487023 0.0061951216141071979 0.0066705815683823144 0.0096935360976079035
decision_type=2 2 2 2
left_child=-1 -2 -3 -4
right_child=1 2 3 -5
leaf_value=0.0091062842636718613 -0.0092795634791741615 0.013496095838624191 -0.00027966374851904209 -0.010579909368997886
leaf_weight=2.7043921500444412 3.2164837366435677 1.0298952311277392 1.9419227391481402 0.76899481285363425
leaf_count=12 20 4 12 8
internal_value=0 -0.00353973 0.00139557 -0.00320149
internal_weight=0 6.9573 3.74081 2.71092
internal_count=56 44 24 20
is_linear=0
shrinkage=0.1


Tree=67
num_leaves=6
num_cat=0
split_feature=0 0 0 0 0
split_gain=0.0163666 0.0279837 0.00749574 0.00713059 0.00289381
threshold=0.0045876381482746224 0.0041485052873060776 0.0066705815683823144 0.0096935360976079035 0.002365692145855696
decision_type=2 2 2 2 2
left_child=1 4 -2 -4 -1
right_child=2 -3 3 -5 -6
leaf_value=-0.0074432496368511541 -0.01156580262278893 0.010864893196232385 0.0011455954601484817 -0.010235514936636571 -0.0009230546449331443
leaf_weight=1.0515349023044112 1.196722418535501 2.6752591282129288 1.9500822471454742 0.76702602487057436 1.9301052950322626
leaf_count=8 16 4 12 8 8
internal_value=0 0.00343969 -0.00497159 -0.00206723 -0.00322253
internal_weight=0 5.6569 3.91383 2.71711 2.98164
internal_count=56 20 36 20 16
is_linear=0
shrinkage=0.1


Tree=68
num_leaves=5
num_cat=0
split_feature=0 0 0 0
split_gain=0.0301435 0.0175144 0.0192821 0.00410654
threshold=0.0028671281842487023 0.0061951216141071979 0.0066705815683823144 0.0096935360976079035
decision_type=2 2 2 2
left_child=-1 -2 -3 -4
right_child=1 2 3 -5
leaf_value=0.0089633914513691081 -0.0089063897785939383 0.01281814807166703 -0.00081800180564191739 -0.0094771604398300874
leaf_weight=2.7004609629511833 3.2083152392879128 1.0291593968868258 1.9344197772443297 0.76397519465535868
leaf_count=12 20 4 12 8
internal_value=0 -0.00348987 0.00117215 -0.0032696
internal_weight=0 6.93587 3.72755 2.69839
internal_count=56 44 24 20
is_linear=0
shrinkage=0.1


Tree=69
num_leaves=8
num_cat=0
split_feature=0 0 0 0 0 0 0
split_gain=0.0157113 0.0259744 0.00684807 0.00722806 0.011582 0.00251253 0.00211341
threshold=0.0045876381482746224 0.0041485052873060776 0.0066705815683823144 0.0078442005138157894 0.014000365725584657 0.002365692145855696 0.0085633804180694773
decision_type=2 2 2 2 2 2 2
left_child=1 5 -2 -4 6 -1 -5
right_child=2 -3 3 4 -6 -7 -8
leaf_value=-0.0070124548873651774 -0.011182381864593974 0.010511129945476184 0.0031483203445311827 -0.011006100157440227 0.003030528468424722 -0.0009240555175772415 -0.02171677360343055
leaf_weight=1.0461263097822668 1.1958954979199918 2.6787391752004623 1.3332931697368624 0.44416161626577355 0.61321543715894222 1.9251457527279852 0.31479166448116302
leaf_count=8 16 4 4 4 4 8 8
internal_value=0 0.00337021 -0.00488079 -0.0020953 -0.00719035 -0.00306766 -0.0154486
internal_weight=0 5.65001 3.90136 2.70546 1.37217 2.97127 0.758953
internal_count=56 20 36 20 16 16 12
is_linear=0
shrinkage=0.1


Tree=70
num_leaves=5
num_cat=0
split_feature=0 0 0 0
split_gain=0.0279677 0.0176257 0.0182162 0.00509055
threshold=0.0028671281842487023 0.0061951216141071979 0.0066705815683823144 0.0096935360976079035
decision_type=2 2 2 2
left_child=-1 -2 -3 -4
right_child=1 2 3 -5
leaf_value=0.0086403461675536031 -0.0088006345342418243 0.012650761283424492 -0.00026655762205546189 -0.0099154614655315634
leaf_weight=2.6960014291107655 3.2044057422317564 1.0268577933311465 1.9260503342375161 0.76352888718247403
leaf_count=12 20 4 12 8
internal_value=0 -0.00336584 0.00132019 -0.00300573
internal_weight=0 6.92084 3.71644 2.68958
internal_count=56 44 24 20
is_linear=0
shrinkage=0.1


Tree=71
num_leaves=6
num_cat=0
split_feature=0 0 0 0 0
split_gain=0.0142339 0.0252575 0.00663727 0.00626719 0.00253904
threshold=0.0045876381482746224 0.0041485052873060776 0.0066705815683823144 0.0096935360976079035 0.002365692145855696
decision_type=2 2 2 2 2
left_child=1 4 -2 -4 -1
right_child=2 -3 3 -5 -6
leaf_value=-0.0071276990031623622 -0.010875601479871821 0.010241093392823225 0.0011157903909750743 -0.0095933389581348387 -0.00099847915873151213
leaf_weight=1.0427563935518267 1.1906625963747504 2.6803535372018814 1.9336382970213892 0.76174526475369919 1.9208913184702394
leaf_count=8 16 4 12 8 8
internal_value=0 0.00320683 -0.00465751 -0.00191073 -0.00315504
internal_weight=0 5.644 3.88605 2.69538 2.96365
internal_count=56 20 36 20 16
is_linear=0
shrinkage=0.1


Tree=72
num_leaves=5
num_cat=0
split_feature=0 0 0 0
split_gain=0.0271238 0.0156944 0.0169079 0.00359401
threshold=0.0028671281842487023 0.0061951216141071979 0.0066705815683823144 0.0096935360976079035
decision_type=2 2 2 2
left_child=-1 -2 -3 -4
right_child=1 2 3 -5
leaf_value=0.0085126003138397324 -0.0084546383798807748 0.012024020587614523 -0.00076921357029166007 -0.0088982912329996239
leaf_weight=2.6925263442099094 3.1968468758277595 1.0260656327009203 1.9191593527793886 0.75895101949572552
leaf_count=12 20 4 12 8
internal_value=0 -0.0033213 0.00110897 -0.00307292
internal_weight=0 6.90102 3.70418 2.67811
internal_count=56 44 24 20
is_linear=0
shrinkage=0.1


Tree=73
num_leaves=8
num_cat=0
split_feature=0 0 0 0 0 0 0
split_gain=0.0136786 0.0235166 0.00605175 0.00614378 0.0106525 0.00221318 0.00175023
threshold=0.0045876381482746224 0.0041485052873060776 0.0066705815683823144 0.0078442005138157894 0.014000365725584657 0.002365692145855696 0.0085633804180694773
decision_type=2 2 2 2 2 2 2
left_child=1 5 -2 -4 6 -1 -5
right_child=2 -3 3 4 -6 -7 -8
leaf_value=-0.0067309714251257025 -0.010510477784353324 0.0099201542460695194 0.0028780190872663906 -0.010651504858128456 0.0030783311922806256 -0.00099752173680823846 -0.020511533883462767
leaf_weight=1.0378906503319743 1.1899310038425031 2.6835255175828934 1.3319002389907839 0.43296075984835602 0.61163608357310295 1.9164034426212309 0.30816473532468081
leaf_count=8 16 4 4 4 4 8 8
internal_value=0 0.00314365 -0.00457424 -0.0019431 -0.00668987 -0.00301177 -0.0147514
internal_weight=0 5.63782 3.87459 2.68466 1.35276 2.95429 0.741125
internal_count=56 20 36 20 16 16 12
is_linear=0
shrinkage=0.1


Tree=74
num_leaves=5
num_cat=0
split_feature=0 0 0 0
split_gain=0.0252265 0.0157348 0.0159427 0.00448589
threshold=0.0028671281842487023 0.0061951216141071979 0.0066705815683823144 0.0096935360976079035
decision_type=2 2 2 2
left_child=-1 -2 -3 -4
right_child=1 2 3 -5
leaf_value=0.0082151835603873399 -0.0083476472626854304 0.011846065684308996 -0.00024859884950197939 -0.0093364788894148513
leaf_weight=2.6884597837924957 3.1932714742142707 1.0239003300666811 1.911688541993499 0.75872707366943348
leaf_count=12 20 4 12 8
internal_value=0 -0.00320667 0.00123706 -0.00283068
internal_weight=0 6.88759 3.69432 2.67042
internal_count=56 44 24 20
is_linear=0
shrinkage=0.1


Tree=75
num_leaves=6
num_cat=0
split_feature=0 0 0 0 0
split_gain=0.0123925 0.0228576 0.00583626 0.00555883 0.00223128
threshold=0.0045876381482746224 0.0041485052873060776 0.0066705815683823144 0.0096935360976079035 0.002365692145855696
decision_type=2 2 2 2 2
left_child=1 4 -2 -4 -1
right_child=2 -3 3 -5 -6
leaf_value=-0.0068299432644733623 -0.010205018136890703 0.0096657008247361675 0.0010871443870220921 -0.0090319288190100228 -0.001065284667288794
leaf_weight=1.0346926487982275 1.1853529301006349 2.6850599199533463 1.9186576837673786 0.75709560979157675 1.9125332720577715
leaf_count=8 16 4 12 8 8
internal_value=0 0.00299145 -0.0043637 -0.00177601 -0.0030891
internal_weight=0 5.63229 3.86111 2.67575 2.94723
internal_count=56 20 36 20 16
is_linear=0
shrinkage=0.1


Tree=76
num_leaves=5
num_cat=0
split_feature=0 0 0 0
split_gain=0.0245119 0.014043 0.0148284 0.00318129
threshold=0.0028671281842487023 0.0061951216141071979 0.0066705815683823144 0.0096935360976079035
decision_type=2 2 2 2
left_child=-1 -2 -3 -4
right_child=1 2 3 -5
leaf_value=0.0081008989963740705 -0.0080279772684591823 0.011269962753855667 -0.00072027805382746818 -0.0083923034052660449
leaf_weight=2.6853768117725849 3.1862669952679425 1.0230576097965243 1.9053129861131313 0.75452003814280022
leaf_count=12 20 4 12 8
internal_value=0 -0.00316691 0.00103867 -0.00289662
internal_weight=0 6.86916 3.68289 2.65983
internal_count=56 44 24 20
is_linear=0
shrinkage=0.1


Tree=77
num_leaves=8
num_cat=0
split_feature=0 0 0 0 0 0 0
split_gain=0.0119241 0.0213468 0.00531293 0.00522111 0.00980834 0.0019526 0.00146171
threshold=0.0045876381482746224 0.0041485052873060776 0.0066705815683823144 0.0078442005138157894 0.014000365725584657 0.002365692145855696 0.0085633804180694773
decision_type=2 2 2 2 2 2 2
left_child=1 5 -2 -4 6 -1 -5
right_child=2 -3 3 4 -6 -7 -8
leaf_value=-0.0064645412159174886 -0.0098599862176099798 0.0093746809771477115 0.0026216378188352115 -0.010295738123808254 0.0031128152160683023 -0.0010624415800263905 -0.019402570079653774
leaf_weight=1.0303194634616377 1.1846879206132146 2.6879430562257767 1.3305937945842745 0.4227582588791845 0.61021675355732441 1.9084549024701116 0.30226188246160746
leaf_count=8 16 4 4 4 4 8 8
internal_value=0 0.00293429 -0.00428785 -0.00181161 -0.00622944 -0.00295639 -0.0140924
internal_weight=0 5.62672 3.85052 2.66583 1.33524 2.93877 0.72502
internal_count=56 20 36 20 16 16 12
is_linear=0
shrinkage=0.1


Tree=78
num_leaves=5
num_cat=0
split_feature=0 0 0 0
split_gain=0.0228431 0.0140222 0.0139429 0.00399629
threshold=0.0028671281842487023 0.0061951216141071979 0.0066705815683823144 0.0096935360976079035
decision_type=2 2 2 2
left_child=-1 -2 -3 -4
right_child=1 2 3 -5
leaf_value=0.00782530789091033 -0.0079186913350956373 0.011078935609988683 -0.00022624650496781817 -0.0088294463426598965
leaf_weight=2.6816481426358223 3.1830053997691721 1.0210230350494387 1.8986311452463271 0.75449117831885804
leaf_count=12 20 4 12 8
internal_value=0 -0.00306026 0.00114872 -0.00267281
internal_weight=0 6.85715 3.67415 2.65312
internal_count=56 44 24 20
is_linear=0
shrinkage=0.1


Tree=79
num_leaves=6
num_cat=0
split_feature=0 0 0 0 0
split_gain=0.0108 0.0207303 0.00509934 0.00497172 0.00196312
threshold=0.0045876381482746224 0.0041485052873060776 0.0066705815683823144 0.0096935360976079035 0.002365692145855696
decision_type=2 2 2 2 2
left_child=1 4 -2 -4 -1
right_child=2 -3 3 -5 -6
leaf_value=-0.0065472635441481105 -0.0095573106146106326 0.0091327275536778711 0.0010595294223631083 -0.008538642257993511 -0.0011236292396050735
leaf_weight=1.0272579193115237 1.1807194200810047 2.6894309669733047 1.9049605252221229 0.75299347192049015 1.9049178101122377
leaf_count=8 16 4 12 8 8
internal_value=0 0.00279203 -0.00408883 -0.00165961 -0.00302374
internal_weight=0 5.62161 3.83867 2.65795 2.93218
internal_count=56 20 36 20 16
is_linear=0
shrinkage=0.1


Tree=80
num_leaves=5
num_cat=0
split_feature=0 0 0 0
split_gain=0.0222337 0.012822 0.0112306 0.00284544
threshold=0.0028671281842487023 0.0046472771828046872 0.0066705815683823144 0.0096935360976079035
decision_type=2 2 2 2
left_child=-1 -2 -3 -4
right_child=1 2 3 -5
leaf_value=0.0077225632115743769 -0.0078585655074921018 0.0090930161753052414 -0.00067173238923950074 -0.0079478884805591742
leaf_weight=2.6789052784442902 3.0446456586942077 1.1520541664212944 1.8926913272589447 0.75060426164418448
leaf_count=12 12 12 12 8
internal_value=0 -0.00302456 0.000853293 -0.00273791
internal_weight=0 6.84 3.79535 2.6433
internal_count=56 44 32 20
is_linear=0
shrinkage=0.1


Tree=81
num_leaves=8
num_cat=0
split_feature=0 0 0 0 0 0 0
split_gain=0.00920603 0.0189699 0.00358207 0.00396989 0.00886321 0.00192049 0.00127159
threshold=0.0045876381482746224 0.0041485052873060776 0.0066705815683823144 0.0078442005138157894 0.014000365725584657 0.002365692145855696 0.0085633804180694773
decision_type=2 2 2 2 2 2 2
left_child=1 5 -2 -4 6 -1 -5
right_child=2 -3 3 4 -6 -7 -8
leaf_value=-0.006492810224800848 -0.0083632131847318804 0.008626920896944822 0.0021217843285455977 -0.0096263700568722799 0.0032313600969924939 -0.0011209537068610986 -0.018202623696899112
leaf_weight=1.0238371193408968 1.1806488579604777 2.6959855705499649 1.3273768424987795 0.41392545029520966 0.6088501550257206 1.9016423709690569 0.29687987640500069
leaf_count=8 16 4 4 4 4 8 8
internal_value=0 0.00257563 -0.00378265 -0.0017396 -0.00562357 -0.00300096 -0.0132084
internal_weight=0 5.62147 3.82768 2.64703 1.31966 2.92548 0.710805
internal_count=56 20 36 20 16 16 12
is_linear=0
shrinkage=0.1


Tree=82
num_leaves=5
num_cat=0
split_feature=0 0 0 0
split_gain=0.0205466 0.0130181 0.0125611 0.00355918
threshold=0.0028671281842487023 0.0061951216141071979 0.0066705815683823144 0.0096935360976079035
decision_type=2 2 2 2
left_child=-1 -2 -3 -4
right_child=1 2 3 -5
leaf_value=0.0074264311028117468 -0.0075970094693420896 0.010590169406803506 -0.00016873670819678423 -0.008310214444037501
leaf_weight=2.6765082478523254 3.1731886179186404 1.0183936506509783 1.8873233254998925 0.75048033613711584
leaf_count=12 20 4 12 8
internal_value=0 -0.0029105 0.0011569 -0.00248506
internal_weight=0 6.82939 3.6562 2.6378
internal_count=56 44 24 20
is_linear=0
shrinkage=0.1


Tree=83
num_leaves=6
num_cat=0
split_feature=0 0 0 0 0
split_gain=0.00965848 0.0195607 0.0048441 0.00445472 0.00188572
threshold=0.0045876381482746224 0.0041485052873060776 0.0066705815683823144 0.0096935360976079035 0.002365692145855696
decision_type=2 2 2 2 2
left_child=1 4 -2 -4 -1
right_child=2 -3 3 -5 -6
leaf_value=-0.0064915693074752692 -0.0092229810027929428 0.0087874430182334987 0.0010773763921386984 -0.0080328011708673507 -0.0011642173865322432
leaf_weight=1.0222667045891287 1.1749028463382276 2.6924554109573364 1.8932871595025065 0.74911570735275734 1.8982084505259988
leaf_count=8 16 4 12 8 8
internal_value=0 0.00263922 -0.0038807 -0.00150534 -0.00302897
internal_weight=0 5.61293 3.81731 2.6424 2.92048
internal_count=56 20 36 20 16
is_linear=0
shrinkage=0.1


Tree=84
num_leaves=7
num_cat=0
split_feature=0 0 0 0 0 0
split_gain=0.0205285 0.0120666 0.0120701 0.00261655 0.00402859 0.00141809
threshold=0.0028671281842487023 0.0061951216141071979 0.0066705815683823144 0.014000365725584657 0.0078442005138157894 0.0085633804180694773
decision_type=2 2 2 2 2 2
left_child=-1 -2 -3 4 -4 -6
right_child=1 2 3 -5 5 -7
leaf_value=0.0074270853833131884 -0.0074281109821278564 0.010253381035323576 -0.001082503122929848 0.0031727941783837401 -0.0066392854950413725 -0.015815662818190933
leaf_weight=2.6730167008936405 3.1678607843350619 1.0180348455905917 1.3282753527164466 0.60917924903333176 0.4006960131227969 0.29050075076520443
leaf_count=12 20 4 4 4 4 8
internal_value=0 -0.00291329 0.00100871 -0.00257161 -0.00430442 -0.010496
internal_weight=0 6.81455 3.64669 2.62865 2.01947 0.691197
internal_count=56 44 24 20 16 12
is_linear=0
shrinkage=0.1


Tree=85
num_leaves=6
num_cat=0
split_feature=0 0 0 0 0
split_gain=0.00908021 0.0183101 0.00506017 0.00498991 0.00165882
threshold=0.0045876381482746224 0.0041485052873060776 0.0066705815683823144 0.0096935360976079035 0.002365692145855696
decision_type=2 2 2 2 2
left_child=1 4 -2 -4 -1
right_child=2 -3 3 -5 -6
leaf_value=-0.0061938368951814406 -0.0092251926005919183 0.0085004289821219488 0.0014027441222363888 -0.0082427389953953697 -0.0011880067853763854
leaf_weight=1.0174882858991625 1.1744305444881322 2.6950342059135437 1.8899353258311751 0.74886621441692103 1.894656606018543
leaf_count=8 16 4 12 8 8
internal_value=0 0.00256028 -0.00376478 -0.00133455 -0.00293702
internal_weight=0 5.60718 3.81323 2.6388 2.91214
internal_count=56 20 36 20 16
is_linear=0
shrinkage=0.1


Tree=86
num_leaves=5
num_cat=0
split_feature=0 0 0 0
split_gain=0.0194639 0.0117986 0.00964696 0.00285259
threshold=0.0028671281842487023 0.0046472771828046872 0.0066705815683823144 0.0096935360976079035
decision_type=2 2 2 2
left_child=-1 -2 -3 -4
right_child=1 2 3 -5
leaf_value=0.0072370226179670292 -0.0074750343437980388 0.0085556912172049283 -0.00036396097891069413 -0.0076718358974665465
leaf_weight=2.669508308172226 3.0381533717736602 1.1456160438247027 1.8775191009044649 0.74652480054646719
leaf_count=12 12 12 12 8
internal_value=0 -0.00283782 0.000899545 -0.00244301
internal_weight=0 6.80781 3.76966 2.62404
internal_count=56 44 32 20
is_linear=0
shrinkage=0.1


Tree=87
num_leaves=6
num_cat=0
split_feature=0 0 0 0 0
split_gain=0.00761648 0.0160494 0.00385622 0.00357595 0.00167038
threshold=0.004706937503068085 0.0041485052873060776 0.0066705815683823144 0.0096935360976079035 0.002365692145855696
decision_type=2 2 2 2 2
left_child=1 4 -2 -4 -1
right_child=2 -3 3 -5 -6
leaf_value=-0.0062130063308394965 -0.0086860420682533211 0.007640394757815647 0.00081197555326636668 -0.0073731473732034526 -0.0011846671987581717
leaf_weight=1.0151435099542143 1.0471042520366611 2.8281940014567226 1.8820977527648213 0.74504558648914088 1.8918063826858995
leaf_count=8 8 12 12 8 8
internal_value=0 0.00227723 -0.00355455 -0.00150929 -0.00294063
internal_weight=0 5.73514 3.67425 2.62714 2.90695
internal_count=56 28 28 20 16
is_linear=0
shrinkage=0.1


Tree=88
num_leaves=7
num_cat=0
split_feature=0 0 0 0 0 0
split_gain=0.017845 0.0116082 0.0125182 0.00286857 0.00411089 0.00112846
threshold=0.0028671281842487023 0.0061951216141071979 0.0066705815683823144 0.014000365725584657 0.0078442005138157894 0.0085633804180694773
decision_type=2 2 2 2 2 2
left_child=-1 -2 -3 4 -4 -6
right_child=1 2 3 -5 5 -7
leaf_value=0.0069280903643732022 -0.0071473893343514455 0.010541241626079126 -0.0011048665433559194 0.0034936796549514086 -0.0071880434021806723 -0.015428706415746275
leaf_weight=2.6696724817156792 3.1653604623861611 1.0185344219207766 1.3265510052442557 0.60765893012285221 0.39438370615243901 0.28717522043734789
leaf_count=12 20 4 4 4 4 8
internal_value=0 -0.0027201 0.00113593 -0.00252633 -0.00434799 -0.0106603
internal_weight=0 6.79966 3.6343 2.61577 2.00811 0.681559
internal_count=56 44 24 20 16 12
is_linear=0
shrinkage=0.1


Tree=89
num_leaves=6
num_cat=0
split_feature=0 0 0 0 0
split_gain=0.0088393 0.0178945 0.00606444 0.0044236 0.00192005
threshold=0.004706937503068085 0.0041485052873060776 0.0066705815683823144 0.0096935360976079035 0.002365692145855696
decision_type=2 2 2 2 2
left_child=1 4 -2 -4 -1
right_child=2 -3 3 -5 -6
leaf_value=-0.0065659883106948414 -0.010280832960466609 0.0081175277072394903 0.0013163168268287514 -0.0077805087630057309 -0.0011737953616847152
leaf_weight=1.0154476612806322 1.043464560993016 2.8269215933978558 1.8804244920611384 0.74687935132533301 1.8884373828768728
leaf_count=8 8 12 12 8 8
internal_value=0 0.00245403 -0.00383123 -0.00126969 -0.00305937
internal_weight=0 5.73081 3.67077 2.6273 2.90389
internal_count=56 28 28 20 16
is_linear=0
shrinkage=0.1


Tree=90
num_leaves=5
num_cat=0
split_feature=0 0 0 0
split_gain=0.0180452 0.0126825 0.0139519 0.00258117
threshold=0.0028671281842487023 0.0061951216141071979 0.0066705815683823144 0.0096935360976079035
decision_type=2 2 2 2
left_child=-1 -2 -3 -4
right_child=1 2 3 -5
leaf_value=0.0069785084234458925 -0.0073505150572653185 0.011217657416194272 -0.0005806889847468483 -0.0075352453574381228
leaf_weight=2.6633270233869553 3.1724903422873467 1.0206145942211153 1.866356445476413 0.7473888937383889
leaf_count=12 20 4 12 8
internal_value=0 -0.00273049 0.0013024 -0.00256931
internal_weight=0 6.80685 3.63436 2.61375
internal_count=56 44 24 20
is_linear=0
shrinkage=0.1


Tree=91
num_leaves=6
num_cat=0
split_feature=0 0 0 0 0
split_gain=0.00959167 0.0172903 0.0059355 0.00349247 0.00161045
threshold=0.004706937503068085 0.0041485052873060776 0.0066705815683823144 0.0096935360976079035 0.002365692145855696
decision_type=2 2 2 2 2
left_child=1 4 -2 -4 -1
right_child=2 -3 3 -5 -6
leaf_value=-0.0060899747128177611 -0.010383727079173859 0.0081160134589894056 0.00084365147638263229 -0.0072442486232529484 -0.0011457481730727643
leaf_weight=1.0126213915646078 1.0413139010779562 2.8296555415727198 1.8749229842796924 0.74646383430808771 1.885434418916702
leaf_count=8 8 12 12 8 8
internal_value=0 0.00255572 -0.00399664 -0.00145945 -0.00287333
internal_weight=0 5.72771 3.6627 2.62139 2.89806
internal_count=56 28 28 20 16
is_linear=0
shrinkage=0.1


Tree=92
num_leaves=7
num_cat=0
split_feature=0 0 0 0 0 0
split_gain=0.0175057 0.0110755 0.0141373 0.00333269 0.00456375 0.0014109
threshold=0.0028671281842487023 0.0061951216141071979 0.0066705815683823144 0.014000365725584657 0.0078442005138157894 0.0085633804180694773
decision_type=2 2 2 2 2 2
left_child=-1 -2 -3 4 -4 -6
right_child=1 2 3 -5 5 -7
leaf_value=0.0068770522554444467 -0.0070033185988380223 0.011073046431995042 -0.0013678750293180885 0.003678122180650441 -0.0075049669401749874 -0.016722476913747484
leaf_weight=2.6608129628002644 3.1746555673889816 1.0190168768167498 1.3250292539596564 0.60655226930975903 0.38754323497414578 0.29057130124419928
leaf_count=12 20 4 4 4 4 8
internal_value=0 -0.00268963 0.00108428 -0.00281606 -0.00478251 -0.0114547
internal_weight=0 6.80337 3.62871 2.6097 2.00314 0.678115
internal_count=56 44 24 20 16 12
is_linear=0
shrinkage=0.1


Tree=93
num_leaves=6
num_cat=0
split_feature=0 0 0 0 0
split_gain=0.0103421 0.0173925 0.00579573 0.00488658 0.00152094
threshold=0.004706937503068085 0.0041485052873060776 0.0066705815683823144 0.0096935360976079035 0.002365692145855696
decision_type=2 2 2 2 2
left_child=1 4 -2 -4 -1
right_child=2 -3 3 -5 -6
leaf_value=-0.0059457370921298562 -0.010471690832635546 0.0082053189548173602 0.0010963862165757992 -0.0084261643006633916 -0.0011319619445475135
leaf_weight=1.0079400576651099 1.0387646171730014 2.8432497966568917 1.8698396869003775 0.7570778727531432 1.8817010484635828
leaf_count=8 8 12 12 8 8
internal_value=0 0.00265256 -0.00414843 -0.00164801 -0.00281106
internal_weight=0 5.73289 3.66568 2.62692 2.88964
internal_count=56 28 28 20 16
is_linear=0
shrinkage=0.1


Tree=94
num_leaves=5
num_cat=0
split_feature=0 0 0 0
split_gain=0.0170577 0.00883549 0.0158522 0.00444036
threshold=0.0028671281842487023 0.0045876381482746224 0.0066705815683823144 0.0096935360976079035
decision_type=2 2 2 2
left_child=-1 -2 -3 -4
right_child=1 2 3 -5
leaf_value=0.0068077084315064365 -0.0067626200865169798 0.0097017504063370251 -0.0012590591580736471 -0.010249705778957285
leaf_weight=2.652775052934885 2.9530474841594696 1.2625679587945344 1.8495715064927938 0.78142093308269966
leaf_count=12 8 16 12 8
internal_value=0 -0.0026377 0.000490827 -0.00392934
internal_weight=0 6.84661 3.89356 2.63099
internal_count=56 44 36 20
is_linear=0
shrinkage=0.1


Tree=95
num_leaves=6
num_cat=0
split_feature=0 0 0 0 0
split_gain=0.00755026 0.0136189 0.00428607 0.00303 0.00122921
threshold=0.004706937503068085 0.0041485052873060776 0.0066705815683823144 0.0096935360976079035 0.002365692145855696
decision_type=2 2 2 2 2
left_child=1 4 -2 -4 -1
right_child=2 -3 3 -5 -6
leaf_value=-0.0054099747427403628 -0.0089524143029348635 0.0071687040105472156 0.00077694191733889979 -0.0067488273368898569 -0.0010731716313266805
leaf_weight=1.0018548816442492 1.0472487572114917 2.8493987028487027 1.8651277413591745 0.75015441514551628 1.8799339756369589
leaf_count=8 8 12 12 8 8
internal_value=0 0.00226637 -0.00354645 -0.00138171 -0.00258086
internal_weight=0 5.73119 3.66253 2.61528 2.88179
internal_count=56 28 28 20 16
is_linear=0
shrinkage=0.1


Tree=96
num_leaves=7
num_cat=0
split_feature=0 0 0 0 0 0
split_gain=0.0153454 0.0122736 0.012046 0.00296969 0.00396177 0.000690233
threshold=0.0028671281842487023 0.0061951216141071979 0.0066705815683823144 0.014000365725584657 0.0078442005138157894 0.0085633804180694773
decision_type=2 2 2 2 2 2
left_child=-1 -2 -3 4 -4 -6
right_child=1 2 3 -5 5 -7
leaf_value=0.0064434542108624737 -0.0070586149116170617 0.010648553410710391 -0.00086796798374667134 0.0039742529217488129 -0.0075480948847926254 -0.014063076455536306
leaf_weight=2.6570838205516338 3.1743227113038301 1.0234251171350481 1.3272428512573244 0.60516069643199433 0.38157923519611348 0.28339169360697269
leaf_count=12 20 4 4 4 4 8
internal_value=0 -0.00251958 0.00145976 -0.00216084 -0.00402445 -0.0103246
internal_weight=0 6.79512 3.6208 2.59737 1.99221 0.664971
internal_count=56 44 24 20 16 12
is_linear=0
shrinkage=0.1


Tree=97
num_leaves=6
num_cat=0
split_feature=0 0 0 0 0
split_gain=0.00785194 0.0162774 0.00745042 0.00324935 0.00194755
threshold=0.004706937503068085 0.0041485052873060776 0.0066705815683823144 0.0096935360976079035 0.002365692145855696
decision_type=2 2 2 2 2
left_child=1 4 -2 -4 -1
right_child=2 -3 3 -5 -6
leaf_value=-0.0065280069077934023 -0.010750831450284187 0.0076884418294644978 0.0014659545356766326 -0.006354187519748724 -0.0010760464985017249
leaf_weight=1.0064408928155901 1.0461079063825311 2.8384608880151063 1.8653202299028637 0.74296610243618477 1.8775093071162698
leaf_count=8 8 12 12 8 8
internal_value=0 0.00231249 -0.00362112 -0.0007616 -0.00297867
internal_weight=0 5.72241 3.65439 2.60829 2.88395
internal_count=56 28 28 20 16
is_linear=0
shrinkage=0.1


Tree=98
num_leaves=7
num_cat=0
split_feature=0 0 0 0 0 0
split_gain=0.0158036 0.0151138 0.0131984 0.00230915 0.00273718 0.000375469
threshold=0.0028671281842487023 0.0061951216141071979 0.0066705815683823144 0.014000365725584657 0.0078442005138157894 0.0085633804180694773
decision_type=2 2 2 2 2 2
left_child=-1 -2 -3 4 -4 -6
right_child=1 2 3 -5 5 -7
leaf_value=0.0065475319424893727 -0.0075894218295175682 0.011452052536742623 -0.00097910625906271831 0.0034599557004404251 -0.006821645542052935 -0.011660806998682738
leaf_weight=2.651549506932497 3.175992222269997 1.0277798473834994 1.3273530453443529 0.60633864998817433 0.37827362865209568 0.27829791978001595
leaf_count=12 20 4 4 4 4 8
internal_value=0 -0.00255534 0.00186367 -0.00194086 -0.00359149 -0.0088728
internal_weight=0 6.79404 3.61804 2.59026 1.98392 0.656572
internal_count=56 44 24 20 16 12
is_linear=0
shrinkage=0.1


Tree=99
num_leaves=6
num_cat=0
split_feature=0 0 0 0 0
split_gain=0.00799818 0.016265 0.0087423 0.00336855 0.00187232
threshold=0.004706937503068085 0.0041485052873060776 0.0066705815683823144 0.0096935360976079035 0.002365692145855696
decision_type=2 2 2 2 2
left_child=1 4 -2 -4 -1
right_child=2 -3 3 -5 -6
leaf_value=-0.0064395269812029272 -0.011385856047830803 0.0077117765290594005 0.0017097334919699962 -0.0062648779321720707 -0.0010907571552193549
leaf_weight=1.0053171366453173 1.044722097925842 2.8352347472682595 1.8633715938776734 0.74006812553852785 1.8751017488539217
leaf_count=8 8 12 12 8 8
internal_value=0 0.00233493 -0.00365818 -0.000557174 -0.00295757
internal_weight=0 5.71565 3.64816 2.60344 2.88042
internal_count=56 28 28 20 16
is_linear=0
shrinkage=0.1


end of trees

feature_importances:
word_overlap=539

parameters:
[boosting: gbdt]
[objective: lambdarank]
[metric: ndcg]
[tree_learner: serial]
[device_type: cpu]
[data: ]
[valid: ]
[num_iterations: 100]
[learning_rate: 0.1]
[num_leaves: 16]
[num_threads: 6]
[deterministic: 0]
[force_col_wise: 0]
[force_row_wise: 0]
[histogram_pool_size: -1]
[max_depth: -1]
[min_data_in_leaf: 5]
[min_sum_hessian_in_leaf: 0.001]
[bagging_fraction: 1]
[pos_bagging_fraction: 1]
[neg_bagging_fraction: 1]
[bagging_freq: 0]
[bagging_seed: 3]
[feature_fraction: 1]
[feature_fraction_bynode: 1]
[feature_fraction_seed: 2]
[extra_trees: 0]
[extra_seed: 6]
[early_stopping_round: 0]
[first_metric_only: 0]
[max_delta_step: 0]
[lambda_l1: 0]
[lambda_l2: 0]
[linear_lambda: 0]
[min_gain_to_split: 0]
[drop_rate: 0.1]
[max_drop: 50]
[skip_drop: 0.5]
[xgboost_dart_mode: 0]
[uniform_drop: 0]
[drop_seed: 4]
[top_rate: 0.2]
[other_rate: 0.1]
[min_data_per_group: 100]
[max_cat_threshold: 32]
[cat_l2: 10]
[cat_smooth: 10]
[max_cat_to_onehot: 4]
[top_k: 20]
[monotone_constraints: ]
[monotone_constraints_method: basic]
[monotone_penalty: 0]
[feature_contri: ]
[forcedsplits_filename: ]
[refit_decay_rate: 0.9]
[cegb_tradeoff: 1]
[cegb_penalty_split: 0]
[cegb_penalty_feature_lazy: ]
[cegb_penalty_feature_coupled: ]
[path_smooth: 0]
[interaction_constraints: ]
[verbosity: 1]
[saved_feature_importance_type: 0]
[linear_tree: 0]
[max_bin: 255]
[max_bin_by_feature: ]
[min_data_in_bin: 3]
[bin_construct_sample_cnt: 200000]
[data_random_seed: 1]
[is_enable_sparse: 1]
[enable_bundle: 1]
[use_missing: 1]
[zero_as_missing: 0]
[feature_pre_filter: 1]
[pre_partition: 0]
[two_round: 0]
[header: 0]
[label_column: ]
[weight_column: ]
[group_column: ]
[ignore_column: ]
[categorical_feature: ]
[forcedbins_filename: ]
[precise_float_parser: 0]
[parser_config_file: ]
[objective_seed: 5]
[num_class: 1]
[is_unbalance: 0]
[scale_pos_weight: 1]
[sigmoid: 1]
[boost_from_average: 1]
[reg_sqrt: 0]
[alpha: 0.9]
[fair_c: 1]
[poisson_max_delta_step: 0.7]
[tweedie_variance_power: 1.5]
[lambdarank_truncation_level: 30]
[lambdarank_norm: 1]
[label_gain: ]
[eval_at: 1,2,3,4,5]
[multi_error_top_k: 1]
[auc_mu_weights: ]
[num_machines: 1]
[local_listen_port: 12400]
[time_out: 120]
[machine_list_filename: ]
[machines: ]
[gpu_platform_id: -1]
[gpu_device_id: -1]
[gpu_use_dp: 0]
[num_gpu: 1]

end of parameters

pandas_categorical:null
