tree
version=v4
num_class=1
num_tree_per_iteration=1
label_index=0
max_feature_idx=0
objective=lambdarank
feature_names=word_overlap
feature_infos=[0.0017653313005275932:0.13314229714810266]
tree_sizes=865 968 1073 967 974 979 768 875 869 971 664 877 870 873 985 877 984 876 978 874 879 983 980 882 876 978 879 878 883 988 763 986 876 882 982 984 877 986 877 990 884 876 993 884 1095 874 883 879 879 884 985 767 883 992 989 879 878 874 780 880 877 884 1095 769 987 877 878 990 776 991 984 877 986 987 990 878 1098 1091 878 985 1093 986 1094 990 1094 883 879 1096 989 884 884 777 776 768 882 986 877 989 884 876

Tree=0
num_leaves=7
num_cat=0
split_feature=0 0 0 0 0 0
split_gain=0.647682 1.43895 0.470309 0.172891 0.160854 0.562127
threshold=0.0068123226339925737 0.0045876381482746224 0.0024316553150552844 0.0046716336612478123 0.0088807551912432926 0.014451459212147534
decision_type=2 2 2 2 2 2
left_child=1 2 -1 -3 -2 -6
right_child=4 3 -4 -5 5 -7
leaf_value=-0.045657145841549396 0.064880392387571303 -0.16821968549988622 0.075263748537656883 -0.086094021971433371 -0.075202758524655189 0.066724953828831354
leaf_weight=0.51117685250937961 1.1271353811025622 0.49819728359580018 0.86751422099769115 0.52802247926592827 0.45399113558232762 0.72424281388521194
leaf_count=8 12 4 8 8 8 8
internal_value=0 -0.036306 0.0304299 -0.125963 0.0378736 0.0120381
internal_weight=0 2.40491 1.37869 1.02622 2.30537 1.17823
internal_count=56 28 16 12 28 16
is_linear=0
shrinkage=0.1


Tree=1
num_leaves=8
num_cat=0
split_feature=0 0 0 0 0 0 0
split_gain=0.768066 0.541313 0.585654 0.827742 0.723913 0.300421 0.0418815
threshold=0.0041485052873060776 0.0045876381482746224 0.0081110765263017488 0.0088807551912432926 0.016831777094257917 0.0068123226339925737 0.0024316553150552844
decision_type=2 2 2 2 2 2 2
left_child=6 -2 5 -4 -5 -3 -1
right_child=1 2 3 4 -6 -7 -8
leaf_value=-0.02180803527673518 0.054345353479342232 0.0066767827847696824 0.0611418664769545 -0.028761231073177063 0.032619865077036701 -0.057865108057772618 -0.040252984698765232
leaf_weight=1.9781669117510343 2.4239093065261867 1.1214186027646058 2.785099655389784 4.4615819714963436 3.3747406899929047 2.0206927508115768 3.2593201994895935
leaf_count=8 4 12 8 12 4 4 4
internal_value=0 0.0107699 0.00309579 0.0143153 -0.00232724 -0.0348301 -0.0332864
internal_weight=0 16.1874 13.7635 10.6214 7.83632 3.14211 5.23749
internal_count=56 44 40 24 16 16 12
is_linear=0
shrinkage=0.1


Tree=2
num_leaves=9
num_cat=0
split_feature=0 0 0 0 0 0 0 0
split_gain=1.54728 1.15482 0.917666 0.863902 0.00636927 0.0220404 3.09515 0.00364956
threshold=0.014451459212147534 0.0084342640768936099 0.0024316553150552844 0.0045876381482746224 0.0081110765263017488 0.0068123226339925737 0.0052107200608590984 0.0088807551912432926
decision_type=2 2 2 2 2 2 2 2
left_child=1 2 -1 -4 5 6 -5 -3
right_child=-2 7 3 4 -6 -7 -8 -9
leaf_value=-0.05577326974029112 0.065182089497201542 -0.058111706413390335 0.052887399493997324 -0.16131886933244513 -0.0048648718511763436 -0.020741311907971433 0.10839175592534651 -0.064439399175249851
leaf_weight=2.1651405133307007 3.0388297140598288 2.3090105950832363 3.8387602120637876 0.73028460144996632 2.2620356380939484 1.48517706990242 1.0194463729858398 1.5059674195945261
leaf_count=8 8 4 8 8 4 4 4 8
internal_value=0 -0.0129329 0.00288213 0.0164855 -0.00893554 -0.011782 -0.00417727 -0.0606096
internal_weight=0 15.3158 11.5008 9.3357 5.49694 3.23491 1.74973 3.81498
internal_count=56 48 36 28 20 16 12 12
is_linear=0
shrinkage=0.1


Tree=3
num_leaves=8
num_cat=0
split_feature=0 0 0 0 0 0 0
split_gain=0.708637 0.359717 0.12155 0.149 0.0974007 0.0261086 0.128731
threshold=0.016831777094257917 0.0045876381482746224 0.014451459212147534 0.0084342640768936099 0.0068123226339925737 0.0041485052873060776 0.0024316553150552844
decision_type=2 2 2 2 2 2 2
left_child=1 5 3 4 -3 6 -1
right_child=-2 2 -4 -5 -6 -7 -8
leaf_value=-0.020780016419242334 0.041952151777960786 -0.034965998081112212 0.0041308490343275597 -0.050202003402788221 -0.0049931332690504341 0.015980470909509346 0.019650917456273374
leaf_weight=1.3576110601425189 3.2601987421512595 1.9780914671719072 1.302199140191078 2.2500095441937447 2.399176612496376 2.7100744247436523 1.8753188997507095
leaf_count=8 4 12 4 12 8 4 4
internal_value=0 -0.00985925 -0.0237999 -0.0292881 -0.0185379 0.00874117 0.00267267
internal_weight=0 13.8725 7.92948 6.62728 4.37727 5.943 3.23293
internal_count=56 52 36 32 20 16 12
is_linear=0
shrinkage=0.1


Tree=4
num_leaves=8
num_cat=0
split_feature=0 0 0 0 0 0 0
split_gain=0.540954 0.30719 0.0454453 0.0265002 0.228216 0.0114888 0.00261873
threshold=0.014451459212147534 0.0045876381482746224 0.0088807551912432926 0.0041485052873060776 0.0024316553150552844 0.0068123226339925737 0.0081110765263017488
decision_type=2 2 2 2 2 2 2
left_child=1 3 5 4 -1 -3 -7
right_child=-2 2 -4 -5 -6 6 -8
leaf_value=-0.03248407348861642 0.030569380230270983 -0.027314042544676349 -0.041559415097589508 0.013180762676098782 0.022109888558992055 -0.014216382364291652 -0.020070145882401681
leaf_weight=1.2990123480558413 4.2926653623580924 1.9353848583996294 1.4134433232247827 2.7017986327409744 1.8650244474411011 1.364194802939892 1.7376666069030759
leaf_count=8 8 12 8 4 4 4 8
internal_value=0 -0.0106543 -0.0257142 0.00590709 -0.000303957 -0.021268 -0.0174957
internal_weight=0 12.3165 6.45069 5.86584 3.16404 5.03725 3.10186
internal_count=56 48 32 16 12 24 12
is_linear=0
shrinkage=0.1


Tree=5
num_leaves=8
num_cat=0
split_feature=0 0 0 0 0 0 0
split_gain=0.489517 0.0465298 0.112196 0.0528207 0.0116521 0.0278448 0.00145248
threshold=0.016831777094257917 0.014451459212147534 0.0088807551912432926 0.0052107200608590984 0.0068123226339925737 0.0081110765263017488 0.0041485052873060776
decision_type=2 2 2 2 2 2 2
left_child=1 2 3 6 -5 -6 -1
right_child=-2 -3 -4 4 5 -7 -8
leaf_value=-0.013303014336719907 0.035855367317680707 0.010645638509648132 -0.036949640834374457 0.0096171063804364829 -0.011206234025423176 0.010742686379904767 -0.01038328292234289
leaf_weight=3.7426038943231088 3.0887441784143439 1.1758015900850303 1.3872869163751609 1.4828215911984446 1.3345171213150027 1.0195691324770448 3.1277216449379921
leaf_count=12 4 4 8 4 4 8 12
internal_value=0 -0.00834555 -0.0101918 -0.00672494 0.00267363 -0.00170002 -0.0119738
internal_weight=0 13.2703 12.0945 10.7072 3.83691 2.35409 6.87033
internal_count=56 52 48 40 16 12 24
is_linear=0
shrinkage=0.1


Tree=6
num_leaves=6
num_cat=0
split_feature=0 0 0 0 0
split_gain=0.508574 0.0598871 0.116391 0.0386303 0.00281713
threshold=0.014451459212147534 0.0088807551912432926 0.0081110765263017488 0.0052107200608590984 0.0041485052873060776
decision_type=2 2 2 2 2
left_child=1 2 3 4 -1
right_child=-2 -3 -4 -5 -6
leaf_value=-0.017508840727274776 0.030118712493632373 -0.03025621050454318 0.021291681426530342 -0.0016817581284486152 -0.013427817483887198
leaf_weight=3.6567184552550334 4.1745220124721518 1.3420531433075655 1.2157363295555104 2.8088736943900585 3.1473523322492838
leaf_count=12 8 8 8 8 12
internal_value=0 -0.0103306 -0.00786114 -0.0115481 -0.0156211
internal_weight=0 12.1707 10.8287 9.61294 6.80407
internal_count=56 48 40 32 24
is_linear=0
shrinkage=0.1


Tree=7
num_leaves=7
num_cat=0
split_feature=0 0 0 0 0 0
split_gain=0.921627 0.0818724 0.101225 0.0963297 0.0931946 0.00379213
threshold=0.014451459212147534 0.0041485052873060776 0.0024316553150552844 0.0052107200608590984 0.0081110765263017488 0.0084342640768936099
decision_type=2 2 2 2 2 2
left_child=1 2 -1 -3 -5 -6
right_child=-2 3 -4 4 5 -7
leaf_value=-0.023878546364325431 0.038914427588086796 -0.032530932498588301 0.014562811826736015 0.0018863747763338439 -0.018985712035911307 -0.026980428689480335
leaf_weight=1.1062133871018913 4.4222773909568778 3.4318662621080858 1.7989680022001266 2.7318133898079395 0.88482802361249957 1.8007868658751247
leaf_count=8 8 12 4 8 4 12
internal_value=0 -0.0146404 -7.4603e-05 -0.0194223 -0.0111182 -0.0243464
internal_weight=0 11.7545 2.90518 8.84929 5.41743 2.68561
internal_count=56 48 12 36 24 16
is_linear=0
shrinkage=0.1


Tree=8
num_leaves=7
num_cat=0
split_feature=0 0 0 0 0 0
split_gain=0.637577 0.0709853 0.0904106 0.0391424 0.142658 0.00857562
threshold=0.014451459212147534 0.0041485052873060776 0.0045876381482746224 0.0088807551912432926 0.0081110765263017488 0.0068123226339925737
decision_type=2 2 2 2 2 2
left_child=1 -1 -3 4 5 -4
right_child=-2 2 3 -5 -6 -7
leaf_value=-0.023445856668918186 0.032974913084185986 0.0090270131936128796 -0.024983753972118574 -0.028562209240527173 0.018349518781263532 -0.014515060716391371
leaf_weight=3.6498568765819099 4.3185274600982657 2.5378504097461683 1.8504888042807579 1.3415929246693847 1.334765914827585 1.355805866420269
leaf_count=12 8 4 12 8 8 4
internal_value=0 -0.0117978 -0.0067489 -0.0135548 -0.0091211 -0.020557
internal_weight=0 12.0704 8.4205 5.88265 4.54106 3.20629
internal_count=56 48 36 32 24 16
is_linear=0
shrinkage=0.1


Tree=9
num_leaves=8
num_cat=0
split_feature=0 0 0 0 0 0 0
split_gain=0.51927 0.205906 0.0222312 0.0826583 0.01696 0.00764962 0.00281709
threshold=0.014451459212147534 0.0045876381482746224 0.0041485052873060776 0.0024316553150552844 0.0081110765263017488 0.0068123226339925737 0.0088807551912432926
decision_type=2 2 2 2 2 2 2
left_child=1 2 3 -1 5 -3 -6
right_child=-2 4 -4 -5 6 -7 -8
leaf_value=-0.02473211812838623 0.029667862288786474 -0.023307075581756959 0.0097551292495416993 0.01011088173845779 -0.033044801592674665 -0.013401341748419485 -0.026618135579846894
leaf_weight=1.0960847511887533 4.2826689556241044 1.8528117556124926 2.5226389169692993 1.7972671538591385 1.3811940774321558 1.3458860144019127 1.3475058870390055
leaf_count=8 8 12 4 4 8 4 8
internal_value=0 -0.011201 0.00289368 -0.00308865 -0.0240797 -0.0191391 -0.0298711
internal_weight=0 11.3434 5.41599 2.89335 5.9274 3.1987 2.7287
internal_count=56 48 16 12 32 16 16
is_linear=0
shrinkage=0.1


Tree=10
num_leaves=5
num_cat=0
split_feature=0 0 0 0
split_gain=0.423235 0.0585224 0.108835 0.0114259
threshold=0.014451459212147534 0.0052107200608590984 0.0084342640768936099 0.0041485052873060776
decision_type=2 2 2 2
left_child=1 3 -3 -1
right_child=-2 2 -4 -5
leaf_value=-0.020035164930032195 0.027129440034502846 0.0082524882243128952 -0.022009033651209028 -0.011541202976208038
leaf_weight=3.5329488255083543 4.2250842377543458 3.500571247190237 1.7993580875918267 2.8703480716794729
leaf_count=12 8 12 12 12
internal_value=0 -0.00979424 -0.00202148 -0.0162277
internal_weight=0 11.7032 5.29993 6.4033
internal_count=56 48 24 24
is_linear=0
shrinkage=0.1


Tree=11
num_leaves=7
num_cat=0
split_feature=0 0 0 0 0 0
split_gain=0.350555 0.199813 0.011235 0.00424241 0.0105063 0.00672304
threshold=0.014451459212147534 0.0045876381482746224 0.0041485052873060776 0.0068123226339925737 0.0081110765263017488 0.0084342640768936099
decision_type=2 2 2 2 2 2
left_child=1 2 -1 -3 -5 -6
right_child=-2 3 -4 4 5 -7
leaf_value=0.00056542811502235273 0.024824798622524152 -0.025783439538364001 0.0097583666433086746 -0.012749986434152597 -0.030706587505925143 -0.020106404699215569
leaf_weight=2.8532130606472474 4.1543889641761789 1.864836301654577 2.4892696738243103 1.3332218676805494 0.89152634143829379 1.8193284971639512
leaf_count=12 8 12 4 4 4 12
internal_value=0 -0.00916614 0.00484877 -0.0218376 -0.020018 -0.0235925
internal_weight=0 11.2514 5.34248 5.90891 4.04408 2.71085
internal_count=56 48 16 32 20 16
is_linear=0
shrinkage=0.1


Tree=12
num_leaves=7
num_cat=0
split_feature=0 0 0 0 0 0
split_gain=0.311527 0.0818005 0.0311973 0.0751432 0.05599 0.00897676
threshold=0.016831777094257917 0.0052107200608590984 0.0088807551912432926 0.0081110765263017488 0.014451459212147534 0.0041485052873060776
decision_type=2 2 2 2 2 2
left_child=1 5 3 -3 -4 -1
right_child=-2 2 4 -5 -6 -7
leaf_value=-0.018208979449821104 0.029402534804407039 -0.0018497263962675356 -0.021335216116824929 0.029222577664924212 0.0083537391936158358 -0.010642186050463118
leaf_weight=3.4953701198101026 2.9296179860830316 2.7643843479454522 1.3499072212725878 1.083282522857189 1.1997923031449318 2.843043614178896
leaf_count=12 4 8 8 8 4 12
internal_value=0 -0.00676348 0.0012138 0.00689845 -0.00736471 -0.014815
internal_weight=0 12.7358 6.39737 3.84767 2.5497 6.33841
internal_count=56 52 28 16 12 24
is_linear=0
shrinkage=0.1


Tree=13
num_leaves=7
num_cat=0
split_feature=0 0 0 0 0 0
split_gain=0.288337 0.150804 0.0155876 0.00462014 0.00555453 0.0018125
threshold=0.014451459212147534 0.0045876381482746224 0.0041485052873060776 0.0081110765263017488 0.0068123226339925737 0.0084342640768936099
decision_type=2 2 2 2 2 2
left_child=1 2 -1 4 -3 -5
right_child=-2 3 -4 5 -6 -7
leaf_value=-0.0013015133724242605 0.022786468003975911 -0.020618061559410265 0.0095920218290187226 -0.026799066753196845 -0.012122634975361013 -0.021010583657990467
leaf_weight=2.7946308292448503 4.0584154725074777 1.8227293863892555 2.4784687161445618 0.76952686160802874 1.3320672363042831 1.821049131453037
leaf_count=12 8 12 4 4 4 12
internal_value=0 -0.0083929 0.00381868 -0.0196007 -0.017031 -0.02273
internal_weight=0 11.0185 5.2731 5.74537 3.1548 2.59058
internal_count=56 48 16 32 16 16
is_linear=0
shrinkage=0.1


Tree=14
num_leaves=8
num_cat=0
split_feature=0 0 0 0 0 0 0
split_gain=0.272869 0.0870333 0.0542052 0.00786978 0.00780965 0.00325278 0.00182352
threshold=0.016831777094257917 0.0045876381482746224 0.014451459212147534 0.0081110765263017488 0.0084342640768936099 0.0041485052873060776 0.0068123226339925737
decision_type=2 2 2 2 2 2 2
left_child=1 5 3 6 -5 -1 -3
right_child=-2 2 -4 4 -6 -7 -8
leaf_value=0.00085399373554866033 0.027675738418166937 -0.016356897265986877 0.0060731315600783447 -0.028948398514284907 -0.017724848416119734 0.0058228283548891271 -0.011466388426844573
leaf_weight=2.8125009536743146 2.8851920813322076 1.790268300101161 1.1461476832628248 0.94996773451566729 1.784717474132776 2.4785264804959297 1.3279950767755508
leaf_count=12 4 12 4 4 12 4 4
internal_value=0 -0.00649707 -0.0138137 -0.0177081 -0.0216237 0.00318159 -0.0142741
internal_weight=0 12.2901 6.9991 5.85295 2.73469 5.29103 3.11826
internal_count=56 52 36 32 16 16 16
is_linear=0
shrinkage=0.1


Tree=15
num_leaves=7
num_cat=0
split_feature=0 0 0 0 0 0
split_gain=0.242702 0.0680189 0.0560459 0.00973902 0.0682549 0.00367241
threshold=0.014451459212147534 0.0052107200608590984 0.0088807551912432926 0.0068123226339925737 0.0081110765263017488 0.0041485052873060776
decision_type=2 2 2 2 2 2
left_child=1 5 3 -3 -5 -1
right_child=-2 2 -4 4 -6 -7
leaf_value=-0.016539127054450143 0.021335719729572093 0.014102830135086904 -0.016300500120559908 -0.011127395293291447 0.023816337833080323 -0.011687063969024093
leaf_weight=3.4712227545678598 3.9540549144148835 1.4096762184053662 1.3405693005770443 1.3315026238560679 0.96344141662120808 2.8330088276416063
leaf_count=12 8 4 8 4 8 12
internal_value=0 -0.00743321 0.00122056 0.00756081 0.00354235 -0.0143587
internal_weight=0 11.3494 5.04519 3.70462 2.29494 6.30423
internal_count=56 48 24 16 12 24
is_linear=0
shrinkage=0.1


Tree=16
num_leaves=8
num_cat=0
split_feature=0 0 0 0 0 0 0
split_gain=0.23496 0.0735534 0.0426505 0.00543355 0.00305387 0.00344629 0.00298878
threshold=0.016831777094257917 0.0045876381482746224 0.014451459212147534 0.0041485052873060776 0.0081110765263017488 0.0088807551912432926 0.0068123226339925737
decision_type=2 2 2 2 2 2 2
left_child=1 3 4 -1 6 -6 -3
right_child=-2 2 -4 -5 5 -7 -8
leaf_value=-0.00021244269296753068 0.02588769332929124 -0.016910433716350728 0.0051993224509999034 0.0062393931292282698 -0.022560784282617135 -0.015319650453000114 -0.010647170663887486
leaf_weight=2.7667189538478834 2.8386602252721795 1.7878358568996191 1.0920496657490728 2.4712309464812279 1.2890968099236491 1.3409781102091072 1.3276849165558815
leaf_count=12 4 12 4 4 8 8 4
internal_value=0 -0.00608553 -0.0129164 0.00283149 -0.0163596 -0.0188688 -0.0142413
internal_weight=0 12.0756 6.83765 5.23795 5.7456 2.63007 3.11552
internal_count=56 52 36 16 32 16 16
is_linear=0
shrinkage=0.1


Tree=17
num_leaves=7
num_cat=0
split_feature=0 0 0 0 0 0
split_gain=0.205257 0.122279 0.0141307 0.031878 0.000399444 4.12921e-05
threshold=0.014451459212147534 0.0045876381482746224 0.0081110765263017488 0.0084342640768936099 0.0068123226339925737 0.0041485052873060776
decision_type=2 2 2 2 2 2
left_child=1 5 4 -4 -3 -1
right_child=-2 2 3 -5 -6 -7
leaf_value=0.0045643889939178239 0.019905127047509463 -0.0127212176866702 -0.033917603296268015 -0.012843736434144963 -0.010423006173487142 0.0040052500170778688
leaf_weight=2.8609796538948995 3.8662967085838327 1.7520232368260622 1.2072937190532687 1.7703882344067094 1.3306461721658707 2.4533702880144119
leaf_count=12 8 12 4 12 4 4
internal_value=0 -0.00676582 -0.016475 -0.0213881 -0.0117292 0.00430626
internal_weight=0 11.3747 6.06035 2.97768 3.08267 5.31435
internal_count=56 48 32 16 16 16
is_linear=0
shrinkage=0.1


Tree=18
num_leaves=8
num_cat=0
split_feature=0 0 0 0 0 0 0
split_gain=0.197598 0.0664669 0.0322037 0.0121405 0.0324968 0.0208044 0.000851506
threshold=0.016831777094257917 0.0052107200608590984 0.0068123226339925737 0.0081110765263017488 0.0088807551912432926 0.014451459212147534 0.0041485052873060776
decision_type=2 2 2 2 2 2 2
left_child=1 6 -3 -4 -5 -6 -1
right_child=-2 2 3 4 5 -7 -8
leaf_value=-0.013678842743644637 0.024013329309785732 0.015342901487503696 -0.010016766897344494 0.018247519731876244 -0.012914839585468322 0.0058856696768436779 -0.011340446535977218
leaf_weight=3.4773861840367299 2.7912203297019014 1.403922928497195 1.330510228872299 0.840319994837046 1.3337846174836159 1.0534963458776474 2.8201182149350643
leaf_count=12 4 4 4 8 8 4 12
internal_value=0 -0.00546729 0.00210021 -0.00197861 0.00133495 -0.00461826 -0.0126317
internal_weight=0 12.2595 5.96203 4.55811 3.2276 2.38728 6.2975
internal_count=56 52 28 24 20 12 24
is_linear=0
shrinkage=0.1


Tree=19
num_leaves=7
num_cat=0
split_feature=0 0 0 0 0 0
split_gain=0.257037 0.0591295 0.0373046 0.0172943 0.0168175 9.68793e-05
threshold=0.0052107200608590984 0.016831777094257917 0.0084342640768936099 0.014451459212147534 0.0041485052873060776 0.0068123226339925737
decision_type=2 2 2 2 2 2
left_child=4 2 5 -4 -1 -2
right_child=1 -3 3 -5 -6 -7
leaf_value=-0.020384436398391687 0.011770068720050268 0.022954791894435393 -0.0090910859897706964 0.0071959442887985356 -0.0099050750517774809 0.012852610031777094
leaf_weight=3.413157695904375 1.4016302339732631 2.7674259021878242 1.7850025491788983 1.0270992964506149 2.7777250306680799 2.0153550878167152
leaf_count=12 4 4 12 4 12 8
internal_value=0 0.0107918 0.00538814 -0.00314237 -0.0156826 0.0124086
internal_weight=0 8.99651 6.22909 2.8121 6.19088 3.41699
internal_count=56 32 28 16 24 12
is_linear=0
shrinkage=0.1


Tree=20
num_leaves=7
num_cat=0
split_feature=0 0 0 0 0 0
split_gain=0.168098 0.088712 0.00430945 0.00247609 0.00148254 0.00443877
threshold=0.014451459212147534 0.0045876381482746224 0.0068123226339925737 0.0041485052873060776 0.0081110765263017488 0.0084342640768936099
decision_type=2 2 2 2 2 2
left_child=1 3 -3 -1 -4 -6
right_child=-2 2 4 -5 5 -7
leaf_value=0.0011020803463471633 0.018280126552250569 -0.018954889430269989 -0.010312514318521142 0.0054736220314783746 -0.020788522701325435 -0.011733298315499588
leaf_weight=2.7302747722715122 3.7445675432682046 1.7855762280523775 1.3288327753543856 2.4658873453736305 0.76970719546079669 1.8244980787858365
leaf_count=12 8 12 4 4 4 12
internal_value=0 -0.00627717 -0.0148823 0.00317664 -0.0130287 -0.01442
internal_weight=0 10.9048 5.70861 5.19616 3.92304 2.59421
internal_count=56 48 32 16 20 16
is_linear=0
shrinkage=0.1


Tree=21
num_leaves=8
num_cat=0
split_feature=0 0 0 0 0 0 0
split_gain=0.154618 0.0771391 0.039631 0.00553122 0.0246981 0.00128192 1.21092e-05
threshold=0.016831777094257917 0.0045876381482746224 0.014451459212147534 0.0084342640768936099 0.0081110765263017488 0.0068123226339925737 0.0041485052873060776
decision_type=2 2 2 2 2 2 2
left_child=1 6 3 4 5 -3 -1
right_child=-2 2 -4 -5 -6 -7 -8
leaf_value=0.0044580514458125746 0.021468433520941143 -0.014153187410540839 0.0066903550982408341 -0.010242539146093781 -0.030121019870230782 -0.010029085302387887 0.0041532599370347817
leaf_weight=2.7826905492693168 2.7375294417142877 1.7431882210075855 0.99447867274284352 1.7890703408047555 1.0524439662694929 1.3278264403343201 2.4521762207150459
leaf_count=12 4 12 4 12 4 4 4
internal_value=0 -0.00484032 -0.0117794 -0.014886 -0.0169007 -0.01237 0.00431528
internal_weight=0 12.1419 6.90701 5.91253 4.12346 3.07101 5.23487
internal_count=56 52 36 32 20 16 16
is_linear=0
shrinkage=0.1


Tree=22
num_leaves=8
num_cat=0
split_feature=0 0 0 0 0 0 0
split_gain=0.151144 0.0576291 0.0150178 0.0191973 0.0476049 0.0210415 0.00139576
threshold=0.0052107200608590984 0.016831777094257917 0.0068123226339925737 0.0081110765263017488 0.0088807551912432926 0.014451459212147534 0.0041485052873060776
decision_type=2 2 2 2 2 2 2
left_child=6 2 -2 -4 -5 -6 -1
right_child=1 -3 3 4 5 -7 -8
leaf_value=-0.01323619299886539 0.012062173538267051 0.020613744908548629 -0.0098700213729926746 0.024146784888822943 -0.011319062728933396 0.0079830567771372925 -0.010223770111912722
leaf_weight=3.4361372906714687 1.4040513336658458 2.716499000787735 1.3303576931357382 0.88508892431855235 1.3304497450590136 0.98132899403572071 2.7844600528478622
leaf_count=12 4 4 4 8 8 4 12
internal_value=0 0.00855123 0.00302664 0.00022441 0.00442515 -0.00312549 -0.0118878
internal_weight=0 8.64778 5.93128 4.52723 3.19687 2.31178 6.2206
internal_count=56 32 28 24 20 12 24
is_linear=0
shrinkage=0.1


Tree=23
num_leaves=7
num_cat=0
split_feature=0 0 0 0 0 0
split_gain=0.138585 0.0908912 0.00384183 0.0151494 0.000940728 6.20208e-05
threshold=0.014451459212147534 0.0045876381482746224 0.0081110765263017488 0.0084342640768936099 0.0068123226339925737 0.0041485052873060776
decision_type=2 2 2 2 2 2
left_child=1 5 4 -4 -3 -1
right_child=-2 2 3 -5 -6 -7
leaf_value=0.0037073291528484653 0.016831512094141843 -0.013213332052934255 -0.026737191970897203 -0.01136132887610612 -0.0096755241895837008 0.0043990366908915023
leaf_weight=2.7560422047972661 3.6727281436324128 1.7288300041109324 0.99153867363929782 1.811469576321542 1.3297134339809418 2.4473181739449501
leaf_count=12 8 12 4 12 4 4
internal_value=0 -0.00558681 -0.0141261 -0.0168004 -0.0116753 0.00403266
internal_weight=0 11.0649 5.86155 2.80301 3.05854 5.20336
internal_count=56 48 32 16 16 16
is_linear=0
shrinkage=0.1


Tree=24
num_leaves=7
num_cat=0
split_feature=0 0 0 0 0 0
split_gain=0.151092 0.0512734 0.0170478 0.0137644 0.00518518 0.0032038
threshold=0.0052107200608590984 0.016831777094257917 0.0088807551912432926 0.014451459212147534 0.0068123226339925737 0.0041485052873060776
decision_type=2 2 2 2 2 2
left_child=5 2 4 -4 -2 -1
right_child=1 -3 3 -5 -6 -7
leaf_value=-0.01398437898329471 0.012372695720199929 0.019963833022529964 -0.010029829083942628 0.0057015700807091091 0.0046234577142581614 -0.0094051899924873974
leaf_weight=3.4195018596947202 1.3948782533407196 2.6999312415719032 1.3263700548559429 0.95784723013639439 2.2664801552891731 2.7619500523433089
leaf_count=12 4 4 8 4 12 12
internal_value=0 0.0085358 0.00334624 -0.00343314 0.00757571 -0.0119383
internal_weight=0 8.64551 5.94558 2.28422 3.66136 6.18145
internal_count=56 32 28 12 16 24
is_linear=0
shrinkage=0.1


Tree=25
num_leaves=8
num_cat=0
split_feature=0 0 0 0 0 0 0
split_gain=0.241178 0.0970499 0.0604824 0.0557255 0.0276777 0.015328 0.000317545
threshold=0.0081110765263017488 0.0088807551912432926 0.016831777094257917 0.0041485052873060776 0.0045876381482746224 0.014451459212147534 0.0068123226339925737
decision_type=2 2 2 2 2 2 2
left_child=3 -2 5 -1 -5 -3 -6
right_child=1 2 -4 4 6 -7 -8
leaf_value=-0.02072140297098235 0.040633065341232413 -0.009945249660306377 0.019153560783983142 0.0035998471011321922 -0.011644216944835088 0.006734058984906143 -0.0095798263568270398
leaf_weight=3.3664931263774616 1.2052697986364371 1.327787457033992 2.6839001253247261 2.4256716668605804 1.6977759040892124 0.94175791740417469 1.327891118824482
leaf_count=12 8 8 4 4 12 4 4
internal_value=0 0.0151845 0.00899231 -0.0106054 -0.00435823 -0.0030241 -0.0107382
internal_weight=0 6.15872 4.95345 8.81783 5.45134 2.26955 3.02567
internal_count=56 24 16 32 20 12 16
is_linear=0
shrinkage=0.1


Tree=26
num_leaves=7
num_cat=0
split_feature=0 0 0 0 0 0
split_gain=0.117622 0.0457201 0.0279103 0.0104628 0.00256164 0.00162676
threshold=0.016831777094257917 0.0045876381482746224 0.011060829098723822 0.0084342640768936099 0.0068123226339925737 0.0041485052873060776
decision_type=2 2 2 2 2 2
left_child=1 5 3 4 -3 -1
right_child=-2 2 -4 -5 -6 -7
leaf_value=0.0010847603850402795 0.018888563906356629 -0.012851022465903722 0.0032963283491912474 -0.019619983886544325 -0.0075363387955912943 0.0046601276532704065
leaf_weight=2.6834158729761821 2.6822258159518251 1.7162680039182308 1.3019883427768943 1.6613890249282119 1.9231192767620084 2.4204200431704521
leaf_count=12 4 12 8 8 8 4
internal_value=0 -0.00432776 -0.00982221 -0.0130444 -0.0100426 0.00278033
internal_weight=0 11.7066 6.60276 5.30078 3.63939 5.10384
internal_count=56 52 36 28 20 16
is_linear=0
shrinkage=0.1


Tree=27
num_leaves=7
num_cat=0
split_feature=0 0 0 0 0 0
split_gain=0.126782 0.0650931 0.00410009 0.00458979 0.000487866 0.000295947
threshold=0.014451459212147534 0.0045876381482746224 0.0084342640768936099 0.0088807551912432926 0.0068123226339925737 0.0041485052873060776
decision_type=2 2 2 2 2 2
left_child=1 5 4 -4 -3 -1
right_child=-2 2 3 -5 -6 -7
leaf_value=0.0030085698170494025 0.01612703787397447 -0.01301340719195546 -0.025050447477294929 -0.013568150123421977 -0.01071584145110524 0.0014972662225940384
leaf_weight=2.7214969843626005 3.6149457879364499 1.7314402367919686 0.56975607573986031 0.89494074042886496 1.9822943806648252 2.4732463657855988
leaf_count=12 8 12 4 8 8 4
internal_value=0 -0.0056201 -0.0135541 -0.0180347 -0.011787 0.00228903
internal_weight=0 10.3732 5.17843 1.4647 3.71373 5.19474
internal_count=56 48 32 12 20 16
is_linear=0
shrinkage=0.1


Tree=28
num_leaves=7
num_cat=0
split_feature=0 0 0 0 0 0
split_gain=0.116687 0.0544321 0.000849549 0.000766795 0.000238685 4.97509e-05
threshold=0.014451459212147534 0.0045876381482746224 0.0081110765263017488 0.0088807551912432926 0.0041485052873060776 0.0068123226339925737
decision_type=2 2 2 2 2 2
left_child=1 4 5 -4 -1 -3
right_child=-2 2 3 -5 -6 -7
leaf_value=0.0024698955576031882 0.015517937454787226 -0.011250993736418427 -0.015872677104753277 -0.01199499194010648 0.001114913408946226 -0.012061686450356671
leaf_weight=2.7320396676659566 3.5977522805333146 1.7258732654154301 1.1974385529756548 0.88823233172297467 2.4802951142191887 1.3484184220433235
leaf_count=12 8 12 8 8 4 4
internal_value=0 -0.00538258 -0.0126634 -0.0142213 0.00182513 -0.0116066
internal_weight=0 10.3723 5.15996 2.08567 5.21233 3.07429
internal_count=56 48 32 16 16 16
is_linear=0
shrinkage=0.1


Tree=29
num_leaves=8
num_cat=0
split_feature=0 0 0 0 0 0 0
split_gain=0.107715 0.0572295 0.00366765 0.00620932 0.00120343 0.000650151 0.00015222
threshold=0.014451459212147534 0.0045876381482746224 0.0081110765263017488 0.0084342640768936099 0.0041485052873060776 0.0068123226339925737 0.0088807551912432926
decision_type=2 2 2 2 2 2 2
left_child=1 4 5 -4 -1 -3 -5
right_child=-2 2 3 6 -6 -7 -8
leaf_value=0.0037272122952963244 0.014970453528495246 -0.0089515790087815374 -0.022371540660303245 -0.012865554395150944 0.0006900145204916646 -0.011886077597218117 -0.010645415617786404
leaf_weight=2.7578592319041473 3.5827507935464391 1.7126416116952896 0.83762637525796924 0.47518344596028306 2.4757102355360985 1.3502364754676819 0.88211174728348851
leaf_count=12 8 12 4 4 4 4 8
internal_value=0 -0.00511234 -0.012481 -0.015601 0.00229048 -0.0102452 -0.0114227
internal_weight=0 10.4914 5.2578 2.19492 5.23357 3.06288 1.3573
internal_count=56 48 32 16 16 16 12
is_linear=0
shrinkage=0.1


Tree=30
num_leaves=6
num_cat=0
split_feature=0 0 0 0 0
split_gain=0.225337 0.026796 0.0297703 0.103717 0.00362942
threshold=0.0052107200608590984 0.0081110765263017488 0.011060829098723822 0.0084342640768936099 0.0041485052873060776
decision_type=2 2 2 2 2
left_child=4 -2 3 -3 -1
right_child=1 2 -4 -5 -6
leaf_value=-0.0165793316412409 0.0027625917524821508 0.059476697022366812 0.01003939568160545 0.0073232506158571551 -0.011709389946640399
leaf_weight=3.4296249076724061 2.7342787031084281 0.59558517485856999 3.8328870707191527 1.0599048994481561 2.7634281618520617
leaf_count=12 8 4 12 8 12
internal_value=0 0.0108504 0.0148797 0.0260862 -0.0144063
internal_weight=0 8.22266 5.48838 1.65549 6.19305
internal_count=56 32 24 12 24
is_linear=0
shrinkage=0.1


Tree=31
num_leaves=8
num_cat=0
split_feature=0 0 0 0 0 0 0
split_gain=0.0986185 0.0372724 0.0656952 0.0211013 0.00125553 0.000171468 0.000505155
threshold=0.016831777094257917 0.0024316553150552844 0.0045876381482746224 0.014451459212147534 0.0068123226339925737 0.0088807551912432926 0.0081110765263017488
decision_type=2 2 2 2 2 2 2
left_child=1 -1 -3 4 -4 6 -6
right_child=-2 2 3 -5 5 -7 -8
leaf_value=-0.02235709910976872 0.01733007145599819 0.007263594575712783 -0.0094666166678760363 0.0048621117015093477 -0.011959557017705312 -0.011601189350544449 -0.014879209522722248
leaf_weight=1.0192610677331675 2.651513598859311 4.2016934230923635 1.7138413870707152 0.91493180766701687 1.3490657955408103 0.86609584838151921 1.0568325817584989
leaf_count=8 4 8 12 4 4 8 8
internal_value=0 -0.00413164 -0.00229283 -0.00909756 -0.0116592 -0.0128077 -0.0132421
internal_weight=0 11.1217 10.1025 5.90077 4.98584 3.27199 2.4059
internal_count=56 52 44 36 32 20 12
is_linear=0
shrinkage=0.1


Tree=32
num_leaves=7
num_cat=0
split_feature=0 0 0 0 0 0
split_gain=0.0915096 0.048376 0.000808181 0.00285481 0.00015521 2.58728e-05
threshold=0.014451459212147534 0.0045876381482746224 0.0081110765263017488 0.0084342640768936099 0.0068123226339925737 0.0041485052873060776
decision_type=2 2 2 2 2 2
left_child=1 5 4 -4 -3 -1
right_child=-2 2 3 -5 -6 -7
leaf_value=0.0021837525866113014 0.013852124406449029 -0.010142918296779086 -0.018882867485857456 -0.01073974055431394 -0.011577720863206905 0.0017368498614085126
leaf_weight=2.715088149532674 3.5418325848877439 1.7156840022653341 0.63601556420326222 1.33248566230759 1.344970591366291 2.47754817456007
leaf_count=12 8 12 4 12 4 4
internal_value=0 -0.00479973 -0.0117901 -0.0133708 -0.0107734 0.00197052
internal_weight=0 10.2218 5.02916 1.9685 3.06065 5.19264
internal_count=56 48 32 16 16 16
is_linear=0
shrinkage=0.1


Tree=33
num_leaves=7
num_cat=0
split_feature=0 0 0 0 0 0
split_gain=0.0891297 0.0370145 0.0190745 0.00309181 0.00383834 0.000654765
threshold=0.016831777094257917 0.0045876381482746224 0.014451459212147534 0.0068123226339925737 0.0084342640768936099 0.0041485052873060776
decision_type=2 2 2 2 2 2
left_child=1 5 3 -3 -5 -1
right_child=-2 2 -4 4 -6 -7
leaf_value=0.0033592331927220298 0.016557206617870635 -0.0080990378714706716 0.0042282290643340598 -0.015958279856182818 -0.0090690606349848237 0.001113142258906344
leaf_weight=2.7306037098169309 2.6333892717957506 1.7035887995734809 0.89699214324355114 2.1066461876034741 1.3126493995077906 2.4735684618353844
leaf_count=12 4 12 4 8 12 4
internal_value=0 -0.00388465 -0.00922406 -0.0115795 -0.0133135 0.00229166
internal_weight=0 11.224 6.01988 5.12288 3.4193 5.20417
internal_count=56 52 36 32 20 16
is_linear=0
shrinkage=0.1


Tree=34
num_leaves=8
num_cat=0
split_feature=0 0 0 0 0 0 0
split_gain=0.0826269 0.0560654 0.0233414 0.0135018 0.0401565 0.00519423 0.00266854
threshold=0.016831777094257917 0.0045876381482746224 0.014451459212147534 0.0081110765263017488 0.0084342640768936099 0.0041485052873060776 0.0068123226339925737
decision_type=2 2 2 2 2 2 2
left_child=1 5 3 6 -5 -1 -3
right_child=-2 2 -4 4 -6 -7 -8
leaf_value=0.006913694921352383 0.016025584326271901 -0.0054647646056107824 0.0049830990112585431 -0.032740135623749236 -0.0063915095217399708 0.0006131933573393449 -0.011428892429592937
leaf_weight=2.799280893057583 2.6209401115775117 1.6837138049304485 0.88778834044933308 1.0505143590271475 1.2870895690284667 2.45698132365942 1.3531033620238304
leaf_count=12 4 12 4 4 12 4 4
internal_value=0 -0.0036465 -0.0100383 -0.0125197 -0.0182325 0.0039686 -0.00812218
internal_weight=0 11.5185 6.26221 5.37442 2.3376 5.25626 3.03682
internal_count=56 52 36 32 16 16 16
is_linear=0
shrinkage=0.1


Tree=35
num_leaves=8
num_cat=0
split_feature=0 0 0 0 0 0 0
split_gain=0.134665 0.0186815 0.0309568 0.031041 0.0398049 0.00883773 1.76694e-05
threshold=0.0052107200608590984 0.016831777094257917 0.0068123226339925737 0.0081110765263017488 0.0088807551912432926 0.014451459212147534 0.0041485052873060776
decision_type=2 2 2 2 2 2 2
left_child=6 2 -2 -4 -5 -6 -1
right_child=1 -3 3 4 5 -7 -8
leaf_value=-0.010846889329397355 0.018110032112358326 0.015589710989614839 -0.011493747206313942 0.025330667549828864 -0.0086612668696642425 0.0056314071222351592 -0.011185877603759421
leaf_weight=3.4614850468933582 1.3833672059699891 2.6091344989836216 1.360453821718693 0.82182045653462443 0.85106783593073465 0.8799206055700779 2.7665740549564362
leaf_count=12 4 4 4 8 8 4 12
internal_value=0 0.00866366 0.00525188 0.000706422 0.00720819 -0.00139581 -0.0109975
internal_weight=0 7.90576 5.29663 3.91326 2.55281 1.73099 6.22806
internal_count=56 32 28 24 20 12 24
is_linear=0
shrinkage=0.1


Tree=36
num_leaves=7
num_cat=0
split_feature=0 0 0 0 0 0
split_gain=0.0754184 0.0931221 0.0157429 0.0454006 0.00792756 0.00219484
threshold=0.014451459212147534 0.0045876381482746224 0.0081110765263017488 0.0084342640768936099 0.0041485052873060776 0.0068123226339925737
decision_type=2 2 2 2 2 2
left_child=1 4 5 -4 -1 -3
right_child=-2 2 3 -5 -6 -7
leaf_value=0.008946857886547345 0.012808963317766462 -0.0060102533068313833 -0.033553265291167318 -0.0063115304959840898 0.0011721818863555096 -0.01142040440643431
leaf_weight=2.8345010355114919 3.4747045747935781 1.6703199706971645 1.1622221842408182 1.2917108121328054 2.44094218313694 1.360756516456604
leaf_count=12 8 12 4 12 4 4
internal_value=0 -0.0041362 -0.0132595 -0.0192137 0.00534952 -0.00843906
internal_weight=0 10.7605 5.48501 2.45393 5.27544 3.03108
internal_count=56 48 32 16 16 16
is_linear=0
shrinkage=0.1


Tree=37
num_leaves=8
num_cat=0
split_feature=0 0 0 0 0 0 0
split_gain=0.110308 0.0213823 0.028705 0.0273055 0.0337367 0.00548553 6.72297e-05
threshold=0.0052107200608590984 0.016831777094257917 0.0068123226339925737 0.0081110765263017488 0.011060829098723822 0.0088807551912432926 0.0041485052873060776
decision_type=2 2 2 2 2 2 2
left_child=6 2 -2 -4 5 -5 -1
right_child=1 -3 3 4 -6 -7 -8
leaf_value=-0.0096502108450515385 0.016600567340502387 0.015289436470178708 -0.011547564217505496 0.021533052312084119 -0.0070424706625667232 0.0089089005532862232 -0.010311661686645768
leaf_weight=3.4758639968931675 1.3802390573546288 2.5990830399096012 1.3703176155686381 0.82050141692161582 1.1124734566546974 0.59294464020058513 2.7542050881311297
leaf_count=12 4 4 4 8 8 4 12
internal_value=0 0.00786525 0.00420825 -0.000181716 0.00598429 0.0162372 -0.00994263
internal_weight=0 7.87556 5.27648 3.89624 2.52592 1.41345 6.23007
internal_count=56 32 28 24 20 12 24
is_linear=0
shrinkage=0.1


Tree=38
num_leaves=7
num_cat=0
split_feature=0 0 0 0 0 0
split_gain=0.161697 0.0224961 0.0548611 0.0275781 0.00680959 0.00679978
threshold=0.0052107200608590984 0.0081110765263017488 0.0088807551912432926 0.016831777094257917 0.014451459212147534 0.0041485052873060776
decision_type=2 2 2 2 2 2
left_child=5 -2 -3 4 -4 -1
right_child=1 2 3 -5 -6 -7
leaf_value=-0.015264802962461571 0.001782088297468568 0.033446895712279184 -0.0070569205320864916 0.014650329389020847 0.0051676598182826897 -0.0085545550971067603
leaf_weight=3.416684154421092 2.7425235370174033 1.0483189933001993 0.98214236833155133 2.5865539088845253 0.85006923973560333 2.7063047364354134
leaf_count=12 8 8 8 4 4 12
internal_value=0 0.00917294 0.0128805 0.00800129 -0.00138523 -0.0122989
internal_weight=0 8.20961 5.46708 4.41877 1.83221 6.12299
internal_count=56 32 24 16 12 24
is_linear=0
shrinkage=0.1


Tree=39
num_leaves=8
num_cat=0
split_feature=0 0 0 0 0 0 0
split_gain=0.0663896 0.0381981 0.0175916 0.00203796 0.0061924 0.000331418 0.000303755
threshold=0.016831777094257917 0.0045876381482746224 0.014451459212147534 0.0081110765263017488 0.0088807551912432926 0.0068123226339925737 0.0041485052873060776
decision_type=2 2 2 2 2 2 2
left_child=1 6 3 5 -5 -3 -1
right_child=-2 2 -4 4 -6 -7 -8
leaf_value=0.0023069492647645284 0.014449077178575478 -0.0081725503972020757 0.0047246299773219935 -0.017745618244360262 -0.0071605535284348792 -0.010276558595495408 0.0038468258635094826
leaf_weight=2.7015625890344364 2.5858448967337617 1.6716780951246619 0.84627719968557347 1.257038898766041 0.98633596813306201 1.355881355702877 2.4361728876829147
leaf_count=12 4 12 4 8 8 4 4
internal_value=0 -0.0033197 -0.00865868 -0.0108074 -0.0130917 -0.00911482 0.00303712
internal_weight=0 11.2549 6.11721 5.27093 2.24337 3.02756 5.13774
internal_count=56 52 36 32 16 16 16
is_linear=0
shrinkage=0.1


Tree=40
num_leaves=7
num_cat=0
split_feature=0 0 0 0 0 0
split_gain=0.0638384 0.0537614 0.00428932 0.00946491 0.000929488 0.000109451
threshold=0.014451459212147534 0.0045876381482746224 0.0081110765263017488 0.0088807551912432926 0.0068123226339925737 0.0041485052873060776
decision_type=2 2 2 2 2 2
left_child=1 5 4 -4 -3 -1
right_child=-2 2 3 -5 -6 -7
leaf_value=0.0038566301151706848 0.011877796691965573 -0.0068072736159418296 -0.019536713690776156 -0.0066277259454063098 -0.010330510946604999 0.0029346410259528822
leaf_weight=2.7276858873665315 3.4159184955060491 1.6632894072681665 1.3490889593958857 0.98098112037405361 1.3618984818458557 2.438716359436512
leaf_count=12 8 12 8 8 4 4
internal_value=0 -0.0038562 -0.0108772 -0.0141019 -0.00839339 0.00342142
internal_weight=0 10.5217 5.35526 2.33007 3.02519 5.1664
internal_count=56 48 32 16 16 16
is_linear=0
shrinkage=0.1


Tree=41
num_leaves=7
num_cat=0
split_feature=0 0 0 0 0 0
split_gain=0.207382 0.0263271 0.0925667 0.0240767 0.0157441 0.00491784
threshold=0.0052107200608590984 0.0081110765263017488 0.0088807551912432926 0.016831777094257917 0.0041485052873060776 0.014451459212147534
decision_type=2 2 2 2 2 2
left_child=4 -2 -3 5 -1 -4
right_child=1 2 3 -5 -6 -7
leaf_value=-0.018523074693304768 0.0023071645087436861 0.039621406124207392 -0.0059933557456464436 0.01389272604339528 -0.0082795782167564211 0.0044711864096079303
leaf_weight=3.4035077467560777 2.7425762992352229 1.1440238170325754 0.97415401414036729 2.5710646919906139 2.6834649117663503 0.83320196717977524
leaf_count=12 8 8 8 4 12 4
internal_value=0 0.0103159 0.0142933 0.00767538 -0.0140072 -0.00116914
internal_weight=0 8.26502 5.52244 4.37842 6.08697 1.80736
internal_count=56 32 24 16 24 12
is_linear=0
shrinkage=0.1


Tree=42
num_leaves=8
num_cat=0
split_feature=0 0 0 0 0 0 0
split_gain=0.0595029 0.0347992 0.0145464 0.00428158 0.0165663 0.000476349 0.000340677
threshold=0.016831777094257917 0.0045876381482746224 0.014451459212147534 0.0084342640768936099 0.0088807551912432926 0.0068123226339925737 0.0041485052873060776
decision_type=2 2 2 2 2 2 2
left_child=1 6 3 5 -5 -3 -1
right_child=-2 2 -4 4 -6 -7 -8
leaf_value=0.0021514728754181683 0.013719406697575745 -0.0070454473435427158 0.004037863106370612 -0.026864123628608644 -0.0062651593244888899 -0.0093468709605043464 0.0037847232179176551
leaf_weight=2.7021021768450719 2.5713110640645036 1.6602413589134815 0.83017845824360836 0.64857988804578759 0.98087677313014865 1.9623906537890432 2.4217740520834923
leaf_count=12 4 12 4 4 8 8 4
internal_value=0 -0.00314799 -0.00826272 -0.010207 -0.0144643 -0.00829214 0.00292342
internal_weight=0 11.2061 6.08227 5.25209 1.62946 3.62263 5.12388
internal_count=56 52 36 32 12 20 16
is_linear=0
shrinkage=0.1


Tree=43
num_leaves=7
num_cat=0
split_feature=0 0 0 0 0 0
split_gain=0.0563659 0.0371043 0.00215314 0.00367329 0.00230555 0.000283409
threshold=0.014451459212147534 0.0045876381482746224 0.0068123226339925737 0.0088807551912432926 0.0081110765263017488 0.0041485052873060776
decision_type=2 2 2 2 2 2
left_child=1 5 -3 4 -4 -1
right_child=-2 2 3 -5 -6 -7
leaf_value=0.0016397456207779962 0.011199637445494822 -0.0066708763496830152 -0.010229461368766313 -0.0058188057977445473 -0.016259524595599123 0.0031249307700242967
leaf_weight=2.7115126345306617 3.3854540772736081 1.6633089995011685 1.3635072112083442 0.97589072445407499 1.1852040067315099 2.4419816508889198
leaf_count=12 8 12 4 8 8 4
internal_value=0 -0.00366641 -0.00963645 -0.0110359 -0.0130336 0.0023435
internal_weight=0 10.3414 5.18791 3.5246 2.54871 5.15349
internal_count=56 48 32 20 12 16
is_linear=0
shrinkage=0.1


Tree=44
num_leaves=9
num_cat=0
split_feature=0 0 0 0 0 0 0 0
split_gain=0.0544097 0.0424752 0.0748273 0.0185812 0.0131845 0.0040482 0.00515933 0.00367168
threshold=0.016831777094257917 0.0024316553150552844 0.0041485052873060776 0.0045876381482746224 0.014451459212147534 0.0068123226339925737 0.0088807551912432926 0.0081110765263017488
decision_type=2 2 2 2 2 2 2 2
left_child=1 -1 -3 -4 5 -5 7 -7
right_child=-2 2 3 4 -6 6 -8 -9
leaf_value=-0.022450499756285075 0.013165215562242935 0.018013036386524843 0.0024790104412614404 -0.0055950849727596048 0.0039628172622637207 -0.010281618274237203 -0.0053341501934135727 -0.01775838565401135
leaf_weight=1.0201580114662636 2.5578045211732396 1.7137621864676464 2.4421015903353673 1.6569625558331607 0.81783077120780934 1.3702419176697738 0.97017414169386018 1.2614753879606722
leaf_count=8 4 4 4 12 4 4 8 8
internal_value=0 -0.00299253 -0.00105262 -0.00488814 -0.00784886 -0.00968576 -0.0115676 -0.0138655
internal_weight=0 11.2527 10.2325 8.51879 6.07668 5.25885 3.60189 2.63172
internal_count=56 52 44 40 36 32 20 12
is_linear=0
shrinkage=0.1


Tree=45
num_leaves=7
num_cat=0
split_feature=0 0 0 0 0 0
split_gain=0.139683 0.0188278 0.0599105 0.0205794 0.0219381 0.00549665
threshold=0.0052107200608590984 0.0081110765263017488 0.0088807551912432926 0.016831777094257917 0.011060829098723822 0.0041485052873060776
decision_type=2 2 2 2 2 2
left_child=5 -2 -3 4 -4 -1
right_child=1 2 3 -5 -6 -7
leaf_value=-0.014141656407446593 0.0018749463595768201 0.034133389629832429 0.013350762304185991 0.012755032762216357 -0.0096484715468306594 -0.0080857591192932399
leaf_weight=3.3813710007816562 2.7382777202874404 1.0004515349864957 0.65380852809175838 2.549342405050993 1.1342094046995042 2.6920320596545935
leaf_count=12 8 8 4 4 8 12
internal_value=0 0.00861622 0.0120745 0.00698637 -0.00123855 -0.0114574
internal_weight=0 8.07609 5.33781 4.33736 1.78802 6.0734
internal_count=56 32 24 16 12 24
is_linear=0
shrinkage=0.1


Tree=46
num_leaves=7
num_cat=0
split_feature=0 0 0 0 0 0
split_gain=0.0517735 0.0477199 0.00288207 0.00308259 0.00343117 9.52805e-06
threshold=0.014451459212147534 0.0045876381482746224 0.0068123226339925737 0.0088807551912432926 0.0081110765263017488 0.0041485052873060776
decision_type=2 2 2 2 2 2
left_child=1 5 -3 4 -4 -1
right_child=-2 2 3 -5 -6 -7
leaf_value=0.0032054942818112936 0.010789720517256393 -0.0068525472223847448 -0.01026069819020416 -0.0070491664203858329 -0.017592393153282839 0.0034787390637720465
leaf_weight=2.6810424607247096 3.3544690199196348 1.6652253940701482 1.3570948094129569 0.95362269924953569 1.2051641680300234 2.435341589152813
leaf_count=12 8 12 4 8 8 4
internal_value=0 -0.00351481 -0.0102796 -0.0119028 -0.0137092 0.00333556
internal_weight=0 10.2975 5.18111 3.51588 2.56226 5.11638
internal_count=56 48 32 20 12 16
is_linear=0
shrinkage=0.1


Tree=47
num_leaves=7
num_cat=0
split_feature=0 0 0 0 0 0
split_gain=0.0490981 0.0573349 0.00642109 0.00571723 0.00699633 0.000899527
threshold=0.014451459212147534 0.0045876381482746224 0.0068123226339925737 0.0088807551912432926 0.0081110765263017488 0.0041485052873060776
decision_type=2 2 2 2 2 2
left_child=1 5 -3 4 -4 -1
right_child=-2 2 3 -5 -6 -7
leaf_value=0.0053949239729105258 0.01054463699105607 -0.0055063430677460305 -0.010318944944670444 -0.006331999485503826 -0.020498673013823295 0.002747024158561014
leaf_weight=2.7147176470607501 3.3450694568455228 1.655483480542898 1.3633234500885016 0.94751237891614426 1.3375103548169134 2.4325651675462723
leaf_count=12 8 12 4 8 8 4
internal_value=0 -0.003375 -0.0106716 -0.0130155 -0.0153602 0.00414355
internal_weight=0 10.4511 5.30383 3.64835 2.70083 5.14728
internal_count=56 48 32 20 12 16
is_linear=0
shrinkage=0.1


Tree=48
num_leaves=7
num_cat=0
split_feature=0 0 0 0 0 0
split_gain=0.14557 0.0194962 0.0685064 0.0171263 0.00792459 0.00467127
threshold=0.0052107200608590984 0.0081110765263017488 0.0088807551912432926 0.016831777094257917 0.0041485052873060776 0.014451459212147534
decision_type=2 2 2 2 2 2
left_child=4 -2 -3 5 -1 -4
right_child=1 2 3 -5 -6 -7
leaf_value=-0.014887515589395489 0.0019917885340108351 0.035657314151833062 -0.0056054071063218296 0.012060072154802769 -0.0076180380196068558 0.0047950723155461691
leaf_weight=3.3937763702124366 2.7458372674882394 1.0203156620264051 0.93969688564538933 2.5354491621255875 2.6867614276707172 0.79906062036752701
leaf_count=12 8 8 8 4 12 4
internal_value=0 0.00882954 0.0123757 0.00681808 -0.0116754 -0.000825779
internal_weight=0 8.04036 5.29452 4.27421 6.08054 1.73876
internal_count=56 32 24 16 24 12
is_linear=0
shrinkage=0.1


Tree=49
num_leaves=7
num_cat=0
split_feature=0 0 0 0 0 0
split_gain=0.0451534 0.0415215 0.00359119 0.00410739 0.00318576 6.66544e-05
threshold=0.014451459212147534 0.0045876381482746224 0.0068123226339925737 0.0088807551912432926 0.0081110765263017488 0.0041485052873060776
decision_type=2 2 2 2 2 2
left_child=1 5 -3 4 -4 -1
right_child=-2 2 3 -5 -6 -7
leaf_value=0.0027553242301096561 0.010111538735985283 -0.0057867118937481483 -0.010226249539916339 -0.0058090805478033898 -0.01731373388732339 0.0034782179133387315
leaf_weight=2.6826783791184408 3.3336766250431547 1.6571038477122781 1.3617509007453925 0.94526033988222469 1.1870422177016733 2.431635856628418
leaf_count=12 8 12 4 8 8 4
internal_value=0 -0.00328369 -0.00962075 -0.0114391 -0.0135271 0.00309903
internal_weight=0 10.2655 5.15116 3.49405 2.54879 5.11431
internal_count=56 48 32 20 12 16
is_linear=0
shrinkage=0.1


Tree=50
num_leaves=8
num_cat=0
split_feature=0 0 0 0 0 0 0
split_gain=0.0437768 0.0386846 0.0169188 0.00833824 0.00223614 0.0071357 0.00038604
threshold=0.016831777094257917 0.0045876381482746224 0.011060829098723822 0.0068123226339925737 0.0081110765263017488 0.0084342640768936099 0.0041485052873060776
decision_type=2 2 2 2 2 2 2
left_child=1 6 3 -3 -5 -6 -1
right_child=-2 2 -4 4 5 -7 -8
leaf_value=0.0045061498781078096 0.011870988372772607 -0.0047323642740288762 0.0034117311242976311 -0.010319198387894616 -0.022892603182323043 -0.010622226489129982 0.0027705673274064152
leaf_weight=2.7104285042732936 2.5327194966375837 1.6499524274840949 1.051271737553179 1.3691164553165438 0.79545369371771801 1.1725513241253791 2.431029200553894
leaf_count=12 4 12 8 4 4 8 4
internal_value=0 -0.0026893 -0.00811726 -0.0105476 -0.0134227 -0.0155818 0.00368552
internal_weight=0 11.1798 6.03835 4.98707 3.33712 1.96801 5.14146
internal_count=56 52 36 28 16 12 16
is_linear=0
shrinkage=0.1


Tree=51
num_leaves=6
num_cat=0
split_feature=0 0 0 0 0
split_gain=0.170515 0.0254907 0.0768721 0.0191174 0.0153983
threshold=0.0052107200608590984 0.011060829098723822 0.0081110765263017488 0.0041485052873060776 0.0088807551912432926
decision_type=2 2 2 2 2
left_child=3 2 -2 -1 -4
right_child=1 -3 4 -5 -6
leaf_value=-0.017851070268125518 0.0036764573267345311 0.003171721952542568 0.037819465345099751 -0.006481655388611886 0.019152731584942163
leaf_weight=3.3588094748556623 2.7306636320427042 3.7529113856144249 1.0790600739419458 2.6424844963476062 0.74841641774401058
leaf_count=12 8 12 8 12 4
internal_value=0 0.00927513 0.0143003 -0.0128449 0.0301748
internal_weight=0 8.31105 4.55814 6.00129 1.82748
internal_count=56 32 20 24 12
is_linear=0
shrinkage=0.1


Tree=52
num_leaves=7
num_cat=0
split_feature=0 0 0 0 0 0
split_gain=0.0427695 0.0332265 0.0133874 0.00578554 0.00225533 1.39342e-07
threshold=0.016831777094257917 0.0045876381482746224 0.011060829098723822 0.0068123226339925737 0.0084342640768936099 0.0041485052873060776
decision_type=2 2 2 2 2 2
left_child=1 5 3 -3 -5 -1
right_child=-2 2 -4 4 -6 -7
leaf_value=0.0032461999145661073 0.011725620116837851 -0.0051344677453718998 0.0025099947224926315 -0.010308470554859655 -0.015712017874405376 0.0032131069428177022
leaf_weight=2.6808440331369621 2.5306854099035272 1.6458343900740144 1.0436612968333063 1.9843938536942007 1.2646975768730042 2.4217727035284042
leaf_count=12 4 12 8 8 8 4
internal_value=0 -0.00268756 -0.00777254 -0.00996491 -0.0124118 0.00323049
internal_weight=0 11.0412 5.93859 4.89493 3.24909 5.10262
internal_count=56 52 36 28 16 16
is_linear=0
shrinkage=0.1


Tree=53
num_leaves=8
num_cat=0
split_feature=0 0 0 0 0 0 0
split_gain=0.0404882 0.0345698 0.0595567 0.00832236 0.00362548 0.00475429 0.00441349
threshold=0.016831777094257917 0.0024316553150552844 0.0045876381482746224 0.014451459212147534 0.0068123226339925737 0.0088807551912432926 0.0081110765263017488
decision_type=2 2 2 2 2 2 2
left_child=1 -1 -3 4 -4 6 -6
right_child=-2 2 3 -5 5 -7 -8
leaf_value=-0.020475364199088048 0.011444488027284712 0.0084572439266749171 -0.0046021939165369957 0.0025540998386614101 -0.008718580825205836 -0.0048214165518983962 -0.017011294255578787
leaf_weight=0.98439009673893352 2.5229309424757966 4.1076542958617193 1.6342314137145875 0.77691246941685665 1.3627824336290366 1.1207176861353216 1.2130565680563448
leaf_count=8 4 8 12 4 4 8 8
internal_value=0 -0.00257807 -0.000853415 -0.00711518 -0.00852438 -0.0102584 -0.0126239
internal_weight=0 11.1997 10.2154 6.1077 5.33079 3.69656 2.57584
internal_count=56 52 44 36 32 20 12
is_linear=0
shrinkage=0.1


Tree=54
num_leaves=8
num_cat=0
split_feature=0 0 0 0 0 0 0
split_gain=0.03796 0.0527108 0.0120604 0.0227092 0.00318938 0.00267871 0.000927855
threshold=0.016831777094257917 0.0045876381482746224 0.0088807551912432926 0.0081110765263017488 0.014451459212147534 0.0041485052873060776 0.0068123226339925737
decision_type=2 2 2 2 2 2 2
left_child=1 5 3 6 -4 -1 -3
right_child=-2 2 4 -5 -6 -7 -8
leaf_value=0.0072806940381346871 0.011116481943514856 -0.0048769846748751506 -0.0052995441802722093 -0.021850095838817578 0.0030415792550647393 0.0026886973787721103 -0.0084195736506637361
leaf_weight=2.6854915078729373 2.5163198746740827 1.6275282120332122 1.1283017937093971 1.4202086515724657 0.77211026102304448 2.4107067435979843 1.354744665324688
leaf_count=12 4 12 8 8 4 4 4
internal_value=0 -0.00245394 -0.00856853 -0.0114425 -0.00191066 0.00510849 -0.00648626
internal_weight=0 11.3991 6.30289 4.40248 1.90041 5.0962 2.98227
internal_count=56 52 36 24 12 16 16
is_linear=0
shrinkage=0.1


Tree=55
num_leaves=7
num_cat=0
split_feature=0 0 0 0 0 0
split_gain=0.102587 0.0104961 0.0470834 0.00975623 0.00718219 0.000310239
threshold=0.0052107200608590984 0.011060829098723822 0.0081110765263017488 0.0024316553150552844 0.0088807551912432926 0.0041485052873060776
decision_type=2 2 2 2 2 2
left_child=3 2 -2 -1 -4 -5
right_child=1 -3 4 5 -6 -7
leaf_value=-0.018974628475644219 0.0026899879347036504 0.0034561901179138536 0.030024081040787083 -0.0089143096285924477 0.016648291969780002 -0.007343958869639804
leaf_weight=0.98314870521426279 2.736259635537861 3.6811520829796791 0.91531516239047028 2.384967029094696 0.71503734169527888 2.6625550119206309
leaf_count=8 8 12 8 4 4 12
internal_value=0 0.0073895 0.0107054 -0.00986108 0.0241577 -0.00808595
internal_weight=0 8.04776 4.36661 6.03067 1.63035 5.04752
internal_count=56 32 20 24 12 16
is_linear=0
shrinkage=0.1


Tree=56
num_leaves=7
num_cat=0
split_feature=0 0 0 0 0 0
split_gain=0.0375762 0.06213 0.0105458 0.00425418 0.00193862 0.00173797
threshold=0.011060829098723822 0.0045876381482746224 0.0081110765263017488 0.0084342640768936099 0.0041485052873060776 0.0068123226339925737
decision_type=2 2 2 2 2 2
left_child=1 4 5 -4 -1 -3
right_child=-2 2 3 -5 -6 -7
leaf_value=0.0065136556470468364 0.008816901314603701 -0.0050918413890785851 -0.022292215522673946 -0.012884865599561824 0.0026062423205110083 -0.009927359110561992
leaf_weight=2.6703173294663411 3.5703459465876231 1.636979203671217 0.80326011031866107 1.1971168699674306 2.4208479225635529 1.3614743649959564
leaf_count=12 12 12 4 8 4 4
internal_value=0 -0.00311986 -0.011039 -0.0166624 0.00465568 -0.00728745
internal_weight=0 10.09 4.99883 2.00038 5.09117 2.99845
internal_count=56 44 28 12 16 16
is_linear=0
shrinkage=0.1


Tree=57
num_leaves=7
num_cat=0
split_feature=0 0 0 0 0 0
split_gain=0.125294 0.0170439 0.0728763 0.0165338 0.0173617 0.00576251
threshold=0.0052107200608590984 0.0081110765263017488 0.0088807551912432926 0.016831777094257917 0.011060829098723822 0.0041485052873060776
decision_type=2 2 2 2 2 2
left_child=5 -2 -3 4 -4 -1
right_child=1 2 3 -5 -6 -7
leaf_value=-0.013666689578324049 0.0017923945687187397 0.035253553747890506 0.011153301857440075 0.010863937576294424 -0.0096165608778455858 -0.0074308637006009638
leaf_weight=3.3566106762737045 2.740467378869651 1.0384215526282785 0.64221393130719651 2.510576780885458 1.0780608844943342 2.6533463317900896
leaf_count=12 8 8 4 4 8 12
internal_value=0 0.00818883 0.0115155 0.00568924 -0.00186274 -0.0109136
internal_weight=0 8.00974 5.26927 4.23085 1.72027 6.00996
internal_count=56 32 24 16 12 24
is_linear=0
shrinkage=0.1


Tree=58
num_leaves=6
num_cat=0
split_feature=0 0 0 0 0
split_gain=0.0372031 0.0511846 0.00780266 0.00192035 0.00022471
threshold=0.011060829098723822 0.0045876381482746224 0.0081110765263017488 0.0068123226339925737 0.0041485052873060776
decision_type=2 2 2 2 2
left_child=1 4 3 -3 -1
right_child=-2 2 -4 -5 -6
leaf_value=0.0045688379815742716 0.0087692879924343489 -0.0048785325633321861 -0.015342255535350386 -0.0099630008670048946 0.0032347736441865707
leaf_weight=2.6480980422347766 3.5652436553500602 1.6335707511752844 1.9311056169681249 1.3623142018914223 2.4132320955395699
leaf_count=12 12 12 12 4 4
internal_value=0 -0.00313012 -0.0103856 -0.00719059 0.00393276
internal_weight=0 9.98832 4.92699 2.99588 5.06133
internal_count=56 44 28 16 16
is_linear=0
shrinkage=0.1


Tree=59
num_leaves=7
num_cat=0
split_feature=0 0 0 0 0 0
split_gain=0.0358231 0.0579671 0.00838606 0.00461124 0.00536898 0.00250281
threshold=0.014451459212147534 0.0045876381482746224 0.0068123226339925737 0.0088807551912432926 0.0081110765263017488 0.0041485052873060776
decision_type=2 2 2 2 2 2
left_child=1 5 -3 4 -4 -1
right_child=-2 2 3 -5 -6 -7
leaf_value=0.006800610078777772 0.009116854926388052 -0.0043167276921861125 -0.010673564427219485 -0.0068155575822861306 -0.01959777581655351 0.0023654383362502053
leaf_weight=2.6819957848638278 3.2733060494065294 1.6246782112866638 1.3760267794132239 0.91055303951725353 1.3216440826654432 2.4207782372832298
leaf_count=12 8 12 4 8 8 4
internal_value=0 -0.0028873 -0.0102826 -0.0129688 -0.0150457 0.00469655
internal_weight=0 10.3357 5.2329 3.60822 2.69767 5.10277
internal_count=56 48 32 20 12 16
is_linear=0
shrinkage=0.1


Tree=60
num_leaves=7
num_cat=0
split_feature=0 0 0 0 0 0
split_gain=0.141579 0.0206229 0.0888283 0.0133646 0.00903018 0.00424897
threshold=0.0052107200608590984 0.0081110765263017488 0.0088807551912432926 0.016831777094257917 0.0041485052873060776 0.014451459212147534
decision_type=2 2 2 2 2 2
left_child=4 -2 -3 5 -1 -4
right_child=1 2 3 -5 -6 -7
leaf_value=-0.015019508100155477 0.0017063435105850056 0.037883554232184431 -0.0058505057614014677 0.010372951864251584 -0.0072135354321007719 0.0042892409818001539
leaf_weight=3.3735149055719384 2.7553558377549034 1.0843782275915144 0.89963023643940665 2.5004776641726494 2.6430817833170295 0.76441806182265282
leaf_count=12 8 8 8 4 12 4
internal_value=0 0.00871217 0.0123898 0.00575163 -0.0115904 -0.00119258
internal_weight=0 8.00426 5.2489 4.16453 6.0166 1.66405
internal_count=56 32 24 16 24 12
is_linear=0
shrinkage=0.1


Tree=61
num_leaves=7
num_cat=0
split_feature=0 0 0 0 0 0
split_gain=0.0331058 0.0458709 0.00592604 0.0039007 0.00290761 0.000281047
threshold=0.014451459212147534 0.0045876381482746224 0.0068123226339925737 0.0088807551912432926 0.0081110765263017488 0.0041485052873060776
decision_type=2 2 2 2 2 2
left_child=1 5 -3 4 -4 -1
right_child=-2 2 3 -5 -6 -7
leaf_value=0.0046442805704202863 0.0087649684897205694 -0.0044828627945112344 -0.010608915504170705 -0.0061438027059226522 -0.017313553497517474 0.0031540922604313573
leaf_weight=2.6626792047172767 3.2646961770951757 1.6250087656080721 1.3756960183382041 0.90706865210086096 1.220832400023937 2.4120973125100136
leaf_count=12 8 12 4 8 8 4
internal_value=0 -0.00280445 -0.00947414 -0.0117892 -0.0137613 0.00393598
internal_weight=0 10.2034 5.12861 3.5036 2.59653 5.07478
internal_count=56 48 32 20 12 16
is_linear=0
shrinkage=0.1


Tree=62
num_leaves=9
num_cat=0
split_feature=0 0 0 0 0 0 0 0
split_gain=0.0321302 0.0417232 0.0109617 0.00852761 0.00592921 0.00432471 0.00134281 0.0515044
threshold=0.016831777094257917 0.0045876381482746224 0.014451459212147534 0.0068123226339925737 0.0088807551912432926 0.0081110765263017488 0.0041485052873060776 0.0024316553150552844
decision_type=2 2 2 2 2 2 2 2
left_child=1 6 3 -3 5 -5 7 -1
right_child=-2 2 -4 4 -6 -7 -8 -9
leaf_value=-0.011983256217071142 0.010241327924685894 -0.0036282061559953106 0.0032230891283513935 -0.010865494912992171 -0.0053436800211465532 -0.018914486286430002 0.0026050655563423907 0.016584815488806103
leaf_weight=1.0108238160610181 2.4987809881567964 1.6202675271779297 0.7586611472070216 1.3882781565189368 0.89785124454647292 1.2857883796095846 2.4176045134663582 1.6798291504383087
leaf_count=8 4 12 4 4 8 8 4 4
internal_value=0 -0.00231401 -0.00800485 -0.00964543 -0.0123749 -0.0147357 0.00431551 0.00585237
internal_weight=0 11.0591 5.95085 5.19219 3.57192 2.67407 5.10826 2.69065
internal_count=56 52 36 32 20 12 16 12
is_linear=0
shrinkage=0.1


Tree=63
num_leaves=6
num_cat=0
split_feature=0 0 0 0 0
split_gain=0.104287 0.0154813 0.0429099 0.0190669 0.00461679
threshold=0.0052107200608590984 0.0081110765263017488 0.011060829098723822 0.0088807551912432926 0.0041485052873060776
decision_type=2 2 2 2 2
left_child=4 -2 3 -3 -1
right_child=1 2 -4 -5 -6
leaf_value=-0.012386422822804402 0.0014885787477593691 0.032660033630897693 0.0045766270210706485 0.010376308712421171 -0.0068032166748216681
leaf_weight=3.3653344940394163 2.7521701361984015 1.010808330029249 3.5278127328492701 0.6191850434988736 2.6451890403404832
leaf_count=12 8 8 12 4 12
internal_value=0 0.00754493 0.0107766 0.0241951 -0.00992929
internal_weight=0 7.90998 5.15781 1.62999 6.01052
internal_count=56 32 24 12 24
is_linear=0
shrinkage=0.1


Tree=64
num_leaves=8
num_cat=0
split_feature=0 0 0 0 0 0 0
split_gain=0.031026 0.0444649 0.00906583 0.0062011 0.00445046 0.00515178 0.000258004
threshold=0.016831777094257917 0.0045876381482746224 0.014451459212147534 0.0068123226339925737 0.0088807551912432926 0.0081110765263017488 0.0041485052873060776
decision_type=2 2 2 2 2 2 2
left_child=1 6 3 -3 5 -5 -1
right_child=-2 2 -4 4 -6 -7 -8
leaf_value=0.005307845027074605 0.010067287625314022 -0.0044585421184667488 0.0021543098487642547 -0.0098373677923182766 -0.0061828621058229831 -0.018723043906480396 0.0038769456793633348
leaf_weight=2.6444740705192071 2.4960835203528413 1.6195215722545979 0.75077649205923069 1.3708785995841033 0.9858817378990351 1.2451386526226995 2.4071246236562729
leaf_count=12 4 12 4 4 8 8 4
internal_value=0 -0.0022795 -0.00812054 -0.00959794 -0.0119088 -0.0140667 0.00462601
internal_weight=0 11.0238 5.9722 5.22142 3.6019 2.61602 5.0516
internal_count=56 52 36 32 20 12 16
is_linear=0
shrinkage=0.1


Tree=65
num_leaves=7
num_cat=0
split_feature=0 0 0 0 0 0
split_gain=0.0297129 0.0714629 0.0127382 0.00914639 0.0116957 0.00375772
threshold=0.0045876381482746224 0.014451459212147534 0.0068123226339925737 0.0088807551912432926 0.0081110765263017488 0.0041485052873060776
decision_type=2 2 2 2 2 2
left_child=5 2 -2 4 -4 -1
right_child=1 -3 3 -5 -6 -7
leaf_value=0.0086022555256443835 -0.0031545289420053524 0.008174922098799272 -0.010102170881916835 -0.0054331237468561921 -0.022986857047724862 0.0031680912091846519
leaf_weight=2.7055411338806161 1.608344386331735 3.2374306097626686 1.3835893869400031 0.97655835328623641 1.4353474043309686 2.4024611487984657
leaf_count=12 12 8 4 8 8 4
internal_value=0 -0.00357412 -0.010613 -0.0137735 -0.0166628 0.00604639
internal_weight=0 8.64127 5.40384 3.7955 2.81894 5.108
internal_count=56 40 32 20 12 16
is_linear=0
shrinkage=0.1


Tree=66
num_leaves=7
num_cat=0
split_feature=0 0 0 0 0 0
split_gain=0.0743837 0.0107447 0.0416383 0.0308278 0.0070542 0.00214465
threshold=0.0052107200608590984 0.0068123226339925737 0.0081110765263017488 0.011060829098723822 0.0088807551912432926 0.0041485052873060776
decision_type=2 2 2 2 2 2
left_child=5 -2 -3 4 -4 -1
right_child=1 2 3 -5 -6 -7
leaf_value=-0.0099904583493732758 0.014479090352768712 -0.01052674045343102 0.026388968520788647 0.0037844678632532659 0.012688591101200989 -0.0061953421422593895
leaf_weight=3.4098000563681126 1.364932090975344 1.4043107405304907 0.90476491674780823 3.5485254577361047 0.64285049308091402 2.6433844054117799
leaf_count=12 4 4 8 12 4 12
internal_value=0 0.00641318 0.00471954 0.00892086 0.0206981 -0.00833316
internal_weight=0 7.86538 6.50045 5.09614 1.54762 6.05318
internal_count=56 32 28 24 12 24
is_linear=0
shrinkage=0.1


Tree=67
num_leaves=8
num_cat=0
split_feature=0 0 0 0 0 0 0
split_gain=0.0296446 0.0526526 0.00830293 0.0474428 0.0236956 0.00137837 0.000223277
threshold=0.016831777094257917 0.0045876381482746224 0.0088807551912432926 0.011060829098723822 0.0081110765263017488 0.0068123226339925737 0.0041485052873060776
decision_type=2 2 2 2 2 2 2
left_child=1 6 4 -4 5 -3 -1
right_child=-2 2 3 -5 -6 -7 -8
leaf_value=0.0060432687025623747 0.0098915787153229049 -0.003690536947439059 0.016721384582731404 -0.015260869870877103 -0.021559584071034713 -0.0079961747077202643 0.0047151285726001538
leaf_weight=2.6920163836330158 2.4870307873934516 1.6024960046634078 0.75848690513521422 1.1939147925004361 1.3725525140762327 1.3870849832892418 2.3891402631998062
leaf_count=12 4 12 4 8 8 4 4
internal_value=0 -0.00215877 -0.00825624 -0.00283611 -0.0106822 -0.00568824 0.00541878
internal_weight=0 11.3957 6.31454 1.9524 4.36213 2.98958 5.08116
internal_count=56 52 36 12 24 16 16
is_linear=0
shrinkage=0.1


Tree=68
num_leaves=6
num_cat=0
split_feature=0 0 0 0 0
split_gain=0.0904106 0.0144906 0.0104527 0.0541331 0.00351522
threshold=0.0081110765263017488 0.0052107200608590984 0.011060829098723822 0.0088807551912432926 0.0041485052873060776
decision_type=2 2 2 2 2
left_child=1 4 3 -2 -1
right_child=2 -3 -4 -5 -6
leaf_value=-0.010905763100512432 0.031866738184580974 -0.00011818044482331757 0.0075837368572886079 -0.0058336124023132957 -0.00605691468084629
leaf_weight=3.4481962919235212 0.98938719928264685 2.8066716277971864 3.4295784397982061 0.61924595292657614 2.6396558871492743
leaf_count=12 8 8 12 4 12
internal_value=0 -0.00606273 0.0107032 0.0173539 -0.00880333
internal_weight=0 8.89452 5.03821 1.60863 6.08785
internal_count=56 32 24 12 24
is_linear=0
shrinkage=0.1


Tree=69
num_leaves=8
num_cat=0
split_feature=0 0 0 0 0 0 0
split_gain=0.0276024 0.0577008 0.00895755 0.00596198 0.00329495 0.000712834 0.0318615
threshold=0.014451459212147534 0.0045876381482746224 0.0068123226339925737 0.0088807551912432926 0.0081110765263017488 0.0041485052873060776 0.0024316553150552844
decision_type=2 2 2 2 2 2 2
left_child=1 5 -3 4 -4 6 -1
right_child=-2 2 3 -5 -6 -7 -8
leaf_value=-0.0076017209654174371 0.0080798512122247871 -0.0037832863134149644 -0.011807495374366019 -0.0056654116879112761 -0.018832543921574043 0.0037464151152581588 0.014657922150029066
leaf_weight=1.0439261104911548 3.2214110195636758 1.6149109322577713 1.4186578616499907 0.88956119865179051 1.2612000927329061 2.4063732996582985 1.6744298487901688
leaf_count=8 8 12 4 8 8 4 4
internal_value=0 -0.00252482 -0.00996306 -0.012759 -0.0151136 0.00499993 0.00610959
internal_weight=0 10.3091 5.18433 3.56942 2.67986 5.12473 2.71836
internal_count=56 48 32 20 12 16 12
is_linear=0
shrinkage=0.1


Tree=70
num_leaves=8
num_cat=0
split_feature=0 0 0 0 0 0 0
split_gain=0.137611 0.112927 0.0386658 0.0173338 0.0291232 0.0116701 0.00526695
threshold=0.0081110765263017488 0.0088807551912432926 0.0041485052873060776 0.0068123226339925737 0.0052107200608590984 0.016831777094257917 0.011060829098723822
decision_type=2 2 2 2 2 2 2
left_child=2 -2 -1 4 -4 6 -3
right_child=1 5 3 -5 -6 -7 -8
leaf_value=-0.016025541812814587 0.04039528791279294 -0.0085890049508625336 -0.0051953458477888691 -0.01186155408331545 0.012834876785850317 0.0093320814056574511 0.0030512160311966618
leaf_weight=3.3900375571101886 1.1565499939024455 0.64529983839020111 2.6098070424050093 1.4250026717782018 1.3641006918624046 2.4775940757244825 0.97763333795592189
leaf_count=12 8 4 12 4 4 4 8
internal_value=0 0.0127981 -0.00765515 -0.00239929 0.000993786 0.00501438 -0.00157709
internal_weight=0 5.25708 8.78895 5.39891 3.97391 4.10053 1.62293
internal_count=56 24 32 20 16 16 12
is_linear=0
shrinkage=0.1


Tree=71
num_leaves=7
num_cat=0
split_feature=0 0 0 0 0 0
split_gain=0.0313495 0.069396 0.0115235 0.00284833 1.89505e-05 0.0201126
threshold=0.011060829098723822 0.0045876381482746224 0.0084342640768936099 0.0068123226339925737 0.0041485052873060776 0.0024316553150552844
decision_type=2 2 2 2 2 2
left_child=1 4 3 -3 5 -1
right_child=-2 2 -4 -5 -6 -7
leaf_value=-0.0055320805491706447 0.0081307097314758554 -0.0052228110278592053 -0.019237904907098251 -0.01086276570026673 0.0051639290243719587 0.012286975419173382
leaf_weight=1.018403107300399 3.5121289733797321 1.6153629431501033 1.3280291678383944 2.0092126950621605 2.3818283975124359 1.6756774336099625
leaf_count=8 12 12 8 8 4 4
internal_value=0 -0.00284749 -0.011269 -0.00834921 0.00536942 0.0055511
internal_weight=0 10.0285 4.9526 3.62458 5.07591 2.69408
internal_count=56 44 28 20 16 12
is_linear=0
shrinkage=0.1


Tree=72
num_leaves=8
num_cat=0
split_feature=0 0 0 0 0 0 0
split_gain=0.0305744 0.0683692 0.0065486 0.00164349 0.0148918 0.00132579 0.00528891
threshold=0.0045876381482746224 0.014451459212147534 0.0068123226339925737 0.0041485052873060776 0.0024316553150552844 0.0084342640768936099 0.0088807551912432926
decision_type=2 2 2 2 2 2 2
left_child=3 2 -2 4 -1 -4 -7
right_child=1 -3 5 -5 -6 6 -8
leaf_value=-0.0016179211709811394 -0.0056276208459748742 0.0077148577204495241 -0.014868568990128346 0.0041755625942460394 0.01360280347278929 -0.018760121926427797 -0.0059687183886184087
leaf_weight=1.0427774023264655 1.615786605514584 3.2081279363483191 2.1478705778717999 2.4042472243309021 1.675830565392971 0.52496998012065865 0.84120388235896826
leaf_count=8 12 8 8 4 4 4 8
internal_value=0 -0.00373568 -0.0108967 0.00608019 0.00776458 -0.0133195 -0.010884
internal_weight=0 8.33796 5.12983 5.12286 2.71861 3.51404 1.36617
internal_count=56 40 32 16 12 20 12
is_linear=0
shrinkage=0.1


Tree=73
num_leaves=8
num_cat=0
split_feature=0 0 0 0 0 0 0
split_gain=0.0733427 0.0881748 0.0194556 0.0268548 0.0126866 0.0404131 3.14783e-06
threshold=0.0045876381482746224 0.014451459212147534 0.0068123226339925737 0.0084342640768936099 0.0041485052873060776 0.0024316553150552844 0.0088807551912432926
decision_type=2 2 2 2 2 2 2
left_child=4 2 -2 -4 5 -1 -5
right_child=1 -3 3 6 -6 -7 -8
leaf_value=-0.001412570440678843 -0.0039959362278905132 0.0075733043713497586 -0.022883562506757663 -0.0050132005565215777 0.0039526370377794646 0.023101482180289162 -0.0053409648065989778
leaf_weight=1.0811368897557267 1.5961894020438174 3.2005323711782694 2.6284122802317147 0.45376091450452782 2.3790640085935593 1.779241107404232 0.82712331227958202
leaf_count=8 12 8 8 4 4 4 8
internal_value=0 -0.00562594 -0.0132991 -0.0170977 0.00934823 0.0138359 -0.00522485
internal_weight=0 8.70602 5.50549 3.9093 5.23944 2.86038 1.28088
internal_count=56 40 32 20 16 12 12
is_linear=0
shrinkage=0.1


Tree=74
num_leaves=8
num_cat=0
split_feature=0 0 0 0 0 0 0
split_gain=0.0371126 0.0193071 0.0302927 0.00670887 0.00369921 0.00264996 0.00113359
threshold=0.0081110765263017488 0.0068123226339925737 0.0052107200608590984 0.011060829098723822 0.0088807551912432926 0.0024316553150552844 0.0041485052873060776
decision_type=2 2 2 2 2 2 2
left_child=1 2 5 4 -2 -1 -7
right_child=3 -3 -4 -5 -6 6 -8
leaf_value=-0.00039582748593783572 0.017371379001976769 -0.014011977816075808 0.01178665547799404 0.004767186067637358 0.0067481427468525871 -0.0072263863380728948 -0.0042193198605716782
leaf_weight=1.1843351218849401 0.80880458652973242 1.5260227620601652 1.3681439310312269 3.4334541442804039 0.55116282356902957 2.3974959775805473 2.6275585517287254
leaf_count=8 8 4 4 12 4 4 12
internal_value=0 -0.00374989 -0.00168322 0.0071217 0.013066 -0.00465111 -0.00565402
internal_weight=0 9.10356 7.57753 4.79342 1.35997 6.20939 5.02505
internal_count=56 32 28 24 12 24 16
is_linear=0
shrinkage=0.1


Tree=75
num_leaves=7
num_cat=0
split_feature=0 0 0 0 0 0
split_gain=0.0552104 0.0218519 0.0303632 0.0153456 0.00597439 0.0090938
threshold=0.0081110765263017488 0.0068123226339925737 0.0052107200608590984 0.011060829098723822 0.0024316553150552844 0.0041485052873060776
decision_type=2 2 2 2 2 2
left_child=1 2 4 -2 -1 -6
right_child=3 -3 -4 -5 5 -7
leaf_value=0.00077304013145774444 0.017170163287932128 -0.015148078247108643 0.011191623986247389 0.004934867670305901 -0.011304545162681402 -0.0027447638446533103
leaf_weight=1.3022088222205619 1.4623250286094851 1.6058598831295965 1.3666149871423838 3.4281734726391733 2.377197153866291 2.5970750506967306
leaf_count=8 12 4 4 12 4 12
internal_value=0 -0.00454385 -0.00231584 0.00859339 -0.0052569 -0.00683547
internal_weight=0 9.24896 7.6431 4.8905 6.27648 4.97427
internal_count=56 32 28 24 24 16
is_linear=0
shrinkage=0.1


Tree=76
num_leaves=9
num_cat=0
split_feature=0 0 0 0 0 0 0 0
split_gain=0.0734556 0.0843825 0.0148827 0.0245179 0.00766962 0.000183924 0.000132082 0.0305827
threshold=0.0045876381482746224 0.016831777094257917 0.0068123226339925737 0.0088807551912432926 0.0081110765263017488 0.014451459212147534 0.0041485052873060776 0.0024316553150552844
decision_type=2 2 2 2 2 2 2 2
left_child=6 2 -2 4 -4 -5 7 -1
right_child=1 -3 3 5 -6 -7 -8 -9
leaf_value=-0.00068004565374762699 -0.0033249031569866322 0.01000494367119178 -0.015014219264280405 -0.0050768239579978393 -0.024731745604015754 -0.0028723922672720843 0.0083125224133139882 0.018542715009175887
leaf_weight=1.5953867882490167 1.5688789347186665 2.4663717616349459 1.7935659587383272 0.81995018292218425 1.4843924120068548 0.70296731032431126 2.3527065142989159 1.7198682650923729
leaf_count=8 12 4 4 8 8 4 4 4
internal_value=0 -0.00569967 -0.0117805 -0.0145437 -0.0194147 -0.00405927 0.00888556 0.00929222
internal_weight=0 8.83613 6.36975 4.80088 3.27796 1.52292 5.66796 3.31526
internal_count=56 40 36 24 12 12 16 12
is_linear=0
shrinkage=0.1


Tree=77
num_leaves=9
num_cat=0
split_feature=0 0 0 0 0 0 0 0
split_gain=0.0282398 0.0323 0.0207546 0.0218389 0.0127471 0.0263372 0.0638731 0.0225987
threshold=0.0024316553150552844 0.016831777094257917 0.0088807551912432926 0.014451459212147534 0.0041485052873060776 0.0045876381482746224 0.0081110765263017488 0.0068123226339925737
decision_type=2 2 2 2 2 2 2 2
left_child=-1 2 4 -4 -2 -6 7 -7
right_child=1 -3 3 -5 5 6 -8 -9
leaf_value=0.012583914752952147 -0.0083382327228893726 0.0087142069738745213 -0.025311336497218624 -0.0015865395257594291 0.0085821358387529103 -0.0030050238971595787 0.019566871483308074 -0.020067558809693735
leaf_weight=1.5859527327120311 2.3946716487407667 2.4650738574564448 0.86139815626665839 0.70598738268017769 2.3629949949681759 1.5771113894879822 0.84771417826414097 1.5286112502217293
leaf_count=8 4 4 8 4 4 12 8 4
internal_value=0 -0.00156608 -0.00403159 -0.0146251 -0.0021255 0.000229862 -0.00476235 -0.0114031
internal_weight=0 12.7436 10.2785 1.56739 8.7111 6.31643 3.95344 3.10572
internal_count=56 48 44 12 32 28 24 16
is_linear=0
shrinkage=0.1


Tree=78
num_leaves=7
num_cat=0
split_feature=0 0 0 0 0 0
split_gain=0.0442247 0.0271496 0.0270445 0.0252406 0.0350882 8.53633e-07
threshold=0.0052107200608590984 0.0024316553150552844 0.0041485052873060776 0.0084342640768936099 0.014451459212147534 0.0068123226339925737
decision_type=2 2 2 2 2 2
left_child=1 -1 -3 5 -5 -2
right_child=3 2 -4 4 -6 -7
leaf_value=0.0072547721534669115 0.011744568037663774 -0.017413421255880444 -0.0025858025880573744 -0.012429129634828883 0.006190668247658843 0.011849045749758289
leaf_weight=1.1784214265644548 1.3642212934792044 2.3464129492640495 2.585542019456625 1.4839226258918641 3.1828494276851416 1.8324976488947866
leaf_count=8 4 4 12 12 8 8
internal_value=0 -0.00638187 -0.00964015 0.00495907 0.000270015 0.0118045
internal_weight=0 6.11038 4.93195 7.86349 4.66677 3.19672
internal_count=56 24 16 32 20 12
is_linear=0
shrinkage=0.1


Tree=79
num_leaves=8
num_cat=0
split_feature=0 0 0 0 0 0 0
split_gain=0.074889 0.0746986 0.0164523 0.00335993 0.00330473 0.00558862 0.00318558
threshold=0.0045876381482746224 0.014451459212147534 0.0081110765263017488 0.0084342640768936099 0.0041485052873060776 0.0024316553150552844 0.0068123226339925737
decision_type=2 2 2 2 2 2 2
left_child=4 2 6 -4 5 -1 -2
right_child=1 -3 3 -5 -6 -7 -8
leaf_value=0.0063703472569922419 -0.0054430744898828947 0.0061155574654619708 -0.025144351882477763 -0.017008985834556001 0.0065659252352346298 0.015300889647368938 -0.012179035878787429
leaf_weight=1.1964172292500743 1.6161010740324837 3.1780298799276352 0.7721669934690002 1.4820222901180384 2.376397967338562 1.6913006156682968 1.2413805276155472
leaf_count=8 12 8 4 12 4 4 4
internal_value=0 -0.00592341 -0.0134083 -0.0197957 0.00932792 0.0116009 -0.00836939
internal_weight=0 8.2897 5.11167 2.25419 5.26412 2.88772 2.85748
internal_count=56 40 32 16 16 12 16
is_linear=0
shrinkage=0.1


Tree=80
num_leaves=9
num_cat=0
split_feature=0 0 0 0 0 0 0 0
split_gain=0.0315559 0.0143119 0.0320079 0.0124265 0.0096747 0.00679446 0.00109565 0.0755252
threshold=0.0052107200608590984 0.0088807551912432926 0.016831777094257917 0.014451459212147534 0.0024316553150552844 0.0041485052873060776 0.0068123226339925737 0.0081110765263017488
decision_type=2 2 2 2 2 2 2 2
left_child=4 6 3 -3 -1 -6 -2 -8
right_child=1 2 -4 -5 5 -7 7 -9
leaf_value=0.0030860330690131057 0.011225534645216778 -0.017165414369904271 0.0076572584100253879 6.8348538751944278e-05 -0.011118302076387062 -0.0037290352239424413 -0.0092237711293600543 0.028975895376395073
leaf_weight=1.1074895355850456 1.3683675806969406 1.0191239104606209 2.4651931691914797 0.70980424620211113 2.3745062872767448 2.6145526915788651 1.1759517937898638 0.92445886135101307
leaf_count=8 4 8 4 4 4 12 4 8
internal_value=0 0.00427155 0.000341299 -0.0100902 -0.00536902 -0.0072459 0.00902363 0.00758914
internal_weight=0 7.6629 4.19412 1.72893 6.09655 4.98906 3.46878 2.10041
internal_count=56 32 16 12 24 16 16 12
is_linear=0
shrinkage=0.1


Tree=81
num_leaves=8
num_cat=0
split_feature=0 0 0 0 0 0 0
split_gain=0.054788 0.0613854 0.0172438 0.00413315 0.00213305 0.0127367 0.000283595
threshold=0.0045876381482746224 0.014451459212147534 0.0081110765263017488 0.0084342640768936099 0.0041485052873060776 0.0024316553150552844 0.0068123226339925737
decision_type=2 2 2 2 2 2 2
left_child=4 2 6 -4 5 -1 -2
right_child=1 -3 3 -5 -6 -7 -8
leaf_value=0.0014324680912654259 -0.0056836192691867241 0.0058692956310628765 -0.024168812846170909 -0.015220213708749531 0.0059232601629815576 0.015406377234080081 -0.0077369781473466933
leaf_weight=1.062255797907711 1.623459864407776 3.1745669506490231 0.77767320349812541 1.5347843072377143 2.3766667619347572 1.6899434551596642 1.1484267041087151
leaf_count=8 12 8 4 12 4 4 4
internal_value=0 -0.00504124 -0.0118536 -0.0182296 0.00811781 0.0100129 -0.00653435
internal_weight=0 8.25891 5.08434 2.31246 5.12887 2.7522 2.77189
internal_count=56 40 32 16 16 12 16
is_linear=0
shrinkage=0.1


Tree=82
num_leaves=9
num_cat=0
split_feature=0 0 0 0 0 0 0 0
split_gain=0.0422636 0.0156834 0.0259601 0.0118395 0.00470121 0.00638809 0.00046487 0.062212
threshold=0.0052107200608590984 0.0088807551912432926 0.016831777094257917 0.011060829098723822 0.0024316553150552844 0.0041485052873060776 0.0068123226339925737 0.0081110765263017488
decision_type=2 2 2 2 2 2 2 2
left_child=4 6 3 -3 -1 -6 -2 -8
right_child=1 2 -4 -5 5 -7 7 -9
leaf_value=-0.0001378831957917378 0.011381391423034053 0.0018524073469933303 0.0074490878619475056 -0.015070944685287439 -0.011289640533177721 -0.0041256132567714108 -0.0067761722439159296 0.028051119426199134
leaf_weight=1.0383762866258619 1.3668273603543641 0.67550118500366796 2.4632538165897131 1.0653775623068211 2.3739452585577965 2.6165545331314206 1.1319157481193545 0.93788311257958401
leaf_count=8 4 4 4 8 4 12 4 8
internal_value=0 0.00493918 0.000842992 -0.00850429 -0.00625972 -0.00753349 0.00995017 0.00900504
internal_weight=0 7.64076 4.20413 1.74088 6.02888 4.9905 3.43663 2.0698
internal_count=56 32 16 12 24 16 16 12
is_linear=0
shrinkage=0.1


Tree=83
num_leaves=8
num_cat=0
split_feature=0 0 0 0 0 0 0
split_gain=0.0507514 0.0676495 0.0265225 0.00227686 0.0134801 0.000259486 0.000209414
threshold=0.0045876381482746224 0.011060829098723822 0.0081110765263017488 0.0041485052873060776 0.0024316553150552844 0.0084342640768936099 0.0068123226339925737
decision_type=2 2 2 2 2 2 2
left_child=3 2 6 4 -1 -4 -2
right_child=1 -3 5 -5 -6 -7 -8
leaf_value=0.00081634796513224087 -0.0055144543636973676 0.0058010671712127324 -0.022783487706789528 0.0055780234661292919 0.015324180659001235 -0.020449717912341875 -0.0072863430336803691
leaf_weight=1.0324348248541364 1.6307854000478965 3.447319183498621 0.78309743478894223 2.3746627867221832 1.6868959963321686 1.2165903677232561 1.128637321293354
leaf_count=8 12 12 4 4 4 8 4
internal_value=0 -0.0048668 -0.0125942 0.00784042 0.00981606 -0.0213636 -0.00623918
internal_weight=0 8.20643 4.75911 5.09399 2.71933 1.99969 2.75942
internal_count=56 40 28 16 12 12 16
is_linear=0
shrinkage=0.1


Tree=84
num_leaves=9
num_cat=0
split_feature=0 0 0 0 0 0 0 0
split_gain=0.0458903 0.0144668 0.0213496 0.0125215 0.00795899 0.00623629 0.000296593 0.0644527
threshold=0.0052107200608590984 0.0088807551912432926 0.016831777094257917 0.014451459212147534 0.0024316553150552844 0.0041485052873060776 0.0068123226339925737 0.0081110765263017488
decision_type=2 2 2 2 2 2 2 2
left_child=4 6 3 -3 -1 -6 -2 -8
right_child=1 2 -4 -5 5 -7 7 -9
leaf_value=0.0015273118589476469 0.011126860921375412 -0.015522544329468244 0.0070507862023649771 0.0022075094606314799 -0.01186527746530139 -0.0047919631482047807 -0.0070261589450874243 0.028327660775560939
leaf_weight=1.0240591801702974 1.3668517572805288 0.9078264716081319 2.4575042370706797 0.70973167195916176 2.3728084340691566 2.6258669150993228 1.121476083993912 0.95460152626037587
leaf_count=8 4 8 4 4 4 12 4 8
internal_value=0 0.00521057 0.00117846 -0.00774318 -0.00650419 -0.00814958 0.00998299 0.00922989
internal_weight=0 7.51799 4.07506 1.61756 6.02273 4.99868 3.44293 2.07608
internal_count=56 32 16 12 24 16 16 12
is_linear=0
shrinkage=0.1


Tree=85
num_leaves=7
num_cat=0
split_feature=0 0 0 0 0 0
split_gain=0.0467363 0.0579317 0.0164294 0.00223696 0.0020891 1.09696e-07
threshold=0.0045876381482746224 0.014451459212147534 0.0081110765263017488 0.0088807551912432926 0.0041485052873060776 0.0068123226339925737
decision_type=2 2 2 2 2 2
left_child=4 2 5 -4 -1 -2
right_child=1 -3 3 -5 -6 -7
leaf_value=0.0094477016156288979 -0.0062739698673476424 0.0058593209095624656 -0.020540174474233799 -0.014072018152623982 0.0053781802842213997 -0.0063147099633088458
leaf_weight=2.6879292931407699 1.6305964747443777 3.1665561534464359 1.3000804595649245 0.90819709934294213 2.3769793435931206 1.1113810613751411
leaf_count=12 12 8 8 8 4 4
internal_value=0 -0.00470364 -0.0114605 -0.01788 0.00753786 -0.00629048
internal_weight=0 8.11681 4.95026 2.20828 5.06491 2.74198
internal_count=56 40 32 16 16 16
is_linear=0
shrinkage=0.1


Tree=86
num_leaves=7
num_cat=0
split_feature=0 0 0 0 0 0
split_gain=0.097968 0.0308432 0.0127383 0.0120007 0.00994609 0.0033654
threshold=0.0052107200608590984 0.0084342640768936099 0.014451459212147534 0.0088807551912432926 0.0041485052873060776 0.0068123226339925737
decision_type=2 2 2 2 2 2
left_child=4 5 3 -3 -1 -2
right_child=1 2 -4 -5 -6 -7
leaf_value=-0.013240158404251499 0.011507384777082495 0.0072103281378825884 0.0057615553450909808 -0.012444603259527037 -0.0050000350229141878 0.018156764134336638
leaf_weight=3.3354921340942383 1.3649864327162506 0.47126940637826897 3.1619241964071989 0.91142536606639624 2.6118472833186388 1.7206317037343977
leaf_count=12 4 4 8 8 12 8
internal_value=0 0.00749935 0.00226054 -0.00574553 -0.00962141 0.0152153
internal_weight=0 7.63024 4.54462 1.38269 5.94734 3.08562
internal_count=56 32 20 12 24 12
is_linear=0
shrinkage=0.1


Tree=87
num_leaves=9
num_cat=0
split_feature=0 0 0 0 0 0 0 0
split_gain=0.046813 0.0559724 0.0118001 0.00451287 0.00230388 0.0111174 0.000164222 5.38773e-05
threshold=0.0045876381482746224 0.014451459212147534 0.0081110765263017488 0.0084342640768936099 0.0041485052873060776 0.0024316553150552844 0.0088807551912432926 0.0068123226339925737
decision_type=2 2 2 2 2 2 2 2
left_child=4 2 7 -4 5 -1 -5 -2
right_child=1 -3 3 6 -6 -7 -8 -9
leaf_value=0.0012450501634909494 -0.0067173255117021395 0.0056485613832734033 -0.023241810280082265 -0.01504625025404548 0.005241802882774791 0.014475387859979611 -0.012802653130597773 -0.0076162323263123874
leaf_weight=1.0171408560127029 1.6303881146013719 3.1586563009768724 0.74744365364313159 0.51488514989614464 2.3801024258136749 1.6910769194364548 0.89045599009841681 1.1281411871314049
leaf_count=8 12 8 4 4 4 4 8 4
internal_value=0 -0.00473625 -0.0114151 -0.0169637 0.0075116 0.00950639 -0.0136247 -0.00708495
internal_weight=0 8.06997 4.91131 2.15278 5.08832 2.70822 1.40534 2.75853
internal_count=56 40 32 16 16 12 12 16
is_linear=0
shrinkage=0.1


Tree=88
num_leaves=8
num_cat=0
split_feature=0 0 0 0 0 0 0
split_gain=0.0600561 0.0156553 0.0164618 0.00724127 0.00350444 7.81244e-05 0.0773977
threshold=0.0052107200608590984 0.0088807551912432926 0.016831777094257917 0.011060829098723822 0.0041485052873060776 0.0068123226339925737 0.0081110765263017488
decision_type=2 2 2 2 2 2 2
left_child=4 5 3 -3 -1 -2 -7
right_child=1 2 -4 -5 -6 6 -8
leaf_value=-0.0096065534208925225 0.010279371200242289 0.0023048540578849371 0.0068594748412619923 -0.011537789494477433 -0.0047292903670990228 -0.0068211804713498693 0.031557287047792121
leaf_weight=3.3694329876452684 1.3680934831500056 0.61563853453844763 2.4537442959845066 0.97859355807304382 2.6177965626120567 1.1159940436482432 0.99307311326265324
leaf_count=12 4 4 4 8 12 4 8
internal_value=0 0.0059466 0.00171927 -0.00619223 -0.00747407 0.0108679 0.0112497
internal_weight=0 7.52514 4.04798 1.59423 5.98723 3.47716 2.10907
internal_count=56 32 16 12 24 16 12
is_linear=0
shrinkage=0.1


Tree=89
num_leaves=7
num_cat=0
split_feature=0 0 0 0 0 0
split_gain=0.0371908 0.0437625 0.0104457 0.00775174 0.000337081 3.39268e-05
threshold=0.0045876381482746224 0.014451459212147534 0.0081110765263017488 0.0088807551912432926 0.0068123226339925737 0.0041485052873060776
decision_type=2 2 2 2 2 2
left_child=5 2 4 -4 -2 -1
right_child=1 -3 3 -5 -6 -7
leaf_value=0.0070483595734020582 -0.0064484746780242731 0.005194723615150755 -0.01996718211726177 -0.0086551785141194288 -0.0041820231797163893 0.0065270554545079464
leaf_weight=2.6475357506424197 1.621545064263044 3.1402317564934492 1.2655239924788477 1.1620378261432049 1.1022809222340584 2.3623782508075237
leaf_count=12 12 8 8 8 4 4
internal_value=0 -0.0041102 -0.00978238 -0.0145523 -0.00553128 0.00680254
internal_weight=0 8.29162 5.15139 2.42756 2.72383 5.00991
internal_count=56 40 32 16 16 16
is_linear=0
shrinkage=0.1


Tree=90
num_leaves=7
num_cat=0
split_feature=0 0 0 0 0 0
split_gain=0.071297 0.0559689 0.0279642 0.0511109 0.00699219 0.000139374
threshold=0.0045876381482746224 0.014451459212147534 0.0081110765263017488 0.0084342640768936099 0.0041485052873060776 0.0068123226339925737
decision_type=2 2 2 2 2 2
left_child=4 2 5 -4 -1 -2
right_child=1 -3 3 -5 -6 -7
leaf_value=0.012848654884579128 -0.0049459436058255047 0.0051256271129086145 -0.034718676951764581 -0.0072619956235544236 0.0054020094435236303 -0.0034808697300689299
leaf_weight=2.7287475988268861 1.6062605204060656 3.1362343840301037 1.1569556072354319 1.6376523212529717 2.3441423736512661 1.0899237468838692
leaf_count=12 12 8 4 12 4 4
internal_value=0 -0.00553189 -0.0116193 -0.0186289 0.00940762 -0.00435369
internal_weight=0 8.62703 5.49079 2.79461 5.07289 2.69618
internal_count=56 40 32 16 16 16
is_linear=0
shrinkage=0.1


Tree=91
num_leaves=6
num_cat=0
split_feature=0 0 0 0 0
split_gain=0.0359667 0.0172417 0.0104604 0.00123186 0.00105188
threshold=0.0052107200608590984 0.011060829098723822 0.0081110765263017488 0.0088807551912432926 0.0041485052873060776
decision_type=2 2 2 2 2
left_child=4 2 -2 -4 -1
right_child=1 -3 3 -5 -6
leaf_value=-0.0069990644537724165 0.0049809744758995481 -0.00048841001184373269 0.018114084477544899 0.012495584844439689 -0.0043192656207550568
leaf_weight=3.3329307828098536 2.4435175210237503 3.5667235385626554 0.82356885075569131 0.74163966765627265 2.6131891813129187
leaf_count=12 8 12 8 4 12
internal_value=0 0.0045693 0.00906934 0.0154519 -0.00582135
internal_weight=0 7.57545 4.00873 1.56521 5.94612
internal_count=56 32 20 12 24
is_linear=0
shrinkage=0.1


Tree=92
num_leaves=6
num_cat=0
split_feature=0 0 0 0 0
split_gain=0.042774 0.0111608 0.0196014 0.00227814 0.000170551
threshold=0.0052107200608590984 0.0084342640768936099 0.011060829098723822 0.0041485052873060776 0.0068123226339925737
decision_type=2 2 2 2 2
left_child=3 4 -3 -1 -2
right_child=1 2 -4 -5 -6
leaf_value=-0.0080511385770494198 0.010672991535755058 -0.0090579472521589936 0.0058177066922760565 -0.004111026166374882 0.0091400474931877616
leaf_weight=3.3513208404183388 1.3652168884873392 1.1969839166849849 3.4072432136163116 2.6105265831574798 1.5495351701974867
leaf_count=12 4 8 12 12 8
internal_value=0 0.00501583 0.00195041 -0.00632587 0.00985805
internal_weight=0 7.51898 4.60423 5.96185 2.91475
internal_count=56 32 20 24 12
is_linear=0
shrinkage=0.1


Tree=93
num_leaves=6
num_cat=0
split_feature=0 0 0 0 0
split_gain=0.106482 0.0372749 0.0710798 0.0424239 0.0213266
threshold=0.0052107200608590984 0.011060829098723822 0.0081110765263017488 0.0088807551912432926 0.0041485052873060776
decision_type=2 2 2 2 2
left_child=4 2 -2 -4 -1
right_child=1 -3 3 -5 -6
leaf_value=-0.01546445885729348 0.0027070528829051489 -2.726791523348257e-05 0.040260504607408723 0.0091315116751392224 -0.00332966206539668
leaf_weight=3.3190378956496716 2.4757897155359387 3.5248297853395343 1.1641522198915479 0.70169136067852367 2.5695308460853994
leaf_count=12 8 12 8 4 12
internal_value=0 0.00761242 0.0138148 0.0285538 -0.0101693
internal_weight=0 7.86646 4.34163 1.86584 5.88857
internal_count=56 32 20 12 24
is_linear=0
shrinkage=0.1


Tree=94
num_leaves=7
num_cat=0
split_feature=0 0 0 0 0 0
split_gain=0.0446691 0.0697828 0.0290366 0.000952523 0.000320778 0.00765284
threshold=0.0045876381482746224 0.011060829098723822 0.0084342640768936099 0.0068123226339925737 0.0041485052873060776 0.0024316553150552844
decision_type=2 2 2 2 2 2
left_child=4 2 3 -2 5 -1
right_child=1 -3 -4 -5 -6 -7
leaf_value=0.0012817005087153513 -0.0056081878927371626 0.0062775279312337548 -0.024493449004048085 -0.008985424002857274 0.0065481707591214791 0.012272267269352002
leaf_weight=1.0141630135476598 1.6156311584636553 3.4445051932707429 1.4031344647519288 1.7287003956735132 2.3397809192538261 1.6881404593586922
leaf_count=8 12 12 8 8 4 4
internal_value=0 -0.00455794 -0.0124196 -0.0073539 0.00740536 0.00814755
internal_weight=0 8.19197 4.74747 3.34433 5.04208 2.7023
internal_count=56 40 28 20 16 12
is_linear=0
shrinkage=0.1


Tree=95
num_leaves=8
num_cat=0
split_feature=0 0 0 0 0 0 0
split_gain=0.0480717 0.0544763 0.0106929 0.0027008 0.00478394 0.00207176 0.000409813
threshold=0.0045876381482746224 0.014451459212147534 0.0081110765263017488 0.0041485052873060776 0.0024316553150552844 0.0088807551912432926 0.0068123226339925737
decision_type=2 2 2 2 2 2 2
left_child=3 2 6 4 -1 -4 -2
right_child=1 -3 5 -5 -6 -7 -8
leaf_value=0.0043510092090734056 -0.0064719996334120303 0.0053744360174431891 -0.0196150835015045 0.0051435901383681476 0.01303851337478951 -0.013107966548540604 -0.0089484513684297117
leaf_weight=1.0169674232602119 1.6218653880059719 3.1456970795989037 1.2339627780020239 2.3773458451032639 1.6826190873980522 0.81076807458885003 1.1364706233143806
leaf_count=8 12 8 8 4 4 8 4
internal_value=0 -0.00485507 -0.0115547 0.0076014 0.00976582 -0.0170349 -0.00749233
internal_weight=0 7.94876 4.80307 5.07693 2.69959 2.04473 2.75834
internal_count=56 40 32 16 12 16 16
is_linear=0
shrinkage=0.1


Tree=96
num_leaves=7
num_cat=0
split_feature=0 0 0 0 0 0
split_gain=0.123674 0.0362756 0.144281 0.0191395 0.0144536 0.00606865
threshold=0.0052107200608590984 0.0088807551912432926 0.0081110765263017488 0.0041485052873060776 0.016831777094257917 0.014451459212147534
decision_type=2 2 2 2 2 2
left_child=3 2 -2 -1 5 -3
right_child=1 4 -4 -5 -6 -7
leaf_value=-0.015873974462421479 0.0017994221277241537 -0.01177910234503173 0.044036585500572212 -0.0044040478680205082 0.0065016365757842561 0.00094055920379901108
leaf_weight=3.3277710601687431 2.4856214579194789 0.81682217563502513 1.1988321132957933 2.5848676548339427 2.4475048221647739 0.69360776804387569
leaf_count=12 8 8 8 12 4 4
internal_value=0 0.00840168 0.0155424 -0.0108596 0.00175438 -0.00593808
internal_weight=0 7.64239 3.68445 5.91264 3.95793 1.51043
internal_count=56 32 16 24 16 12
is_linear=0
shrinkage=0.1


Tree=97
num_leaves=8
num_cat=0
split_feature=0 0 0 0 0 0 0
split_gain=0.0455185 0.0513558 0.00942824 0.00292195 0.000747584 0.00215242 0.000612901
threshold=0.0045876381482746224 0.014451459212147534 0.0081110765263017488 0.0088807551912432926 0.0041485052873060776 0.0024316553150552844 0.0068123226339925737
decision_type=2 2 2 2 2 2 2
left_child=4 2 6 -4 5 -1 -2
right_child=1 -3 3 -5 -6 -7 -8
leaf_value=0.0049182645874836966 -0.0062647745112894455 0.0051769659128661659 -0.019682605475473933 -0.011876650428613158 0.0061077184239357388 0.010745801978091185 -0.0092891835333657868
leaf_weight=1.018565159291029 1.620621464215219 3.1425701323896646 1.1905330605804918 0.80296100815758098 2.361828800290823 1.6778627038002014 1.1423735320568085
leaf_count=8 12 8 8 8 4 4 4
internal_value=0 -0.00474295 -0.011297 -0.0165384 0.00740669 0.00854447 -0.00751523
internal_weight=0 7.89906 4.75649 1.99349 5.05826 2.69643 2.76299
internal_count=56 40 32 16 16 12 16
is_linear=0
shrinkage=0.1


Tree=98
num_leaves=7
num_cat=0
split_feature=0 0 0 0 0 0
split_gain=0.0437506 0.0489814 0.0117794 0.00496636 0.00247864 0.00027393
threshold=0.0045876381482746224 0.014451459212147534 0.0081110765263017488 0.0088807551912432926 0.0041485052873060776 0.0068123226339925737
decision_type=2 2 2 2 2 2
left_child=4 2 5 -4 -1 -2
right_child=1 -3 3 -5 -6 -7
leaf_value=0.0093732813001060136 -0.0058547278933206957 0.0050868228682311714 -0.020654697598855413 -0.010602734580838141 0.0049322205130954587 -0.0078879332667643933
leaf_weight=2.6696682684123516 1.6209157202392817 3.1387251000851393 1.2477252110838892 0.81098590861074615 2.3745008632540703 1.1208470389246941
leaf_count=12 12 8 8 8 4 4
internal_value=0 -0.00462705 -0.0109783 -0.0166949 0.00728269 -0.00668591
internal_weight=0 7.9392 4.80047 2.05871 5.04417 2.74176
internal_count=56 40 32 16 16 16
is_linear=0
shrinkage=0.1


Tree=99
num_leaves=7
num_cat=0
split_feature=0 0 0 0 0 0
split_gain=0.130852 0.0371695 0.0190126 0.00978338 0.00723694 0.0115839
threshold=0.0052107200608590984 0.0084342640768936099 0.0041485052873060776 0.0068123226339925737 0.016831777094257917 0.011060829098723822
decision_type=2 2 2 2 2 2
left_child=2 3 -1 -2 5 -3
right_child=1 4 -4 -5 -6 -7
leaf_value=-0.016224753700970401 0.010501033544993529 0.0054301105465950116 -0.0047747622071519884 0.021698550392327202 0.0063576233436333247 -0.0099534065326747009
leaf_weight=3.2987825125455856 1.3651553811505439 1.042639100924134 2.5879037375561893 1.8211978226900098 2.4454895257949829 0.92264879541471589
leaf_count=12 4 8 12 8 4 8
internal_value=0 0.0086715 -0.0111911 0.0169011 0.00272642 -0.00179203
internal_weight=0 7.59713 5.88669 3.18635 4.41078 1.96529
internal_count=56 32 24 12 20 16
is_linear=0
shrinkage=0.1


end of trees

feature_importances:
word_overlap=641

parameters:
[boosting: gbdt]
[objective: lambdarank]
[metric: ndcg]
[tree_learner: serial]
[device_type: cpu]
[data: ]
[valid: ]
[num_iterations: 100]
[learning_rate: 0.1]
[num_leaves: 16]
[num_threads: 6]
[deterministic: 0]
[force_col_wise: 0]
[force_row_wise: 0]
[histogram_pool_size: -1]
[max_depth: -1]
[min_data_in_leaf: 5]
[min_sum_hessian_in_leaf: 0.001]
[bagging_fraction: 1]
[pos_bagging_fraction: 1]
[neg_bagging_fraction: 1]
[bagging_freq: 0]
[bagging_seed: 3]
[feature_fraction: 1]
[feature_fraction_bynode: 1]
[feature_fraction_seed: 2]
[extra_trees: 0]
[extra_seed: 6]
[early_stopping_round: 0]
[first_metric_only: 0]
[max_delta_step: 0]
[lambda_l1: 0]
[lambda_l2: 0]
[linear_lambda: 0]
[min_gain_to_split: 0]
[drop_rate: 0.1]
[max_drop: 50]
[skip_drop: 0.5]
[xgboost_dart_mode: 0]
[uniform_drop: 0]
[drop_seed: 4]
[top_rate: 0.2]
[other_rate: 0.1]
[min_data_per_group: 100]
[max_cat_threshold: 32]
[cat_l2: 10]
[cat_smooth: 10]
[max_cat_to_onehot: 4]
[top_k: 20]
[monotone_constraints: ]
[monotone_constraints_method: basic]
[monotone_penalty: 0]
[feature_contri: ]
[forcedsplits_filename: ]
[refit_decay_rate: 0.9]
[cegb_tradeoff: 1]
[cegb_penalty_split: 0]
[cegb_penalty_feature_lazy: ]
[cegb_penalty_feature_coupled: ]
[path_smooth: 0]
[interaction_constraints: ]
[verbosity: 1]
[saved_feature_importance_type: 0]
[linear_tree: 0]
[max_bin: 255]
[max_bin_by_feature: ]
[min_data_in_bin: 3]
[bin_construct_sample_cnt: 200000]
[data_random_seed: 1]
[is_enable_sparse: 1]
[enable_bundle: 1]
[use_missing: 1]
[zero_as_missing: 0]
[feature_pre_filter: 1]
[pre_partition: 0]
[two_round: 0]
[header: 0]
[label_column: ]
[weight_column: ]
[group_column: ]
[ignore_column: ]
[categorical_feature: ]
[forcedbins_filename: ]
[precise_float_parser: 0]
[parser_config_file: ]
[objective_seed: 5]
[num_class: 1]
[is_unbalance: 0]
[scale_pos_weight: 1]
[sigmoid: 1]
[boost_from_average: 1]
[reg_sqrt: 0]
[alpha: 0.9]
[fair_c: 1]
[poisson_max_delta_step: 0.7]
[tweedie_variance_power: 1.5]
[lambdarank_truncation_level: 30]
[lambdarank_norm: 1]
[label_gain: ]
[eval_at: 1,2,3,4,5]
[multi_error_top_k: 1]
[auc_mu_weights: ]
[num_machines: 1]
[local_listen_port: 12400]
[time_out: 120]
[machine_list_filename: ]
[machines: ]
[gpu_platform_id: -1]
[gpu_device_id: -1]
[gpu_use_dp: 0]
[num_gpu: 1]

end of parameters

pandas_categorical:null
