tree
version=v4
num_class=1
num_tree_per_iteration=1
label_index=0
max_feature_idx=0
objective=lambdarank
feature_names=word_overlap
feature_infos=[0.0017653313005275932:0.13314229714810266]
tree_sizes=864 969 986 868 871 1081 978 979 985 984 880 1085 984 984 1195 978 875 872 981 985 1092 985 978 1098 1205 1100 982 991 885 885 994 883 884 994 878 881 878 874 881 880 882 772 876 990 770 882 994 995 998 996 883 770 880 770 884 1000 1000 889 885 777 773 773 885 784 893 778 770 883 781 892 773 891 886 991 890 890 779 884 769 884 892 1000 783 769 887 887 884 889 1116 888 891 781 782 776 874 877 882 980 877 887

Tree=0
num_leaves=7
num_cat=0
split_feature=0 0 0 0 0 0
split_gain=0.565646 1.51259 0.270794 0.156202 0.420571 0.0624582
threshold=0.0062315148134310756 0.0044247396234184328 0.0024983216144647924 0.0085633804180694773 0.014451459212147534 0.0046716336612478123
decision_type=2 2 2 2 2 2
left_child=1 2 -1 -2 -5 -3
right_child=3 5 -4 4 -6 -7
leaf_value=-0.024145196282844353 0.06299194706360442 -0.1549298153646417 0.065857750655582942 -0.061659354430133019 0.061974074570229555 -0.10476230697399853
leaf_weight=0.53135709464550041 1.1069017555564644 0.45925183221697796 0.90136916190385818 0.47379248589277245 0.65626808814704418 0.53993076831102371
leaf_count=8 12 4 8 8 8 8
internal_value=0 -0.0333827 0.0324782 0.036292 0.0101392 -0.127821
internal_weight=0 2.43191 1.43273 2.23696 1.13006 0.999183
internal_count=56 28 16 28 16 12
is_linear=0
shrinkage=0.1


Tree=1
num_leaves=8
num_cat=0
split_feature=0 0 0 0 0 0 0
split_gain=1.08381 0.282572 0.355273 0.285546 0.286593 0.154314 0.0796738
threshold=0.016831777094257917 0.0099119325506710817 0.0052107200608590984 0.003631902421177315 0.0024983216144647924 0.0082404255037043152 0.0072513893889438134
decision_type=2 2 2 2 2 2 2
left_child=1 2 3 4 -1 6 -4
right_child=-2 -3 5 -5 -6 -7 -8
leaf_value=-0.030067667074823445 0.061647500552127754 -0.040895487733442856 0.0076542373030784663 -0.035871768909781721 0.022521612838591193 -0.010135556674800024 0.030687657827326766
leaf_weight=1.7809502370655623 2.523570090532302 2.3038193024694911 2.9003562256693822 4.3606899026781321 2.478280246257782 2.4631859846413136 3.1142684519290924
leaf_count=8 4 8 8 12 4 8 4
internal_value=0 -0.00801852 -0.00358854 -0.0178841 0.000531986 0.0109467 0.0195805
internal_weight=0 19.4016 17.0977 8.61992 4.25923 8.47781 6.01462
internal_count=56 52 44 24 12 20 12
is_linear=0
shrinkage=0.1


Tree=2
num_leaves=8
num_cat=0
split_feature=0 0 0 0 0 0 0
split_gain=0.213311 0.430132 0.198807 0.0238701 0.0203925 8.75829e-05 5.66824e-05
threshold=0.014451459212147534 0.0072513893889438134 0.0052107200608590984 0.0082404255037043152 0.0024983216144647924 0.003631902421177315 0.0085633804180694773
decision_type=2 2 2 2 2 2 2
left_child=1 2 4 -3 -1 -6 -5
right_child=-2 3 -4 6 5 -7 -8
leaf_value=-0.013194953046979263 0.0182854538108892 -0.043645352049191136 0.027833556577378401 -0.026854180333617295 -0.00039774026556832064 -0.0013086111343305149 -0.028001896679171103
leaf_weight=1.9685571566224114 4.6494236662983885 1.8871465623378747 2.6740927696228027 0.93011070042848565 2.0128954946994781 2.2196689769625664 0.80078417062759399
leaf_count=8 8 4 8 4 4 12 8
internal_value=0 -0.00680502 0.00504204 -0.0358664 -0.00478628 -0.000875425 -0.0273852
internal_weight=0 12.4933 8.87521 3.61804 6.20112 4.23256 1.73089
internal_count=56 48 32 16 24 16 12
is_linear=0
shrinkage=0.1


Tree=3
num_leaves=7
num_cat=0
split_feature=0 0 0 0 0 0
split_gain=0.724461 0.167683 0.39314 0.371418 0.229303 1.37857e-07
threshold=0.0024983216144647924 0.014451459212147534 0.0072513893889438134 0.0052107200608590984 0.003631902421177315 0.0082404255037043152
decision_type=2 2 2 2 2 2
left_child=-1 2 3 4 -2 -4
right_child=1 -3 5 -5 -6 -7
leaf_value=-0.054985359153774893 0.018740014498581578 0.023058406398081724 -0.032230375104007516 0.033286150587706544 -0.026623726837189617 -0.032184722887188676
leaf_weight=2.118282716721299 1.8745644688606278 4.7247058302164069 1.0989169180393212 4.0390203148126602 2.7473509088158607 1.6616348251700399
leaf_count=8 4 8 4 8 12 12
internal_value=0 0.00721374 0.000659312 0.0111337 -0.00822502 -0.0322029
internal_weight=0 16.1462 11.4215 8.66094 4.62192 2.76055
internal_count=56 48 40 24 16 16
is_linear=0
shrinkage=0.1


Tree=4
num_leaves=7
num_cat=0
split_feature=0 0 0 0 0 0
split_gain=0.494305 0.289547 0.172833 0.159965 0.108991 0.000820677
threshold=0.014451459212147534 0.0044247396234184328 0.0062315148134310756 0.0082404255037043152 0.0024983216144647924 0.0085633804180694773
decision_type=2 2 2 2 2 2
left_child=1 4 -3 -4 -1 -5
right_child=-2 2 3 5 -6 -7
leaf_value=-0.015154445717345586 0.027978671159763213 -0.046098900584229136 -0.0013122367773375694 -0.038858677476359363 0.017482888814752625 -0.04367711755702567
leaf_weight=1.4406874924898163 4.5868191272020331 2.2816188000142574 3.5007708370685577 0.76948603987693764 3.5309800654649734 0.65381592139601707
leaf_count=8 8 12 8 4 8 8
internal_value=0 -0.0105387 -0.0233471 -0.0128048 0.00802526 -0.0410721
internal_weight=0 12.1774 7.20569 4.92407 4.97167 1.4233
internal_count=56 48 32 20 16 12
is_linear=0
shrinkage=0.1


Tree=5
num_leaves=9
num_cat=0
split_feature=0 0 0 0 0 0 0 0
split_gain=0.600139 0.13299 0.182945 0.019834 0.102358 0.0183838 0.020433 0.0176626
threshold=0.0052107200608590984 0.014451459212147534 0.0062315148134310756 0.0072513893889438134 0.0082404255037043152 0.003631902421177315 0.0024983216144647924 0.0085633804180694773
decision_type=2 2 2 2 2 2 2 2
left_child=5 2 -2 -4 -5 6 -1 -6
right_child=1 -3 3 4 7 -7 -8 -9
leaf_value=-0.029282311852642254 0.034434864922063234 0.026870300606487298 -0.00016701468767089513 0.011683934556228286 -0.021064403378051891 -0.031726524472870561 -0.012973586127652171 -0.047810309732904538
leaf_weight=1.4251113049685982 1.5218612812459449 4.6100907623767853 2.7449450790882111 0.86078026890754678 0.45967566967010498 2.7528324611485004 1.6666883230209351 0.53344988077878952
leaf_count=8 4 8 4 4 4 12 4 8
internal_value=0 0.0140429 0.00438131 -0.00556407 -0.0135551 -0.0257829 -0.0204908 -0.0354308
internal_weight=0 10.7308 6.12071 4.59885 1.85391 5.84463 3.0918 0.993126
internal_count=56 32 24 20 16 24 12 12
is_linear=0
shrinkage=0.1


Tree=6
num_leaves=8
num_cat=0
split_feature=0 0 0 0 0 0 0
split_gain=0.860753 0.394911 0.113826 0.138199 0.0356681 0.0101242 0.000167696
threshold=0.014451459212147534 0.0044247396234184328 0.0072513893889438134 0.0082404255037043152 0.0024983216144647924 0.0062315148134310756 0.0085633804180694773
decision_type=2 2 2 2 2 2 2
left_child=1 4 5 -4 -1 -3 -5
right_child=-2 2 3 6 -6 -7 -8
leaf_value=-0.0071608839415740928 0.035447860768219076 -0.042595790764328352 0.031544093899303731 -0.028763874465087991 0.012774148262258957 -0.033664409529417121 -0.031425851035718731
leaf_weight=1.2165759764611737 4.8186924159526816 2.1453889980912209 0.59139671921730019 0.4826420471072197 3.4223622530698776 3.107560321688652 0.4643302857875824
leaf_count=8 8 12 4 4 8 4 8
internal_value=0 -0.0149439 -0.0303061 -0.0063831 0.00754612 -0.0373121 -0.0300691
internal_weight=0 11.4303 6.79132 1.53837 4.63894 5.25295 0.946972
internal_count=56 48 32 16 16 16 12
is_linear=0
shrinkage=0.1


Tree=7
num_leaves=8
num_cat=0
split_feature=0 0 0 0 0 0 0
split_gain=0.510226 0.0899285 0.215316 0.107015 0.0988435 0.0399839 0.0122903
threshold=0.014451459212147534 0.0052107200608590984 0.003631902421177315 0.0072513893889438134 0.0024983216144647924 0.0082404255037043152 0.0085633804180694773
decision_type=2 2 2 2 2 2 2
left_child=1 2 4 -3 -1 -5 -7
right_child=-2 3 -4 5 -6 6 -8
leaf_value=-0.022822800751055777 0.02709802487761245 0.0072966329538402194 -0.042538226333972841 -0.039685371137114282 0.014359740878836858 0.002939984465703825 -0.020158304214868635
leaf_weight=1.3124607168138009 4.7861948013305673 3.4633790291845798 2.5310110114514828 0.79419502615928628 1.5703747570514679 0.44265216588973999 0.48031315207481384
leaf_count=8 8 8 12 4 4 4 8
internal_value=0 -0.012242 -0.0212545 -0.00282361 -0.00256825 -0.0232354 -0.00908042
internal_weight=0 10.5944 5.41385 5.18054 2.88284 1.71716 0.922965
internal_count=56 48 24 24 12 16 12
is_linear=0
shrinkage=0.1


Tree=8
num_leaves=8
num_cat=0
split_feature=0 0 0 0 0 0 0
split_gain=0.384303 0.0782255 0.215874 0.0535862 0.0500438 1.36276e-05 0.000640086
threshold=0.014451459212147534 0.0052107200608590984 0.003631902421177315 0.0024983216144647924 0.0072513893889438134 0.0082404255037043152 0.0085633804180694773
decision_type=2 2 2 2 2 2 2
left_child=1 2 3 -1 -3 -6 -7
right_child=-2 4 -4 -5 5 6 -8
leaf_value=-0.014628959815779633 0.023682627495098908 0.0048441069828961073 -0.040720159153118905 0.013936034286825183 -0.016253550501234858 -0.014248633503563288 -0.019448237190358892
leaf_weight=1.2538045421242696 4.6834411472082147 3.3847599253058434 2.4943689852952957 1.379061758518219 0.65610937774181344 0.47385938838124275 0.47315867803990841
leaf_count=8 8 8 12 4 4 4 8
internal_value=0 -0.0109654 -0.0196391 0.000333019 -0.00204935 -0.0166038 -0.0168465
internal_weight=0 10.1151 5.12724 2.63287 4.98789 1.60313 0.947018
internal_count=56 48 24 12 24 16 12
is_linear=0
shrinkage=0.1


Tree=9
num_leaves=8
num_cat=0
split_feature=0 0 0 0 0 0 0
split_gain=0.313971 0.0861731 0.0735532 0.0238956 0.00311424 0.0546744 0.00111412
threshold=0.014451459212147534 0.0044247396234184328 0.0062315148134310756 0.0082404255037043152 0.003631902421177315 0.0024983216144647924 0.0085633804180694773
decision_type=2 2 2 2 2 2 2
left_child=1 4 -3 -4 5 -1 -5
right_child=-2 2 3 6 -6 -7 -8
leaf_value=-0.012307441135406006 0.021381094400158271 -0.033377305104622682 -0.0042460025508186715 -0.026163852208958949 -0.0026900437857980807 0.017496980987592715 -0.019345227809342631
leaf_weight=1.2184284664690477 4.6540145725011834 2.066395241767168 2.4555482789874081 0.49416783452033985 1.8397025913000105 1.2438025623559952 0.46522192656993866
leaf_count=8 8 12 8 4 4 4 8
internal_value=0 -0.0101712 -0.0184857 -0.00947467 0.000422641 0.00274834 -0.0228574
internal_weight=0 9.78327 5.48133 3.41494 4.30193 2.46223 0.95939
internal_count=56 48 32 20 16 12 12
is_linear=0
shrinkage=0.1


Tree=10
num_leaves=7
num_cat=0
split_feature=0 0 0 0 0 0
split_gain=0.243641 0.0691175 0.0612495 0.0376457 0.00732362 0.00021596
threshold=0.014451459212147534 0.0044247396234184328 0.0024983216144647924 0.0062315148134310756 0.0082404255037043152 0.0085633804180694773
decision_type=2 2 2 2 2 2
left_child=1 2 -1 -3 -5 -6
right_child=-2 3 -4 4 5 -7
leaf_value=-0.018253260243433038 0.018925452940344381 -0.027272479010066266 0.0082921150049839708 -0.0071630699175799679 -0.019457257741468569 -0.016320967146373429
leaf_weight=1.2305180542170981 4.5910487473011026 2.055540569126606 2.9602918773889542 2.4059025458991532 0.42210708186030377 0.45753415487706661
leaf_count=8 8 12 8 8 4 8
internal_value=0 -0.00911547 0.000497783 -0.0166584 -0.0100179 -0.017826
internal_weight=0 9.53189 4.19081 5.34108 3.28554 0.879641
internal_count=56 48 16 32 20 12
is_linear=0
shrinkage=0.1


Tree=11
num_leaves=9
num_cat=0
split_feature=0 0 0 0 0 0 0 0
split_gain=0.224466 0.0873139 0.159493 0.136047 0.0721184 0.0157346 0.0183661 0.0308313
threshold=0.016831777094257917 0.0052107200608590984 0.003631902421177315 0.0024983216144647924 0.0062315148134310756 0.0099119325506710817 0.0072513893889438134 0.0082404255037043152
decision_type=2 2 2 2 2 2 2 2
left_child=1 2 3 -1 -3 6 -6 -8
right_child=-2 4 -4 -5 5 -7 7 -9
leaf_value=-0.020701285752719432 0.023674304984817748 0.020249548994623563 -0.034832164553379875 0.028322737156921587 -0.0071595796424000005 -0.012970653599051713 -0.0077593840069692431 0.024326271887624352
leaf_weight=1.2230336144566518 3.1110565066337594 1.4856338426470754 2.4338545128703117 1.0538289695978165 1.7994052469730379 1.6327188219875095 0.57972365617752053 0.61952214874327183
leaf_count=8 4 4 12 4 4 8 4 8
internal_value=0 -0.00680218 -0.0170351 0.00198912 0.0010782 -0.00507151 -0.000770553 0.00881585
internal_weight=0 10.8277 4.71072 2.27686 6.117 4.63137 2.99865 1.19925
internal_count=56 52 24 12 28 24 16 12
is_linear=0
shrinkage=0.1


Tree=12
num_leaves=8
num_cat=0
split_feature=0 0 0 0 0 0 0
split_gain=0.215517 0.0964862 0.0584204 0.0395973 0.00486732 0.000101518 0.0033315
threshold=0.014451459212147534 0.0044247396234184328 0.0062315148134310756 0.0024983216144647924 0.0072513893889438134 0.0082404255037043152 0.0085633804180694773
decision_type=2 2 2 2 2 2 2
left_child=1 3 -3 -1 -4 -6 -7
right_child=-2 2 4 -5 5 6 -8
leaf_value=-0.01208324776656307 0.018334020949272244 -0.030537088971151278 -0.01267471418935693 0.0098765701430542415 -0.0039959736922762978 -0.00057473899882738212 -0.012100585394193909
leaf_weight=1.167135883122681 4.371769182384015 2.0455420315265656 1.8091782554984095 2.7697358727455139 0.56128598749637593 0.56712472811341264 0.44958635233342648
leaf_count=8 8 12 4 8 4 4 8
internal_value=0 -0.0085545 -0.017193 0.0033663 -0.00913443 -0.00507548 -0.00567143
internal_weight=0 9.36959 5.43272 3.93687 3.38718 1.578 1.01671
internal_count=56 48 32 16 20 16 12
is_linear=0
shrinkage=0.1


Tree=13
num_leaves=8
num_cat=0
split_feature=0 0 0 0 0 0 0
split_gain=0.184512 0.0718662 0.0169609 0.010583 0.151973 0.00157392 0.000182066
threshold=0.014451459212147534 0.0044247396234184328 0.0062315148134310756 0.003631902421177315 0.0024983216144647924 0.0082404255037043152 0.0085633804180694773
decision_type=2 2 2 2 2 2 2
left_child=1 3 -3 4 -1 -4 -7
right_child=-2 2 5 -5 -6 6 -8
leaf_value=-0.016495725136145657 0.016957611402491742 -0.022894579604261892 -0.0098387003299450892 -0.0032464547348201259 0.038278581008280084 -0.013337942207997286 -0.016136517286790539
leaf_weight=1.172650240361689 4.3553193807601938 1.9993490129709242 2.3561098203063016 1.8525465428829195 0.89173584431409825 0.47909756563603867 0.45157020725309849
leaf_count=8 8 12 8 4 4 4 8
internal_value=0 -0.00802514 -0.0156319 0.00224065 0.00716468 -0.011214 -0.0146958
internal_weight=0 9.20306 5.28613 3.91693 2.06439 3.28678 0.930668
internal_count=56 48 32 16 12 20 12
is_linear=0
shrinkage=0.1


Tree=14
num_leaves=10
num_cat=0
split_feature=0 0 0 0 0 0 0 0 0
split_gain=0.169831 0.0464886 0.141258 0.162651 0.0841435 0.0186318 0.00358519 0.0156787 0.00011157
threshold=0.016831777094257917 0.0052107200608590984 0.003631902421177315 0.0024983216144647924 0.0062315148134310756 0.014451459212147534 0.0072513893889438134 0.0082404255037043152 0.0085633804180694773
decision_type=2 2 2 2 2 2 2 2 2
left_child=1 2 3 -1 -3 6 -6 -8 -9
right_child=-2 4 -4 -5 5 -7 7 8 -10
leaf_value=-0.018021081325513746 0.02083881601646026 0.02035357438512779 -0.030474489985241972 0.040511838134822398 -0.014253138832772343 0.0029102468188091381 0.0055981227436784284 -0.017064205706092857 -0.014798615158380808
leaf_weight=1.16666069999337 3.0243318825960168 1.4730438236147163 2.3639312423765659 0.80047073960304249 1.7845660895109179 1.3035502955317495 0.55545721948146798 0.42599071748554707 0.44382400996983051
leaf_count=8 4 4 12 4 4 4 4 4 8
internal_value=0 -0.00610841 -0.0140002 0.0057973 -0.000398896 -0.00717192 -0.0112664 -0.00752674 -0.0159082
internal_weight=0 10.3175 4.33106 1.96713 5.98643 4.51339 3.20984 1.42527 0.869815
internal_count=56 52 24 12 28 24 20 16 12
is_linear=0
shrinkage=0.1


Tree=15
num_leaves=8
num_cat=0
split_feature=0 0 0 0 0 0 0
split_gain=0.139394 0.131532 0.0363432 0.0238371 0.0546423 0.0291752 0.0136742
threshold=0.0072513893889438134 0.0044247396234184328 0.0024983216144647924 0.016831777094257917 0.0099119325506710817 0.0082404255037043152 0.0062315148134310756
decision_type=2 2 2 2 2 2 2
left_child=1 2 -1 4 5 -2 -3
right_child=3 6 -4 -5 -6 -7 -8
leaf_value=-0.010533116307066805 0.0023732302432905202 -0.027664996874351894 0.011097729329717206 0.018018972644996752 -0.0081455656184799101 0.033087773665493335 -0.015645385830186178
leaf_weight=1.1160957813262942 0.53220929950475693 2.0156345795840025 2.5546113476157188 2.9568154662847519 1.458782933652401 0.73825511150062084 1.7844448611140253
leaf_count=8 4 12 8 4 8 8 4
internal_value=0 -0.00897984 0.00452077 0.0117984 0.00505915 0.0202212 -0.0220208
internal_weight=0 7.47079 3.67071 5.68606 2.72925 1.27046 3.80008
internal_count=56 32 16 24 20 12 16
is_linear=0
shrinkage=0.1


Tree=16
num_leaves=7
num_cat=0
split_feature=0 0 0 0 0 0
split_gain=0.150163 0.106573 0.0539723 0.067829 0.0326783 0.000502338
threshold=0.0052107200608590984 0.003631902421177315 0.014451459212147534 0.0062315148134310756 0.0072513893889438134 0.0085633804180694773
decision_type=2 2 2 2 2 2
left_child=1 -1 3 -2 -5 -6
right_child=2 -3 -4 4 5 -7
leaf_value=0.0021807185644563388 0.018193662136078901 -0.030054999369133036 0.015469062945278937 -0.017047366336535606 0.0011745764798503592 0.0049484299612590384
leaf_weight=1.8414327129721648 1.4618798531591872 2.3148172963410616 4.2095031589269638 1.7635903581976893 1.2666748892515896 0.48883761465549458
leaf_count=12 4 12 8 4 8 8
internal_value=0 -0.0157729 0.00713305 8.81678e-05 -0.00743308 0.00222544
internal_weight=0 4.15625 9.19049 4.98098 3.5191 1.75551
internal_count=56 24 32 24 20 16
is_linear=0
shrinkage=0.1


Tree=17
num_leaves=7
num_cat=0
split_feature=0 0 0 0 0 0
split_gain=0.153968 0.164425 0.188928 0.00921099 0.00579066 0.00086034
threshold=0.0085633804180694773 0.0044247396234184328 0.0024983216144647924 0.016831777094257917 0.0072513893889438134 0.0062315148134310756
decision_type=2 2 2 2 2 2
left_child=1 2 -1 -2 5 -3
right_child=3 4 -4 -5 -6 -7
leaf_value=-0.023616047186493842 0.0086874190713238861 -0.019581220360384115 0.026284254173285754 0.017879796405526473 -0.026268826143793278 -0.016530181263153913
leaf_weight=1.1674561500549301 1.730981599539519 1.9297841414809227 2.1672376245260239 2.9440077692270279 1.1406263355165718 1.7736689224839211
leaf_count=8 12 12 8 4 8 4
internal_value=0 -0.00827459 0.00881446 0.0144762 -0.0200388 -0.01812
internal_weight=0 8.17877 3.33469 4.67499 4.84408 3.70345
internal_count=56 40 16 16 24 16
is_linear=0
shrinkage=0.1


Tree=18
num_leaves=8
num_cat=0
split_feature=0 0 0 0 0 0 0
split_gain=0.11032 0.0381593 0.0584081 0.0562901 0.038219 0.000469204 1.20288e-07
threshold=0.016831777094257917 0.0044247396234184328 0.0072513893889438134 0.0099119325506710817 0.0024983216144647924 0.0062315148134310756 0.0082404255037043152
decision_type=2 2 2 2 2 2 2
left_child=1 4 5 6 -1 -3 -4
right_child=-2 2 3 -5 -6 -7 -8
leaf_value=-0.012351352347222445 0.017118183510493386 -0.018843498454688773 0.016886209423377607 -0.012152652407788794 0.010025871986387658 -0.016593257404312257 0.016824213304230298
leaf_weight=1.0960354916751369 2.9152453988790521 1.9180706217885017 0.55391348525881767 1.4101893398910761 2.5137803331017494 1.7926670163869858 0.71946044266223907
leaf_count=8 4 12 4 8 8 4 8
internal_value=0 -0.00498832 -0.00962874 0.00160992 0.00323156 -0.0177564 0.0168512
internal_weight=0 10.0041 6.3943 2.68356 3.60982 3.71074 1.27337
internal_count=56 52 36 20 16 16 12
is_linear=0
shrinkage=0.1


Tree=19
num_leaves=8
num_cat=0
split_feature=0 0 0 0 0 0 0
split_gain=0.118038 0.0505052 0.0426434 0.027142 0.0554387 0.00326934 0.00175965
threshold=0.014451459212147534 0.0044247396234184328 0.0024983216144647924 0.0072513893889438134 0.0082404255037043152 0.0062315148134310756 0.0085633804180694773
decision_type=2 2 2 2 2 2 2
left_child=1 2 -1 5 -5 -3 -6
right_child=-2 3 -4 4 6 -7 -8
leaf_value=-0.014006670665213248 0.014137876994553831 -0.014323201772554143 0.0098262398147718772 0.022147904973756655 -0.012409553107140661 -0.020234944768606218 -0.020964331116312154
leaf_weight=1.0696587413549408 4.0563300698995599 1.8792526572942734 2.5181520581245422 0.60444638505578019 0.50505494512617588 1.8626885265111923 0.45891963131725788
leaf_count=8 8 12 8 4 4 4 8
internal_value=0 -0.00644491 0.00272077 -0.0126375 -0.00159474 -0.017266 -0.0164822
internal_weight=0 8.89817 3.58781 5.31036 1.56842 3.74194 0.963975
internal_count=56 48 16 32 16 16 12
is_linear=0
shrinkage=0.1


Tree=20
num_leaves=9
num_cat=0
split_feature=0 0 0 0 0 0 0 0
split_gain=0.106362 0.312677 0.320362 0.0503226 0.0986035 1.23437e-06 0.00115394 9.91341e-05
threshold=0.014451459212147534 0.0020964709362769258 0.003631902421177315 0.0052107200608590984 0.0062315148134310756 0.0072513893889438134 0.0082404255037043152 0.0085633804180694773
decision_type=2 2 2 2 2 2 2 2
left_child=1 -1 -3 -4 -5 -6 -7 -8
right_child=-2 2 3 4 5 6 7 -9
leaf_value=-0.083226130884824154 0.013404898136878673 0.046237779064002622 -0.021784264112000969 0.017873386179075978 -0.013401216977806815 -0.01022231811334203 -0.014779882348522226 -0.016955584367227963
leaf_weight=0.49719037488102813 4.0433283522725114 1.1978573501110057 2.3154667355120182 1.4537263195961712 1.7986164242029192 0.61207297071814515 0.3960271067917347 0.44445525202900171
leaf_count=4 8 8 12 4 4 4 4 8
internal_value=0 -0.00621891 -0.00156009 -0.00971565 -0.00377621 -0.0134566 -0.0135252 -0.0159304
internal_weight=0 8.71541 8.21822 7.02036 4.7049 3.25117 1.45256 0.840482
internal_count=56 48 44 36 24 20 16 12
is_linear=0
shrinkage=0.1


Tree=21
num_leaves=8
num_cat=0
split_feature=0 0 0 0 0 0 0
split_gain=0.0907853 0.0356471 0.0121648 0.00440831 0.000459762 0.171884 6.7366e-07
threshold=0.0085633804180694773 0.0044247396234184328 0.016831777094257917 0.0072513893889438134 0.003631902421177315 0.0024983216144647924 0.0062315148134310756
decision_type=2 2 2 2 2 2 2
left_child=1 4 -2 6 5 -1 -3
right_child=2 3 -4 -5 -6 -7 -8
leaf_value=-0.025414422946626672 0.0044379548154200015 -0.013387369070510925 0.015305405656154956 -0.0060008514713110984 0.00060175413047867986 0.044717891259768022 -0.013472191389384061
leaf_weight=0.86333475634455503 1.6037521334365017 2.0137573033571243 2.879292830824852 1.0149865858256815 1.8717116713523865 0.58711080253124237 1.7499748319387438
leaf_count=8 12 12 4 8 4 4 4
internal_value=0 -0.0063186 0.0114177 -0.0118496 0.00163734 0.00297371 -0.0134268
internal_weight=0 8.10088 4.48304 4.77872 3.32216 1.45045 3.76373
internal_count=56 40 16 24 16 12 16
is_linear=0
shrinkage=0.1


Tree=22
num_leaves=8
num_cat=0
split_feature=0 0 0 0 0 0 0
split_gain=0.0809959 0.0387749 0.01708 0.0369663 0.00325781 0.102707 0.000649622
threshold=0.016831777094257917 0.0044247396234184328 0.0082404255037043152 0.0099119325506710817 0.003631902421177315 0.0024983216144647924 0.0062315148134310756
decision_type=2 2 2 2 2 2 2
left_child=1 4 6 -4 5 -1 -3
right_child=-2 2 3 -5 -6 -7 -8
leaf_value=-0.01445573283793738 0.01474770867536466 -0.013784020985720761 0.018859152361286689 -0.010639897032592631 0.0017883789699062102 0.041700516785497188 -0.01133585177304702
leaf_weight=0.8065682612359506 2.8649341613054284 2.0088766533881426 0.6243342366069552 1.3292323863133788 1.884774923324585 0.54627494513988495 2.3538974523544312
leaf_count=8 4 12 8 8 4 4 8
internal_value=0 -0.00442238 -0.00898342 -0.00121239 0.00447585 0.00822003 -0.0124631
internal_weight=0 9.55396 6.31634 1.95357 3.23762 1.35284 4.36277
internal_count=56 52 36 16 16 12 20
is_linear=0
shrinkage=0.1


Tree=23
num_leaves=9
num_cat=0
split_feature=0 0 0 0 0 0 0 0
split_gain=0.0725377 0.0472841 0.00346081 0.0760484 0.00132225 0.00183061 0.00136612 0.000147847
threshold=0.014451459212147534 0.0044247396234184328 0.003631902421177315 0.0024983216144647924 0.0072513893889438134 0.0082404255037043152 0.0085633804180694773 0.0062315148134310756
decision_type=2 2 2 2 2 2 2 2
left_child=1 2 3 -1 7 -6 -7 -3
right_child=-2 4 -4 -5 5 6 -8 -9
leaf_value=-0.011053105134022162 0.011211825897754366 -0.011439590433956273 0.0016769756842944265 0.038776787748223573 -0.0042409888512526762 -0.0075411632653430531 -0.015338713783131147 -0.012693414527846295
leaf_weight=0.78518342785537065 3.9387708231806764 1.9839048348367214 1.9121799170970917 0.50214327126741409 0.59923432767391183 0.45682726055383682 0.4421506067737937 1.7880840003490448
leaf_count=8 8 12 4 4 4 4 8 4
internal_value=0 -0.00521398 0.00437551 0.00838388 -0.0110357 -0.00852241 -0.0113763 -0.012034
internal_weight=0 8.46971 3.19951 1.28733 5.2702 1.49821 0.898978 3.77199
internal_count=56 48 16 12 32 16 12 16
is_linear=0
shrinkage=0.1


Tree=24
num_leaves=10
num_cat=0
split_feature=0 0 0 0 0 0 0 0 0
split_gain=0.0691152 0.0396235 0.0120886 0.0012843 0.00154728 0.000604957 0.066988 0.000484736 0.00020198
threshold=0.016831777094257917 0.0044247396234184328 0.014451459212147534 0.0072513893889438134 0.0082404255037043152 0.003631902421177315 0.0024983216144647924 0.0062315148134310756 0.0085633804180694773
decision_type=2 2 2 2 2 2 2 2 2
left_child=1 5 3 7 -5 6 -1 -3 -6
right_child=-2 2 -4 4 8 -7 -8 -9 -10
leaf_value=-0.011292800475207346 0.013680420493145988 -0.010611282534530329 0.00091887189882352248 -0.0042527966426888905 -0.0093307508590683586 0.003865105391708592 0.036323410768166989 -0.012884380573974164 -0.012431082949248927
leaf_weight=0.78252466022968115 2.8400027900934228 1.9783922918140888 1.0776969268918035 0.5916522145271299 0.4081475455313921 1.925649419426918 0.47466976195573807 1.7841994315385818 0.43312322627753019
leaf_count=8 4 12 4 4 4 4 4 4 8
internal_value=0 -0.00410874 -0.00871962 -0.0107189 -0.00817119 0.00497906 0.00668531 -0.0116892 -0.0109269
internal_weight=0 9.45606 6.27321 5.19551 1.43292 3.18284 1.25719 3.76259 0.841271
internal_count=56 52 36 32 16 16 12 16 12
is_linear=0
shrinkage=0.1


Tree=25
num_leaves=9
num_cat=0
split_feature=0 0 0 0 0 0 0 0
split_gain=0.0616211 0.051183 0.0101157 0.00200966 0.00189781 0.00149859 9.09564e-05 8.9443e-05
threshold=0.016831777094257917 0.0044247396234184328 0.014451459212147534 0.0072513893889438134 0.0062315148134310756 0.0082404255037043152 0.0085633804180694773 0.003631902421177315
decision_type=2 2 2 2 2 2 2 2
left_child=1 7 3 4 -3 -5 -7 -1
right_child=-2 2 -4 5 -6 6 -8 -9
leaf_value=0.0057452621596382003 0.012945429916563105 -0.010067576531468024 -0.00026646926435371099 -0.0039296199926119402 -0.014560199278488679 -0.0094367789535604544 -0.011586663250317262 0.0068347500251290209
leaf_weight=1.2258087415248138 2.8261613249778756 1.9735379964113235 1.055529326200485 0.58911389485001542 1.7959056347608566 0.36657889373600483 0.42487519606947899 1.9558163434267044
leaf_count=12 4 12 4 4 4 4 8 4
internal_value=0 -0.00389743 -0.00918469 -0.0110125 -0.012208 -0.00774841 -0.0105909 0.00641499
internal_weight=0 9.38717 6.20554 5.15001 3.76944 1.38057 0.791454 3.18163
internal_count=56 52 36 32 16 16 12 16
is_linear=0
shrinkage=0.1


Tree=26
num_leaves=8
num_cat=0
split_feature=0 0 0 0 0 0 0
split_gain=0.0539484 0.0752869 0.024463 0.0199185 0.0229148 0.0204269 0.00400488
threshold=0.016831777094257917 0.0044247396234184328 0.003631902421177315 0.0072513893889438134 0.0099119325506710817 0.0062315148134310756 0.0082404255037043152
decision_type=2 2 2 2 2 2 2
left_child=1 2 -1 5 6 -3 -5
right_child=-2 3 -4 4 -6 -7 -8
leaf_value=-0.0023647025314980597 0.01216062416820698 -0.0074586269552094787 0.015310432850900885 0.0015734044252605284 -0.01232965220000147 -0.022080920923499198 0.013511112255763373
leaf_weight=1.2679104786366209 2.8139714673161516 1.9606474339962006 2.0476197749376297 0.57337487861514114 1.2289812276139853 1.8633170127868652 0.55117053166031837
leaf_count=12 4 12 4 4 8 4 8
internal_value=0 -0.00360471 0.00855119 -0.0101289 -0.00289091 -0.0145837 0.0074244
internal_weight=0 9.49302 3.31553 6.17749 2.35353 3.82396 1.12455
internal_count=56 52 16 36 20 16 12
is_linear=0
shrinkage=0.1


Tree=27
num_leaves=8
num_cat=0
split_feature=0 0 0 0 0 0 0
split_gain=0.0578254 0.0435654 0.0587369 0.0187583 0.00235871 0.005866 0.000524661
threshold=0.0052107200608590984 0.0062315148134310756 0.014451459212147534 0.003631902421177315 0.0072513893889438134 0.0082404255037043152 0.0085633804180694773
decision_type=2 2 2 2 2 2 2
left_child=3 -2 4 -1 -3 -6 -7
right_child=1 2 -4 -5 5 6 -8
leaf_value=-0.00079989344332303484 0.01944662961049802 -0.011464649461562663 0.0093557568367571408 -0.015931134513400461 0.0015591065097398705 -0.014648645099664032 -0.0093949460123992166
leaf_weight=1.2605340722948324 1.5827515851706246 1.7788045033812525 3.8505672961473465 2.3406277410686016 0.59150199592113473 0.33483303152024746 0.43970876093953848
leaf_count=12 4 4 8 12 4 4 8
internal_value=0 0.00446449 0.00107469 -0.0106347 -0.00906468 -0.00593954 -0.0116661
internal_weight=0 8.57817 6.99542 3.60116 3.14485 1.36604 0.774542
internal_count=56 32 28 24 20 16 12
is_linear=0
shrinkage=0.1


Tree=28
num_leaves=7
num_cat=0
split_feature=0 0 0 0 0 0
split_gain=0.0469639 0.038329 0.001466 0.00287164 0.000688384 2.06209e-06
threshold=0.014451459212147534 0.0044247396234184328 0.0072513893889438134 0.0085633804180694773 0.0062315148134310756 0.003631902421177315
decision_type=2 2 2 2 2 2
left_child=1 5 4 -4 -3 -1
right_child=-2 2 3 -5 -6 -7
leaf_value=0.0042535255173077342 0.0091333161565521105 -0.0093731315569365158 -0.0035409072939216325 -0.013513831804277593 -0.012086056612746122 0.0044187189183490985
leaf_weight=1.2378004789352399 3.8406742215156564 1.9671175163239241 0.88798766769468762 0.4278343478217721 1.7831452786922455 1.9399605393409729
leaf_count=12 8 12 8 8 4 4
internal_value=0 -0.00425506 -0.00965543 -0.00678356 -0.0106631 0.00435437
internal_weight=0 8.24385 5.06608 1.31582 3.75026 3.17776
internal_count=56 48 32 16 16 16
is_linear=0
shrinkage=0.1


Tree=29
num_leaves=7
num_cat=0
split_feature=0 0 0 0 0 0
split_gain=0.0492742 0.0364915 0.0546629 0.0248536 9.52856e-05 0.00202031
threshold=0.0052107200608590984 0.0062315148134310756 0.014451459212147534 0.003631902421177315 0.0072513893889438134 0.0085633804180694773
decision_type=2 2 2 2 2 2
left_child=3 -2 4 -1 -3 -6
right_child=1 2 -4 -5 5 -7
leaf_value=0.0014916851973506779 0.017818968711798618 -0.0094561257395957658 0.0089399516625527364 -0.016020442323073467 -0.0056363491414338739 -0.014079561040755133
leaf_weight=1.2483249008655559 1.5860765464603881 1.7545532584190371 3.841918908059597 2.3102587051689625 0.88905536942183949 0.41601251251995564
leaf_count=12 4 4 8 12 8 8
internal_value=0 0.00414124 0.000997892 -0.00987732 -0.00897483 -0.00832777
internal_weight=0 8.48762 6.90154 3.55858 3.05962 1.30507
internal_count=56 32 28 24 20 16
is_linear=0
shrinkage=0.1


Tree=30
num_leaves=8
num_cat=0
split_feature=0 0 0 0 0 0 0
split_gain=0.0412537 0.021805 0.0112678 0.00216989 0.000980473 7.57767e-05 5.17518e-05
threshold=0.016831777094257917 0.0044247396234184328 0.014451459212147534 0.0072513893889438134 0.0085633804180694773 0.003631902421177315 0.0062315148134310756
decision_type=2 2 2 2 2 2 2
left_child=1 5 3 6 -5 -1 -3
right_child=-2 2 -4 4 -6 -7 -8
leaf_value=0.0028928709997691638 0.010666809727213988 -0.0095783377815320432 0.0027439803342216899 -0.0033141066777214812 -0.0092109247353668218 0.0038951095079448558 -0.010325985114698445
leaf_weight=1.2395533882081491 2.7848170101642618 1.9649672526866198 1.0384891331195829 0.88833773694932439 0.41308676637709141 1.927376389503479 1.7507113218307495
leaf_count=12 4 12 4 8 8 4 4
internal_value=0 -0.00322093 -0.00673729 -0.00869982 -0.00518582 0.00350283 -0.00993061
internal_weight=0 9.22252 6.05559 5.0171 1.30142 3.16693 3.71568
internal_count=56 52 36 32 16 16 16
is_linear=0
shrinkage=0.1


Tree=31
num_leaves=7
num_cat=0
split_feature=0 0 0 0 0 0
split_gain=0.0654141 0.0265732 0.0391936 0.0153352 0.00432063 0.000865298
threshold=0.0052107200608590984 0.0062315148134310756 0.0085633804180694773 0.0024983216144647924 0.016831777094257917 0.0072513893889438134
decision_type=2 2 2 2 2 2
left_child=3 -2 5 -1 -4 -3
right_child=1 2 4 -5 -6 -7
leaf_value=-0.023072002643660789 0.016441793904845074 -0.0089154787218650219 0.0036249332490618418 -0.0076830357497376673 0.010325841054345902 -0.0050639755762901962
leaf_weight=0.84990916773676994 1.5914432890713195 1.7047219797968867 1.4719904502853749 2.7196478191763163 2.7785629853606224 0.88674066588282574
leaf_count=8 4 4 12 16 4 8
internal_value=0 0.0048028 0.00209558 -0.0113471 0.00800528 -0.00759758
internal_weight=0 8.43346 6.84202 3.56956 4.25055 2.59146
internal_count=56 32 28 24 16 12
is_linear=0
shrinkage=0.1


Tree=32
num_leaves=7
num_cat=0
split_feature=0 0 0 0 0 0
split_gain=0.0372556 0.035007 0.00500916 0.00192019 0.000790638 0.00417324
threshold=0.014451459212147534 0.0044247396234184328 0.0062315148134310756 0.003631902421177315 0.0072513893889438134 0.0085633804180694773
decision_type=2 2 2 2 2 2
left_child=1 3 -3 -1 -4 -6
right_child=-2 2 4 -5 5 -7
leaf_value=0.0076413465986591243 0.0082013878512371893 -0.012903600381740311 -0.0078322326439988123 0.0025442325472580913 -0.00076120031226487874 -0.012955698240022332
leaf_weight=1.200594646856187 3.7822374179959306 1.9743807613849638 1.740852549672127 1.9227160066366196 0.89693080820143201 0.4084298787638545
leaf_count=12 8 12 4 4 8 8
internal_value=0 -0.00380894 -0.00898014 0.00450355 -0.00643717 -0.0045767
internal_weight=0 8.1439 5.02059 3.12331 3.04621 1.30536
internal_count=56 48 32 16 20 16
is_linear=0
shrinkage=0.1


Tree=33
num_leaves=8
num_cat=0
split_feature=0 0 0 0 0 0 0
split_gain=0.0456218 0.0231374 0.017029 0.0314288 0.000761772 0.00062383 0.000246001
threshold=0.0052107200608590984 0.003631902421177315 0.0062315148134310756 0.014451459212147534 0.0072513893889438134 0.0082404255037043152 0.0085633804180694773
decision_type=2 2 2 2 2 2 2
left_child=1 -1 -2 4 -4 -6 -7
right_child=2 -3 3 -5 5 6 -8
leaf_value=0.0014827234530321348 0.013296523755618232 -0.015527622239513254 -0.0071860926379327568 0.007883469934318408 -0.0065255118808343606 -7.4507269870346417e-05 -0.0037230173177969757
leaf_weight=1.2308270484209072 1.5967314448207597 2.2824839632958174 1.71338127553463 3.7883129268884659 0.55196364969015099 0.3340021874755621 0.41369991842657328
leaf_count=12 4 12 4 8 4 4 8
internal_value=0 -0.00956835 0.00400288 0.00182105 -0.00580126 -0.00397559 -0.00209321
internal_weight=0 3.51331 8.39809 6.80136 3.01305 1.29967 0.747702
internal_count=56 24 32 28 20 16 12
is_linear=0
shrinkage=0.1


Tree=34
num_leaves=7
num_cat=0
split_feature=0 0 0 0 0 0
split_gain=0.042643 0.0181822 0.0144944 0.0255637 0.0154291 0.0402878
threshold=0.0052107200608590984 0.003631902421177315 0.016831777094257917 0.0099119325506710817 0.0072513893889438134 0.0082404255037043152
decision_type=2 2 2 2 2 2
left_child=1 -1 3 4 -2 -6
right_child=2 -3 -4 -5 5 -7
leaf_value=0.00049268002962268907 0.0009903533757806603 -0.014588586459215623 0.0098033472507595854 -0.012013730490606523 -0.0054945239842230749 0.032133267527664371
leaf_weight=1.2347272746264946 3.3116514161229116 2.2674648184329271 2.7584755346179008 1.1969668027013538 0.53635488077998139 0.60609535314142704
leaf_count=12 8 12 4 8 4 8
internal_value=0 -0.00927156 0.00386118 0.000960611 0.00444725 0.0144679
internal_weight=0 3.50219 8.40954 5.65107 4.4541 1.14245
internal_count=56 24 32 28 20 12
is_linear=0
shrinkage=0.1


Tree=35
num_leaves=7
num_cat=0
split_feature=0 0 0 0 0 0
split_gain=0.0322811 0.0150837 0.0386408 0.0338099 0.00681473 0.0201853
threshold=0.016831777094257917 0.0052107200608590984 0.003631902421177315 0.0062315148134310756 0.0099119325506710817 0.0072513893889438134
decision_type=2 2 2 2 2 2
left_child=1 2 -1 -3 5 -5
right_child=-2 3 -4 4 -6 -7
leaf_value=0.0067796786031076254 0.009528786763617356 0.012741730911200223 -0.015598518388621162 -0.0089998973042185963 -0.010719777698767922 0.0070545674260805288
leaf_weight=1.1646206937730297 2.7509585320949563 1.5909891780465839 2.2865015584975481 1.7610065415501597 1.1954988567158578 1.4103524424135683
leaf_count=12 4 4 12 4 8 12
internal_value=0 -0.00278599 -0.00804674 0.00026134 -0.00428568 -0.00186023
internal_weight=0 9.40897 3.45112 5.95785 4.36686 3.17136
internal_count=56 52 24 28 24 16
is_linear=0
shrinkage=0.1


Tree=36
num_leaves=7
num_cat=0
split_feature=0 0 0 0 0 0
split_gain=0.132932 0.121698 0.120404 0.0737591 0.0718709 0.000477697
threshold=0.0044247396234184328 0.014451459212147534 0.0082404255037043152 0.0085633804180694773 0.0024983216144647924 0.0062315148134310756
decision_type=2 2 2 2 2 2
left_child=4 2 5 -4 -1 -2
right_child=1 -3 3 -5 -6 -7
leaf_value=-0.0066463454915408147 -0.0093693706451697303 0.0078562819761099131 -0.06721101055010921 -0.012371648952891758 0.029128698867132759 -0.0072342840275431948
leaf_weight=0.78026019595563534 1.9334892556071261 3.7532030940055847 0.64090024866163708 0.39730406645685434 2.0034272633492947 2.2878774404525757
leaf_count=8 12 8 4 8 8 8
internal_value=0 -0.00589956 -0.0157157 -0.0462249 0.019101 -0.00821221
internal_weight=0 9.01277 5.25957 1.0382 2.78369 4.22137
internal_count=56 40 32 12 16 20
is_linear=0
shrinkage=0.1


Tree=37
num_leaves=7
num_cat=0
split_feature=0 0 0 0 0 0
split_gain=0.0956066 0.0518559 0.0248376 0.0192796 0.15647 0.00059645
threshold=0.0082404255037043152 0.0044247396234184328 0.0062315148134310756 0.016831777094257917 0.0099119325506710817 0.003631902421177315
decision_type=2 2 2 2 2 2
left_child=1 5 -3 4 -2 -1
right_child=3 2 -4 -5 -6 -7
leaf_value=0.0047285900283788309 0.057847951934530531 -0.021898887294320796 -0.0067659915555128821 0.0062119033810906872 -0.0033287635983073362 0.0018697692861498116
leaf_weight=1.179856289178133 0.66936856694519509 2.0722312834113836 2.2756372727453709 2.6732149049639702 1.1136628016829488 1.9131793826818466
leaf_count=12 8 12 8 4 8 4
internal_value=0 -0.00693736 -0.0139785 0.0115838 0.0196376 0.00296028
internal_weight=0 7.4409 4.34787 4.45625 1.78303 3.09304
internal_count=56 36 20 20 16 16
is_linear=0
shrinkage=0.1


Tree=38
num_leaves=7
num_cat=0
split_feature=0 0 0 0 0 0
split_gain=0.0399244 0.0298457 0.0370919 0.0211447 0.0137594 0.00629132
threshold=0.0052107200608590984 0.0062315148134310756 0.014451459212147534 0.003631902421177315 0.0082404255037043152 0.0085633804180694773
decision_type=2 2 2 2 2 2
left_child=3 -2 4 -1 -3 -6
right_child=1 2 -4 -5 5 -7
leaf_value=0.0017427620084559251 0.016020196304947009 -0.0029741469774355197 0.007611789200477061 -0.014801813561419642 -0.0093441851678000634 -0.026101652024878186
leaf_weight=1.1765937581658374 1.5897312723100165 2.317304771393538 3.7325071468949318 2.2491633119061589 0.4567510038614272 0.43973103072494268
leaf_count=12 4 8 8 12 4 8
internal_value=0 0.00365992 0.000831145 -0.00911949 -0.00704393 -0.0175638
internal_weight=0 8.53603 6.94629 3.42576 3.21379 0.896482
internal_count=56 32 28 24 20 12
is_linear=0
shrinkage=0.1


Tree=39
num_leaves=7
num_cat=0
split_feature=0 0 0 0 0 0
split_gain=0.0322092 0.0239013 0.0192364 0.0323391 0.00249946 0.0101368
threshold=0.0052107200608590984 0.003631902421177315 0.0062315148134310756 0.014451459212147534 0.0082404255037043152 0.0085633804180694773
decision_type=2 2 2 2 2 2
left_child=1 -1 -2 4 -4 -6
right_child=2 -3 3 -5 5 -7
leaf_value=0.0033760213086726325 0.013179504827373229 -0.014277527910668643 -0.0046217909755052692 0.0073371937634919759 -0.0012731055528135845 -0.022587687976241416
leaf_weight=1.167270664125682 1.5968192312866429 2.2361622964963317 2.2944365516304974 3.7233119085431099 0.4973752200603484 0.40465370379388332
leaf_count=12 4 12 8 8 4 8
internal_value=0 -0.00822291 0.00328607 0.00100305 -0.00637511 -0.0108349
internal_weight=0 3.40343 8.5166 6.91978 3.19647 0.902029
internal_count=56 24 32 28 20 12
is_linear=0
shrinkage=0.1


Tree=40
num_leaves=7
num_cat=0
split_feature=0 0 0 0 0 0
split_gain=0.0372543 0.0266166 0.0105214 0.0209139 0.00281169 0.000416912
threshold=0.0052107200608590984 0.003631902421177315 0.0062315148134310756 0.014451459212147534 0.0072513893889438134 0.0082404255037043152
decision_type=2 2 2 2 2 2
left_child=1 -1 -2 4 -4 -6
right_child=2 -3 3 -5 5 -7
leaf_value=0.0035038295071199281 0.01078332489945035 -0.015195485832929909 -0.0066749319387303628 0.0069946818324213705 -0.0031998995917884932 0.0002346447921043742
leaf_weight=1.1502552945166837 1.6064341012388448 2.2505472889170051 1.7486698776483538 3.7084257453680038 0.52396894618868817 1.085912089794874
leaf_count=12 4 12 4 8 4 12
internal_value=0 -0.00887081 0.0034782 0.00181763 -0.00389873 -0.000883198
internal_weight=0 3.4008 8.67341 7.06698 3.35855 1.60988
internal_count=56 24 32 28 20 16
is_linear=0
shrinkage=0.1


Tree=41
num_leaves=6
num_cat=0
split_feature=0 0 0 0 0
split_gain=0.133954 0.0999768 0.123636 0.0828336 0.00216299
threshold=0.0044247396234184328 0.014451459212147534 0.0082404255037043152 0.0024983216144647924 0.0062315148134310756
decision_type=2 2 2 2 2
left_child=3 2 4 -1 -2
right_child=1 -3 -4 -5 -6
leaf_value=-0.007969900924794656 -0.0093135094397741071 0.0067285754263538937 -0.044295897371034218 0.030150149458355782 -0.0047612652846630819
leaf_weight=0.80028018727898698 1.924013651907442 3.6890447810292244 1.1151803554967044 1.9812800288200378 2.2814314104616642
leaf_count=8 12 8 12 8 8
internal_value=0 -0.00592227 -0.0146937 0.0191827 -0.00684394
internal_weight=0 9.00967 5.32063 2.78156 4.20545
internal_count=56 40 32 16 20
is_linear=0
shrinkage=0.1


Tree=42
num_leaves=7
num_cat=0
split_feature=0 0 0 0 0 0
split_gain=0.0678845 0.0320313 0.0124871 0.0092572 0.137626 2.74376e-05
threshold=0.0082404255037043152 0.0044247396234184328 0.0062315148134310756 0.016831777094257917 0.0099119325506710817 0.003631902421177315
decision_type=2 2 2 2 2 2
left_child=1 5 -3 4 -2 -1
right_child=3 2 -4 -5 -6 -7
leaf_value=0.0015262688256681106 0.051698556462353308 -0.017206943966973434 -0.0063946440400406345 0.006147820794015442 -0.0065232493731940929 0.0021430258021705828
leaf_weight=1.1517179608345032 0.65384520404040802 2.0065775066614151 2.2838889211416245 2.6711711138486862 1.071104855276644 1.9300832152366638
leaf_count=12 8 12 8 4 8 4
internal_value=0 -0.00586491 -0.0114514 0.00983541 0.0155458 0.00191253
internal_weight=0 7.37227 4.29047 4.39612 1.72495 3.0818
internal_count=56 36 20 20 16 16
is_linear=0
shrinkage=0.1


Tree=43
num_leaves=8
num_cat=0
split_feature=0 0 0 0 0 0 0
split_gain=0.034669 0.0227275 0.022135 0.0116606 0.00507807 0.00194838 0.000577011
threshold=0.0052107200608590984 0.0062315148134310756 0.016831777094257917 0.003631902421177315 0.0099119325506710817 0.0072513893889438134 0.0082404255037043152
decision_type=2 2 2 2 2 2 2
left_child=3 -2 4 -1 5 -3 -7
right_child=1 2 -4 -5 -6 6 -8
leaf_value=-0.00034250681250363427 0.014169358631638044 -0.0037400606662745133 0.007989225526333011 -0.012741943335611558 -0.0093540712471604365 0.0036037175544034183 -0.00051580300974865805
leaf_weight=1.1452021580189478 1.5932298544794301 1.734152674674988 2.7072286158800125 2.2456982582807541 1.1223418666049836 0.60669605806469895 0.7735013160854578
leaf_count=12 4 4 4 12 8 4 8
internal_value=0 0.00339771 0.000926241 -0.00855431 -0.00358698 -0.00150865 0.00129502
internal_weight=0 8.53715 6.94392 3.3909 4.23669 3.11435 1.3802
internal_count=56 32 28 24 24 16 12
is_linear=0
shrinkage=0.1


Tree=44
num_leaves=6
num_cat=0
split_feature=0 0 0 0 0
split_gain=0.238652 0.127411 0.325482 0.0955583 0.000703622
threshold=0.0044247396234184328 0.014451459212147534 0.0082404255037043152 0.003631902421177315 0.0062315148134310756
decision_type=2 2 2 2 2
left_child=3 2 4 -1 -2
right_child=1 -3 -4 -5 -6
leaf_value=0.0024000720963599886 -0.0049453572040488447 0.0066156618614265699 -0.059598578351390277 0.039819941127648216 -0.0023375433007624207
leaf_weight=1.1198757011443385 1.8760031340643744 3.677084818482399 1.374423701316118 1.7471046447753906 2.3069206774234772
leaf_count=12 12 8 12 4 8
internal_value=0 -0.00782478 -0.0173795 0.0252033 -0.00350712
internal_weight=0 9.23443 5.55735 2.86698 4.18292
internal_count=56 40 32 16 20
is_linear=0
shrinkage=0.1


Tree=45
num_leaves=7
num_cat=0
split_feature=0 0 0 0 0 0
split_gain=0.0573934 0.0189992 0.0113581 0.140967 0.00913215 0.000270351
threshold=0.0082404255037043152 0.0044247396234184328 0.016831777094257917 0.0099119325506710817 0.0062315148134310756 0.003631902421177315
decision_type=2 2 2 2 2 2
left_child=1 5 3 -2 -3 -1
right_child=2 4 -4 -5 -6 -7
leaf_value=-0.00059985458214584491 0.054412742393148084 -0.014533767013279179 0.005237555188912741 -0.0066885356540669688 -0.005364744379137993 0.0013200202319967197
leaf_weight=1.1379108373075726 0.59842999465763558 1.9760021222755311 2.6539520621299744 1.0231633493676779 2.4123586621135473 2.0636550188064575
leaf_count=12 8 12 4 8 8 4
internal_value=0 -0.00521994 0.00926641 0.0158602 -0.00949339 0.000637652
internal_weight=0 7.58993 4.27555 1.62159 4.38836 3.20157
internal_count=56 36 20 16 20 16
is_linear=0
shrinkage=0.1


Tree=46
num_leaves=8
num_cat=0
split_feature=0 0 0 0 0 0 0
split_gain=0.0292731 0.0275201 0.0193153 0.00651782 0.00234628 2.15027e-05 0.000393333
threshold=0.0052107200608590984 0.0062315148134310756 0.016831777094257917 0.0099119325506710817 0.003631902421177315 0.0072513893889438134 0.0082404255037043152
decision_type=2 2 2 2 2 2 2
left_child=4 -2 3 5 -1 -3 -7
right_child=1 2 -4 -5 -6 6 -8
leaf_value=-0.0039438817973123557 0.01503349669942841 -0.001743834513898188 0.0070480619140663439 -0.01057765245517734 -0.0094544421904620285 0.00027510264372278162 -0.0031194801300608969
leaf_weight=1.1453096065670263 1.5927860867232064 1.7141473591327669 2.6888372153043747 1.0640713497996328 2.3747138828039169 0.77804533392190911 0.6081409752368927
leaf_count=12 4 4 4 8 12 4 8
internal_value=0 0.00319305 0.000441176 -0.0038247 -0.00766147 -0.00150701 -0.00121415
internal_weight=0 8.44603 6.85324 4.16441 3.52002 3.10033 1.38619
internal_count=56 32 28 24 24 16 12
is_linear=0
shrinkage=0.1


Tree=47
num_leaves=8
num_cat=0
split_feature=0 0 0 0 0 0 0
split_gain=0.0256584 0.0136023 0.0164763 0.00832694 0.00101951 0.00584817 0.000101869
threshold=0.0052107200608590984 0.0062315148134310756 0.014451459212147534 0.003631902421177315 0.0072513893889438134 0.0082404255037043152 0.0085633804180694773
decision_type=2 2 2 2 2 2 2
left_child=3 -2 4 -1 -3 -6 -7
right_child=1 2 -4 -5 5 6 -8
leaf_value=-0.00027556928767654874 0.011259518820419355 -0.0025849351999661253 0.0056280385471787235 -0.010723210579664444 0.00040218808518487526 -0.011175336746860207 -0.013499844390129304
leaf_weight=1.1399080492556106 1.6046575363725404 1.7216305136680605 3.6300756633281708 2.306380795314908 0.70067641511559464 0.39698938652873039 0.35903619322925806
leaf_count=12 4 4 8 12 4 4 8
internal_value=0 0.00297703 0.00102495 -0.00726751 -0.00423238 -0.00617945 -0.0122792
internal_weight=0 8.41307 6.80841 3.44629 3.17833 1.4567 0.756026
internal_count=56 32 28 24 20 16 12
is_linear=0
shrinkage=0.1


Tree=48
num_leaves=8
num_cat=0
split_feature=0 0 0 0 0 0 0
split_gain=0.025811 0.010329 0.00524527 0.00835456 0.00059212 9.43489e-05 0.00305816
threshold=0.0052107200608590984 0.003631902421177315 0.014451459212147534 0.0062315148134310756 0.0072513893889438134 0.0082404255037043152 0.0085633804180694773
decision_type=2 2 2 2 2 2 2
left_child=1 -1 3 -2 -5 -6 -7
right_child=2 -3 -4 4 5 6 -8
leaf_value=0.00037915012227334144 0.006606306920440487 -0.011264622523155061 0.0058591750253983903 -0.0034658693482140035 -0.0015983722445325735 0.0058665324549614858 -0.0067971780799571087
leaf_weight=1.1497250236570846 1.6313178166747073 2.2582574989646673 3.6134083867073059 1.7206377983093264 0.63751752674579598 0.41499639675021172 0.3528161752037704
leaf_count=12 4 12 8 4 4 4 8
internal_value=0 -0.00733645 0.00298691 0.000805275 -0.00222205 -0.000699163 4.74536e-05
internal_weight=0 3.40798 8.37069 4.75729 3.12597 1.40533 0.767813
internal_count=56 24 32 24 20 16 12
is_linear=0
shrinkage=0.1


Tree=49
num_leaves=8
num_cat=0
split_feature=0 0 0 0 0 0 0
split_gain=0.027402 0.0100486 0.00511877 0.00576823 0.00210818 0.000135817 0.00107164
threshold=0.0052107200608590984 0.003631902421177315 0.014451459212147534 0.0062315148134310756 0.0072513893889438134 0.0082404255037043152 0.0085633804180694773
decision_type=2 2 2 2 2 2 2
left_child=1 -1 3 -2 -5 -6 -7
right_child=2 -3 -4 4 5 6 -8
leaf_value=-2.7577231781215955e-05 0.0057411972737975488 -0.011524810113867932 0.005901194643113044 -0.003944052288468375 0.00010099976735927112 0.0051263526908787473 -0.0021188747821848266
leaf_weight=1.1539427731186163 1.6336332950741033 2.2277758186683059 3.6116025298833847 1.7179054245352747 0.60654274374246575 0.48335275612771511 0.35341481724753976
leaf_count=12 4 12 8 4 4 4 8
internal_value=0 -0.00760161 0.00305795 0.00091635 -0.00157701 0.00124038 0.00206628
internal_weight=0 3.38172 8.40645 4.79485 3.16122 1.44331 0.836768
internal_count=56 24 32 24 20 16 12
is_linear=0
shrinkage=0.1


Tree=50
num_leaves=7
num_cat=0
split_feature=0 0 0 0 0 0
split_gain=0.0327606 0.0131987 0.00663821 0.00625785 1.86138e-05 0.0203809
threshold=0.0052107200608590984 0.003631902421177315 0.0082404255037043152 0.0062315148134310756 0.016831777094257917 0.0099119325506710817
decision_type=2 2 2 2 2 2
left_child=1 -1 3 -2 5 -4
right_child=2 -3 4 -5 -6 -7
leaf_value=0.00035218033970272283 0.0049952118324397624 -0.012870243109326957 0.016897754401199446 -0.0031023388152383591 0.0060368143504211831 -0.0036362501827636273
leaf_weight=1.1452231369912635 1.6355673354119047 2.215192599222064 0.88088796287775029 2.2914726473391056 2.6596016436815262 1.0711194369941948
leaf_count=12 4 12 8 8 4 8
internal_value=0 -0.00836407 0.00329171 0.000270199 0.0058647 0.00563019
internal_weight=0 3.36042 8.53865 3.92704 4.61161 1.95201
internal_count=56 24 32 12 20 16
is_linear=0
shrinkage=0.1


Tree=51
num_leaves=6
num_cat=0
split_feature=0 0 0 0 0
split_gain=0.0627932 0.0631935 0.13306 0.0409836 0.00703616
threshold=0.0044247396234184328 0.014451459212147534 0.0082404255037043152 0.0024983216144647924 0.0062315148134310756
decision_type=2 2 2 2 2
left_child=3 2 4 -1 -2
right_child=1 -3 -4 -5 -6
leaf_value=-0.0057480684266551021 -0.0079071884683305782 0.0060521417756375373 -0.043917108677294897 0.021083523352633495 0.0003118684405407279
leaf_weight=0.80573894269764523 1.8841052995994667 3.6159914284944534 1.0013652434572575 1.9396956041455269 2.3292356096208096
leaf_count=8 12 8 12 8 8
internal_value=0 -0.0041066 -0.0111509 0.0132089 -0.0033635
internal_weight=0 8.8307 5.21471 2.74543 4.21334
internal_count=56 40 32 16 20
is_linear=0
shrinkage=0.1


Tree=52
num_leaves=7
num_cat=0
split_feature=0 0 0 0 0 0
split_gain=0.0780192 0.0305004 0.109102 0.0289158 0.0206673 1.64174e-05
threshold=0.0082404255037043152 0.016831777094257917 0.0099119325506710817 0.0044247396234184328 0.0062315148134310756 0.003631902421177315
decision_type=2 2 2 2 2 2
left_child=3 2 -2 5 -5 -1
right_child=1 -3 -4 4 -6 -7
leaf_value=0.0014565071532557494 0.050275498345525874 0.0038145770133346264 -0.00055027453978703095 -0.018990862537721181 -0.0051034743521119743 0.00097658080906179597
leaf_weight=1.1222839094698429 0.73149877879768588 2.6128589287400246 0.99931050837039948 1.9977166242897508 2.3116506189107895 1.9534423798322678
leaf_count=12 8 4 8 12 8 4
internal_value=0 0.0106347 0.0209304 -0.00625497 -0.0115413 0.0011517
internal_weight=0 4.34367 1.73081 7.38509 4.30937 3.07573
internal_count=56 20 16 36 20 16
is_linear=0
shrinkage=0.1


Tree=53
num_leaves=6
num_cat=0
split_feature=0 0 0 0 0
split_gain=0.112912 0.0698964 0.357434 0.0680143 0.00219944
threshold=0.0044247396234184328 0.014451459212147534 0.0082404255037043152 0.003631902421177315 0.0062315148134310756
decision_type=2 2 2 2 2
left_child=3 2 4 -1 -2
right_child=1 -3 -4 -5 -6
leaf_value=-0.0018588898505485498 -0.0017932343684614459 0.0052876801543566563 -0.061730773648321149 0.029839478847223627 0.0028066180973990995
leaf_weight=1.1145241539925346 1.8332944633439163 3.6129939332604408 1.1651226896792648 1.7239197790622711 2.4007655456662178
leaf_count=12 12 8 12 4 8
internal_value=0 -0.00547804 -0.0126822 0.017393 0.00081494
internal_weight=0 9.01218 5.39918 2.83844 4.23406
internal_count=56 40 32 16 20
is_linear=0
shrinkage=0.1


Tree=54
num_leaves=7
num_cat=0
split_feature=0 0 0 0 0 0
split_gain=0.0362759 0.0121385 0.00625769 0.0889821 0.00522294 0.000794715
threshold=0.0082404255037043152 0.0044247396234184328 0.016831777094257917 0.0099119325506710817 0.0062315148134310756 0.003631902421177315
decision_type=2 2 2 2 2 2
left_child=1 5 3 -2 -3 -1
right_child=2 4 -4 -5 -6 -7
leaf_value=-0.0016372712767426169 0.043013514548623573 -0.011421804204208678 0.0045008306409546756 -0.0061772070417909957 -0.0044833650684466464 0.0016689746545555534
leaf_weight=1.0997509043663742 0.59266861993819453 1.9239038676023481 2.6309137344360352 0.9689365322701633 2.4877830594778061 2.1450123190879822
leaf_count=12 8 12 4 8 8 4
internal_value=0 -0.00409442 0.0074773 0.0124919 -0.00750917 0.000548385
internal_weight=0 7.65645 4.19252 1.56161 4.41169 3.24476
internal_count=56 36 20 16 20 16
is_linear=0
shrinkage=0.1


Tree=55
num_leaves=8
num_cat=0
split_feature=0 0 0 0 0 0 0
split_gain=0.0177222 0.0225597 0.0144611 0.00780408 0.000825183 5.93286e-06 0.000766614
threshold=0.0052107200608590984 0.0062315148134310756 0.016831777094257917 0.0099119325506710817 0.0024983216144647924 0.0072513893889438134 0.0082404255037043152
decision_type=2 2 2 2 2 2 2
left_child=4 -2 3 5 -1 -3 -7
right_child=1 2 -4 -5 -6 6 -8
leaf_value=-0.0087418317146068618 0.013207991320411082 -0.0011237601927134092 0.0057712795398784881 -0.011390848297633545 -0.0051027013139716988 0.0004792648147267408 -0.0041277861417093062
leaf_weight=0.80625967308879021 1.5938130393624286 1.7016142979264262 2.6567816585302353 0.99538227356970299 2.742776270955801 0.88699276745319344 0.60929002054035664
leaf_count=8 4 4 4 8 16 4 8
internal_value=0 0.00249219 -1.07149e-06 -0.00365832 -0.00592943 -0.00125149 -0.00139674
internal_weight=0 8.44387 6.85006 4.19328 3.54904 3.1979 1.49628
internal_count=56 32 28 24 24 16 12
is_linear=0
shrinkage=0.1


Tree=56
num_leaves=8
num_cat=0
split_feature=0 0 0 0 0 0 0
split_gain=0.0149492 0.0100549 0.00929192 0.00350644 0.00268453 0.000378285 3.7295e-05
threshold=0.0052107200608590984 0.0062315148134310756 0.016831777094257917 0.003631902421177315 0.0099119325506710817 0.0072513893889438134 0.0082404255037043152
decision_type=2 2 2 2 2 2 2
left_child=3 -2 4 -1 5 -3 -7
right_child=1 2 -4 -5 -6 6 -8
leaf_value=-0.00082925660150377485 0.0093958841808700309 -0.0019187179420854863 0.0052273395843721506 -0.007679235075027652 -0.0068472513338497078 0.00073548980408368405 -0.00029660379657015868
leaf_weight=1.0901489537209283 1.6063620038330535 1.7083574607968333 2.6455439776182175 2.3760482659563422 1.0083311973139641 0.8069464825093744 0.61844632215797901
leaf_count=12 4 4 4 12 8 4 8
internal_value=0 0.00228143 0.000597716 -0.00552486 -0.00235922 -0.00091513 0.000287687
internal_weight=0 8.39399 6.78763 3.4662 4.14208 3.13375 1.42539
internal_count=56 32 28 24 24 16 12
is_linear=0
shrinkage=0.1


Tree=57
num_leaves=7
num_cat=0
split_feature=0 0 0 0 0 0
split_gain=0.0156624 0.00726103 0.00465237 0.00898287 0.0020195 0.000341932
threshold=0.0052107200608590984 0.003631902421177315 0.0062315148134310756 0.014451459212147534 0.0082404255037043152 0.0085633804180694773
decision_type=2 2 2 2 2 2
left_child=1 -1 -2 4 -4 -6
right_child=2 -3 3 -5 5 -7
leaf_value=0.00097729596830238292 0.007142498724934828 -0.008910434227854579 -0.0012855956037664679 0.0046250652271165038 -0.0090774431538027701 -0.0047673780251370132
leaf_weight=1.0958894025534403 1.6169635988771895 2.3043403243646026 2.4452679343521599 3.5610991939902306 0.42632950842380513 0.32391301915049553
leaf_count=12 4 12 8 8 4 8
internal_value=0 -0.00572363 0.00232418 0.00117107 -0.00267808 -0.0072166
internal_weight=0 3.40023 8.37357 6.75661 3.19551 0.750243
internal_count=56 24 32 28 20 12
is_linear=0
shrinkage=0.1


Tree=58
num_leaves=7
num_cat=0
split_feature=0 0 0 0 0 0
split_gain=0.0166129 0.00853906 0.00443876 0.00247433 2.22757e-05 0.00906572
threshold=0.0052107200608590984 0.003631902421177315 0.0082404255037043152 0.0062315148134310756 0.016831777094257917 0.0099119325506710817
decision_type=2 2 2 2 2 2
left_child=1 -1 3 -2 5 -4
right_child=2 -3 4 -5 -6 -7
leaf_value=0.0012740537310002324 0.0029937775671129534 -0.0094497243654130952 0.013894022906788426 -0.0020434016042243301 0.0044394218085421966 -0.0010691508813158181
leaf_weight=1.105386344715954 1.6454923916608075 2.2620074711740017 0.67401429638266552 2.3938591107726097 2.6246497258543968 1.0141388461925087
leaf_count=12 4 12 8 8 4 8
internal_value=0 -0.00592952 0.00239065 8.57134e-06 0.00462169 0.00490507
internal_weight=0 3.36739 8.35215 4.03935 4.3128 1.68815
internal_count=56 24 32 12 20 16
is_linear=0
shrinkage=0.1


Tree=59
num_leaves=6
num_cat=0
split_feature=0 0 0 0 0
split_gain=0.0172536 0.0126138 0.00460252 0.0059787 0.0018939
threshold=0.0052107200608590984 0.003631902421177315 0.014451459212147534 0.0062315148134310756 0.0082404255037043152
decision_type=2 2 2 2 2
left_child=1 -1 3 -2 -5
right_child=2 -3 -4 4 -6
leaf_value=0.0026983658263194875 0.0053762605818424326 -0.010414093077896099 0.0051331351362674848 -0.0005453016574627123 -0.0058920715460459763
leaf_weight=1.0926934331655513 1.6258443780243377 2.2326001301407814 3.558753713965416 2.3810703307390217 0.91785752261057485
leaf_count=12 4 12 8 8 12
internal_value=0 -0.00610533 0.00239311 0.000413111 -0.00203293
internal_weight=0 3.32529 8.48353 4.92477 3.29893
internal_count=56 24 32 24 20
is_linear=0
shrinkage=0.1


Tree=60
num_leaves=6
num_cat=0
split_feature=0 0 0 0 0
split_gain=0.021046 0.0137926 0.00576 0.0025812 0.00253809
threshold=0.0052107200608590984 0.003631902421177315 0.0072513893889438134 0.0099119325506710817 0.0082404255037043152
decision_type=2 2 2 2 2
left_child=1 -1 -2 4 -4
right_child=2 -3 3 -5 -6
leaf_value=0.0023928712960099006 -0.0005801302921385385 -0.011317882503867961 0.0032387371941119932 0.0032933724466738638 0.011601810977181692
leaf_weight=1.0980672016739856 3.3786464594304544 2.2111850967630744 0.60975508019328095 3.6390002984553576 0.89633300714194775
leaf_count=12 8 12 4 12 8
internal_value=0 -0.00676842 0.00262777 0.00473432 0.00821594
internal_weight=0 3.30925 8.52373 5.14509 1.50609
internal_count=56 24 32 24 12
is_linear=0
shrinkage=0.1


Tree=61
num_leaves=6
num_cat=0
split_feature=0 0 0 0 0
split_gain=0.0791969 0.0602925 0.159056 0.0400712 0.00576123
threshold=0.0044247396234184328 0.014451459212147534 0.0082404255037043152 0.0024983216144647924 0.0062315148134310756
decision_type=2 2 2 2 2
left_child=3 2 4 -1 -2
right_child=1 -3 -4 -5 -6
leaf_value=-0.0041163660322048792 -0.0069009539272821873 0.0054134015197205643 -0.046345229287988177 0.022550550969113396 0.00055633889954158876
leaf_weight=0.79262512922287087 1.8614414017647485 3.5649994164705276 1.0453389785252509 1.9492403082549572 2.3361849635839462
leaf_count=8 12 8 12 8 8
internal_value=0 -0.0046201 -0.0114425 0.0148416 -0.0027506
internal_weight=0 8.80796 5.24297 2.74187 4.19763
internal_count=56 40 32 16 20
is_linear=0
shrinkage=0.1


Tree=62
num_leaves=7
num_cat=0
split_feature=0 0 0 0 0 0
split_gain=0.0462695 0.0161934 0.0619037 0.0136103 0.00500949 0.00010811
threshold=0.0082404255037043152 0.016831777094257917 0.0099119325506710817 0.0044247396234184328 0.0062315148134310756 0.003631902421177315
decision_type=2 2 2 2 2 2
left_child=3 2 -2 5 -5 -1
right_child=1 -3 -4 4 -6 -7
leaf_value=-0.00055613878995702771 0.039838260714223327 0.0033921793835289087 0.00024285585328964808 -0.012284828089887505 -0.0053765170276205195 0.00068004218050441898
leaf_weight=1.101130660623312 0.65751350298523881 2.6073983833193779 0.98837902769446373 1.9144655698910353 2.3236959204077721 1.9787996709346771
leaf_count=12 8 4 8 12 8 4
internal_value=0 0.00829452 0.0160607 -0.00482079 -0.00849714 0.000238085
internal_weight=0 4.25329 1.64589 7.31809 4.23816 3.07993
internal_count=56 20 16 36 20 16
is_linear=0
shrinkage=0.1


Tree=63
num_leaves=6
num_cat=0
split_feature=0 0 0 0 0
split_gain=0.0185759 0.00815726 0.00915426 0.00662216 0.00538856
threshold=0.0052107200608590984 0.0062315148134310756 0.014451459212147534 0.0082404255037043152 0.003631902421177315
decision_type=2 2 2 2 2
left_child=4 -2 3 -3 -1
right_child=1 2 -4 -5 -6
leaf_value=-0.00057157327235557095 0.0089013263111512083 -0.00011127721801179385 0.0044985126713068006 -0.010273746556180473 -0.0091472083125215091
leaf_weight=1.0907538924366247 1.6086442358791808 2.3939446844160561 3.5539505556225777 0.87578877387568344 2.2322693755850196
leaf_count=12 4 8 8 12 12
internal_value=0 0.00249546 0.000985314 -0.00283327 -0.00633233
internal_weight=0 8.43233 6.82368 3.26973 3.32302
internal_count=56 32 28 20 24
is_linear=0
shrinkage=0.1


Tree=64
num_leaves=7
num_cat=0
split_feature=0 0 0 0 0 0
split_gain=0.0189697 0.0065435 0.00270001 0.00368956 0.00158667 0.000142582
threshold=0.0052107200608590984 0.003631902421177315 0.014451459212147534 0.0062315148134310756 0.0072513893889438134 0.0082404255037043152
decision_type=2 2 2 2 2 2
left_child=1 -1 3 -2 -5 -6
right_child=2 -3 -4 4 5 -7
leaf_value=-0.00011106976934215085 0.0048650733263550655 -0.0095656346085900359 0.0046281140720979309 -0.0030343330710452059 0.0025766148832959343 0.00059285397953485564
leaf_weight=1.0963535010814678 1.6336154080927352 2.2028599008917809 3.5366541743278503 1.7262382060289385 0.62106455489993073 0.86964389169588685
leaf_count=12 4 12 8 4 4 12
internal_value=0 -0.00642381 0.00252689 0.000994832 -0.000970537 0.00141934
internal_weight=0 3.29921 8.38722 4.85056 3.21695 1.49071
internal_count=56 24 32 24 20 16
is_linear=0
shrinkage=0.1


Tree=65
num_leaves=6
num_cat=0
split_feature=0 0 0 0 0
split_gain=0.0243121 0.0109778 0.00553895 0.00789654 0.00285603
threshold=0.0052107200608590984 0.003631902421177315 0.0082404255037043152 0.0099119325506710817 0.0062315148134310756
decision_type=2 2 2 2 2
left_child=1 -1 4 -4 -2
right_child=2 -3 3 -5 -6
leaf_value=0.00088940471687195481 0.0032653614272207783 -0.011396837825887724 0.013404809367145054 0.0030846573232504847 -0.0021905176305709781
leaf_weight=1.0889274906367075 1.6431543324142679 2.1895052269101143 0.93220647051930416 3.6226936774328351 2.3060026727616787
leaf_count=12 4 12 8 12 8
internal_value=0 -0.00731598 0.00282042 0.00519678 7.95494e-05
internal_weight=0 3.27843 8.50406 4.5549 3.94916
internal_count=56 24 32 20 12
is_linear=0
shrinkage=0.1


Tree=66
num_leaves=6
num_cat=0
split_feature=0 0 0 0 0
split_gain=0.0634504 0.0480176 0.147399 0.0382366 0.00593896
threshold=0.0044247396234184328 0.014451459212147534 0.0082404255037043152 0.003631902421177315 0.0062315148134310756
decision_type=2 2 2 2 2
left_child=3 2 4 -1 -2
right_child=1 -3 -4 -5 -6
leaf_value=-0.00095234017682379137 -0.006236446593162635 0.0048233234039999533 -0.04462660247401698 0.023205331727197472 0.0013505194101788617
leaf_weight=1.106119081377984 1.8512499714270214 3.5432940684258938 1.0069060293026266 1.6071853190660477 2.3307190649211407
leaf_count=12 12 8 12 4 8
internal_value=0 -0.00415039 -0.0102782 0.0133571 -0.00200804
internal_weight=0 8.73217 5.18888 2.7133 4.18197
internal_count=56 40 32 16 20
is_linear=0
shrinkage=0.1


Tree=67
num_leaves=7
num_cat=0
split_feature=0 0 0 0 0 0
split_gain=0.0432205 0.0153834 0.0607408 0.0120192 0.0045116 0.000287545
threshold=0.0082404255037043152 0.016831777094257917 0.0099119325506710817 0.0044247396234184328 0.0062315148134310756 0.003631902421177315
decision_type=2 2 2 2 2 2
left_child=3 2 -2 5 -5 -1
right_child=1 -3 -4 4 -6 -7
leaf_value=-0.0012060253425517247 0.038654966287338721 0.003237564250152362 -0.0004332474313864584 -0.011738142596281463 -0.0051665020546232503 0.00080988938353504048
leaf_weight=1.1039227191358805 0.67395966686308362 2.5999435111880302 0.96931605832651258 1.9053896926343439 2.312649130821228 1.9706331044435501
leaf_count=12 8 4 8 12 8 4
internal_value=0 0.00802443 0.0155981 -0.00466904 -0.00813507 8.60729e-05
internal_weight=0 4.24322 1.64328 7.29259 4.21804 3.07456
internal_count=56 20 16 36 20 16
is_linear=0
shrinkage=0.1


Tree=68
num_leaves=6
num_cat=0
split_feature=0 0 0 0 0
split_gain=0.0179104 0.00788094 0.00693294 0.00556993 0.00459176
threshold=0.0052107200608590984 0.0062315148134310756 0.014451459212147534 0.0082404255037043152 0.003631902421177315
decision_type=2 2 2 2 2
left_child=4 -2 3 -3 -1
right_child=1 2 -4 -5 -6
leaf_value=-0.00092692460642403553 0.0087401058205596148 0.00021940824181623144 0.0040379617459646326 -0.008941831469525376 -0.0088524102970060723
leaf_weight=1.0908038839697849 1.6088479831814746 2.3799678348004822 3.5354452468454838 0.92027074936777342 2.2163077872246504
leaf_count=12 4 8 8 12 12
internal_value=0 0.00244309 0.000961026 -0.0023352 -0.0062383
internal_weight=0 8.44453 6.83568 3.30024 3.30711
internal_count=56 32 28 20 24
is_linear=0
shrinkage=0.1


Tree=69
num_leaves=7
num_cat=0
split_feature=0 0 0 0 0 0
split_gain=0.0183678 0.00601896 0.00171672 0.00317383 0.00141076 7.41003e-05
threshold=0.0052107200608590984 0.003631902421177315 0.014451459212147534 0.0062315148134310756 0.0072513893889438134 0.0082404255037043152
decision_type=2 2 2 2 2 2
left_child=1 -1 3 -2 -5 -6
right_child=2 -3 -4 4 5 -7
leaf_value=-0.00028315903841963992 0.0048633009789104953 -0.0093679068205967109 0.0041606928627978736 -0.0024976087077994572 0.0025276905301816061 0.0011061954878871186
leaf_weight=1.0933440513908874 1.6325414068996886 2.1901668440550566 3.5192853733897209 1.7273903265595438 0.60893036052584626 0.92192609515041113
leaf_count=12 4 12 8 4 4 12
internal_value=0 -0.00634287 0.00247642 0.00126446 -0.000538734 0.00167163
internal_weight=0 3.28351 8.41007 4.89079 3.25825 1.53086
internal_count=56 24 32 24 20 16
is_linear=0
shrinkage=0.1


Tree=70
num_leaves=6
num_cat=0
split_feature=0 0 0 0 0
split_gain=0.210253 0.0917347 0.080005 0.230908 0.00375421
threshold=0.0044247396234184328 0.003631902421177315 0.014451459212147534 0.0082404255037043152 0.0062315148134310756
decision_type=2 2 2 2 2
left_child=1 -1 3 4 -2
right_child=2 -3 -4 -5 -6
leaf_value=0.00083671888040308937 -0.0067903219774086143 0.037889652100553811 0.0043009211866246993 -0.051336113772821393 -0.00074416530753094903
leaf_weight=1.0799184553325185 1.8493645200505833 1.7524650096893311 3.5151184163987637 1.3274428765289483 2.3094242252409458
leaf_count=12 12 4 8 12 8
internal_value=0 0.0237623 -0.00747709 -0.0150235 -0.00343282
internal_weight=0 2.83238 9.00135 5.48623 4.15879
internal_count=56 16 40 32 20
is_linear=0
shrinkage=0.1


Tree=71
num_leaves=7
num_cat=0
split_feature=0 0 0 0 0 0
split_gain=0.0140525 0.00636587 0.000602419 0.0435965 0.000326541 5.58167e-07
threshold=0.0082404255037043152 0.0044247396234184328 0.016831777094257917 0.0099119325506710817 0.003631902421177315 0.0062315148134310756
decision_type=2 2 2 2 2 2
left_child=1 4 3 -2 -1 -3
right_child=2 5 -4 -5 -6 -7
leaf_value=-0.00061485153285105757 0.029303379759355472 -0.005062929351603334 0.0037923210011979024 -0.0064798421362662478 0.0015245533217261632 -0.0051359294584415174
leaf_weight=1.0785886663943531 0.53000298794358947 1.8336811596527693 2.6154825314879417 0.95216401573270559 2.1072974801063538 2.4426946118474007
leaf_count=12 8 12 4 8 4 8
internal_value=0 -0.00258364 0.00470508 0.00631576 0.000800253 -0.00510463
internal_weight=0 7.46226 4.09765 1.48217 3.18589 4.27638
internal_count=56 36 20 16 16 20
is_linear=0
shrinkage=0.1


Tree=72
num_leaves=7
num_cat=0
split_feature=0 0 0 0 0 0
split_gain=0.0262369 0.00662539 0.0636207 0.00458536 0.00380713 0.000580745
threshold=0.0082404255037043152 0.016831777094257917 0.0099119325506710817 0.0052107200608590984 0.0024983216144647924 0.0062315148134310756
decision_type=2 2 2 2 2 2
left_child=3 2 -2 4 -1 -5
right_child=1 -3 -4 5 -6 -7
leaf_value=-0.012050827440605202 0.035499632827717585 0.0032997120632884194 -0.0054571594475923326 0.00021134746843257473 -0.004297162994212381 -0.0021959871694181275
leaf_weight=0.83081557601690326 0.64844297710806109 2.5919824168086052 0.91366019239649177 1.6737796720117328 2.663210641592741 2.4971843138337135
leaf_count=8 8 4 8 4 16 8
internal_value=0 0.00640004 0.0115444 -0.00346854 -0.00614084 -0.00122994
internal_weight=0 4.15409 1.5621 7.66499 3.49403 4.17096
internal_count=56 20 16 36 24 12
is_linear=0
shrinkage=0.1


Tree=73
num_leaves=8
num_cat=0
split_feature=0 0 0 0 0 0 0
split_gain=0.00580123 0.0203086 0.0137617 0.0118526 0.00255718 0.0023977 0.00089266
threshold=0.016831777094257917 0.0082404255037043152 0.014451459212147534 0.0052107200608590984 0.0062315148134310756 0.003631902421177315 0.0085633804180694773
decision_type=2 2 2 2 2 2 2
left_child=1 3 6 5 -5 -1 -3
right_child=-2 2 -4 4 -6 -7 -8
leaf_value=0.00064616110679812733 0.0041669748479819012 -0.022912676725642081 -0.0022779287654193158 0.0077657696923936065 0.0026684085251634693 -0.0051138766331763723 -0.016242734303053296
leaf_weight=1.046304009854792 2.6060682609677324 0.49616612866520859 0.87902526929974556 1.6071573719382284 2.538935262709856 2.3364530270919204 0.33689148956909776
leaf_count=12 4 4 4 4 8 12 8
internal_value=0 -0.00117514 -0.0110058 0.00106038 0.00464431 -0.00333227 -0.0202153
internal_weight=0 9.24093 1.71208 7.52885 4.14609 3.38276 0.833058
internal_count=56 52 16 36 12 24 12
is_linear=0
shrinkage=0.1


Tree=74
num_leaves=7
num_cat=0
split_feature=0 0 0 0 0 0
split_gain=0.00844844 0.00413832 0.00273351 0.000257469 3.75354e-05 0.00711574
threshold=0.0052107200608590984 0.003631902421177315 0.0082404255037043152 0.0062315148134310756 0.016831777094257917 0.0099119325506710817
decision_type=2 2 2 2 2 2
left_child=1 -1 3 -2 5 -4
right_child=2 -3 4 -5 -6 -7
leaf_value=0.00089747498501985962 0.0008310065250656224 -0.0066486093955116735 0.011653200383763355 -0.00078389578827477982 0.0032594645687150149 -0.0017559173260543591
leaf_weight=1.0668860506266367 1.6573444325476865 2.279488661326468 0.68203491065651156 2.4418307766318321 2.5901466682553291 0.94281574711203575
leaf_count=12 4 12 8 8 4 8
internal_value=0 -0.00424278 0.00170769 -0.000130972 0.00349582 0.00387259
internal_weight=0 3.34637 8.31417 4.09918 4.215 1.62485
internal_count=56 24 32 12 20 16
is_linear=0
shrinkage=0.1


Tree=75
num_leaves=7
num_cat=0
split_feature=0 0 0 0 0 0
split_gain=0.00880773 0.0058107 0.00181899 0.00322861 0.00411206 0.00101565
threshold=0.0052107200608590984 0.003631902421177315 0.014451459212147534 0.0062315148134310756 0.0082404255037043152 0.0085633804180694773
decision_type=2 2 2 2 2 2
left_child=1 -1 3 -2 -5 -6
right_child=2 -3 -4 4 5 -7
leaf_value=0.0017137978926605056 0.0041118552803760117 -0.0072628732299474807 0.0034708020949824102 0.00075170665347327581 -0.0045867502137376661 -0.011723952543143954
leaf_weight=1.0635185409337293 1.6313352193683366 2.2397017255425453 3.4847379960119724 2.4195194467902188 0.50952491723000992 0.32756404206156731
leaf_count=12 4 12 8 8 4 8
internal_value=0 -0.00437271 0.00172514 0.000480606 -0.0013384 -0.00737963
internal_weight=0 3.30322 8.37268 4.88794 3.25661 0.837089
internal_count=56 24 32 24 20 12
is_linear=0
shrinkage=0.1


Tree=76
num_leaves=6
num_cat=0
split_feature=0 0 0 0 0
split_gain=0.0110779 0.00600812 0.00274747 0.00101436 0.000796215
threshold=0.0052107200608590984 0.003631902421177315 0.0072513893889438134 0.0099119325506710817 0.0082404255037043152
decision_type=2 2 2 2 2
left_child=1 -1 -2 4 -4
right_child=2 -3 3 -5 -6
leaf_value=0.0012098745708617772 -0.00026819015553927457 -0.0079117710629064263 0.0030925164696076128 0.0025220101637529573 0.007834982376520163
leaf_weight=1.0735846292227518 3.376048104837535 2.2055238643661141 0.64923947304487206 3.5482138614170253 0.7785297017544508
leaf_count=12 8 12 4 12 8
internal_value=0 -0.00492533 0.00193375 0.0034277 0.00567847
internal_weight=0 3.27911 8.35203 4.97598 1.42777
internal_count=56 24 32 24 12
is_linear=0
shrinkage=0.1


Tree=77
num_leaves=7
num_cat=0
split_feature=0 0 0 0 0 0
split_gain=0.0192555 0.0118725 0.00127449 0.00144856 0.00138781 7.97367e-06
threshold=0.0052107200608590984 0.003631902421177315 0.014451459212147534 0.0062315148134310756 0.0072513893889438134 0.0082404255037043152
decision_type=2 2 2 2 2 2
left_child=1 -1 3 -2 -5 -6
right_child=2 -3 -4 4 5 -7
leaf_value=0.0021531804455010169 0.0039277948629799567 -0.010736105538945283 0.0039609608119337437 -0.0016831335421561369 0.0026404702090056468 0.0021863666658481977
leaf_weight=1.0591476093977701 1.6321927718818168 2.1970532783307135 3.4965557642281055 1.7304010391235354 0.60066881775856007 1.0853919908404348
leaf_count=12 4 12 8 4 4 12
internal_value=0 -0.0065436 0.00249347 0.00147713 0.000306345 0.00234814
internal_weight=0 3.2562 8.54521 5.04865 3.41646 1.68606
internal_count=56 24 32 24 20 16
is_linear=0
shrinkage=0.1


Tree=78
num_leaves=6
num_cat=0
split_feature=0 0 0 0 0
split_gain=0.103043 0.0517391 0.170917 0.0497924 0.00569505
threshold=0.0044247396234184328 0.014451459212147534 0.0082404255037043152 0.003631902421177315 0.0062315148134310756
decision_type=2 2 2 2 2
left_child=3 2 4 -1 -2
right_child=1 -3 -4 -5 -6
leaf_value=0.00028966354670796217 -0.006444306214172588 0.0041346198957977571 -0.046606407734520627 0.027867368853497849 0.0010051912687812701
leaf_weight=1.0845032744109639 1.8398931138217429 3.4971421919763088 1.1004228177480397 1.6520212739706039 2.3205426558852196
leaf_count=12 12 8 12 4 8
internal_value=0 -0.00529249 -0.0115591 0.0169381 -0.00228924
internal_weight=0 8.758 5.26086 2.73652 4.16044
internal_count=56 40 32 16 20
is_linear=0
shrinkage=0.1


Tree=79
num_leaves=7
num_cat=0
split_feature=0 0 0 0 0 0
split_gain=0.0253423 0.00780472 0.0403001 0.00705436 0.000411476 0.000303164
threshold=0.0082404255037043152 0.016831777094257917 0.0099119325506710817 0.0044247396234184328 0.0062315148134310756 0.003631902421177315
decision_type=2 2 2 2 2 2
left_child=3 2 -2 5 -5 -1
right_child=1 -3 -4 4 -6 -7
leaf_value=-0.0012783010682471093 0.031965761074820978 0.0028783373884706028 -0.0010289599084269297 -0.007343405810204629 -0.005347322785192528 0.00079391337922681514
leaf_weight=1.0886492449790242 0.60679009370505788 2.593057245016098 0.94935497338883579 1.8496224982663987 2.3383348248898983 2.0086479336023331
leaf_count=12 8 4 8 12 8 4
internal_value=0 0.00623815 0.0118367 -0.00355283 -0.0062289 6.55639e-05
internal_weight=0 4.1492 1.55615 7.28525 4.18796 3.0973
internal_count=56 20 16 36 20 16
is_linear=0
shrinkage=0.1


Tree=80
num_leaves=7
num_cat=0
split_feature=0 0 0 0 0 0
split_gain=0.0113242 0.00179498 0.00116611 0.00206214 0.00017181 8.4459e-05
threshold=0.0052107200608590984 0.003631902421177315 0.0062315148134310756 0.014451459212147534 0.0082404255037043152 0.0085633804180694773
decision_type=2 2 2 2 2 2
left_child=1 -1 -2 4 -4 -6
right_child=2 -3 3 -5 5 -7
leaf_value=-0.001599897900876518 0.0043754533224233168 -0.0065468624785607809 -0.00086761169740595917 0.0030764738289394376 0.0017408551629170645 -0.00040977520403129509
leaf_weight=1.0912384781986486 1.6346927862614373 2.2371753444895148 2.405114777386189 3.4702045768499374 0.44643149711191643 0.30899547156877816
leaf_count=12 4 12 8 8 4 8
internal_value=0 -0.00492497 0.00198324 0.00139348 -0.000454401 0.000861174
internal_weight=0 3.32841 8.26544 6.63075 3.16054 0.755427
internal_count=56 24 32 28 20 12
is_linear=0
shrinkage=0.1


Tree=81
num_leaves=8
num_cat=0
split_feature=0 0 0 0 0 0 0
split_gain=0.0110269 0.00294443 0.000986353 0.00102651 0.000631996 2.19964e-05 0.000465032
threshold=0.0052107200608590984 0.003631902421177315 0.014451459212147534 0.0062315148134310756 0.0072513893889438134 0.0082404255037043152 0.0085633804180694773
decision_type=2 2 2 2 2 2 2
left_child=1 -1 3 -2 -5 -6 -7
right_child=2 -3 -4 4 5 6 -8
leaf_value=-0.00063249512344693026 0.0030511460485074244 -0.0069895898868107542 0.003232221919798588 -0.0013255137582989106 0.0010759997451551414 0.0037684004107431963 -0.00118564006562457
leaf_weight=1.0872645415365707 1.6416041050106267 2.2086168536916375 3.467044074088335 1.7214355468750002 0.65704425051808335 0.49108618684113026 0.30851820064708591
leaf_count=12 4 12 8 4 4 4 8
internal_value=0 -0.00489247 0.00194589 0.00102056 -2.83156e-05 0.00150468 0.00185694
internal_weight=0 3.29588 8.28673 4.81969 3.17808 1.45665 0.799604
internal_count=56 24 32 24 20 16 12
is_linear=0
shrinkage=0.1


Tree=82
num_leaves=6
num_cat=0
split_feature=0 0 0 0 0
split_gain=0.0127488 0.00449425 0.00116122 0.000504001 0.000760516
threshold=0.0052107200608590984 0.003631902421177315 0.0072513893889438134 0.0099119325506710817 0.0082404255037043152
decision_type=2 2 2 2 2
left_child=1 -1 -2 4 -4
right_child=2 -3 3 -5 -6
leaf_value=-3.5120147521996723e-05 0.00064038425019238116 -0.0079111622263752634 0.0020031753769022497 0.0024066135108084287 0.0066568362395275351
leaf_weight=1.0847528818994772 3.3645125962793809 2.1815724559128284 0.62175751477479912 3.542415734147653 0.80692768283188343
leaf_count=12 8 12 4 12 8
internal_value=0 -0.00529551 0.00207506 0.00304607 0.00463158
internal_weight=0 3.26633 8.33561 4.9711 1.42869
internal_count=56 24 32 24 12
is_linear=0
shrinkage=0.1


Tree=83
num_leaves=6
num_cat=0
split_feature=0 0 0 0 0
split_gain=0.200105 0.0838867 0.0686618 0.278965 0.00274138
threshold=0.0044247396234184328 0.003631902421177315 0.014451459212147534 0.0082404255037043152 0.0062315148134310756
decision_type=2 2 2 2 2
left_child=1 -1 3 4 -2
right_child=2 -3 -4 -5 -6
leaf_value=0.0010328429404306482 -0.004625969097056537 0.036578411662981328 0.0036103597330973537 -0.05491235449490315 0.00055679838489401396
leaf_weight=1.0654038786888131 1.8175723170861582 1.7618921995162964 3.4864374101161957 1.2933839859906582 2.3274621516466141
leaf_count=12 12 4 8 12 8
internal_value=0 0.0231839 -0.00734438 -0.0143672 -0.00171581
internal_weight=0 2.8273 8.92486 5.43842 4.14503
internal_count=56 16 40 32 20
is_linear=0
shrinkage=0.1


Tree=84
num_leaves=7
num_cat=0
split_feature=0 0 0 0 0 0
split_gain=0.0123241 0.00588107 0.001631 0.0444008 0.000419165 4.05467e-05
threshold=0.0082404255037043152 0.0044247396234184328 0.016831777094257917 0.0099119325506710817 0.003631902421177315 0.0062315148134310756
decision_type=2 2 2 2 2 2
left_child=1 4 3 -2 -1 -3
right_child=2 5 -4 -5 -6 -7
leaf_value=-0.00078979726759496362 0.030263775076846123 -0.0044633794744062668 0.0029533818625350318 -0.0061489711799563819 0.0016398529341508504 -0.0050858136027941651
leaf_weight=1.0601404886692765 0.52745210472494342 1.8143054535612462 2.595243826508522 0.91719930525869131 2.1502940952777863 2.4732466712594032
leaf_count=12 8 12 4 8 4 8
internal_value=0 -0.00239898 0.00445249 0.00714557 0.000837541 -0.00482243
internal_weight=0 7.49799 4.0399 1.44465 3.21043 4.28755
internal_count=56 36 20 16 16 20
is_linear=0
shrinkage=0.1


Tree=85
num_leaves=7
num_cat=0
split_feature=0 0 0 0 0 0
split_gain=0.0170544 0.00488009 0.0520327 0.00310342 0.00576695 0.00410898
threshold=0.0082404255037043152 0.016831777094257917 0.0099119325506710817 0.0044247396234184328 0.003631902421177315 0.0062315148134310756
decision_type=2 2 2 2 2 2
left_child=3 2 -2 4 -1 -5
right_child=1 -3 -4 5 -6 -7
leaf_value=-0.0064321866798788124 0.031606894266255972 0.0025804854797056493 -0.0060191058509099886 -0.0080954063914326722 0.0024421265609131395 -0.0019068833413240999
leaf_weight=1.0873330421745779 0.63245299924164988 2.5742514356970787 0.87744500627741218 1.8470555134117601 2.242561012506485 2.5598384290933609
leaf_count=12 8 4 8 12 4 8
internal_value=0 0.00522783 0.00974135 -0.00275971 -0.000455664 -0.00450067
internal_weight=0 4.08415 1.5099 7.73679 3.32989 4.40689
internal_count=56 20 16 36 16 20
is_linear=0
shrinkage=0.1


Tree=86
num_leaves=7
num_cat=0
split_feature=0 0 0 0 0 0
split_gain=0.00555755 0.0276238 0.00815324 0.00510596 0.0024867 0.00015325
threshold=0.0082404255037043152 0.016831777094257917 0.0052107200608590984 0.014451459212147534 0.0085633804180694773 0.0024983216144647924
decision_type=2 2 2 2 2 2
left_child=2 3 5 4 -2 -1
right_child=1 -3 -4 -5 -6 -7
leaf_value=-0.00074688069507772683 -0.024454819648920059 0.0034091317535217 0.0044988936146898749 -0.0080051666018149496 -0.012790054679345559 -0.0023438815785707706
leaf_weight=0.76893570274114642 0.42124792374670483 2.5900661572813988 4.2922360319644213 0.83588488027453423 0.32280204747803509 2.7494161734357476
leaf_count=8 4 4 12 4 8 16
internal_value=0 -0.00294765 0.00157372 -0.0133686 -0.0193941 -0.00199486
internal_weight=0 4.17 7.81059 1.57993 0.74405 3.51835
internal_count=56 20 36 16 12 24
is_linear=0
shrinkage=0.1


Tree=87
num_leaves=7
num_cat=0
split_feature=0 0 0 0 0 0
split_gain=0.00603081 0.00121901 0.00175134 0.000717621 0.00016778 0.00613973
threshold=0.0052107200608590984 0.0062315148134310756 0.0082404255037043152 0.003631902421177315 0.016831777094257917 0.0099119325506710817
decision_type=2 2 2 2 2 2
left_child=3 -2 -3 -1 5 -4
right_child=1 2 4 -5 -6 -7
leaf_value=-0.0013518268215486852 0.0039066605447924188 -0.001203371562847615 0.008973717685799373 -0.0044858983318114476 0.0026279014273753332 -0.0039442283205016054
leaf_weight=1.0543051306158315 1.6353114899247865 2.5426038354635239 0.61976612173020817 2.3795144688338041 2.5801330432295799 0.90545771014876664
leaf_count=12 4 8 8 12 4 8
internal_value=0 0.00146072 0.000859047 -0.00352363 0.00213638 0.00130491
internal_weight=0 8.28327 6.64796 3.43382 4.10536 1.52522
internal_count=56 32 28 24 20 16
is_linear=0
shrinkage=0.1


Tree=88
num_leaves=9
num_cat=0
split_feature=0 0 0 0 0 0 0 0
split_gain=0.00519753 0.00218004 0.00192099 0.00187406 0.000415434 0.000596122 0.000598964 0.00040805
threshold=0.0052107200608590984 0.0062315148134310756 0.016831777094257917 0.003631902421177315 0.0072513893889438134 0.014451459212147534 0.0082404255037043152 0.0085633804180694773
decision_type=2 2 2 2 2 2 2 2
left_child=3 -2 4 -1 -3 6 -6 -8
right_child=1 2 -4 -5 5 -7 7 -9
leaf_value=0.00020407323775916377 0.0046292198535240149 0.00038954853691012853 0.0026847208354035153 -0.0048809762382560525 -0.00095448280163065811 0.00045616468248904835 -0.0028486020747881973 -0.0076373026494462653
leaf_weight=1.0510694086551677 1.6267487220466117 1.7114882767200468 2.5789360031485558 2.3344832519069314 0.80187176913023017 0.85835471749305714 0.41119032166898251 0.31369138299487531
leaf_count=12 4 4 4 12 4 4 4 8
internal_value=0 0.00134663 0.000546703 -0.00330229 -0.000799246 -0.00165229 -0.00283769 -0.0049209
internal_weight=0 8.30228 6.67553 3.38555 4.0966 2.38511 1.52675 0.724882
internal_count=56 32 28 24 24 20 16 12
is_linear=0
shrinkage=0.1


Tree=89
num_leaves=7
num_cat=0
split_feature=0 0 0 0 0 0
split_gain=0.00602202 0.00236131 0.00068006 0.000784807 5.0147e-06 0.00168799
threshold=0.0052107200608590984 0.003631902421177315 0.0082404255037043152 0.0062315148134310756 0.016831777094257917 0.0099119325506710817
decision_type=2 2 2 2 2 2
left_child=1 -1 3 -2 5 -4
right_child=2 -3 4 -5 -6 -7
leaf_value=0.0003349768160454368 0.0022302904968820869 -0.00537610545100184 0.0060135647522314255 -0.00058921803371113921 0.0024352089090013199 -0.00057761687876635513
leaf_weight=1.0573906302452099 1.643187403678892 2.2958825649693608 0.67320280522108056 2.4729986116290092 2.5720514357089996 0.91890023159794509
leaf_count=12 4 12 8 8 4 8
internal_value=0 -0.00357522 0.00144785 0.000536334 0.00234887 0.00220939
internal_weight=0 3.35327 8.28034 4.11619 4.16415 1.5921
internal_count=56 24 32 12 20 16
is_linear=0
shrinkage=0.1


Tree=90
num_leaves=7
num_cat=0
split_feature=0 0 0 0 0 0
split_gain=0.00617152 0.00349389 0.000987764 0.00163678 0.00111562 0.000314545
threshold=0.0052107200608590984 0.003631902421177315 0.014451459212147534 0.0062315148134310756 0.0082404255037043152 0.0085633804180694773
decision_type=2 2 2 2 2 2
left_child=1 -1 3 -2 -5 -6
right_child=2 -3 -4 4 5 -7
leaf_value=0.0010933230786237846 0.003115941579037712 -0.005872662736596276 0.0027522415875176043 0.00028550398035084168 -0.0024235979701687279 -0.0065170484066703468
leaf_weight=1.0576418694108736 1.6351782102137784 2.2555450699292123 3.4414638131856918 2.4439011998474602 0.47248572669923294 0.3114579466637224
leaf_count=12 4 12 8 8 4 8
internal_value=0 -0.00364897 0.0014558 0.00053834 -0.000767434 -0.00404991
internal_weight=0 3.31319 8.30449 4.86302 3.22784 0.783944
internal_count=56 24 32 24 20 12
is_linear=0
shrinkage=0.1


Tree=91
num_leaves=6
num_cat=0
split_feature=0 0 0 0 0
split_gain=0.00757807 0.00392221 0.0014303 0.00024922 0.000646165
threshold=0.0052107200608590984 0.003631902421177315 0.0072513893889438134 0.0099119325506710817 0.0082404255037043152
decision_type=2 2 2 2 2
left_child=1 -1 -2 4 -4
right_child=2 -3 3 -5 -6
leaf_value=0.00092216475033578575 2.341084865069805e-05 -0.0064589949523464257 0.0015926225068939766 0.0022437532930038814 0.0058588324493503994
leaf_weight=1.0655523240566265 3.3697935845702869 2.2194135673344135 0.68195614218711831 3.4980575547087938 0.74055762588977814
leaf_count=12 8 12 4 12 8
internal_value=0 -0.00406475 0.00161061 0.00269759 0.0038136
internal_weight=0 3.28497 8.29036 4.92057 1.42251
internal_count=56 24 32 24 12
is_linear=0
shrinkage=0.1


Tree=92
num_leaves=6
num_cat=0
split_feature=0 0 0 0 0
split_gain=0.00957791 0.00587005 0.00131309 0.00136448 0.000245556
threshold=0.0052107200608590984 0.003631902421177315 0.014451459212147534 0.0062315148134310756 0.0082404255037043152
decision_type=2 2 2 2 2
left_child=1 -1 3 -2 -5
right_child=2 -3 -4 4 -6
leaf_value=0.0014906344254495224 0.0030977151478152058 -0.0075681647054753279 0.0032854793242839291 9.1478292663401293e-05 -0.0018527421338258539
leaf_weight=1.0629175361245882 1.6346751730889062 2.1873806281946599 3.4539902582764626 2.3685090914368634 0.89512995956465591
leaf_count=12 4 12 8 8 12
internal_value=0 -0.00460574 0.00179232 0.000739434 -0.00044177
internal_weight=0 3.2503 8.3523 4.89831 3.26364
internal_count=56 24 32 24 20
is_linear=0
shrinkage=0.1


Tree=93
num_leaves=6
num_cat=0
split_feature=0 0 0 0 0
split_gain=0.0126955 0.00764565 0.00241044 0.000888202 5.93143e-05
threshold=0.0052107200608590984 0.003631902421177315 0.0072513893889438134 0.0085633804180694773 0.016831777094257917
decision_type=2 2 2 2 2
left_child=1 -1 -2 -4 -5
right_child=2 -3 3 4 -6
leaf_value=0.0016251443592114516 -2.0869789837148274e-05 -0.0087259817857462622 0.0056994482425520255 0.0032401520433228102 0.0023846480482427532
leaf_weight=1.0628093089908373 3.3754111807793361 2.171588396653533 1.2868643291294573 1.184429601300508 2.5665661320090294
leaf_count=12 8 12 8 12 4
internal_value=0 -0.00532465 0.00204701 0.00343251 0.00265479
internal_weight=0 3.2344 8.41327 5.03786 3.751
internal_count=56 24 32 24 16
is_linear=0
shrinkage=0.1


Tree=94
num_leaves=7
num_cat=0
split_feature=0 0 0 0 0 0
split_gain=0.117763 0.0556814 0.0524951 0.103098 0.0011683 0.000328023
threshold=0.0044247396234184328 0.003631902421177315 0.0085633804180694773 0.0072513893889438134 0.0062315148134310756 0.016831777094257917
decision_type=2 2 2 2 2 2
left_child=1 -1 3 4 -2 -4
right_child=2 -3 5 -5 -6 -7
leaf_value=0.0003003717928778657 -0.005165598221127725 0.029467548704029452 0.004568747455257695 -0.035430909464031317 -0.0015370722627328262 0.0025658922189474918
leaf_weight=1.0753600113093862 1.8179741855710727 1.6724634170532227 1.198704027105123 1.4007330909371374 1.7334209010004997 2.5728301331400871
leaf_count=12 12 4 12 8 4 4
internal_value=0 0.018053 -0.00568642 -0.0124562 -0.00339453 0.00320246
internal_weight=0 2.74782 8.72366 4.95213 3.5514 3.77153
internal_count=56 16 40 24 16 16
is_linear=0
shrinkage=0.1


Tree=95
num_leaves=7
num_cat=0
split_feature=0 0 0 0 0 0
split_gain=0.0232151 0.0148702 0.141105 0.0146919 0.0056233 0.0055327
threshold=0.0082404255037043152 0.016831777094257917 0.0099119325506710817 0.0044247396234184328 0.0062315148134310756 0.003631902421177315
decision_type=2 2 2 2 2 2
left_child=3 2 -2 5 -5 -1
right_child=1 -3 -4 4 -6 -7
leaf_value=-0.004395659242800656 0.047950344711029366 0.0015724513394146428 -0.014001960406848058 -0.011037355534908413 -0.0039271734423564119 0.0043240605448867054
leaf_weight=1.0244167018681749 0.67444080300629206 2.5355880334973335 0.80819813744165003 1.8477164013311265 2.7947585359215736 2.5119863152503967
leaf_count=12 8 4 8 12 8 4
internal_value=0 0.00622424 0.0141797 -0.00305793 -0.00675704 0.00179815
internal_weight=0 4.01823 1.48264 8.17888 4.64247 3.5364
internal_count=56 20 16 36 20 16
is_linear=0
shrinkage=0.1


Tree=96
num_leaves=7
num_cat=0
split_feature=0 0 0 0 0 0
split_gain=0.0398429 0.103759 0.0275651 0.00899269 0.00291833 9.74411e-05
threshold=0.0072513893889438134 0.0062315148134310756 0.0099119325506710817 0.0052107200608590984 0.0024983216144647924 0.0082404255037043152
decision_type=2 2 2 2 2 2
left_child=1 3 5 4 -1 -2
right_child=2 -3 -4 -5 -6 -7
leaf_value=0.0040290478154352653 0.013626284185756038 -0.029146600410415297 0.00031321353476323007 0.0075405256581324107 -0.0030609560964302285 0.0149367981781654
leaf_weight=0.74082782678306136 0.96251319348812137 1.4311951473355291 3.4103020722977817 1.6069987546652553 2.6834432152099907 1.3819750770926473
leaf_count=8 4 4 12 4 16 8
internal_value=0 -0.00538895 0.00605164 0.00136915 -0.00152706 0.0143988
internal_weight=0 6.46246 5.75479 5.03127 3.42427 2.34449
internal_count=56 32 24 28 24 12
is_linear=0
shrinkage=0.1


Tree=97
num_leaves=8
num_cat=0
split_feature=0 0 0 0 0 0 0
split_gain=0.333974 0.17678 0.145722 0.635752 0.00626176 0.0161111 0.00342115
threshold=0.0044247396234184328 0.003631902421177315 0.0085633804180694773 0.0082404255037043152 0.0072513893889438134 0.0062315148134310756 0.016831777094257917
decision_type=2 2 2 2 2 2 2
left_child=1 -1 3 4 5 -2 -4
right_child=2 -3 6 -5 -6 -7 -8
leaf_value=-0.0045253281770316718 0.0022003127204348561 0.046242976564488433 0.0097604286935351111 -0.085630536453259548 0.0047603590825932417 -0.012362907076654359 0.0033316345448159384
leaf_weight=1.0476537235081205 1.7301161545328778 1.9862156212329865 1.2323843708727511 1.1628854423761366 1.0457445532083509 1.354259118437767 2.5212909430265427
leaf_count=12 12 4 12 4 4 4 4
internal_value=0 0.0287117 -0.00962868 -0.0203167 -0.00192674 -0.00419397 0.0054423
internal_weight=0 3.03387 9.04668 5.29301 4.13012 3.08438 3.75368
internal_count=56 16 40 24 20 16 16
is_linear=0
shrinkage=0.1


Tree=98
num_leaves=7
num_cat=0
split_feature=0 0 0 0 0 0
split_gain=0.0695962 0.038135 0.111252 0.0331795 0.00654232 0.00125334
threshold=0.0082404255037043152 0.016831777094257917 0.0099119325506710817 0.0062315148134310756 0.0052107200608590984 0.0024983216144647924
decision_type=2 2 2 2 2 2
left_child=3 2 -2 4 5 -1
right_child=1 -3 -4 -5 -6 -7
leaf_value=-0.00089274333947541207 0.054503270107173055 0.0027547540516112872 0.00046545048940946555 -0.01691113213964961 0.003498404400711043 -0.0053215087996690341
leaf_weight=0.85355059802532229 0.64386015199124791 2.5568110160529613 0.9331766851246357 2.0095408111810684 1.6303959954529998 2.5422045807354152
leaf_count=8 8 4 8 8 4 16
internal_value=0 0.010298 0.0225276 -0.0060506 -0.00170838 -0.0042083
internal_weight=0 4.13385 1.57704 7.03569 5.02615 3.39576
internal_count=56 20 16 36 28 24
is_linear=0
shrinkage=0.1


Tree=99
num_leaves=7
num_cat=0
split_feature=0 0 0 0 0 0
split_gain=0.0395861 0.0142539 0.0137879 0.0127396 0.00372147 0.000132096
threshold=0.0072513893889438134 0.0099119325506710817 0.0082404255037043152 0.0044247396234184328 0.0062315148134310756 0.003631902421177315
decision_type=2 2 2 2 2 2
left_child=3 2 -2 5 -5 -1
right_child=1 -3 -4 4 -6 -7
leaf_value=-0.0014505413368306064 0.0045024500275314622 0.0034122035134492692 0.024529845398300328 -0.0064927989074041936 -0.013288788170983102 -0.00013696993672230221
leaf_weight=1.2438717279583216 0.63024817407131173 3.4327277590055019 0.75622127950191498 1.8240231527015567 1.4433852061629295 1.9909057170152664
leaf_count=12 4 12 8 12 4 4
internal_value=0 0.00686853 0.015426 -0.00509072 -0.00949494 -0.000642079
internal_weight=0 4.8192 1.38647 6.50219 3.26741 3.23478
internal_count=56 24 12 32 16 16
is_linear=0
shrinkage=0.1


end of trees

feature_importances:
word_overlap=626

parameters:
[boosting: gbdt]
[objective: lambdarank]
[metric: ndcg]
[tree_learner: serial]
[device_type: cpu]
[data: ]
[valid: ]
[num_iterations: 100]
[learning_rate: 0.1]
[num_leaves: 16]
[num_threads: 6]
[deterministic: 0]
[force_col_wise: 0]
[force_row_wise: 0]
[histogram_pool_size: -1]
[max_depth: -1]
[min_data_in_leaf: 5]
[min_sum_hessian_in_leaf: 0.001]
[bagging_fraction: 1]
[pos_bagging_fraction: 1]
[neg_bagging_fraction: 1]
[bagging_freq: 0]
[bagging_seed: 3]
[feature_fraction: 1]
[feature_fraction_bynode: 1]
[feature_fraction_seed: 2]
[extra_trees: 0]
[extra_seed: 6]
[early_stopping_round: 0]
[first_metric_only: 0]
[max_delta_step: 0]
[lambda_l1: 0]
[lambda_l2: 0]
[linear_lambda: 0]
[min_gain_to_split: 0]
[drop_rate: 0.1]
[max_drop: 50]
[skip_drop: 0.5]
[xgboost_dart_mode: 0]
[uniform_drop: 0]
[drop_seed: 4]
[top_rate: 0.2]
[other_rate: 0.1]
[min_data_per_group: 100]
[max_cat_threshold: 32]
[cat_l2: 10]
[cat_smooth: 10]
[max_cat_to_onehot: 4]
[top_k: 20]
[monotone_constraints: ]
[monotone_constraints_method: basic]
[monotone_penalty: 0]
[feature_contri: ]
[forcedsplits_filename: ]
[refit_decay_rate: 0.9]
[cegb_tradeoff: 1]
[cegb_penalty_split: 0]
[cegb_penalty_feature_lazy: ]
[cegb_penalty_feature_coupled: ]
[path_smooth: 0]
[interaction_constraints: ]
[verbosity: 1]
[saved_feature_importance_type: 0]
[linear_tree: 0]
[max_bin: 255]
[max_bin_by_feature: ]
[min_data_in_bin: 3]
[bin_construct_sample_cnt: 200000]
[data_random_seed: 1]
[is_enable_sparse: 1]
[enable_bundle: 1]
[use_missing: 1]
[zero_as_missing: 0]
[feature_pre_filter: 1]
[pre_partition: 0]
[two_round: 0]
[header: 0]
[label_column: ]
[weight_column: ]
[group_column: ]
[ignore_column: ]
[categorical_feature: ]
[forcedbins_filename: ]
[precise_float_parser: 0]
[parser_config_file: ]
[objective_seed: 5]
[num_class: 1]
[is_unbalance: 0]
[scale_pos_weight: 1]
[sigmoid: 1]
[boost_from_average: 1]
[reg_sqrt: 0]
[alpha: 0.9]
[fair_c: 1]
[poisson_max_delta_step: 0.7]
[tweedie_variance_power: 1.5]
[lambdarank_truncation_level: 30]
[lambdarank_norm: 1]
[label_gain: ]
[eval_at: 1,2,3,4,5]
[multi_error_top_k: 1]
[auc_mu_weights: ]
[num_machines: 1]
[local_listen_port: 12400]
[time_out: 120]
[machine_list_filename: ]
[machines: ]
[gpu_platform_id: -1]
[gpu_device_id: -1]
[gpu_use_dp: 0]
[num_gpu: 1]

end of parameters

pandas_categorical:null
