tree
version=v4
num_class=1
num_tree_per_iteration=1
label_index=0
max_feature_idx=0
objective=lambdarank
feature_names=word_overlap
feature_infos=[0.0017653313005275932:0.13314229714810266]
tree_sizes=970 959 762 764 863 976 976 976 978 980 1087 766 1083 980 981 977 1197 1090 1088 873 984 875 1093 985 1201 1092 1094 982 1196 1093 1097 1101 987 984 1089 984 991 994 1100 989 883 879 879 983 989 992 988 994 990 780 887 878 885 995 992 1102 890 889 887 997 880 783 889 887 782 890 888 888 890 782 782 879 781 778 1103 779 786 886 782 997 778 890 787 885 780 887 776 886 895 893 892 891 883 884 886 777 998 892 783 889

Tree=0
num_leaves=8
num_cat=0
split_feature=0 0 0 0 0 0 0
split_gain=0.629688 1.07367 0.77817 0.18235 0.0931807 0.0602865 0.0359217
threshold=0.0072513893889438134 0.014451459212147534 0.003686574450961785 0.0088807551912432926 0.0046174674363585527 0.0099119325506710817 0.0063833176173950252
decision_type=2 2 2 2 2 2 2
left_child=2 3 -1 -2 -4 -5 -6
right_child=1 -3 4 5 6 -7 -8
leaf_value=-0.040013846929934087 -0.053232168412555715 0.054167290464835552 0.1045123548344922 -0.15623129669183822 0.039695778258193981 -0.099123577149473618 0.074723838124054198
leaf_weight=0.95773563161492381 0.73701028153300308 0.81181169673800457 0.58636131137609471 0.31823688745498657 0.63935816474258877 0.44104540161788464 0.54007439315319061
leaf_count=12 8 8 4 4 8 8 4
internal_value=0 -0.0384279 0.0325664 -0.0886653 0.0719327 -0.123059 0.0557355
internal_weight=0 2.3081 2.72353 1.49629 1.76579 0.759282 1.17943
internal_count=56 28 28 20 16 12 12
is_linear=0
shrinkage=0.1


Tree=1
num_leaves=8
num_cat=0
split_feature=0 0 0 0 0 0 0
split_gain=1.49162 1.14835 3.49127 0.428087 0.14726 0.231489 0.244028
threshold=0.016831777094257917 0.0063833176173950252 0.0058729494061789218 0.002365692145855696 0.0072513893889438134 0.014451459212147534 0.0088807551912432926
decision_type=2 2 2 2 2 2 2
left_child=1 2 3 -1 -3 6 -6
right_child=-2 4 -4 -5 5 -7 -8
leaf_value=0.014895513797325587 0.06079307757524556 -0.024341646754523032 0.12453518630480975 -0.039558585667057042 -0.044152301189175916 -0.031112415394009663 -0.11161086530737974
leaf_weight=2.0722579658031517 3.3472894430160514 2.9135955274105063 2.094551682472229 4.7594262287020683 1.1060520187020304 2.2818737626075745 1.0409158878028391
leaf_count=8 4 4 4 12 8 4 12
internal_value=0 -0.0125082 0.0115879 -0.023041 -0.041802 -0.0532886 -0.0768583
internal_weight=0 16.2687 8.92624 6.83168 7.34244 4.42884 2.14697
internal_count=56 52 24 20 28 24 20
is_linear=0
shrinkage=0.1


Tree=2
num_leaves=6
num_cat=0
split_feature=0 0 0 0 0
split_gain=0.46252 0.91198 0.445067 0.276947 0.0557692
threshold=0.014451459212147534 0.0063833176173950252 0.0058729494061789218 0.0088807551912432926 0.002365692145855696
decision_type=2 2 2 2 2
left_child=1 2 4 -3 -1
right_child=-2 3 -4 -5 -6
leaf_value=0.008581725910302913 0.028490141503212735 -0.034389376639588555 0.052265160777828168 -0.096108247645045497 -0.010331892178128101
leaf_weight=2.4876134395599383 4.2499210834503165 3.0060781612992282 1.8418271243572233 0.958981443196535 4.1762968935072422
leaf_count=8 8 12 4 12 12
internal_value=0 -0.00970915 0.00875437 -0.0493166 -0.00327151
internal_weight=0 12.4708 8.50574 3.96506 6.66391
internal_count=56 48 24 24 20
is_linear=0
shrinkage=0.1


Tree=3
num_leaves=6
num_cat=0
split_feature=0 0 0 0 0
split_gain=0.712305 0.410725 0.213728 0.346928 0.108422
threshold=0.014451459212147534 0.0072513893889438134 0.002365692145855696 0.0058729494061789218 0.0088807551912432926
decision_type=2 2 2 2 2
left_child=1 2 -1 -4 -3
right_child=-2 4 3 -5 -6
leaf_value=0.018970927655641637 0.033799561323273407 -0.032897776206676936 -0.031994779718343636 0.010427402389337228 -0.085408008708033431
leaf_weight=2.6595382243394869 4.5358388870954505 0.75410484895110019 4.4991856962442398 3.3729839697480202 0.82165478728711605
leaf_count=8 8 8 12 8 12
internal_value=0 -0.0126624 -0.00553805 -0.0138182 -0.0602784
internal_weight=0 12.1075 10.5317 7.87217 1.57576
internal_count=56 48 28 20 20
is_linear=0
shrinkage=0.1


Tree=4
num_leaves=7
num_cat=0
split_feature=0 0 0 0 0 0
split_gain=0.819416 0.45998 0.557694 0.117585 0.0979056 0.00775869
threshold=0.014451459212147534 0.0063833176173950252 0.0019174873866273209 0.0046174674363585527 0.0088807551912432926 0.003686574450961785
decision_type=2 2 2 2 2 2
left_child=1 2 -1 5 -3 -4
right_child=-2 4 3 -5 -6 -7
leaf_value=-0.051197950270664365 0.03587541756837629 -0.035807442545304984 0.015993104692113763 -0.0085599201874630611 -0.076984070638579427 0.024391023475536389
leaf_weight=1.75050261616707 4.5791620910167685 2.763297457247972 1.8262043371796606 1.8938473276793955 0.72998130507767189 2.7670357525348663
leaf_count=4 8 12 8 8 12 4
internal_value=0 -0.014004 -0.00110904 0.0124072 -0.044412 0.0210521
internal_weight=0 11.7309 8.23759 6.48709 3.49328 4.59324
internal_count=56 48 24 20 24 12
is_linear=0
shrinkage=0.1


Tree=5
num_leaves=8
num_cat=0
split_feature=0 0 0 0 0 0 0
split_gain=1.88498 0.345235 0.124188 0.0836267 0.0548018 0.0384309 0.0232687
threshold=0.014451459212147534 0.0072513893889438134 0.0082364235471922408 0.0046174674363585527 0.003686574450961785 0.0099119325506710817 0.0063833176173950252
decision_type=2 2 2 2 2 2 2
left_child=1 3 -3 4 -1 -4 -5
right_child=-2 2 5 6 -6 -7 -8
leaf_value=-0.016933769377642544 0.053995012768191332 -0.10900999799679156 -0.025940150106285156 -0.031637903946915395 0.0029886019258812194 -0.06743504874451868 -0.017047573866850213
leaf_weight=2.8010554984211904 4.6044808328151712 0.49132265150546917 0.45238343812525272 2.5961313582956791 2.7230201363563538 0.44056721404194832 1.8879383057355879
leaf_count=12 8 4 8 8 4 8 4
internal_value=0 -0.0218232 -0.0686307 -0.015349 -0.0071133 -0.0464131 -0.0254949
internal_weight=0 11.3924 1.38427 10.0081 5.52408 0.892951 4.48407
internal_count=56 48 20 28 16 16 12
is_linear=0
shrinkage=0.1


Tree=6
num_leaves=8
num_cat=0
split_feature=0 0 0 0 0 0 0
split_gain=0.456217 0.891932 0.712171 0.196635 0.069099 0.0288754 0.00497983
threshold=0.0058729494061789218 0.0063833176173950252 0.014451459212147534 0.0072513893889438134 0.0082364235471922408 0.002365692145855696 0.0099119325506710817
decision_type=2 2 2 2 2 2 2
left_child=5 -2 3 -3 -5 -1 -6
right_child=1 2 -4 4 6 -7 -8
leaf_value=-0.01286429731568544 0.082841220409361066 -0.014130364262970312 0.024991768025848113 -0.097187460552879454 -0.042094457948636838 -0.027521287914941368 -0.056105210478598788
leaf_weight=2.1223198100924501 1.5507860407233218 1.8532837778329851 4.6907036900520325 0.42591345310211171 0.50051284953951813 3.6657052002847195 0.51440972276031971
leaf_count=8 4 4 8 4 8 12 8
internal_value=0 0.013443 -3.53077e-05 -0.0356729 -0.0633822 -0.0221469 -0.0491958
internal_weight=0 9.53561 7.98482 3.29412 1.44084 5.78803 1.01492
internal_count=56 36 32 24 20 20 16
is_linear=0
shrinkage=0.1


Tree=7
num_leaves=8
num_cat=0
split_feature=0 0 0 0 0 0 0
split_gain=0.70425 0.0654161 0.220967 0.0676698 0.041947 0.0376913 0.0234342
threshold=0.016831777094257917 0.014451459212147534 0.0072513893889438134 0.0099119325506710817 0.0058729494061789218 0.002365692145855696 0.0082364235471922408
decision_type=2 2 2 2 2 2 2
left_child=1 2 4 6 5 -1 -4
right_child=-2 -3 3 -5 -6 -7 -8
leaf_value=-0.0028756494670638508 0.040188155943796412 0.01040732704450209 -0.085718868175289814 -0.02268558450440436 0.00069355604588271723 -0.019757352620068527 -0.053305654959168093
leaf_weight=2.1046175658702797 3.3807421475648889 1.2059902027249343 0.37683500349521704 0.56875570118427277 3.3044323325157166 3.5590171609073877 0.5465731043368578
leaf_count=8 4 4 4 8 8 12 8
internal_value=0 -0.0116461 -0.0141887 -0.0498202 -0.0082601 -0.0134841 -0.0665332
internal_weight=0 11.6662 10.4602 1.49216 8.96807 5.66363 0.923408
internal_count=56 52 48 20 28 20 12
is_linear=0
shrinkage=0.1


Tree=8
num_leaves=8
num_cat=0
split_feature=0 0 0 0 0 0 0
split_gain=0.421269 0.154774 0.146879 0.0679671 0.0671193 0.0332423 0.0027951
threshold=0.016831777094257917 0.0063833176173950252 0.014451459212147534 0.0072513893889438134 0.003686574450961785 0.0082364235471922408 0.0099119325506710817
decision_type=2 2 2 2 2 2 2
left_child=1 4 3 -3 -1 -5 -7
right_child=-2 2 -4 5 -6 6 -8
leaf_value=-0.012302003073707412 0.03206594624881709 -0.023318180117710502 0.0055433522941173777 -0.079633631998902332 0.0078059192987360304 -0.037196735642528858 -0.048392083888162199
leaf_weight=2.6706644445657712 3.2013826221227655 1.9091302305459978 1.232653349637985 0.34715010225772835 4.3866589330136776 0.41683510504662991 0.4795957375317812
leaf_count=12 4 4 4 4 12 8 8
internal_value=0 -0.00897127 -0.023725 -0.0351684 0.000196588 -0.0533607 -0.0431863
internal_weight=0 11.4427 4.38536 3.15271 7.05732 1.24358 0.896431
internal_count=56 52 28 24 24 20 16
is_linear=0
shrinkage=0.1


Tree=9
num_leaves=8
num_cat=0
split_feature=0 0 0 0 0 0 0
split_gain=0.331046 0.232318 0.278407 0.0772933 0.0365683 0.0943245 0.0295427
threshold=0.014451459212147534 0.0019174873866273209 0.0072513893889438134 0.0058729494061789218 0.0082364235471922408 0.011060829098723822 0.003686574450961785
decision_type=2 2 2 2 2 2 2
left_child=1 -1 3 6 -4 -6 -3
right_child=-2 2 4 -5 5 -7 -8
leaf_value=-0.057631803689435268 0.023048480090319543 0.004934285786207312 -0.076283998710679313 0.014428522334769572 -0.018093864885240545 -0.088357247033989894 -0.011789764627934353
leaf_weight=0.93052447587251563 4.3378169164061555 1.6086527705192546 0.34279175102710702 3.0401209369301796 0.67046714946627617 0.26720109209418297 3.0759153068065643
leaf_count=4 8 8 4 8 12 4 8
internal_value=0 -0.0100627 -0.00514731 0.00201143 -0.0483342 -0.0381164 -0.00604683
internal_weight=0 9.93567 9.00515 7.72469 1.28046 0.937668 4.68457
internal_count=56 48 44 24 20 16 16
is_linear=0
shrinkage=0.1


Tree=10
num_leaves=9
num_cat=0
split_feature=0 0 0 0 0 0 0 0
split_gain=0.320716 0.153472 0.107112 0.0667283 0.0423507 0.033288 0.00620895 0.00138038
threshold=0.016831777094257917 0.0063833176173950252 0.014451459212147534 0.002365692145855696 0.0072513893889438134 0.0082364235471922408 0.0046174674363585527 0.0099119325506710817
decision_type=2 2 2 2 2 2 2 2
left_child=1 3 4 -1 -3 -6 -5 -7
right_child=-2 2 -4 6 5 7 -8 -9
leaf_value=0.016842889361093613 0.028323740716120649 -0.024093944455785311 0.0022288922825878959 -0.0075493319299383957 -0.075355548440121517 -0.033302331797567052 0.00012098958118892017 -0.041762584107258638
leaf_weight=1.9587338343262652 3.1139823049306878 1.9044728577136996 1.1990336850285528 3.2435678690671921 0.32918540388345696 0.40017248969525099 1.5643009655177591 0.37225977797061205
leaf_count=8 4 4 4 8 4 8 8 8
internal_value=0 -0.00803881 -0.0230416 0.00128473 -0.0331212 -0.0487276 -0.0050537 -0.0373796
internal_weight=0 10.9717 4.20512 6.7666 3.00609 1.10162 4.80787 0.772432
internal_count=56 52 28 24 24 20 16 16
is_linear=0
shrinkage=0.1


Tree=11
num_leaves=6
num_cat=0
split_feature=0 0 0 0 0
split_gain=0.255943 0.506942 0.115008 0.428383 0.0624294
threshold=0.002365692145855696 0.0058729494061789218 0.016831777094257917 0.0063833176173950252 0.0099119325506710817
decision_type=2 2 2 2 2
left_child=-1 -2 3 -3 -5
right_child=1 2 -4 4 -6
leaf_value=0.032385611632420645 -0.035461250502502671 0.057314032663146997 0.023784553544918857 -0.024610987241380097 0.00058967790281379176
leaf_weight=2.0821908265352258 3.8632491771131745 1.0230107754468898 3.0666677951812744 2.557846168987453 1.5966474339365957
leaf_count=8 12 4 4 16 12
internal_value=0 -0.00556956 0.00843779 -0.000652194 -0.0149259
internal_weight=0 12.1074 8.24417 5.1775 4.15449
internal_count=56 48 36 32 28
is_linear=0
shrinkage=0.1


Tree=12
num_leaves=9
num_cat=0
split_feature=0 0 0 0 0 0 0 0
split_gain=0.438063 0.374309 0.104672 0.228067 0.0353331 0.110444 0.0453202 0.0127187
threshold=0.003686574450961785 0.0019174873866273209 0.016831777094257917 0.0063833176173950252 0.014451459212147534 0.0072513893889438134 0.0099119325506710817 0.0082364235471922408
decision_type=2 2 2 2 2 2 2 2
left_child=1 -1 3 -2 5 -5 7 -7
right_child=2 -3 -4 4 -6 6 -8 -9
leaf_value=-0.085398101738723073 0.018876442567443155 -0.0051907977178727322 0.023900879491623287 -0.0043148082661750992 0.00078343504430841606 -0.071812552436627139 -0.017741210172922794 -0.045972875954697706
leaf_weight=1.003837361931802 4.1226076520979387 1.3840617686510084 3.096002832055091 1.7635650038719179 1.0995110943913458 0.36513780802488305 0.42999829072505236 0.39825544692575932
leaf_count=4 12 8 4 4 4 4 8 8
internal_value=0 -0.0389088 0.00824031 0.00231236 -0.0145218 -0.0202129 -0.0437066 -0.0583322
internal_weight=0 2.3879 11.2751 8.17908 4.05647 2.95696 1.19339 0.763393
internal_count=56 12 44 40 28 24 20 12
is_linear=0
shrinkage=0.1


Tree=13
num_leaves=8
num_cat=0
split_feature=0 0 0 0 0 0 0
split_gain=0.211852 0.0513937 0.354643 0.0646781 0.160086 0.0575012 0.00820146
threshold=0.016831777094257917 0.0058729494061789218 0.0063833176173950252 0.0099119325506710817 0.0072513893889438134 0.002365692145855696 0.0082364235471922408
decision_type=2 2 2 2 2 2 2
left_child=1 5 -3 4 -4 -1 -6
right_child=-2 2 3 -5 6 -7 -8
leaf_value=0.001321693701536686 0.023115038389316857 0.050422391775613945 -0.0065086052106454739 0.0027457912503173034 -0.071698439142519402 -0.02123858257410834 -0.051146254834763386
leaf_weight=1.6724206358194331 3.0577210634946832 1.1047257445752618 1.7429078891873362 1.5256003160029648 0.37557934969663609 3.4818357713520527 0.40198479313403368
leaf_count=8 4 4 4 12 4 12 8
internal_value=0 -0.0068587 0.000205701 -0.0135053 -0.0233418 -0.0139184 -0.0610734
internal_weight=0 10.3051 5.1508 4.04607 2.52047 5.15426 0.777564
internal_count=56 52 32 28 16 20 12
is_linear=0
shrinkage=0.1


Tree=14
num_leaves=8
num_cat=0
split_feature=0 0 0 0 0 0 0
split_gain=0.285226 0.157186 0.0467392 0.0612724 0.0284974 0.0264361 0.00961317
threshold=0.014451459212147534 0.0072513893889438134 0.0046174674363585527 0.003686574450961785 0.0088807551912432926 0.0099119325506710817 0.0063833176173950252
decision_type=2 2 2 2 2 2 2
left_child=1 2 3 -1 -3 -6 -4
right_child=-2 4 6 -5 5 -7 -8
leaf_value=-0.01159114754968985 0.02178140064465485 -0.029277569734509398 -0.020338309951444179 0.011253891774746859 -0.092297487341443857 -0.046103061935169193 -0.0094464002834631737
leaf_weight=2.1150268912315351 4.1273674964904794 0.48462970182299503 1.4996190126985312 2.6388298273086548 0.1934151342138648 0.34461556747555733 1.7629285901784897
leaf_count=12 8 8 8 4 4 8 4
internal_value=0 -0.00994571 -0.00523571 0.00108996 -0.0468663 -0.0627094 -0.0144528
internal_weight=0 9.03906 8.0164 4.75386 1.02266 0.538031 3.26255
internal_count=56 48 28 16 20 12 12
is_linear=0
shrinkage=0.1


Tree=15
num_leaves=8
num_cat=0
split_feature=0 0 0 0 0 0 0
split_gain=0.181931 0.0818161 0.106803 0.283217 0.0550798 0.111997 0.0200258
threshold=0.016831777094257917 0.002365692145855696 0.0058729494061789218 0.0063833176173950252 0.014451459212147534 0.0088807551912432926 0.0099119325506710817
decision_type=2 2 2 2 2 2 2
left_child=1 -1 -3 -4 5 -5 -7
right_child=-2 2 3 4 -6 6 -8
leaf_value=0.013564127435142605 0.021531581698415254 -0.023802491599058853 0.046365025478829307 -0.011267762863206757 0.0057877792528490055 -0.090351193412420594 -0.048687579790568015
leaf_weight=1.6912255883216847 3.0157026052474984 3.5170785346999747 1.0041164048016069 2.2177303358912472 1.0769904479384425 0.17921408917754877 0.32381583377718925
leaf_count=8 4 12 4 12 4 4 8
internal_value=0 -0.00648669 -0.010563 -0.000865832 -0.0133536 -0.0209305 -0.063531
internal_weight=0 10.0102 8.31895 4.80187 3.79775 2.72076 0.50303
internal_count=56 52 44 32 28 24 12
is_linear=0
shrinkage=0.1


Tree=16
num_leaves=10
num_cat=0
split_feature=0 0 0 0 0 0 0 0 0
split_gain=0.208398 0.0616856 0.209621 0.0884677 0.0340958 0.0871349 0.0230051 0.0215651 0.000985604
threshold=0.016831777094257917 0.003686574450961785 0.0019174873866273209 0.0046174674363585527 0.014451459212147534 0.0072513893889438134 0.0082364235471922408 0.011060829098723822 0.0063833176173950252
decision_type=2 2 2 2 2 2 2 2 2
left_child=1 2 -1 -3 5 8 -7 -8 -5
right_child=-2 3 -4 4 -6 6 7 -9 -10
leaf_value=-0.060607190060756613 0.02286963086524749 0.011897914336091055 0.0039136583838002108 -0.0045972714552413923 0.0056243718841587839 -0.062112783576187894 -0.017822396154173633 -0.05906011687708488 -0.0082086211066277372
leaf_weight=0.84952439367771004 3.039326250553132 2.6310224682092667 1.2363851517438886 1.3318024072796106 1.0198696181178091 0.33923284709453572 0.44009095383808017 0.1781457019969821 1.7471168115735054
leaf_count=4 4 4 8 8 4 4 12 4 4
internal_value=0 -0.00711213 -0.0223636 -0.00297371 -0.0107122 -0.0148399 -0.0411872 -0.0297051 -0.00664651
internal_weight=0 9.77319 2.08591 7.68728 5.05626 4.03639 0.95747 0.618237 3.07892
internal_count=56 52 12 40 36 32 20 16 12
is_linear=0
shrinkage=0.1


Tree=17
num_leaves=9
num_cat=0
split_feature=0 0 0 0 0 0 0 0
split_gain=0.158171 0.0355216 0.236042 0.0506332 0.0374091 0.0653869 0.0157693 0.0326557
threshold=0.016831777094257917 0.0058729494061789218 0.0063833176173950252 0.002365692145855696 0.014451459212147534 0.0072513893889438134 0.0088807551912432926 0.0099119325506710817
decision_type=2 2 2 2 2 2 2 2
left_child=1 3 -3 -1 5 -4 -7 -8
right_child=-2 2 4 -5 -6 6 7 -9
leaf_value=0.0028683118338527266 0.020093985305742967 0.043505365559784424 -0.0063726952150174737 -0.018981177707384788 0.0045265293139738778 -0.026271966328993198 -0.088633476924398519 -0.032906651567287906
leaf_weight=1.5421913489699344 2.9891202449798593 0.98485774546861637 1.7332721874117853 3.3963708803057671 1.0378414615988734 0.46744434535503376 0.16129843750968575 0.30210921494290233
leaf_count=8 4 4 4 12 4 8 4 8
internal_value=0 -0.0062401 -4.2087e-06 -0.0121581 -0.0115793 -0.0178536 -0.0392313 -0.0523035
internal_weight=0 9.62539 4.68682 4.93856 3.70197 2.66412 0.930852 0.463408
internal_count=56 52 32 20 28 24 20 12
is_linear=0
shrinkage=0.1


Tree=18
num_leaves=9
num_cat=0
split_feature=0 0 0 0 0 0 0 0
split_gain=0.186093 0.119485 0.0665052 0.0297068 0.0223212 0.0505149 0.0234471 0.00754374
threshold=0.016831777094257917 0.0046174674363585527 0.014451459212147534 0.002365692145855696 0.0063833176173950252 0.0072513893889438134 0.0082364235471922408 0.011060829098723822
decision_type=2 2 2 2 2 2 2 2
left_child=1 3 4 -1 -3 -6 -7 -8
right_child=-2 2 -4 -5 5 6 7 -9
leaf_value=0.016014530561386877 0.021700470895564164 -0.03354474031751016 0.005709134528118557 -0.00095385025014755969 -0.0079001517790857675 -0.058346219730384612 -0.017377703602253713 -0.042806669431699723
leaf_weight=1.5684932619333247 3.0078573077917108 1.3772603161633012 0.99025892466306675 3.0150469094514847 1.73894888907671 0.32946285605430592 0.40062345145270228 0.16459117736667395
leaf_count=8 4 8 4 8 4 4 12 4
internal_value=0 -0.00681002 -0.0174989 0.00485275 -0.0232288 -0.0178341 -0.0371424 -0.0247826
internal_weight=0 9.58469 5.00115 4.58354 4.01089 2.63363 0.894677 0.565215
internal_count=56 52 36 16 32 24 20 16
is_linear=0
shrinkage=0.1


Tree=19
num_leaves=7
num_cat=0
split_feature=0 0 0 0 0 0
split_gain=0.154925 0.0601243 0.0817163 0.0255332 0.0535423 0.0218364
threshold=0.003686574450961785 0.016831777094257917 0.0063833176173950252 0.014451459212147534 0.0072513893889438134 0.0088807551912432926
decision_type=2 2 2 2 2 2
left_child=-1 2 -2 4 -4 -6
right_child=1 -3 3 -5 5 -7
leaf_value=-0.02548846767100342 0.010352710931954343 0.0170257935621951 -0.005755090618877013 0.0026833680618694802 -0.020900718516307502 -0.052714342273265519
leaf_weight=1.9992344230413444 3.8091042824089509 2.9376069158315659 1.7271953970193865 1.0310861095786097 0.44732138421386469 0.41676507703959942
leaf_count=12 12 4 4 4 8 12
internal_value=0 0.00491436 0.000126804 -0.0106263 -0.0159222 -0.036245
internal_weight=0 10.3691 7.43147 3.62237 2.59128 0.864086
internal_count=56 44 40 28 24 20
is_linear=0
shrinkage=0.1


Tree=20
num_leaves=8
num_cat=0
split_feature=0 0 0 0 0 0 0
split_gain=0.107431 0.0395017 0.240855 0.0294896 0.0515025 0.0441981 0.0229405
threshold=0.016831777094257917 0.0058729494061789218 0.0063833176173950252 0.011060829098723822 0.0072513893889438134 0.0082364235471922408 0.002365692145855696
decision_type=2 2 2 2 2 2 2
left_child=1 6 -3 4 -4 -6 -1
right_child=-2 2 3 -5 5 -7 -8
leaf_value=-0.0014536464899002023 0.016772490513245811 0.048005058655576499 -0.0067932088201479212 0.0030001715909622373 -0.064683155531527453 -0.015156041863315718 -0.016145878816850368
leaf_weight=1.5637958943843822 2.9155127853155145 0.89476681128144253 1.7218492925167086 1.1895199180580678 0.34213517606258381 0.38065638253465295 3.3168101338669658
leaf_count=8 4 4 4 8 4 12 12
internal_value=0 -0.0051969 0.00152919 -0.00991364 -0.0161973 -0.0385998 -0.0114383
internal_weight=0 9.40953 4.52893 3.63416 2.44464 0.722792 4.88061
internal_count=56 52 32 28 20 16 20
is_linear=0
shrinkage=0.1


Tree=21
num_leaves=7
num_cat=0
split_feature=0 0 0 0 0 0
split_gain=0.137316 0.0591027 0.0415396 0.0291631 0.0123151 0.153482
threshold=0.014451459212147534 0.0072513893889438134 0.0058729494061789218 0.0088807551912432926 0.003686574450961785 0.0019174873866273209
decision_type=2 2 2 2 2 2
left_child=1 2 4 -3 5 -1
right_child=-2 3 -4 -5 -6 -7
leaf_value=-0.049588544526400075 0.015412746760649965 -0.014871986251142791 0.005588938692989846 -0.052887841719436161 -0.0059016213951330991 0.00754361845459324
leaf_weight=0.80505037307739069 3.9182852208614358 0.42329426668584336 2.6240506172180176 0.38562882551923394 2.8761694515123963 1.1305484436452387
leaf_count=4 8 8 8 12 8 8
internal_value=0 -0.00732486 -0.00453229 -0.0329949 -0.0100518 -0.0162187
internal_weight=0 8.24474 7.43582 0.808923 4.81177 1.9356
internal_count=56 48 28 20 20 12
is_linear=0
shrinkage=0.1


Tree=22
num_leaves=9
num_cat=0
split_feature=0 0 0 0 0 0 0 0
split_gain=0.120743 0.0443038 0.0278606 0.0183917 0.0176596 0.0157265 0.0046984 0.000818001
threshold=0.016831777094257917 0.0046174674363585527 0.014451459212147534 0.0072513893889438134 0.0082364235471922408 0.003686574450961785 0.0063833176173950252 0.0099119325506710817
decision_type=2 2 2 2 2 2 2 2
left_child=1 5 3 6 -5 -1 -3 -6
right_child=-2 2 -4 4 7 -7 -8 -9
leaf_value=-0.0055168486000647578 0.01770308435706567 -0.017505893180530346 0.0026436430095880762 -0.048676072947638996 -0.014202243154925659 0.0065296533448031052 -0.009330919264245157 -0.022228260788018213
leaf_weight=1.8602187484502772 2.9212607964873323 1.1809458006173377 0.97456495463848103 0.30482573062181462 0.25307717313989997 2.5961186289787292 1.7372462525963783 0.25487083243206143
leaf_count=12 4 8 4 4 8 4 4 8
internal_value=0 -0.00564463 -0.0124119 -0.0163445 -0.0296482 0.00150106 -0.0126392 -0.0182294
internal_weight=0 9.16187 4.70553 3.73097 0.812774 4.45634 2.91819 0.507948
internal_count=56 52 36 32 20 16 12 16
is_linear=0
shrinkage=0.1


Tree=23
num_leaves=8
num_cat=0
split_feature=0 0 0 0 0 0 0
split_gain=0.0911053 0.0730888 0.0799619 0.176568 0.0219131 0.0234522 0.0207309
threshold=0.016831777094257917 0.002365692145855696 0.0058729494061789218 0.0063833176173950252 0.014451459212147534 0.0072513893889438134 0.0088807551912432926
decision_type=2 2 2 2 2 2 2
left_child=1 -1 -3 -4 5 -5 -7
right_child=-2 2 3 4 -6 6 -8
leaf_value=0.015626494925676172 0.015512764191877358 -0.020249893868024234 0.042074985820207356 -0.0079348417479908825 0.0030921481714410149 -0.013488071724814081 -0.045957643928314015
leaf_weight=1.4627475291490535 2.8814853653311738 3.3913928177207708 0.81868917867541302 1.727234989404679 0.99134549498558033 0.41861890256404866 0.37082245713099837
leaf_count=8 4 12 4 4 4 8 12
internal_value=0 -0.00486881 -0.00875311 0.000258371 -0.00950064 -0.0144611 -0.0287399
internal_weight=0 9.18085 7.7181 4.32671 3.50802 2.51668 0.789441
internal_count=56 52 44 32 28 24 20
is_linear=0
shrinkage=0.1


Tree=24
num_leaves=10
num_cat=0
split_feature=0 0 0 0 0 0 0 0 0
split_gain=0.103885 0.0339905 0.11967 0.0419024 0.0125876 0.0238297 0.0241644 0.0043336 0.00218917
threshold=0.016831777094257917 0.003686574450961785 0.0019174873866273209 0.0046174674363585527 0.014451459212147534 0.0072513893889438134 0.0082364235471922408 0.011060829098723822 0.0063833176173950252
decision_type=2 2 2 2 2 2 2 2 2
left_child=1 2 -1 -3 5 8 -7 -8 -5
right_child=-2 3 -4 4 -6 6 7 -9 -10
leaf_value=-0.047121095294697768 0.016473930846436922 0.0080096177748401713 0.0042051080734247983 -0.0027667673312019841 0.0022507428610413246 -0.048103291690666718 -0.0063344750202328536 -0.02716092728868745 -0.0085112201582580108
leaf_weight=0.78224550187587549 2.8967224583029756 2.5864175111055374 1.0834203474223612 1.0776120675727729 0.95972753316164006 0.30350524187088002 0.35300769098103046 0.13935351930558681 1.7259722091257572
leaf_count=4 4 4 8 8 4 4 12 4 4
internal_value=0 -0.00529564 -0.0173152 -0.00215741 -0.00792516 -0.0106384 -0.0259097 -0.012229 -0.00630323
internal_weight=0 9.01126 1.86567 7.1456 4.55918 3.59945 0.795866 0.492361 2.80358
internal_count=56 52 12 40 36 32 20 16 12
is_linear=0
shrinkage=0.1


Tree=25
num_leaves=9
num_cat=0
split_feature=0 0 0 0 0 0 0 0
split_gain=0.0866374 0.0349536 0.0214296 0.0112321 0.0133299 0.0343186 0.00965744 0.00790453
threshold=0.016831777094257917 0.0046174674363585527 0.014451459212147534 0.0072513893889438134 0.0088807551912432926 0.0099119325506710817 0.0063833176173950252 0.002365692145855696
decision_type=2 2 2 2 2 2 2 2
left_child=1 7 3 6 -5 -6 -3 -1
right_child=-2 2 -4 4 5 -7 -8 -9
leaf_value=0.0077524685377762517 0.015116938221471966 -0.018801976560732393 0.0022654417566828565 -0.012935753728985306 -0.081660362225645558 -0.016753906795854472 -0.0068675402971351872 -0.0013548983935890236
leaf_weight=1.3928735554218272 2.872927427291871 1.1208695042878394 0.96730525046586979 0.41364084370434273 0.12469798885285854 0.23494542762637138 1.7162502370774746 3.0176481902599335
leaf_count=8 4 8 4 8 4 8 4 8
internal_value=0 -0.00483186 -0.010953 -0.0144945 -0.0251782 -0.0392587 -0.0115825 0.00152127
internal_weight=0 8.98823 4.57771 3.6104 0.773284 0.359643 2.83712 4.41052
internal_count=56 52 36 32 20 12 12 16
is_linear=0
shrinkage=0.1


Tree=26
num_leaves=9
num_cat=0
split_feature=0 0 0 0 0 0 0 0
split_gain=0.0825181 0.0195285 0.192513 0.0123152 0.018263 0.0139295 0.00709075 0.00331232
threshold=0.0058729494061789218 0.016831777094257917 0.0063833176173950252 0.014451459212147534 0.0072513893889438134 0.0082364235471922408 0.002365692145855696 0.0099119325506710817
decision_type=2 2 2 2 2 2 2 2
left_child=6 2 -2 4 -4 -6 -1 -7
right_child=1 -3 3 -5 5 7 -8 -9
leaf_value=-0.0043902630078022104 0.046986793690214378 0.013248265561701673 -0.0057851349851274292 0.0017779893833521022 -0.041652594959943071 -0.0051841694507904455 -0.012776896577924624 -0.022205247492222347
leaf_weight=1.4537441879510877 0.79183777421712864 2.8447582125663757 1.7111964151263244 0.97945716232061375 0.29029869660735119 0.22999617364257574 3.2888751877471805 0.22733765048906207
leaf_count=8 4 4 4 4 4 8 12 8
internal_value=0 0.00684165 0.0025332 -0.00770447 -0.0114817 -0.0245202 -0.0102062 -0.0136452
internal_weight=0 7.07488 4.23012 3.43829 2.45883 0.747633 4.74262 0.457334
internal_count=56 36 32 28 24 20 20 16
is_linear=0
shrinkage=0.1


Tree=27
num_leaves=8
num_cat=0
split_feature=0 0 0 0 0 0 0
split_gain=0.081282 0.0207489 0.107643 0.0285858 0.0116355 0.0170672 0.0157358
threshold=0.016831777094257917 0.003686574450961785 0.0019174873866273209 0.0046174674363585527 0.014451459212147534 0.0072513893889438134 0.0088807551912432926
decision_type=2 2 2 2 2 2 2
left_child=1 2 -1 -3 5 -5 -7
right_child=-2 3 -4 4 -6 6 -8
leaf_value=-0.042352728251603945 0.014659808385650498 0.0061688210230404364 0.006282603774125795 -0.006166294525385055 0.0026940014079480474 -0.01013705059315145 -0.039649188660210333
leaf_weight=0.78311188519000818 2.8590371757745752 2.5649862438440323 1.0863705724477766 2.7385337464511399 0.95153986662626255 0.40292951464653004 0.3275353261269629
leaf_count=4 4 4 8 12 4 8 12
internal_value=0 -0.00473325 -0.0140904 -0.00222907 -0.00710189 -0.00978889 -0.0233701
internal_weight=0 8.85501 1.86948 6.98552 4.42054 3.469 0.730465
internal_count=56 52 12 40 36 32 20
is_linear=0
shrinkage=0.1


Tree=28
num_leaves=10
num_cat=0
split_feature=0 0 0 0 0 0 0 0 0
split_gain=0.0671498 0.0433817 0.0655828 0.119092 0.00946866 0.0137712 0.0214583 0.0585548 0.000717041
threshold=0.016831777094257917 0.002365692145855696 0.0058729494061789218 0.0063833176173950252 0.014451459212147534 0.0072513893889438134 0.0082364235471922408 0.0088807551912432926 0.011060829098723822
decision_type=2 2 2 2 2 2 2 2 2
left_child=1 -1 -3 -4 5 -5 -7 -8 -9
right_child=-2 2 3 4 -6 6 7 8 -10
leaf_value=0.012425523348539363 0.013384219998854958 -0.01757606812622765 0.03706169824467323 -0.0051626338576721232 0.0016453671193941103 -0.042635476872164714 0.052268876365424488 -0.033269459049278451 -0.023647198437440727
leaf_weight=1.3207605704665164 2.8384223654866227 3.3759711785241961 0.75684891268610943 1.7064055614173419 0.95460173487663258 0.291173506528139 0.11919879168272018 0.2020744769833982 0.12556769466027617
leaf_count=8 4 12 4 4 4 4 4 8 4
internal_value=0 -0.0042914 -0.00722283 0.00118749 -0.0068005 -0.0100988 -0.021512 -0.00774738 -0.0295818
internal_weight=0 8.8526 7.53184 4.15587 3.39902 2.44442 0.738014 0.446841 0.327642
internal_count=56 52 44 32 28 24 20 16 12
is_linear=0
shrinkage=0.1


Tree=29
num_leaves=9
num_cat=0
split_feature=0 0 0 0 0 0 0 0
split_gain=0.0990733 0.0536162 0.0694006 0.0162906 0.00672746 0.00931645 0.0141241 0.0533993
threshold=0.0019174873866273209 0.016831777094257917 0.0046174674363585527 0.014451459212147534 0.0063833176173950252 0.0072513893889438134 0.0082364235471922408 0.0088807551912432926
decision_type=2 2 2 2 2 2 2 2
left_child=-1 2 -2 4 -4 -6 -7 -8
right_child=1 -3 3 -5 5 6 7 -9
leaf_value=-0.03387679004938788 0.0086182161957086677 0.014283664509774866 -0.019969586807235915 0.0016156929700661409 -0.0063532283885771399 -0.037464160648815546 0.04619257013824285 -0.030886558164598468
leaf_weight=0.8037758022546776 3.5985476747155172 2.8511581718921652 1.0434121303260329 0.93522877991199482 1.7099448181688788 0.28010475262999524 0.12616035621613264 0.31254456820897758
leaf_count=4 12 4 8 4 4 4 4 12
internal_value=0 0.00250797 -0.00168571 -0.0100987 -0.0132539 -0.0103688 -0.0199213 -0.00872057
internal_weight=0 10.8571 8.00594 4.4074 3.47217 2.42875 0.71881 0.438705
internal_count=56 52 48 36 32 24 20 16
is_linear=0
shrinkage=0.1


Tree=30
num_leaves=9
num_cat=0
split_feature=0 0 0 0 0 0 0 0
split_gain=0.0684566 0.0514743 0.0175913 0.121401 0.00593415 0.00960389 0.0132362 0.0513884
threshold=0.0058729494061789218 0.002365692145855696 0.016831777094257917 0.0063833176173950252 0.014451459212147534 0.0072513893889438134 0.0082364235471922408 0.0088807551912432926
decision_type=2 2 2 2 2 2 2 2
left_child=1 -1 3 -2 5 -5 -7 -8
right_child=2 -3 -4 4 -6 6 7 -9
leaf_value=0.0071958899876265374 0.038622670903828864 -0.016159908970736433 0.012357463462335037 -0.0045250374198666362 0.00071733945772269124 -0.035505124572563877 0.043970814394299694 -0.030255789411073993
leaf_weight=1.3241828083992002 0.74534838646650303 3.2834695223718882 2.8222758546471596 1.7015961222350604 0.94977265596389759 0.27582714334130276 0.13436001446098089 0.30499133234843612
leaf_count=8 4 12 4 4 4 4 4 12
internal_value=0 -0.00944774 0.00627788 0.00210505 -0.00597989 -0.00861185 -0.0183354 -0.00755622
internal_weight=0 4.60765 6.93417 4.1119 3.36655 2.41677 0.715178 0.439351
internal_count=56 20 36 32 28 24 20 16
is_linear=0
shrinkage=0.1


Tree=31
num_leaves=9
num_cat=0
split_feature=0 0 0 0 0 0 0 0
split_gain=0.0674275 0.0178233 0.0334365 0.0126082 0.00768052 0.00403227 0.0131362 0.0450436
threshold=0.016831777094257917 0.003686574450961785 0.0046174674363585527 0.0019174873866273209 0.014451459212147534 0.0072513893889438134 0.0082364235471922408 0.0088807551912432926
decision_type=2 2 2 2 2 2 2 2
left_child=1 3 -3 -1 5 -4 -7 -8
right_child=-2 2 4 -5 -6 6 7 -9
leaf_value=-0.023309029331535263 0.013391333803095831 0.0071298146466255005 -0.0078021239843147992 -0.0064281923494087616 0.00068091110689689398 -0.033591512507528384 0.040225928297924297 -0.027964482260407666
leaf_weight=0.72927027940749933 2.8343543186783799 2.5224871188402176 2.6624772716313605 1.1249908506870268 0.92884869873523701 0.27112114056944836 0.14413666166365147 0.29539304901845753
leaf_count=4 4 4 12 8 4 4 4 12
internal_value=0 -0.00437342 -0.00201122 -0.0130673 -0.00737112 -0.00958838 -0.0162806 -0.00560254
internal_weight=0 8.67873 6.82446 1.85426 4.30198 3.37313 0.710651 0.43953
internal_count=56 52 40 12 36 32 20 16
is_linear=0
shrinkage=0.1


Tree=32
num_leaves=8
num_cat=0
split_feature=0 0 0 0 0 0 0
split_gain=0.0629839 0.0344409 0.0185088 0.0881607 0.00589966 0.000374368 0.0496423
threshold=0.0058729494061789218 0.002365692145855696 0.016831777094257917 0.0063833176173950252 0.0082364235471922408 0.014451459212147534 0.0088807551912432926
decision_type=2 2 2 2 2 2 2
left_child=1 -1 3 -2 -5 6 -6
right_child=2 -3 -4 4 5 -7 -8
leaf_value=0.0046148216961389285 0.033252034790280993 -0.014701615631100043 0.012260150672809451 -0.0086623613649487209 0.042757490725173895 0.0010053526448789844 -0.027096711382996515
leaf_weight=1.293058183044195 0.72796745598316182 3.225638322532177 2.8118996396660805 1.9673669040203097 0.15696845483034827 0.9336727187037468 0.28911445243284106
leaf_count=8 4 12 4 8 4 4 12
internal_value=0 -0.00917408 0.0060193 0.00171298 -0.00514646 -0.000133214 -0.00251629
internal_weight=0 4.5187 6.88699 4.07509 3.34712 1.37976 0.446083
internal_count=56 20 36 32 28 20 16
is_linear=0
shrinkage=0.1


Tree=33
num_leaves=8
num_cat=0
split_feature=0 0 0 0 0 0 0
split_gain=0.0645317 0.0241833 0.0349814 0.0352113 0.0109249 0.00565321 0.0382092
threshold=0.016831777094257917 0.002365692145855696 0.0058729494061789218 0.0063833176173950252 0.0082364235471922408 0.011060829098723822 0.0088807551912432926
decision_type=2 2 2 2 2 2 2
left_child=1 -1 -3 -4 -5 6 -6
right_child=-2 2 3 4 5 -7 -8
leaf_value=0.008158114915376935 0.013137161101555953 -0.014253075574648111 0.020001312345485817 -0.0093847402608079333 0.045946126425829736 -0.0015695666081870147 -0.019430574656419383
leaf_weight=1.3219489082694034 2.8188515678048143 3.2588187549263239 0.70347439125180233 1.9711430817842486 0.17761046532541502 1.0212884435895828 0.17999270092695951
leaf_count=8 4 12 4 8 4 8 8
internal_value=0 -0.00428891 -0.00653913 -0.000337506 -0.00460846 0.0022193 0.01304
internal_weight=0 8.63428 7.31233 4.05351 3.35003 1.37889 0.357603
internal_count=56 52 44 32 28 20 12
is_linear=0
shrinkage=0.1


Tree=34
num_leaves=9
num_cat=0
split_feature=0 0 0 0 0 0 0 0
split_gain=0.172591 0.0837762 0.0759025 0.0237958 0.00611973 0.00323252 0.0347771 0.0653211
threshold=0.0019174873866273209 0.002365692145855696 0.0082364235471922408 0.0046174674363585527 0.0063833176173950252 0.016831777094257917 0.011060829098723822 0.0088807551912432926
decision_type=2 2 2 2 2 2 2 2
left_child=-1 -2 3 -3 -5 6 7 -4
right_child=1 2 5 4 -6 -7 -8 -9
leaf_value=-0.045068089782563277 0.040279851392468202 0.00023372774253184434 0.067012555183128708 -0.019214759950529944 -0.009418188494606905 0.013376793930123122 -0.0024419535963580365 -0.013385322566738841
leaf_weight=0.79071987420320589 0.58100954443216224 2.8754855245351774 0.23236556164920319 0.94306948594749007 1.9689479470252989 2.8047627806663513 1.0116857427638022 0.17883018543943763
leaf_count=4 4 8 4 8 8 4 8 8
internal_value=0 0.00336313 0.00122148 -0.00621904 -0.0125909 0.0114073 0.00752503 0.0320473
internal_weight=0 10.5962 10.0151 5.7875 2.91202 4.22764 1.42288 0.411196
internal_count=56 52 48 24 16 24 20 12
is_linear=0
shrinkage=0.1


Tree=35
num_leaves=8
num_cat=0
split_feature=0 0 0 0 0 0 0
split_gain=0.140585 0.0283495 0.0394 0.0149526 0.000210263 0.153733 1.96667e-05
threshold=0.003686574450961785 0.0082364235471922408 0.0046174674363585527 0.0019174873866273209 0.016831777094257917 0.0088807551912432926 0.0063833176173950252
decision_type=2 2 2 2 2 2 2
left_child=3 2 -2 -1 5 -3 -4
right_child=1 4 6 -5 -6 -7 -8
leaf_value=-0.037447516154520494 0.009505190075916381 0.069495500820414169 -0.0075560228118690068 -0.018580174483084442 0.011263338388748198 -0.0067538237312854176 -0.0081090375432835201
leaf_weight=0.68733242154121477 2.3352247178554517 0.33781648240983475 0.95780634414404664 1.0801485553383825 2.793225072324276 1.2170453730504958 1.9570038616657255
leaf_count=4 4 4 8 8 4 16 8
internal_value=0 0.00477262 -0.000173307 -0.0259172 0.0107445 0.00981246 -0.00792732
internal_weight=0 9.59812 5.25003 1.76748 4.34809 1.55486 2.91481
internal_count=56 44 20 12 24 20 16
is_linear=0
shrinkage=0.1


Tree=36
num_leaves=8
num_cat=0
split_feature=0 0 0 0 0 0 0
split_gain=0.0398662 0.0553744 0.0552578 0.0949942 0.00527414 0.0118936 0.00786604
threshold=0.016831777094257917 0.002365692145855696 0.0058729494061789218 0.0063833176173950252 0.0099119325506710817 0.0072513893889438134 0.0082364235471922408
decision_type=2 2 2 2 2 2 2
left_child=1 -1 -3 -4 5 -5 -7
right_child=-2 2 3 4 -6 6 -8
leaf_value=0.016019082797589391 0.010401180436022232 -0.01674983836608852 0.034633006350034377 -0.0042561380464031092 -0.00032723150675352064 -0.033297446263350766 -0.010821026553562159
leaf_weight=1.254238098859785 2.7797012925148019 3.1346733560785651 0.69298970513045777 1.6856839992105968 1.1283885997254399 0.26882272958755482 0.37002963665872812
leaf_count=8 4 12 4 4 12 4 8
internal_value=0 -0.00338755 -0.00673076 0.000844532 -0.00593669 -0.00865967 -0.0202789
internal_weight=0 8.53483 7.28059 4.14591 3.45292 2.32454 0.638852
internal_count=56 52 44 32 28 16 12
is_linear=0
shrinkage=0.1


Tree=37
num_leaves=8
num_cat=0
split_feature=0 0 0 0 0 0 0
split_gain=0.0469644 0.0251156 0.0484668 0.0129838 0.00409189 0.00601165 0.00483415
threshold=0.016831777094257917 0.003686574450961785 0.0046174674363585527 0.0019174873866273209 0.0099119325506710817 0.0072513893889438134 0.0082364235471922408
decision_type=2 2 2 2 2 2 2
left_child=1 3 -3 -1 5 -4 -7
right_child=-2 2 4 -5 -6 6 -8
leaf_value=-0.025122762709638882 0.011252958394625761 0.010355577344672476 -0.0069683503605308204 -0.0074234237793719716 -0.0020610553712465808 -0.028360865346206979 -0.010537290171656943
leaf_weight=0.68690882623195459 2.7912686094641694 2.4302392154932022 2.5889008715748791 1.0449782311916349 1.1119435119908301 0.25858565792441357 0.36977056041359901
leaf_count=4 4 4 12 8 12 4 8
internal_value=0 -0.00369908 -0.000946189 -0.0144434 -0.00729055 -0.00909796 -0.0178722
internal_weight=0 8.49133 6.75944 1.73189 4.3292 3.21726 0.628356
internal_count=56 52 40 12 36 24 12
is_linear=0
shrinkage=0.1


Tree=38
num_leaves=9
num_cat=0
split_feature=0 0 0 0 0 0 0 0
split_gain=0.0396772 0.0771386 0.165913 0.0267789 0.0321802 0.00389778 0.00293023 0.00788631
threshold=0.0019174873866273209 0.002365692145855696 0.003686574450961785 0.016831777094257917 0.0046174674363585527 0.014451459212147534 0.0072513893889438134 0.0088807551912432926
decision_type=2 2 2 2 2 2 2 2
left_child=-1 -2 -3 4 -4 6 -6 -8
right_child=1 2 3 -5 5 -7 7 -9
leaf_value=-0.023746735062711383 0.036811956306668205 -0.062802503779203309 0.0079129423889797938 0.010373108890889438 -0.0063929559882773424 -0.00070955314667064538 -0.0061835926592847725 -0.027121957422611188
leaf_weight=0.6620361655950554 0.58406392484903236 0.41085898131132026 2.4334414601325971 2.7739396169781685 2.6096939640119676 0.92860987037420262 0.52881204988807429 0.27261631260626018
leaf_count=4 4 4 4 4 12 4 8 12
internal_value=0 0.00149129 -0.000580371 0.00209735 -0.00129197 -0.00645349 -0.00801716 -0.0133061
internal_weight=0 10.542 9.95797 9.54711 6.77317 4.33973 3.41112 0.801428
internal_count=56 52 48 44 40 36 32 20
is_linear=0
shrinkage=0.1


Tree=39
num_leaves=8
num_cat=0
split_feature=0 0 0 0 0 0 0
split_gain=0.0326178 0.0716354 0.0330905 0.0111959 0.00173391 0.00490874 0.00514841
threshold=0.016831777094257917 0.0046174674363585527 0.0063833176173950252 0.002365692145855696 0.0099119325506710817 0.0072513893889438134 0.0082364235471922408
decision_type=2 2 2 2 2 2 2
left_child=1 3 -3 -1 5 -4 -7
right_child=-2 2 4 -5 -6 6 -8
leaf_value=0.014156010351479271 0.0094391881379394665 -0.028222181936475146 -0.0061305947760476008 0.0028982401067384946 -0.004125339950387291 -0.02752338269206784 -0.0087913391472469581
leaf_weight=1.2808819971978644 2.7637334838509569 0.97374594770371903 1.6771215796470649 2.8466896079480648 1.133034586207941 0.25287515297532071 0.34953156276606023
leaf_count=8 4 8 4 8 12 4 8
internal_value=0 -0.0030641 -0.0119622 0.00639179 -0.00732257 -0.00891175 -0.0166546
internal_weight=0 8.51388 4.38631 4.12757 3.41256 2.27953 0.602407
internal_count=56 52 36 16 28 16 12
is_linear=0
shrinkage=0.1


Tree=40
num_leaves=7
num_cat=0
split_feature=0 0 0 0 0 0
split_gain=0.0927103 0.0573971 0.0362988 0.145933 0.034437 0.00176503
threshold=0.0019174873866273209 0.002365692145855696 0.0058729494061789218 0.0063833176173950252 0.016831777094257917 0.0088807551912432926
decision_type=2 2 2 2 2 2
left_child=-1 -2 -3 -4 5 -5
right_child=1 2 3 4 -6 -7
leaf_value=-0.034517505636622592 0.031994232689658918 -0.0085851988028671083 0.048235926284484788 -0.0052882010267647573 0.0080407153733928621 -0.010014901617057311
leaf_weight=0.72765169665217477 0.61659505963325401 3.0214208625256997 0.68852192349731911 2.1820885799825196 2.7433695644140244 1.2383635216392574
leaf_count=4 4 12 4 12 4 16
internal_value=0 0.00239427 0.000545814 0.00457197 -0.000305453 -0.00699949
internal_weight=0 10.4904 9.87376 6.85234 6.16382 3.42045
internal_count=56 52 48 36 32 28
is_linear=0
shrinkage=0.1


Tree=41
num_leaves=7
num_cat=0
split_feature=0 0 0 0 0 0
split_gain=0.0373504 0.0494619 0.0181701 0.032738 0.00237448 0.0131536
threshold=0.002365692145855696 0.016831777094257917 0.0058729494061789218 0.0072513893889438134 0.011060829098723822 0.0082364235471922408
decision_type=2 2 2 2 2 2
left_child=-1 2 -2 -4 5 -5
right_child=1 -3 3 4 -6 -7
leaf_value=0.015897981232938046 -0.012129177692463768 0.0093219071284978798 0.0057233090170636675 -0.026446702862735389 -0.015229237595375103 0.0028402388122786108
leaf_weight=1.3069379702210433 3.1484442926011962 2.7565306425094604 2.338175393640995 0.2389535829424857 1.0876587671227751 0.42809332581236959
leaf_count=8 12 4 8 4 8 12
internal_value=0 -0.00207821 -0.00641786 -0.00202443 -0.0123484 -0.00765111
internal_weight=0 9.99786 7.24133 4.09288 1.75471 0.667047
internal_count=56 48 44 32 24 16
is_linear=0
shrinkage=0.1


Tree=42
num_leaves=7
num_cat=0
split_feature=0 0 0 0 0 0
split_gain=0.0888609 0.148893 0.0393231 0.037655 0.014249 0.106331
threshold=0.0019174873866273209 0.002365692145855696 0.016831777094257917 0.0088807551912432926 0.0058729494061789218 0.0063833176173950252
decision_type=2 2 2 2 2 2
left_child=-1 -2 3 4 -3 -6
right_child=1 2 -4 -5 5 -7
leaf_value=-0.033950666984472314 0.047583271813778805 -0.0061044664248759723 0.0093776351387210126 -0.020103061420695477 0.038100890446026485 -0.0070818540689954849
leaf_weight=0.72164769843220788 0.67993701249360938 2.9898723447695357 2.7453042939305305 1.2991196548100559 0.68558260984718833 2.1676814686506987
leaf_count=4 4 12 4 16 4 12
internal_value=0 0.00231846 -0.00079426 -0.00470408 -0.00128039 0.00377466
internal_weight=0 10.5675 9.88756 7.14226 5.84314 2.85326
internal_count=56 52 48 44 28 16
is_linear=0
shrinkage=0.1


Tree=43
num_leaves=8
num_cat=0
split_feature=0 0 0 0 0 0 0
split_gain=0.744924 0.23474 0.586804 0.0161308 0.0625383 0.00264185 0.025229
threshold=0.002365692145855696 0.016831777094257917 0.011060829098723822 0.0058729494061789218 0.0063833176173950252 0.0072513893889438134 0.0082364235471922408
decision_type=2 2 2 2 2 2 2
left_child=-1 2 3 -2 -5 -6 -7
right_child=1 -3 -4 4 5 6 -8
leaf_value=0.060111394340347415 -0.0099936810904602217 0.015019356741178647 -0.073267764953622402 0.027024607487573432 -0.0056560424885935458 -0.048088241592993096 -0.00089577501823663759
leaf_weight=1.7615612447261817 3.1178256557323021 2.7142019346356392 1.5902608749456701 0.67556937970221076 1.6666984958574178 0.15455234423279751 0.42420744313858449
leaf_count=8 12 4 8 4 4 4 12
internal_value=0 -0.0102375 -0.0192231 -0.00499112 0.000348485 -0.0076773 -0.0134981
internal_weight=0 10.3433 7.62911 6.03885 2.92103 2.24546 0.57876
internal_count=56 48 44 36 24 20 16
is_linear=0
shrinkage=0.1


Tree=44
num_leaves=8
num_cat=0
split_feature=0 0 0 0 0 0 0
split_gain=0.0739644 0.0631081 0.0309971 0.0466207 0.00300284 0.00195666 6.27747e-05
threshold=0.003686574450961785 0.0019174873866273209 0.0099119325506710817 0.0063833176173950252 0.0072513893889438134 0.0082364235471922408 0.016831777094257917
decision_type=2 2 2 2 2 2 2
left_child=1 -1 3 -2 -5 -6 -4
right_child=2 -3 6 4 5 -7 -8
leaf_value=-0.042244315615495555 0.0062775877473719016 -0.0030860617430454595 0.0096969463780672109 -0.010059001667958967 -0.025133206552378995 -0.013535162640322469 0.010584693343142958
leaf_weight=0.69998771697282858 3.3342854236252588 0.99884900823235512 1.1219155325088652 1.7126304358243944 0.24576897174119938 0.35640003392472863 2.7464952021837234
leaf_count=4 12 8 12 4 4 8 4
internal_value=0 -0.0192208 0.00343084 -0.00129171 -0.0121947 -0.0182688 0.0103272
internal_weight=0 1.69884 9.5175 5.64908 2.3148 0.602169 3.86841
internal_count=56 12 44 28 16 12 16
is_linear=0
shrinkage=0.1


Tree=45
num_leaves=8
num_cat=0
split_feature=0 0 0 0 0 0 0
split_gain=0.0855634 0.0350647 0.0443176 0.0210136 0.000574841 0.0153058 0.000142758
threshold=0.0019174873866273209 0.002365692145855696 0.014451459212147534 0.0046174674363585527 0.0082364235471922408 0.0088807551912432926 0.0063833176173950252
decision_type=2 2 2 2 2 2 2
left_child=-1 -2 3 -3 6 -6 -5
right_child=1 2 -4 4 5 -7 -8
leaf_value=-0.03344492491602951 0.024569230418713766 0.0020182674600513237 0.0094174135263302497 -0.0092477788024418733 0.010321401806002894 -0.024562134630616184 -0.010756617799848912
leaf_weight=0.71619657054543573 0.66122432053089042 2.7786482609808427 3.7080744430422783 0.92505193362012583 0.25918097980320443 0.24437724007293582 1.9466319754719732
leaf_count=4 4 8 8 8 4 12 8
internal_value=0 0.00227622 0.000781524 -0.0044221 -0.00972409 -0.00660761 -0.0102706
internal_weight=0 10.5232 9.86196 6.15389 3.37524 0.503558 2.87168
internal_count=56 52 48 40 32 16 16
is_linear=0
shrinkage=0.1


Tree=46
num_leaves=8
num_cat=0
split_feature=0 0 0 0 0 0 0
split_gain=0.0436507 0.0745484 0.0506264 0.0169839 0.00353017 0.00145877 0.000625669
threshold=0.0058729494061789218 0.0063833176173950252 0.0099119325506710817 0.002365692145855696 0.0072513893889438134 0.0082364235471922408 0.016831777094257917
decision_type=2 2 2 2 2 2 2
left_child=3 -2 4 -1 -3 -6 -4
right_child=1 2 6 -5 5 -7 -8
leaf_value=0.0018047594159990689 0.036070322013774934 -0.0079809389886178733 0.0065053205841657151 -0.011772355577979636 -0.022923505236137672 -0.01279532253967143 0.0093203415249851727
leaf_weight=1.3098099827766416 0.69429603591561306 1.6985390484333041 1.1106509643141182 3.1065400228835642 0.24230006709694851 0.34425424854271114 2.731004573404789
leaf_count=8 4 4 12 12 4 8 4
internal_value=0 0.00501498 0.00149572 -0.00774563 -0.0102907 -0.0169792 0.0085065
internal_weight=0 6.82104 6.12675 4.41635 2.28509 0.586554 3.84166
internal_count=56 36 32 20 16 12 16
is_linear=0
shrinkage=0.1


Tree=47
num_leaves=8
num_cat=0
split_feature=0 0 0 0 0 0 0
split_gain=0.0884615 0.0409154 0.0433372 0.0290122 0.00172465 0.000997594 0.00453152
threshold=0.0019174873866273209 0.002365692145855696 0.014451459212147534 0.0046174674363585527 0.0063833176173950252 0.0072513893889438134 0.0088807551912432926
decision_type=2 2 2 2 2 2 2
left_child=-1 -2 3 -3 -5 -6 -7
right_child=1 2 -4 4 5 6 -8
leaf_value=-0.032706621070353561 0.027176159358167612 0.0031143311888394459 0.0094012203975786888 -0.014400724514170311 -0.0079346781216358981 -0.0069368465084523271 -0.023807731371659521
leaf_weight=0.77033576741814691 0.6268647238612165 2.8425253294408304 3.6888872087001801 0.89470544783398542 1.6971546746790411 0.49574818927794684 0.23452767310664058
leaf_count=4 4 8 8 8 4 8 12
internal_value=0 0.00240402 0.000828059 -0.00430206 -0.0106478 -0.00926448 -0.0123549
internal_weight=0 10.4804 9.85355 6.16466 3.32214 2.42743 0.730276
internal_count=56 52 48 40 32 24 20
is_linear=0
shrinkage=0.1


Tree=48
num_leaves=8
num_cat=0
split_feature=0 0 0 0 0 0 0
split_gain=0.0527891 0.0794709 0.0422873 0.00909824 0.00280437 0.00155612 0.000753724
threshold=0.0058729494061789218 0.0063833176173950252 0.0099119325506710817 0.002365692145855696 0.0072513893889438134 0.0082364235471922408 0.016831777094257917
decision_type=2 2 2 2 2 2 2
left_child=3 -2 4 -1 -3 -6 -4
right_child=1 2 6 -5 5 -7 -8
leaf_value=-0.0015880262815019257 0.037345055233281563 -0.0069424860471545159 0.0060165184281263688 -0.011617476370053009 -0.021153297202990234 -0.010611565537428765 0.009134301913893729
leaf_weight=1.2878420390188692 0.70265807956457127 1.691099748015404 1.0822755966801199 3.0385499284602702 0.24087094888091076 0.33447612659074366 2.7345343679189682
leaf_count=8 4 4 12 12 4 8 4
internal_value=0 0.00550337 0.00182544 -0.008632 -0.00899424 -0.0150249 0.00825024
internal_weight=0 6.78591 6.08326 4.32639 2.26645 0.575347 3.81681
internal_count=56 36 32 20 16 12 16
is_linear=0
shrinkage=0.1


Tree=49
num_leaves=6
num_cat=0
split_feature=0 0 0 0 0
split_gain=0.0472021 0.0156158 0.0355086 0.000526909 0.00432058
threshold=0.014451459212147534 0.003686574450961785 0.0046174674363585527 0.0072513893889438134 0.0088807551912432926
decision_type=2 2 2 2 2
left_child=1 -1 -3 -4 -5
right_child=-2 2 3 4 -6
leaf_value=-0.013175871660454468 0.0092667419933162402 0.0071082649461163315 -0.0081828419087037179 -0.0059671756608777361 -0.022675326460646648
leaf_weight=1.6517425589263437 3.6707586050033569 2.4071280881762505 2.6042087362147872 0.48989643249660719 0.22624593297950923
leaf_count=12 8 4 12 8 12
internal_value=0 -0.0046097 -0.0021393 -0.00884344 -0.0112457
internal_weight=0 7.37922 5.72748 3.32035 0.716142
internal_count=56 48 36 32 20
is_linear=0
shrinkage=0.1


Tree=50
num_leaves=7
num_cat=0
split_feature=0 0 0 0 0 0
split_gain=0.0378436 0.0099677 0.0199698 0.00622935 0.00156812 0.00205312
threshold=0.016831777094257917 0.0046174674363585527 0.003686574450961785 0.0099119325506710817 0.0072513893889438134 0.0082364235471922408
decision_type=2 2 2 2 2 2
left_child=1 2 -1 4 -3 -6
right_child=-2 3 -4 -5 5 -7
leaf_value=-0.008248509317340719 0.010208400860897188 -0.0079605044644416156 0.0060007380354001674 -0.00022149820588791377 -0.020927109167265007 -0.0086565740098921706
leaf_weight=1.6628053039312343 2.7330400720238694 2.5956449778750543 2.4076335206627846 1.0879949808586387 0.23457219079136837 0.32568612741306424
leaf_count=12 4 12 4 12 4 8
internal_value=0 -0.00335564 0.000179812 -0.0067466 -0.00899612 -0.0137941
internal_weight=0 8.31434 4.07044 4.2439 3.1559 0.560258
internal_count=56 52 16 36 24 12
is_linear=0
shrinkage=0.1


Tree=51
num_leaves=7
num_cat=0
split_feature=0 0 0 0 0 0
split_gain=0.0325095 0.0107615 0.0256518 0.0103076 0.00335157 0.00236156
threshold=0.016831777094257917 0.0058729494061789218 0.002365692145855696 0.0072513893889438134 0.0099119325506710817 0.0082364235471922408
decision_type=2 2 2 2 2 2
left_child=1 2 -1 -3 5 -5
right_child=-2 3 -4 4 -6 -7
leaf_value=0.0052896571318932703 0.0094978078979096464 0.0048873701607756595 -0.01159537412359072 -0.01946251253939112 -0.0022248584917621043 -0.0062253308231532958
leaf_weight=1.280518651008604 2.7160825878381738 2.348563140258193 3.0256532630883157 0.23164617270231236 1.1013353182934222 0.32228140835650265
leaf_count=8 4 8 12 4 12 8
internal_value=0 -0.00310431 -0.0065743 0.000627714 -0.00541608 -0.011761
internal_weight=0 8.31 4.30617 4.00383 1.65526 0.553928
internal_count=56 52 20 32 24 12
is_linear=0
shrinkage=0.1


Tree=52
num_leaves=7
num_cat=0
split_feature=0 0 0 0 0 0
split_gain=0.0299569 0.0128118 0.0224508 0.00610286 0.00389174 0.00156401
threshold=0.016831777094257917 0.002365692145855696 0.0058729494061789218 0.0072513893889438134 0.0099119325506710817 0.0082364235471922408
decision_type=2 2 2 2 2 2
left_child=1 -1 -3 -4 5 -5
right_child=-2 2 3 4 -6 -7
leaf_value=0.0061692377312166204 0.0091300532585798892 -0.01110404411139186 0.0035773343913340773 -0.017435997921398712 -0.00090007599703290423 -0.0066846376212054068
leaf_weight=1.2953216247260551 2.711545057594777 3.0537598109804094 2.3372083976864819 0.2324281558394431 1.0915431750472633 0.32380189723335207
leaf_count=8 4 12 8 4 12 8
internal_value=0 -0.00297053 -0.00465249 0.000291441 -0.00436928 -0.0111772
internal_weight=0 8.33406 7.03874 3.98498 1.64777 0.55623
internal_count=56 52 44 32 24 12
is_linear=0
shrinkage=0.1


Tree=53
num_leaves=8
num_cat=0
split_feature=0 0 0 0 0 0 0
split_gain=0.0849044 0.0151844 0.0290534 0.0101522 0.00557164 0.000301065 0.000832861
threshold=0.0019174873866273209 0.016831777094257917 0.002365692145855696 0.0063833176173950252 0.0099119325506710817 0.0072513893889438134 0.0082364235471922408
decision_type=2 2 2 2 2 2 2
left_child=-1 2 -2 -4 5 -5 -7
right_child=1 -3 3 4 -6 6 -8
leaf_value=-0.033324799836873857 0.020470874524230478 0.0087450763258737161 0.0018202857694563828 -0.0080036147370436597 6.0267684565467298e-05 -0.015224435662089336 -0.0074099858234107615
leaf_weight=0.71484917029738504 0.63632508367299845 2.7069081962108612 3.6091947709210217 1.6899187266826636 1.0828033741563556 0.2344248630106448 0.32612853473983705
leaf_count=4 4 4 16 4 12 4 8
internal_value=0 0.00231605 1.98056e-05 -0.00185468 -0.00583384 -0.00866976 -0.010678
internal_weight=0 10.2857 7.5788 6.94247 3.33328 2.25047 0.560553
internal_count=56 52 48 44 28 16 12
is_linear=0
shrinkage=0.1


Tree=54
num_leaves=8
num_cat=0
split_feature=0 0 0 0 0 0 0
split_gain=0.0396392 0.0808147 0.0305915 0.00873937 0.000138317 0.0156875 0.0150026
threshold=0.0058729494061789218 0.0063833176173950252 0.014451459212147534 0.002365692145855696 0.0082364235471922408 0.0088807551912432926 0.0099119325506710817
decision_type=2 2 2 2 2 2 2
left_child=3 -2 4 -1 -3 -6 -7
right_child=1 2 -4 -5 5 6 -8
leaf_value=-0.00051361359274381508 0.038035256674543473 -0.0079797855107094761 0.006956982650740154 -0.010451122139682125 0.011484998262164649 -0.058612336714396931 -0.0051293018807995281
leaf_weight=1.2531019784510133 0.65969301015138615 1.9268491696566346 3.6287202462553978 3.0123094171285629 0.24382813647389401 0.08390452666208148 0.13990082079544663
leaf_count=8 4 8 8 12 4 4 8
internal_value=0 0.00480714 0.00116782 -0.00753166 -0.00760536 -0.00606259 -0.0251801
internal_weight=0 6.6829 6.0232 4.26541 2.39448 0.467633 0.223805
internal_count=56 36 32 20 24 16 12
is_linear=0
shrinkage=0.1


Tree=55
num_leaves=9
num_cat=0
split_feature=0 0 0 0 0 0 0 0
split_gain=0.0333271 0.00925379 0.0267884 0.00829014 0.0017846 0.000452003 0.000442502 0.0042838
threshold=0.016831777094257917 0.0046174674363585527 0.003686574450961785 0.014451459212147534 0.0019174873866273209 0.0063833176173950252 0.0072513893889438134 0.0088807551912432926
decision_type=2 2 2 2 2 2 2 2
left_child=1 2 4 5 -1 -3 -7 -8
right_child=-2 3 -4 -5 -6 6 7 -9
leaf_value=-0.013797466433524645 0.0095847565634976772 -0.010889320946865684 0.0069434498972524052 0.0018887650251782418 -0.0070262133188460146 -0.0073317412522862675 -0.0051593279915851144 -0.02249689187359577
leaf_weight=0.62697159498929789 2.7222045585513124 0.84945723041892085 2.4033235535025597 0.9126443862915038 1.0264542847871778 1.685625206679106 0.47552668675780285 0.20350035163573921
leaf_count=4 4 8 4 4 8 4 8 12
internal_value=0 -0.00318833 0.000203279 -0.0065224 -0.00959384 -0.00891074 -0.00819998 -0.0103553
internal_weight=0 8.1835 4.05675 4.12675 1.65343 3.21411 2.36465 0.679027
internal_count=56 52 16 36 12 32 24 20
is_linear=0
shrinkage=0.1


Tree=56
num_leaves=7
num_cat=0
split_feature=0 0 0 0 0 0
split_gain=0.0276939 0.00890307 0.0127241 0.00566274 0.00336009 0.00344619
threshold=0.016831777094257917 0.0058729494061789218 0.002365692145855696 0.0072513893889438134 0.014451459212147534 0.0088807551912432926
decision_type=2 2 2 2 2 2
left_child=1 2 -1 -3 5 -5
right_child=-2 3 -4 4 -6 -7
leaf_value=0.0024204378015537536 0.0087677620246398563 0.0036685069511482229 -0.009627600180818853 -0.0047670409075691311 -0.00015505906137111596 -0.020404301381379195
leaf_weight=1.2405715547502021 2.7050767242908487 2.3270224202424292 2.9876792808063328 0.47134520672261693 0.92596103250980377 0.20104962773621082
leaf_count=8 4 8 12 8 4 12
internal_value=0 -0.00290883 -0.0060927 0.000520694 -0.00406216 -0.00944266
internal_weight=0 8.15363 4.22825 3.92538 1.59836 0.672395
internal_count=56 52 20 32 24 20
is_linear=0
shrinkage=0.1


Tree=57
num_leaves=7
num_cat=0
split_feature=0 0 0 0 0 0
split_gain=0.0258781 0.00961704 0.0219951 0.00406924 0.000922579 0.000389348
threshold=0.016831777094257917 0.003686574450961785 0.0046174674363585527 0.0099119325506710817 0.0063833176173950252 0.0019174873866273209
decision_type=2 2 2 2 2 2
left_child=1 5 -3 4 -4 -1
right_child=-2 2 3 -5 -6 -7
leaf_value=-0.011481544822396878 0.0084883971291453367 0.0065324789215319345 -0.0044887985789763855 -0.00017814045907073851 -0.0084368456560436535 -0.0083475334421700964
leaf_weight=0.63747117295861055 2.6999665424227723 2.404860258102417 0.80675995023921165 1.0566868802998213 2.2222956831101328 1.0482305027544496
leaf_count=4 4 4 8 12 16 8
internal_value=0 -0.00280302 -0.00105523 -0.00552134 -0.00738532 -0.0095327
internal_weight=0 8.1763 6.4906 4.08574 3.02906 1.6857
internal_count=56 52 40 36 24 12
is_linear=0
shrinkage=0.1


Tree=58
num_leaves=7
num_cat=0
split_feature=0 0 0 0 0 0
split_gain=0.0234749 0.00905976 0.0182419 0.00603293 0.00212242 0.00219945
threshold=0.016831777094257917 0.002365692145855696 0.0058729494061789218 0.0072513893889438134 0.0099119325506710817 0.0082364235471922408
decision_type=2 2 2 2 2 2
left_child=1 -1 -3 -4 5 -5
right_child=-2 2 3 4 -6 -7
leaf_value=0.0051700241663583711 0.0081037426238126983 -0.0099388142307110811 0.003697442807647628 -0.016883306022667934 -0.0017262306738295833 -0.0038835576063257181
leaf_weight=1.2483607046306113 2.6886875256896028 3.0079939067363739 2.304928727447987 0.22797466441988934 1.0670817662030456 0.30330730928108096
leaf_count=8 4 12 8 4 12 8
internal_value=0 -0.00267026 -0.00408643 0.0004236 -0.00429746 -0.00946179
internal_weight=0 8.15965 6.91129 3.90329 1.59836 0.531282
internal_count=56 52 44 32 24 12
is_linear=0
shrinkage=0.1


Tree=59
num_leaves=8
num_cat=0
split_feature=0 0 0 0 0 0 0
split_gain=0.081601 0.0113575 0.0274898 0.00324723 0.00162676 0.000560383 0.0073843
threshold=0.0019174873866273209 0.0046174674363585527 0.016831777094257917 0.014451459212147534 0.0063833176173950252 0.0082364235471922408 0.0088807551912432926
decision_type=2 2 2 2 2 2 2
left_child=-1 -2 3 4 -3 -6 -7
right_child=1 2 -4 -5 5 6 -8
leaf_value=-0.032060111575864338 0.0070324311516148739 -0.002821694613604759 0.0078029465809318251 -4.4773163820570844e-05 -0.008833779955888103 0.0068968510774068742 -0.01925338962934494
leaf_weight=0.73998599871993143 3.4167626015841943 0.77860876917839084 2.6851119548082352 0.92722138762474049 1.9126201774924996 0.24013519939035166 0.19621902913786471
leaf_count=4 12 8 4 4 8 4 12
internal_value=0 0.00233581 -4.51187e-05 -0.00524215 -0.00678299 -0.00809603 -0.00486234
internal_weight=0 10.1567 6.73992 4.0548 3.12758 2.34897 0.436354
internal_count=56 52 40 36 32 24 16
is_linear=0
shrinkage=0.1


Tree=60
num_leaves=7
num_cat=0
split_feature=0 0 0 0 0 0
split_gain=0.0271806 0.079528 0.024457 0.0149959 0.00040798 0.00576208
threshold=0.0058729494061789218 0.0063833176173950252 0.014451459212147534 0.002365692145855696 0.0082364235471922408 0.0088807551912432926
decision_type=2 2 2 2 2 2
left_child=3 -2 4 -1 -3 -6
right_child=1 2 -4 -5 5 -7
leaf_value=0.003022233127503389 0.038003616934520715 -0.0081242142098780883 0.0056308680536572685 -0.010104053355197082 0.005656945255135464 -0.017536378917268135
leaf_weight=1.2291983366012571 0.62330065481364716 1.9094738010317089 3.6015039905905724 2.9812032566405833 0.23929522186517704 0.1939203217625618
leaf_count=8 4 8 8 12 4 12
internal_value=0 0.00402091 0.000457529 -0.00627192 -0.00749564 -0.00472509
internal_weight=0 6.56749 5.94419 4.2104 2.34269 0.433216
internal_count=56 36 32 20 24 16
is_linear=0
shrinkage=0.1


Tree=61
num_leaves=6
num_cat=0
split_feature=0 0 0 0 0
split_gain=0.0264484 0.00811933 0.0214567 0.0048864 1.57395e-05
threshold=0.016831777094257917 0.0046174674363585527 0.003686574450961785 0.0099119325506710817 0.0063833176173950252
decision_type=2 2 2 2 2
left_child=1 2 -1 4 -3
right_child=-2 3 -4 -5 -6
leaf_value=-0.0087281400544331374 0.008571155140969693 -0.0076857369845656377 0.0062802343615289066 -0.00010941207466394847 -0.0082023654775805598
leaf_weight=1.5780565403401836 2.6956590637564668 0.80429430026561055 2.4032588079571724 1.0380145956296472 2.2102529660332948
leaf_count=12 4 8 4 12 16
internal_value=0 -0.00287594 0.000331431 -0.00602692 -0.00806453
internal_weight=0 8.03388 3.98132 4.05256 3.01455
internal_count=56 52 16 36 24
is_linear=0
shrinkage=0.1


Tree=62
num_leaves=7
num_cat=0
split_feature=0 0 0 0 0 0
split_gain=0.0231031 0.00729406 0.0137955 0.00587492 0.00277466 0.00108708
threshold=0.016831777094257917 0.002365692145855696 0.0058729494061789218 0.0072513893889438134 0.0099119325506710817 0.0082364235471922408
decision_type=2 2 2 2 2 2
left_child=1 -1 -3 -4 5 -5
right_child=-2 2 3 4 -6 -7
leaf_value=0.0044622603264172387 0.0080350203936868769 -0.0090945604799786538 0.0032187105503120057 -0.015867196435196948 -0.001748198554656641 -0.0066852498960422091
leaf_weight=1.2127784006297568 2.6825516000390062 2.9571343651041389 2.2866510823369031 0.22687132656574238 1.0499469731003044 0.29871344717685133
leaf_count=8 4 12 8 4 12 8
internal_value=0 -0.00268353 -0.00395437 -1.87028e-05 -0.00471733 -0.0106487
internal_weight=0 8.0321 6.81932 3.86218 1.57553 0.525585
internal_count=56 52 44 32 24 12
is_linear=0
shrinkage=0.1


Tree=63
num_leaves=7
num_cat=0
split_feature=0 0 0 0 0 0
split_gain=0.021346 0.010653 0.0133183 0.00360026 0.00303196 0.000868284
threshold=0.016831777094257917 0.002365692145855696 0.0058729494061789218 0.0072513893889438134 0.0099119325506710817 0.0082364235471922408
decision_type=2 2 2 2 2 2
left_child=1 -1 -3 -4 5 -5
right_child=-2 2 3 4 -6 -7
leaf_value=0.0060059043149094061 0.007733922166946708 -0.0091211861421557541 0.0023195173092226346 -0.014771184002859995 -0.00078771755112490294 -0.0065617038013926071
leaf_weight=1.2277798466384391 2.6785973832011232 2.986716718878597 2.2767651239410047 0.22657689452171315 1.0436659101396797 0.29864897415973246
leaf_count=8 4 12 8 4 12 8
internal_value=0 -0.00257018 -0.00411131 -0.000220397 -0.0039063 -0.0101032
internal_weight=0 8.06015 6.83237 3.84566 1.56889 0.525226
internal_count=56 52 44 32 24 12
is_linear=0
shrinkage=0.1


Tree=64
num_leaves=6
num_cat=0
split_feature=0 0 0 0 0
split_gain=0.0195463 0.0675558 0.0242839 0.00346725 0.00224074
threshold=0.016831777094257917 0.0019174873866273209 0.0046174674363585527 0.0099119325506710817 0.0063833176173950252
decision_type=2 2 2 2 2
left_child=1 -1 -3 4 -4
right_child=-2 2 3 -5 -6
leaf_value=-0.031669014430405727 0.0074096694393596578 0.0066512840684392269 -0.0018762959823083254 9.6651002208219169e-05 -0.0082250416107553549
leaf_weight=0.72082418203353693 2.6748467907309541 3.3746284991502762 0.74323664046824056 1.0373566001653669 2.2058649566024542
leaf_count=4 4 12 8 12 16
internal_value=0 -0.00245236 0.000408637 -0.00487591 -0.00662502
internal_weight=0 8.08191 7.36109 3.98646 2.9491
internal_count=56 52 48 36 24
is_linear=0
shrinkage=0.1


Tree=65
num_leaves=7
num_cat=0
split_feature=0 0 0 0 0 0
split_gain=0.0253276 0.0695616 0.0224566 0.00584325 0.000438958 0.00577283
threshold=0.0058729494061789218 0.0063833176173950252 0.014451459212147534 0.002365692145855696 0.0082364235471922408 0.0088807551912432926
decision_type=2 2 2 2 2 2
left_child=3 -2 4 -1 -3 -6
right_child=1 2 -4 -5 5 -7
leaf_value=-0.00023103692270559637 0.036070567424369614 -0.0077328945136319275 0.0055380364392280806 -0.0085378770332873982 0.0062620967094610784 -0.01730573038790191
leaf_weight=1.1912606395781038 0.60865256283432234 1.9039329141378405 3.5757242813706398 2.9285648851655424 0.23489523027092207 0.18641237181145698
leaf_count=8 4 8 8 12 4 12
internal_value=0 0.00388332 0.000563385 -0.00613593 -0.00708657 -0.00416576
internal_weight=0 6.50962 5.90096 4.11983 2.32524 0.421308
internal_count=56 36 32 20 24 16
is_linear=0
shrinkage=0.1


Tree=66
num_leaves=7
num_cat=0
split_feature=0 0 0 0 0 0
split_gain=0.0242682 0.0078384 0.0305191 0.00817791 0.0423461 0.0037249
threshold=0.016831777094257917 0.0019174873866273209 0.002365692145855696 0.0058729494061789218 0.0063833176173950252 0.0099119325506710817
decision_type=2 2 2 2 2 2
left_child=1 -1 -3 -4 -5 -6
right_child=-2 2 3 4 5 -7
leaf_value=-0.013842567930280606 0.0082185525804183441 0.019890430161228042 -0.0077769864114452282 0.023635776266929694 -0.0076187448656633225 -0.00030826687261358601
leaf_weight=0.59287190809845913 2.6841365993022919 0.59153086692094792 2.9257928882725537 0.60013424977660212 2.196516456198879 1.0209437836892901
leaf_count=4 4 4 12 4 16 12
internal_value=0 -0.00278258 -0.00188861 -0.00379907 -0.000750416 -0.00529903
internal_weight=0 7.92779 7.33492 6.74339 3.81759 3.21746
internal_count=56 52 48 44 32 28
is_linear=0
shrinkage=0.1


Tree=67
num_leaves=7
num_cat=0
split_feature=0 0 0 0 0 0
split_gain=0.0276919 0.0130644 0.0241383 0.00175657 0.000105688 0.00276887
threshold=0.014451459212147534 0.0046174674363585527 0.003686574450961785 0.0063833176173950252 0.0082364235471922408 0.0088807551912432926
decision_type=2 2 2 2 2 2
left_child=1 2 -1 -3 -5 -6
right_child=-2 3 -4 4 5 -7
leaf_value=-0.0097032335752277529 0.0071713646287561682 -0.012610754302855116 0.0064342814703080764 -0.0074380582430990912 0.0014756388971266425 -0.014946777190412711
leaf_weight=1.5114590637385847 3.5677864104509354 0.77875944506377015 2.3966377899050713 1.9020519703626635 0.23558532912284125 0.1819656427251175
leaf_count=12 8 8 4 8 4 12
internal_value=0 -0.00365176 0.000193087 -0.00850142 -0.00712179 -0.00568113
internal_weight=0 7.00646 3.9081 3.09836 2.3196 0.417551
internal_count=56 48 16 32 24 16
is_linear=0
shrinkage=0.1


Tree=68
num_leaves=7
num_cat=0
split_feature=0 0 0 0 0 0
split_gain=0.0227049 0.00686221 0.0256971 0.00870351 0.0436262 0.00299349
threshold=0.016831777094257917 0.0019174873866273209 0.002365692145855696 0.0058729494061789218 0.0063833176173950252 0.0099119325506710817
decision_type=2 2 2 2 2 2
left_child=1 -1 -3 -4 -5 -6
right_child=-2 2 3 4 5 -7
leaf_value=-0.013151796046913428 0.0079501920249068422 0.018177599247001529 -0.0077448436540693832 0.024396560384368285 -0.0071786109921390274 -0.0006015884305828282
leaf_weight=0.58239534497261036 2.6799928918480873 0.58773625642061222 2.9090598411858082 0.59472490381449494 2.1871429029852156 1.0123238379601387
leaf_count=4 4 4 12 4 16 12
internal_value=0 -0.00270615 -0.00187176 -0.00362967 -0.000474517 -0.00509762
internal_weight=0 7.87338 7.29099 6.70325 3.79419 3.19947
internal_count=56 52 48 44 32 28
is_linear=0
shrinkage=0.1


Tree=69
num_leaves=6
num_cat=0
split_feature=0 0 0 0 0
split_gain=0.0254388 0.00735202 0.0209131 0.00791011 0.00171665
threshold=0.016831777094257917 0.0046174674363585527 0.003686574450961785 0.0099119325506710817 0.0063833176173950252
decision_type=2 2 2 2 2
left_child=1 2 -1 4 -3
right_child=-2 3 -4 -5 -6
leaf_value=-0.0091014386607075146 0.0083887313813611458 -0.012559058527419493 0.0059926507879730449 0.0018186555077721489 -0.0070761918053818349
leaf_weight=1.4883131533861162 2.6906610652804375 0.77290031686425287 2.3950923308730125 0.98982701217755664 2.1864403592189774
leaf_count=12 4 8 4 12 16
internal_value=0 -0.00288172 0.000207849 -0.00591983 -0.00850817
internal_weight=0 7.83257 3.88341 3.94917 2.95934
internal_count=56 52 16 36 24
is_linear=0
shrinkage=0.1


Tree=70
num_leaves=6
num_cat=0
split_feature=0 0 0 0 0
split_gain=0.0208746 0.00756268 0.0151834 0.00318117 7.13032e-07
threshold=0.016831777094257917 0.003686574450961785 0.0046174674363585527 0.0099119325506710817 0.0063833176173950252
decision_type=2 2 2 2 2
left_child=1 -1 -3 4 -4
right_child=-2 2 3 -5 -6
leaf_value=-0.0090235581986186659 0.0076256551702078195 0.0051729737778264378 -0.0066679528628575003 -6.0759423385341996e-05 -0.0065551743727156513
leaf_weight=1.4878460727632044 2.6749491468071938 2.3974296376109123 0.75486203934997398 1.0032013123854993 2.1784401349723339
leaf_count=12 4 4 8 12 16
internal_value=0 -0.00260787 -0.00110083 -0.00492173 -0.0065842
internal_weight=0 7.82178 6.33393 3.9365 2.9333
internal_count=56 52 40 36 24
is_linear=0
shrinkage=0.1


Tree=71
num_leaves=7
num_cat=0
split_feature=0 0 0 0 0 0
split_gain=0.018505 0.00545341 0.0510443 0.0122681 0.00152373 0.0013005
threshold=0.016831777094257917 0.0058729494061789218 0.0063833176173950252 0.002365692145855696 0.0082364235471922408 0.011060829098723822
decision_type=2 2 2 2 2 2
left_child=1 3 -3 -1 -4 -6
right_child=-2 2 4 -5 5 -7
leaf_value=0.0037040903277695625 0.0071984521259453151 0.0276026134893569 -0.0064863762295700178 -0.0084671905726478036 0.0032738191631480028 -0.0039242079719622657
leaf_weight=1.1589641608297823 2.6640861704945564 0.57903733570128713 1.8887043781578543 2.9012338416650891 0.34038031962700166 0.9559528473764658
leaf_count=8 4 4 8 12 12 8
internal_value=0 -0.002451 0.00029093 -0.00499296 -0.00467431 -0.00203421
internal_weight=0 7.82427 3.76407 4.0602 3.18504 1.29633
internal_count=56 52 32 20 28 20
is_linear=0
shrinkage=0.1


Tree=72
num_leaves=6
num_cat=0
split_feature=0 0 0 0 0
split_gain=0.0223881 0.00685183 0.00816058 0.0263922 0.002791
threshold=0.016831777094257917 0.002365692145855696 0.0058729494061789218 0.0063833176173950252 0.0099119325506710817
decision_type=2 2 2 2 2
left_child=1 -1 -3 -4 -5
right_child=-2 2 3 4 -6
leaf_value=0.0044165498676809588 0.0078971992089293657 -0.0079204523141147461 0.018873799375711025 -0.0064360433538941794 -4.9867169803841475e-05
leaf_weight=1.1511236354708669 2.6735156178474426 2.9021921749226749 0.57408648263663087 2.1746182461502035 0.99861253891140211
leaf_count=8 4 12 4 16 12
internal_value=0 -0.0027066 -0.00393972 -0.000856758 -0.00442632
internal_weight=0 7.80063 6.64951 3.74732 3.17323
internal_count=56 52 44 32 28
is_linear=0
shrinkage=0.1


Tree=73
num_leaves=6
num_cat=0
split_feature=0 0 0 0 0
split_gain=0.024877 0.0150333 0.00703521 0.0122027 0.00318753
threshold=0.016831777094257917 0.002365692145855696 0.0058729494061789218 0.0063833176173950252 0.0099119325506710817
decision_type=2 2 2 2 2
left_child=1 -1 -3 -4 -5
right_child=-2 2 3 4 -6
leaf_value=0.0076385387769778703 0.0083174459106736143 -0.0083436690721717631 0.01176498552017588 -0.0063533387003396448 0.00049514451384153029
leaf_weight=1.163670267909765 2.6787126809358597 2.9335378720425069 0.56320037133991752 2.1733415726339449 0.98883650451898564
leaf_count=8 4 12 4 16 12
internal_value=0 -0.00284817 -0.00468076 -0.00179641 -0.00421177
internal_weight=0 7.82259 6.65892 3.72538 3.16218
internal_count=56 52 44 32 28
is_linear=0
shrinkage=0.1


Tree=74
num_leaves=9
num_cat=0
split_feature=0 0 0 0 0 0 0 0
split_gain=0.0252022 0.00840107 0.0174336 0.0668653 0.00907403 0.00385797 0.000128872 0.00135079
threshold=0.016831777094257917 0.0046174674363585527 0.003686574450961785 0.0019174873866273209 0.0063833176173950252 0.014451459212147534 0.0072513893889438134 0.0088807551912432926
decision_type=2 2 2 2 2 2 2 2
left_child=1 2 3 -1 -3 6 -6 -8
right_child=-2 4 -4 -5 5 -7 7 -9
leaf_value=-0.030401178563050094 0.0083748160207079321 -0.016647182584004567 0.0057814757267514597 0.010291653296281648 -0.0056189016354759045 0.0017731187659211602 -0.0044220010919695839 -0.014744619405365228
leaf_weight=0.72093233466148354 2.680076040327549 0.68361347401514683 2.3905840739607811 0.91794509440660477 1.6618681661784656 0.86007388681173313 0.45503453584387887 0.1757217429112643
leaf_count=4 4 8 4 8 4 4 8 12
internal_value=0 -0.00285352 0.000335301 -0.00760888 -0.00620289 -0.00393821 -0.0060808 -0.00729777
internal_weight=0 7.86577 4.02946 1.63888 3.83631 3.1527 2.29262 0.630756
internal_count=56 52 16 12 36 28 24 20
is_linear=0
shrinkage=0.1


Tree=75
num_leaves=6
num_cat=0
split_feature=0 0 0 0 0
split_gain=0.028582 0.00961046 0.00992089 0.00335659 0.000491695
threshold=0.003686574450961785 0.016831777094257917 0.0046174674363585527 0.0099119325506710817 0.0063833176173950252
decision_type=2 2 2 2 2
left_child=-1 2 -2 4 -4
right_child=1 -3 3 -5 -6
leaf_value=-0.01300035920644582 0.0050322764609518596 0.0071478891010257097 -0.0025957093297631286 0.0018861068041128139 -0.0056341787360614367
leaf_weight=1.4539986848831183 2.394028075039385 2.6653962954878807 0.7060160203836866 0.98127451515756536 2.168023174861446
leaf_count=12 4 4 8 12 16
internal_value=0 0.00212037 -2.39134e-05 -0.00316365 -0.00488777
internal_weight=0 8.91474 6.24934 3.85531 2.87404
internal_count=56 44 40 36 24
is_linear=0
shrinkage=0.1


Tree=76
num_leaves=6
num_cat=0
split_feature=0 0 0 0 0
split_gain=0.0173549 0.00977485 0.0100959 0.00170334 9.59026e-05
threshold=0.016831777094257917 0.003686574450961785 0.0046174674363585527 0.0099119325506710817 0.0063833176173950252
decision_type=2 2 2 2 2
left_child=1 -1 -3 4 -4
right_child=-2 2 3 -5 -6
leaf_value=-0.0097822128991203443 0.0069698532344014911 0.0044158843265294659 -0.0040728808327148919 -0.00027887626635423772 -0.0054171033893519313
leaf_weight=1.4558321759104726 2.6567444205284119 2.3948138654232025 0.70347996335476715 0.99186243908479799 2.1615502290660515
leaf_count=12 4 4 8 12 16
internal_value=0 -0.00240248 -0.00068396 -0.00385054 -0.00508704
internal_weight=0 7.70754 6.25171 3.85689 2.86503
internal_count=56 52 40 36 24
is_linear=0
shrinkage=0.1


Tree=77
num_leaves=7
num_cat=0
split_feature=0 0 0 0 0 0
split_gain=0.0159545 0.00523274 0.0116753 0.0410175 0.0010693 0.00173035
threshold=0.016831777094257917 0.002365692145855696 0.0058729494061789218 0.0063833176173950252 0.0082364235471922408 0.011060829098723822
decision_type=2 2 2 2 2 2
left_child=1 -1 -3 -4 -5 -6
right_child=-2 2 3 4 5 -7
leaf_value=0.0039842278709897819 0.0066967222183228039 -0.0081694532292549069 0.025415144785909394 -0.0055967272600385967 0.0043653954826331056 -0.0040287601664168483
leaf_weight=1.1308634169399736 2.648218184709549 2.8696532882750034 0.55423772055655751 1.8805889971554282 0.33183141448535003 0.94469816703349352
leaf_count=8 4 12 4 8 12 8
internal_value=0 -0.00229962 -0.00337942 0.000324275 -0.00408047 -0.00184672
internal_weight=0 7.71187 6.58101 3.71136 3.15712 1.27653
internal_count=56 52 44 32 28 20
is_linear=0
shrinkage=0.1


Tree=78
num_leaves=6
num_cat=0
split_feature=0 0 0 0 0
split_gain=0.0189669 0.00793872 0.00830921 0.0208811 0.00186024
threshold=0.016831777094257917 0.002365692145855696 0.0058729494061789218 0.0063833176173950252 0.0099119325506710817
decision_type=2 2 2 2 2
left_child=1 -1 -3 -4 -5
right_child=-2 2 3 4 -6
leaf_value=0.0052393971765941037 0.0072861407432538152 -0.0078723547140070946 0.017302934189040647 -0.0054875034157043819 -0.00024790922077609813
leaf_weight=1.1273902431130407 2.656372107565403 2.8776338589377701 0.54832330811768804 2.1595552127109845 0.98742599692195643
leaf_count=8 4 12 4 16 12
internal_value=0 -0.00251349 -0.00384326 -0.000705695 -0.00384348
internal_weight=0 7.70033 6.57294 3.6953 3.14698
internal_count=56 52 44 32 28
is_linear=0
shrinkage=0.1


Tree=79
num_leaves=8
num_cat=0
split_feature=0 0 0 0 0 0 0
split_gain=0.020778 0.0177561 0.00778171 0.00919458 0.00237433 9.56514e-05 0.00150138
threshold=0.016831777094257917 0.002365692145855696 0.0058729494061789218 0.0063833176173950252 0.014451459212147534 0.0072513893889438134 0.0088807551912432926
decision_type=2 2 2 2 2 2 2
left_child=1 -1 -3 -4 5 -5 -7
right_child=-2 2 3 4 -6 6 -8
leaf_value=0.0088792219929775488 0.0076221996859648453 -0.0084758577368117313 0.010536749121257969 -0.0049198487259537842 0.00085021885852351077 -0.0033306286582671855 -0.014305619942946069
leaf_weight=1.1437200680375097 2.6608786582946777 2.9159929873421788 0.53677920717746053 1.6553843989968307 0.85996300727128971 0.44943692721426476 0.17248350800946355
leaf_count=8 4 12 4 4 4 8 12
internal_value=0 -0.0026225 -0.00461865 -0.00155729 -0.00362656 -0.00531709 -0.00637443
internal_weight=0 7.73376 6.59004 3.67405 3.13727 2.2773 0.62192
internal_count=56 52 44 32 28 24 20
is_linear=0
shrinkage=0.1


Tree=80
num_leaves=6
num_cat=0
split_feature=0 0 0 0 0
split_gain=0.0208358 0.0556718 0.0245158 0.00749908 0.00336538
threshold=0.016831777094257917 0.0019174873866273209 0.0046174674363585527 0.0063833176173950252 0.0099119325506710817
decision_type=2 2 2 2 2
left_child=1 -1 -3 -4 -5
right_child=-2 2 3 4 -6
leaf_value=-0.029347591790983237 0.0076339767789446308 0.0063956988675309334 -0.015210292255816363 -0.0055938751947577255 0.0014991181228165183
leaf_weight=0.70813462883234013 2.6621350944042206 3.2759666815400124 0.64873514510691199 2.1591927938861777 0.969170682132244
leaf_count=4 4 12 8 16 12
internal_value=0 -0.00261851 6.51194e-05 -0.00542554 -0.00339646
internal_weight=0 7.7612 7.05307 3.7771 3.12836
internal_count=56 52 48 36 28
is_linear=0
shrinkage=0.1


Tree=81
num_leaves=7
num_cat=0
split_feature=0 0 0 0 0 0
split_gain=0.0220457 0.00858158 0.00825701 0.00281581 0.000116857 0.0013434
threshold=0.003686574450961785 0.016831777094257917 0.0046174674363585527 0.014451459212147534 0.0072513893889438134 0.0088807551912432926
decision_type=2 2 2 2 2 2
left_child=-1 2 -2 4 -4 -6
right_child=1 -3 3 -5 5 -7
leaf_value=-0.011456951130513284 0.0044341772577552964 0.0066344053438586875 -0.0042132847909493601 0.0019821333022969137 -0.002890829459799989 -0.013320606628057478
leaf_weight=1.4435908421874053 2.3911566361784917 2.6493202894926071 2.3182380064390609 0.85473912954330433 0.44899812527000893 0.17035110911820084
leaf_count=12 4 4 12 4 8 12
internal_value=0 0.00187247 -0.000167791 -0.00306945 -0.00453929 -0.00575952
internal_weight=0 8.8328 6.18348 3.79233 2.93759 0.619349
internal_count=56 44 40 36 32 20
is_linear=0
shrinkage=0.1


Tree=82
num_leaves=6
num_cat=0
split_feature=0 0 0 0 0
split_gain=0.0145813 0.00850993 0.00810356 0.00144404 8.04323e-05
threshold=0.016831777094257917 0.003686574450961785 0.0046174674363585527 0.0099119325506710817 0.0063833176173950252
decision_type=2 2 2 2 2
left_child=1 -1 -3 4 -4
right_child=-2 2 3 -5 -6
leaf_value=-0.0091277660646405141 0.0064039078653740852 0.0039544951643594043 -0.0036663962177098594 -0.00017523584639988652 -0.0049281775051329673
leaf_weight=1.4445441886782644 2.6410861611366272 2.3921731263399124 0.66039100522175509 0.98093086993321765 2.1497741370694712
leaf_count=12 4 4 8 12 16
internal_value=0 -0.00221731 -0.000602882 -0.00347858 -0.00463166
internal_weight=0 7.62781 6.18327 3.7911 2.81017
internal_count=56 52 40 36 24
is_linear=0
shrinkage=0.1


Tree=83
num_leaves=7
num_cat=0
split_feature=0 0 0 0 0 0
split_gain=0.0135025 0.00677207 0.0106752 0.0333477 0.000935004 0.00178383
threshold=0.016831777094257917 0.002365692145855696 0.0058729494061789218 0.0063833176173950252 0.0082364235471922408 0.011060829098723822
decision_type=2 2 2 2 2 2
left_child=1 -1 -3 -4 -5 -6
right_child=-2 2 3 4 5 -7
leaf_value=0.0050804619264689039 0.0061733619329482174 -0.0079476682998631584 0.023415078030787375 -0.0051276544843636427 0.0047791217163932233 -0.0038242570464864459
leaf_weight=1.1123281046748159 2.6337966024875641 2.8536252737976611 0.5297495657578114 1.875212209299207 0.32481016393285222 0.93400024622678757
leaf_count=8 4 12 4 8 12 8
internal_value=0 -0.00213106 -0.00336185 0.00020993 -0.00371248 -0.00160433
internal_weight=0 7.62973 6.5174 3.66377 3.13402 1.25881
internal_count=56 52 44 32 28 20
is_linear=0
shrinkage=0.1


Tree=84
num_leaves=6
num_cat=0
split_feature=0 0 0 0 0
split_gain=0.015767 0.0130216 0.00868642 0.0157447 0.00169683
threshold=0.016831777094257917 0.002365692145855696 0.0058729494061789218 0.0063833176173950252 0.0099119325506710817
decision_type=2 2 2 2 2
left_child=1 -1 -3 -4 -5
right_child=-2 2 3 4 -6
leaf_value=0.0076694695405894108 0.0066610042343547317 -0.0081170331617097437 0.015326559337981572 -0.0050224113706085118 5.4156605063636992e-06
leaf_weight=1.1180564686655996 2.6409690827131271 2.8785351701080799 0.52094633132219348 2.1485391760943462 0.9762316639535128
leaf_count=8 4 12 4 16 12
internal_value=0 -0.00230186 -0.00401064 -0.000768366 -0.00345163
internal_weight=0 7.64231 6.52425 3.64572 3.12477
internal_count=56 52 44 32 28
is_linear=0
shrinkage=0.1


Tree=85
num_leaves=7
num_cat=0
split_feature=0 0 0 0 0 0
split_gain=0.0168282 0.0757104 0.0525188 0.0125968 0.00869643 0.00235616
threshold=0.016831777094257917 0.0019174873866273209 0.002365692145855696 0.0046174674363585527 0.0063833176173950252 0.0099119325506710817
decision_type=2 2 2 2 2 2
left_child=1 -1 -3 -4 -5 -6
right_child=-2 2 3 4 5 -7
leaf_value=-0.032707209895868929 0.0068907465662130622 0.032310245015892955 0.0035282530353773715 -0.016285277560191366 -0.0050432941735108873 0.00090121130310659686
leaf_weight=0.74275140836834896 2.6448896899819374 0.49378059059381474 2.8215344771742821 0.60663320100866291 2.1480732011841615 0.96688888245262194
leaf_count=4 4 4 8 8 16 12
internal_value=0 -0.00234268 0.000862321 -0.00151091 -0.00533137 -0.00319811
internal_weight=0 7.77966 7.03691 6.54313 3.7216 3.11496
internal_count=56 52 48 44 36 28
is_linear=0
shrinkage=0.1


Tree=86
num_leaves=6
num_cat=0
split_feature=0 0 0 0 0
split_gain=0.0293252 0.00597572 0.00764386 8.12448e-05 0.0027423
threshold=0.003686574450961785 0.014451459212147534 0.0063833176173950252 0.0082364235471922408 0.0088807551912432926
decision_type=2 2 2 2 2
left_child=-1 2 -2 -4 -5
right_child=1 -3 3 4 -6
leaf_value=-0.013441002840069284 0.003303951375430192 0.0053647752211193091 -0.004643351912154532 0.0043440327990177724 -0.012681105132153286
leaf_weight=1.4000178165733821 3.0424412032589299 3.4771831929683685 1.8767908681184056 0.21787796961143602 0.16722218273207545
leaf_count=12 12 8 8 4 12
internal_value=0 0.00214288 3.0802e-05 -0.00437187 -0.0030488
internal_weight=0 8.78152 5.30433 2.26189 0.3851
internal_count=56 44 36 24 16
is_linear=0
shrinkage=0.1


Tree=87
num_leaves=7
num_cat=0
split_feature=0 0 0 0 0 0
split_gain=0.0150954 0.0237688 0.011695 0.00624423 0.000104899 0.00209211
threshold=0.0058729494061789218 0.0063833176173950252 0.014451459212147534 0.002365692145855696 0.0082364235471922408 0.0088807551912432926
decision_type=2 2 2 2 2 2
left_child=3 -2 4 -1 -3 -6
right_child=1 2 -4 -5 5 -7
leaf_value=0.0015854118509623415 0.023357970427679647 -0.0047376189615808608 0.0048124923959842079 -0.0073401389199996602 0.0035302158991895004 -0.011377494574754905
leaf_weight=1.0836765915155413 0.52750815358012904 1.8738801218569281 3.4805108234286308 2.8325340184383094 0.21749230986461032 0.16597859584726393
leaf_count=8 4 8 8 12 4 12
internal_value=0 0.00304421 0.00117667 -0.0048703 -0.00442924 -0.00292232
internal_weight=0 6.26537 5.73786 3.91621 2.25735 0.383471
internal_count=56 36 32 20 24 16
is_linear=0
shrinkage=0.1


Tree=88
num_leaves=7
num_cat=0
split_feature=0 0 0 0 0 0
split_gain=0.0150352 0.00634516 0.00963989 0.00323735 0.00071172 5.47672e-06
threshold=0.016831777094257917 0.003686574450961785 0.0046174674363585527 0.0099119325506710817 0.0063833176173950252 0.0019174873866273209
decision_type=2 2 2 2 2 2
left_child=1 5 -3 4 -4 -1
right_child=-2 2 3 -5 -6 -7
leaf_value=-0.0085475954352823465 0.0064925833196734194 0.0040860484948027943 -0.0086952664283404726 0.00097797094029406363 -0.004897515619066593 -0.0081456756853458354
leaf_weight=0.56179971247911431 2.6414913311600685 2.386537216603756 0.64112909464165646 0.95398173038847733 2.1425309187034145 0.85501407086849213
leaf_count=4 4 4 8 12 16 8
internal_value=0 -0.00227425 -0.000879039 -0.00404932 -0.00577221 -0.00830505
internal_weight=0 7.54099 6.12418 3.73764 2.78366 1.41681
internal_count=56 52 40 36 24 12
is_linear=0
shrinkage=0.1


Tree=89
num_leaves=7
num_cat=0
split_feature=0 0 0 0 0 0
split_gain=0.013005 0.00612589 0.00822125 0.00144315 0.00137909 0.000266896
threshold=0.016831777094257917 0.002365692145855696 0.0058729494061789218 0.0072513893889438134 0.0099119325506710817 0.0082364235471922408
decision_type=2 2 2 2 2 2
left_child=1 -1 -3 -4 5 -5
right_child=-2 2 3 4 -6 -7
leaf_value=0.004834645138269378 0.0060519780892191802 -0.0073124074385014981 0.0015195380852177042 -0.0093743058832971623 -0.0003489456874777629 -0.0047098221521053229
leaf_weight=1.0863254554569719 2.6319327875971794 2.8366389661096036 2.1597287030890588 0.22650210186839081 0.96253236685879529 0.26759026839863509
leaf_count=8 4 12 8 4 12 8
internal_value=0 -0.0021127 -0.00328225 -0.000121029 -0.00255349 -0.00684812
internal_weight=0 7.53932 6.45299 3.61635 1.45662 0.494092
internal_count=56 52 44 32 24 12
is_linear=0
shrinkage=0.1


Tree=90
num_leaves=7
num_cat=0
split_feature=0 0 0 0 0 0
split_gain=0.0120547 0.00940366 0.00876354 0.000927356 0.00151004 0.000208533
threshold=0.016831777094257917 0.002365692145855696 0.0058729494061789218 0.0072513893889438134 0.0099119325506710817 0.0082364235471922408
decision_type=2 2 2 2 2 2
left_child=1 -1 -3 -4 5 -5
right_child=-2 2 3 4 -6 -7
leaf_value=0.006523183801779831 0.0058332643507790251 -0.0076115608649554509 0.0011169950455478875 -0.0088763338516336197 0.00016099328856133852 -0.0047535776541154408
leaf_weight=1.0995273701846597 2.6292439997196198 2.8621615876909345 2.1526130177080636 0.2264905162155626 0.95939993299543858 0.2676931070163846
leaf_count=8 4 12 8 4 12 8
internal_value=0 -0.0020266 -0.00347994 -0.000200763 -0.00215223 -0.00664309
internal_weight=0 7.56789 6.46836 3.6062 1.45358 0.494184
internal_count=56 52 44 32 24 12
is_linear=0
shrinkage=0.1


Tree=91
num_leaves=7
num_cat=0
split_feature=0 0 0 0 0 0
split_gain=0.0296759 0.0270155 0.00640093 0.000356279 0.00116353 0.000687959
threshold=0.002365692145855696 0.0058729494061789218 0.016831777094257917 0.014451459212147534 0.0072513893889438134 0.0088807551912432926
decision_type=2 2 2 2 2 2
left_child=-1 -2 3 4 -3 -6
right_child=1 2 -4 -5 5 -7
leaf_value=0.015102910565740585 -0.0097491862823346227 -0.00035369562223410062 0.005599341809294364 0.00089650697443247052 -0.0032789799704972325 -0.010878947422602786
leaf_weight=1.1554821543395526 2.9680004925467056 2.1291650990024218 2.6268251985311508 0.8431282341480254 0.44407839095219959 0.1627625310793519
leaf_count=8 12 8 4 4 8 12
internal_value=0 -0.00190224 0.00185056 -0.000900781 -0.00145463 -0.00531739
internal_weight=0 9.17396 6.20596 3.57913 2.73601 0.606841
internal_count=56 48 36 32 28 20
is_linear=0
shrinkage=0.1


Tree=92
num_leaves=7
num_cat=0
split_feature=0 0 0 0 0 0
split_gain=0.0211184 0.023043 0.00425258 0.00747462 0.00270459 0.00155501
threshold=0.003686574450961785 0.0019174873866273209 0.016831777094257917 0.0046174674363585527 0.0099119325506710817 0.0063833176173950252
decision_type=2 2 2 2 2 2
left_child=1 -1 3 -2 5 -5
right_child=2 -3 -4 4 -6 -7
leaf_value=-0.024972805957941078 0.0047856944243896042 0.00017933396766518122 0.0052366552962812346 0.0004734899018151254 0.0022139470336221549 -0.005246936585784668
leaf_weight=0.65910302847623892 2.38628291338682 0.81418631970882416 2.6251496225595474 0.6106293089687832 0.94832864962518204 2.1425977149046957
leaf_count=4 4 8 4 8 12 16
internal_value=0 -0.0110729 0.00187233 0.000421598 -0.0023918 -0.00397822
internal_weight=0 1.47329 8.71299 6.08784 3.70156 2.75323
internal_count=56 12 44 40 36 24
is_linear=0
shrinkage=0.1


Tree=93
num_leaves=7
num_cat=0
split_feature=0 0 0 0 0 0
split_gain=0.0216644 0.027374 0.00396105 0.000380004 0.00138165 0.000620302
threshold=0.002365692145855696 0.0058729494061789218 0.016831777094257917 0.014451459212147534 0.0072513893889438134 0.0088807551912432926
decision_type=2 2 2 2 2 2
left_child=-1 -2 3 4 -3 -6
right_child=1 2 -4 -5 5 -7
leaf_value=0.012951246337920934 -0.0095355697084696048 0.00061675333334553623 0.0051078291609998301 0.0018538124424013016 -0.002871204773152199 -0.01011825100046391
leaf_weight=1.1476560905575759 2.959273061482234 2.1282270634546885 2.6222361102700233 0.8366570472717284 0.44384407810866822 0.1609335420653224
leaf_count=8 12 8 4 4 8 12
internal_value=0 -0.00162422 0.00215682 -1.09637e-05 -0.000581829 -0.00479967
internal_weight=0 9.15117 6.1919 3.56966 2.733 0.604778
internal_count=56 48 36 32 28 20
is_linear=0
shrinkage=0.1


Tree=94
num_leaves=7
num_cat=0
split_feature=0 0 0 0 0 0
split_gain=0.0238906 0.0207883 0.00318721 0.0108738 0.000130468 0.000974061
threshold=0.003686574450961785 0.0019174873866273209 0.014451459212147534 0.0063833176173950252 0.0082364235471922408 0.0088807551912432926
decision_type=2 2 2 2 2 2
left_child=1 -1 3 -2 -5 -6
right_child=2 -3 -4 4 5 -7
leaf_value=-0.024979086394483943 0.0043914837251644813 -0.0010996463481093681 0.0043552585100352899 -0.0051501047238143643 0.0012378416343242788 -0.0090455526839718445
leaf_weight=0.65895632654428549 2.9930819568689895 0.81601592153310776 3.4525532126426697 1.873526528477669 0.21775392116978753 0.15964013268239796
leaf_count=4 12 8 8 8 4 12
internal_value=0 -0.011768 0.0019959 0.000442548 -0.00480841 -0.0031121
internal_weight=0 1.47497 8.69656 5.244 2.25092 0.377394
internal_count=56 12 44 36 24 16
is_linear=0
shrinkage=0.1


Tree=95
num_leaves=6
num_cat=0
split_feature=0 0 0 0 0
split_gain=0.0146077 0.0247015 0.00316579 0.0226473 0.00293234
threshold=0.002365692145855696 0.0058729494061789218 0.016831777094257917 0.0063833176173950252 0.0099119325506710817
decision_type=2 2 2 2 2
left_child=-1 -2 3 -3 -5
right_child=1 2 -4 4 -6
leaf_value=0.010711563166284761 -0.0088791317671885733 0.020379061148986768 0.0048955955898275852 -0.0049001815239118358 0.0017983446233911502
leaf_weight=1.1325357221066958 2.9382130536250752 0.48594822920858893 2.6203948110342026 2.136108678998426 0.94157831789925683
leaf_count=8 12 4 4 16 12
internal_value=0 -0.00132985 0.00225703 0.000316848 -0.00285085
internal_weight=0 9.12224 6.18403 3.56364 3.07769
internal_count=56 48 36 32 28
is_linear=0
shrinkage=0.1


Tree=96
num_leaves=8
num_cat=0
split_feature=0 0 0 0 0 0 0
split_gain=0.0188058 0.0245141 0.00464734 0.0109383 0.000113035 9.62158e-05 0.000689488
threshold=0.003686574450961785 0.0019174873866273209 0.014451459212147534 0.0046174674363585527 0.0063833176173950252 0.0082364235471922408 0.0088807551912432926
decision_type=2 2 2 2 2 2 2
left_child=1 -1 3 -2 -5 -6 -7
right_child=2 -3 -4 4 5 6 -8
leaf_value=-0.024647007125342624 0.0049009367328904877 0.001212412639256664 0.0046268563172986834 -0.0030671617557437138 -0.0049010368622101246 0.00051076813377115874 -0.0081760761819939
leaf_weight=0.66601065918803282 2.3812442794442159 0.81541096419095993 3.4490116164088249 0.60412365128286216 1.8709670696407559 0.21706822281703342 0.15778632811270654
leaf_count=4 4 8 8 8 8 4 12
internal_value=0 -0.0104133 0.00177721 -0.000101602 -0.00428142 -0.00460806 -0.00314576
internal_weight=0 1.48142 8.6802 5.23119 2.84995 2.24582 0.374855
internal_count=56 12 44 36 32 24 16
is_linear=0
shrinkage=0.1


Tree=97
num_leaves=7
num_cat=0
split_feature=0 0 0 0 0 0
split_gain=0.0150186 0.00804855 0.00452975 0.00766188 0.00257287 0.000110813
threshold=0.003686574450961785 0.0019174873866273209 0.016831777094257917 0.0046174674363585527 0.0099119325506710817 0.0063833176173950252
decision_type=2 2 2 2 2 2
left_child=1 -1 3 -2 5 -5
right_child=2 -3 -4 4 -6 -7
leaf_value=-0.00028716969917657562 0.0045074778155674297 -0.015287531930892804 0.0050639396987017925 -0.0031282125831894689 0.0017561204989593204 -0.0046656735211316504
leaf_weight=0.59690973907709188 2.3788144439458829 0.89255862310528755 2.6234562918543816 0.60090764705091793 0.93224445031955827 2.132247528177686
leaf_count=4 4 8 4 8 12 16
internal_value=0 -0.00927608 0.00159402 8.79269e-05 -0.00278033 -0.00432765
internal_weight=0 1.48947 8.66767 6.04421 3.6654 2.73316
internal_count=56 12 44 40 36 24
is_linear=0
shrinkage=0.1


Tree=98
num_leaves=6
num_cat=0
split_feature=0 0 0 0 0
split_gain=0.00879944 0.0450335 0.013868 0.00146615 1.59115e-05
threshold=0.016831777094257917 0.0019174873866273209 0.0046174674363585527 0.0099119325506710817 0.0063833176173950252
decision_type=2 2 2 2 2
left_child=1 -1 -3 4 -4
right_child=-2 2 3 -5 -6
leaf_value=-0.026008173263223952 0.0049998270779400859 0.0054869398296534195 -0.0051385386016084738 -9.9260867444808754e-05 -0.0045511981512892262
leaf_weight=0.69384521991014469 2.617280401289463 3.2368220165371895 0.58895729295909482 0.9415411497466265 2.1270778373582289
leaf_count=4 4 12 8 12 16
internal_value=0 -0.00172451 0.000719375 -0.00349975 -0.00467856
internal_weight=0 7.58824 6.8944 3.65758 2.71604
internal_count=56 52 48 36 24
is_linear=0
shrinkage=0.1


Tree=99
num_leaves=7
num_cat=0
split_feature=0 0 0 0 0 0
split_gain=0.0136593 0.00374585 0.00153008 0.0388151 0.00126096 0.00098371
threshold=0.003686574450961785 0.0058729494061789218 0.016831777094257917 0.0063833176173950252 0.0099119325506710817 0.0019174873866273209
decision_type=2 2 2 2 2 2
left_child=5 -2 3 -3 -5 -1
right_child=1 2 -4 4 -6 -7
leaf_value=-0.0059055214266992787 -0.0017925766565192376 0.027263821919239241 0.0046357591610816365 -0.0041176548137951113 0.00028161569359147872 -0.011337777727683903
leaf_weight=0.55168999359011717 2.4961696758400631 0.50068758800625834 2.6130505055189133 2.1240542720770468 0.93982199090532947 0.84232119284570217
leaf_count=4 8 4 4 16 12 8
internal_value=0 0.00147665 0.00279763 0.00145016 -0.00276821 -0.00918792
internal_weight=0 8.67378 6.17761 3.56456 3.06388 1.39401
internal_count=56 44 36 32 28 12
is_linear=0
shrinkage=0.1


end of trees

feature_importances:
word_overlap=648

parameters:
[boosting: gbdt]
[objective: lambdarank]
[metric: ndcg]
[tree_learner: serial]
[device_type: cpu]
[data: ]
[valid: ]
[num_iterations: 100]
[learning_rate: 0.1]
[num_leaves: 16]
[num_threads: 6]
[deterministic: 0]
[force_col_wise: 0]
[force_row_wise: 0]
[histogram_pool_size: -1]
[max_depth: -1]
[min_data_in_leaf: 5]
[min_sum_hessian_in_leaf: 0.001]
[bagging_fraction: 1]
[pos_bagging_fraction: 1]
[neg_bagging_fraction: 1]
[bagging_freq: 0]
[bagging_seed: 3]
[feature_fraction: 1]
[feature_fraction_bynode: 1]
[feature_fraction_seed: 2]
[extra_trees: 0]
[extra_seed: 6]
[early_stopping_round: 0]
[first_metric_only: 0]
[max_delta_step: 0]
[lambda_l1: 0]
[lambda_l2: 0]
[linear_lambda: 0]
[min_gain_to_split: 0]
[drop_rate: 0.1]
[max_drop: 50]
[skip_drop: 0.5]
[xgboost_dart_mode: 0]
[uniform_drop: 0]
[drop_seed: 4]
[top_rate: 0.2]
[other_rate: 0.1]
[min_data_per_group: 100]
[max_cat_threshold: 32]
[cat_l2: 10]
[cat_smooth: 10]
[max_cat_to_onehot: 4]
[top_k: 20]
[monotone_constraints: ]
[monotone_constraints_method: basic]
[monotone_penalty: 0]
[feature_contri: ]
[forcedsplits_filename: ]
[refit_decay_rate: 0.9]
[cegb_tradeoff: 1]
[cegb_penalty_split: 0]
[cegb_penalty_feature_lazy: ]
[cegb_penalty_feature_coupled: ]
[path_smooth: 0]
[interaction_constraints: ]
[verbosity: 1]
[saved_feature_importance_type: 0]
[linear_tree: 0]
[max_bin: 255]
[max_bin_by_feature: ]
[min_data_in_bin: 3]
[bin_construct_sample_cnt: 200000]
[data_random_seed: 1]
[is_enable_sparse: 1]
[enable_bundle: 1]
[use_missing: 1]
[zero_as_missing: 0]
[feature_pre_filter: 1]
[pre_partition: 0]
[two_round: 0]
[header: 0]
[label_column: ]
[weight_column: ]
[group_column: ]
[ignore_column: ]
[categorical_feature: ]
[forcedbins_filename: ]
[precise_float_parser: 0]
[parser_config_file: ]
[objective_seed: 5]
[num_class: 1]
[is_unbalance: 0]
[scale_pos_weight: 1]
[sigmoid: 1]
[boost_from_average: 1]
[reg_sqrt: 0]
[alpha: 0.9]
[fair_c: 1]
[poisson_max_delta_step: 0.7]
[tweedie_variance_power: 1.5]
[lambdarank_truncation_level: 30]
[lambdarank_norm: 1]
[label_gain: ]
[eval_at: 1,2,3,4,5]
[multi_error_top_k: 1]
[auc_mu_weights: ]
[num_machines: 1]
[local_listen_port: 12400]
[time_out: 120]
[machine_list_filename: ]
[machines: ]
[gpu_platform_id: -1]
[gpu_device_id: -1]
[gpu_use_dp: 0]
[num_gpu: 1]

end of parameters

pandas_categorical:null
