tree
version=v4
num_class=1
num_tree_per_iteration=1
label_index=0
max_feature_idx=0
objective=lambdarank
feature_names=word_overlap
feature_infos=[0.0017653313005275932:0.13314229714810266]
tree_sizes=966 853 863 1067 861 866 864 969 759 765 870 764 764 866 981 980 769 880 774 879 769 879 882 988 779 771 771 773 775 775 770 773 986 986 1091 987 985 993 992 1096 1099 1097 1093 995 993 992 883 889 890 893 894 891 992 895 895 993 890 990 889 892 992 997 998 998 889 995 997 890 998 892 998 999 890 1002 894 999 891 998 1006 1107 895 999 893 1107 886 1001 895 999 895 1003 894 1111 891 1005 782 1002 894 1116 891 1004

Tree=0
num_leaves=8
num_cat=0
split_feature=0 0 0 0 0 0 0
split_gain=1.0422 3.08548 0.317343 0.408511 0.140896 0.0623206 0.0579213
threshold=0.003631902421177315 0.0072633926932542886 0.0099119325506710817 0.016831777094257917 0.0052107200608590984 0.0024983216144647924 0.0046706584081894435
decision_type=2 2 2 2 2 2 2
left_child=5 4 -3 -4 6 -1 -2
right_child=1 2 3 -5 -6 -7 -8
leaf_value=0.062631269495709824 -0.13713537468865403 0.087580410895812644 -0.059282341593044012 0.08758706864977911 -0.088119720396653514 0.10972064280481182 -0.18532335529062727
leaf_weight=0.69090679287910439 0.65225109644234203 1.1846068799495695 0.43207348510622967 0.337167639285326 0.43829780817031849 0.47377711161971092 0.40389769524335861
leaf_count=8 8 12 8 4 8 4 4
internal_value=0 -0.0276239 0.0551044 0.00509229 -0.135783 0.0817866 -0.155564
internal_weight=0 3.44829 1.95385 0.769241 1.49445 1.16468 1.05615
internal_count=56 44 24 12 20 12 12
is_linear=0
shrinkage=0.1


Tree=1
num_leaves=7
num_cat=0
split_feature=0 0 0 0 0 0
split_gain=1.49475 4.63768 0.322377 0.1471 0.13429 0.0056924
threshold=0.0085633804180694773 0.003631902421177315 0.0052107200608590984 0.016831777094257917 0.0024983216144647924 0.0082404255037043152
decision_type=2 2 2 2 2 2
left_child=1 4 -3 -2 -1 -4
right_child=3 2 5 -5 -6 -7
leaf_value=0.050251181496877073 0.019567951322199992 -0.14038574759172945 -0.075524257730592972 0.04717564895838712 0.020456841508886613 -0.082917097749266311
leaf_weight=3.3545862734317797 3.6937925703823558 1.041259881108999 2.6324669718742371 4.04179847240448 2.7553161978721619 1.7233871817588804
leaf_count=8 12 12 12 4 4 4
internal_value=0 -0.0228517 -0.0903986 0.0339928 0.0368152 -0.0784492
internal_weight=0 11.507 5.39711 7.73559 6.1099 4.35585
internal_count=56 40 28 16 12 16
is_linear=0
shrinkage=0.1


Tree=2
num_leaves=7
num_cat=0
split_feature=0 0 0 0 0 0
split_gain=0.69222 2.65003 1.82969 0.402623 0.0712107 0.0324614
threshold=0.0085633804180694773 0.0099119325506710817 0.003631902421177315 0.0072633926932542886 0.0052107200608590984 0.0024983216144647924
decision_type=2 2 2 2 2 2
left_child=2 -2 5 4 -4 -1
right_child=1 -3 3 -5 -6 -7
leaf_value=0.018667060977403168 0.11930120578977253 -0.014649655207202043 -0.12873765841701193 -0.041627357000700999 -0.086636525813413065 0.0046201618391718746
leaf_weight=3.7804888188838977 2.0643047317862502 5.1905766353011131 1.0511562675237658 1.5037911385297773 0.65029318258166302 2.9126505255699158
leaf_count=8 4 12 12 8 8 4
internal_value=0 0.0234647 -0.0171982 -0.0793268 -0.112647 0.0125543
internal_weight=0 7.25488 9.89838 3.20524 1.70145 6.69314
internal_count=56 16 40 28 20 12
is_linear=0
shrinkage=0.1


Tree=3
num_leaves=9
num_cat=0
split_feature=0 0 0 0 0 0 0 0
split_gain=1.38875 1.75369 1.21405 1.0295 0.783309 0.620099 0.00745489 0.0775597
threshold=0.003631902421177315 0.0072633926932542886 0.0099119325506710817 0.0085633804180694773 0.0024983216144647924 0.016831777094257917 0.0046706584081894435 0.0061951216141071979
decision_type=2 2 2 2 2 2 2 2
left_child=4 6 3 -3 -1 -4 -2 -8
right_child=1 2 5 -5 -6 -7 7 -9
leaf_value=0.0083619105692680201 -0.10937128621172099 -0.014901522251811595 -0.085067736109152026 0.09253120142708729 0.080042795544968501 -0.008064930403045267 -0.099029112210238718 -0.15952394834096045
leaf_weight=3.9701687097549465 0.80747436732053557 1.7825616449117661 1.7874830961227415 1.7853401303291321 2.4747834205627441 2.520406186580658 0.54303378984332085 0.34758946299552917
leaf_count=8 8 8 8 4 4 4 8 4
internal_value=0 -0.0241581 -0.00428494 0.0388567 0.0358865 -0.0400159 -0.11633 -0.122639
internal_weight=0 9.57389 7.87579 3.5679 6.44495 4.30789 1.6981 0.890623
internal_count=56 44 24 12 12 12 20 12
is_linear=0
shrinkage=0.1


Tree=4
num_leaves=7
num_cat=0
split_feature=0 0 0 0 0 0
split_gain=0.917154 1.19163 1.0954 1.05711 0.0602957 0.142002
threshold=0.003631902421177315 0.0072633926932542886 0.011060829098723822 0.0085633804180694773 0.0052107200608590984 0.0045876381482746224
decision_type=2 2 2 2 2 2
left_child=-1 4 3 -3 5 -2
right_child=1 2 -4 -5 -6 -7
leaf_value=0.036064160834588833 -0.057196762470050594 -0.030274830467510228 -0.043401420397944181 0.078101888289433069 -0.068164530465917014 -0.13190258080381287
leaf_weight=4.6227454990148553 0.39361162483691969 1.4683862179517748 3.1831943541765213 2.3251572027802467 0.70815383084118355 0.7196221612393856
leaf_count=12 4 8 8 8 8 8
internal_value=0 -0.018949 -0.000144929 0.036152 -0.090977 -0.105488
internal_weight=0 8.79813 6.97674 3.79354 1.82139 1.11323
internal_count=56 44 24 16 20 12
is_linear=0
shrinkage=0.1


Tree=5
num_leaves=7
num_cat=0
split_feature=0 0 0 0 0 0
split_gain=0.576529 1.54808 0.745848 0.322459 0.00647307 0.0295717
threshold=0.003631902421177315 0.0085633804180694773 0.011060829098723822 0.0052107200608590984 0.0082404255037043152 0.0072633926932542886
decision_type=2 2 2 2 2 2
left_child=-1 3 -3 -2 5 -5
right_child=1 2 -4 4 -6 -7
leaf_value=0.029832834847173341 -0.11812296252703508 0.064900220101575271 -0.014201224050048991 -0.06803790544694166 -0.040710608698468556 -0.04117729793075256
leaf_weight=4.2598102390766153 0.92346258088946198 2.1302753388881683 2.7064076960086823 0.68769364990293991 0.71862811595201481 1.014541894197464
leaf_count=12 12 8 8 8 4 4
internal_value=0 -0.0155338 0.0206383 -0.0678472 -0.048669 -0.0520288
internal_weight=0 8.18101 4.83668 3.34433 2.42086 1.70224
internal_count=56 44 16 28 16 12
is_linear=0
shrinkage=0.1


Tree=6
num_leaves=7
num_cat=0
split_feature=0 0 0 0 0 0
split_gain=0.555978 1.09726 0.258223 0.22355 0.0422604 0.102451
threshold=0.003631902421177315 0.0085633804180694773 0.0052107200608590984 0.011060829098723822 0.0082404255037043152 0.0072633926932542886
decision_type=2 2 2 2 2 2
left_child=-1 2 -2 -3 5 -4
right_child=1 3 4 -5 -6 -7
leaf_value=0.029505574274109027 -0.11035919990451 0.041002801717526183 -0.065026138333829739 -0.0037238522969638339 -0.066684379965234214 -0.011711836289217599
leaf_weight=4.1354890763759613 0.85118879377841983 1.8576393499970434 0.6541468780487778 2.8046762347221375 0.62787217646837223 0.80275797098875046
leaf_count=12 12 8 8 8 4 4
internal_value=0 -0.0160589 -0.0639463 0.0140969 -0.0449965 -0.0356498
internal_weight=0 7.59828 2.93597 4.66232 2.08478 1.4569
internal_count=56 44 28 16 16 12
is_linear=0
shrinkage=0.1


Tree=7
num_leaves=8
num_cat=0
split_feature=0 0 0 0 0 0 0
split_gain=0.935013 3.23323 1.50445 1.14079 0.405565 0.0882723 0.00110613
threshold=0.016831777094257917 0.0099119325506710817 0.0085633804180694773 0.003631902421177315 0.0082404255037043152 0.0052107200608590984 0.0072633926932542886
decision_type=2 2 2 2 2 2 2
left_child=1 2 3 -1 5 -5 -7
right_child=-2 -3 -4 4 -6 6 -8
leaf_value=0.027394685789253467 0.056315232760482517 -0.14243654410092402 0.12025576462385544 -0.10321820207570674 0.023056309588265808 -0.057647405480981351 -0.063698007473090221
leaf_weight=4.072385296225546 2.3545059859752664 1.6241535097360609 1.1146782934665678 0.82172697782516557 0.49453745782375325 0.59077078476548173 0.61842760443687439
leaf_count=12 4 8 4 12 4 8 4
internal_value=0 -0.0142015 0.0128031 -0.00535057 -0.0581533 -0.0779281 -0.0607419
internal_weight=0 9.33668 7.71253 6.59785 2.52546 2.03093 1.2092
internal_count=56 52 44 40 28 24 12
is_linear=0
shrinkage=0.1


Tree=8
num_leaves=6
num_cat=0
split_feature=0 0 0 0 0
split_gain=0.445587 0.71948 0.339885 0.14045 0.0236105
threshold=0.003631902421177315 0.0085633804180694773 0.011060829098723822 0.0052107200608590984 0.0072633926932542886
decision_type=2 2 2 2 2
left_child=-1 3 -3 -2 -5
right_child=1 2 -4 4 -6
leaf_value=0.02711365405486578 -0.095273899664394313 0.048691049259221859 -0.011928952547354009 -0.058956698782512668 -0.034405518138071134
leaf_weight=3.8097773641347885 0.73358039930462871 1.4553564973175528 2.5376414954662323 0.60324005223810662 1.1170399747788904
leaf_count=12 12 8 8 8 8
internal_value=0 -0.0160228 0.0101657 -0.0586376 -0.0430147
internal_weight=0 6.44686 3.993 2.45386 1.72028
internal_count=56 44 16 28 16
is_linear=0
shrinkage=0.1


Tree=9
num_leaves=6
num_cat=0
split_feature=0 0 0 0 0
split_gain=0.355371 0.602413 0.200712 0.112096 0.0184721
threshold=0.003631902421177315 0.0085633804180694773 0.011060829098723822 0.0052107200608590984 0.0072633926932542886
decision_type=2 2 2 2 2
left_child=-1 3 -3 -2 -5
right_child=1 2 -4 4 -6
leaf_value=0.024467388533477234 -0.089489817041924713 0.04012220230393989 -0.0074311884465939077 -0.055416516184187227 -0.033025983096117921
leaf_weight=3.7107338160276413 0.68020096048712764 1.3644865304231646 2.5395360291004181 0.57392086554318655 1.0292098633944986
leaf_count=12 12 8 8 8 8
internal_value=0 -0.0146738 0.00918909 -0.0554744 -0.0410418
internal_weight=0 6.18735 3.90402 2.28333 1.60313
internal_count=56 44 16 28 16
is_linear=0
shrinkage=0.1


Tree=10
num_leaves=7
num_cat=0
split_feature=0 0 0 0 0 0
split_gain=0.280691 0.48941 0.0965129 0.0952509 1.76283 0.0162668
threshold=0.003631902421177315 0.0085633804180694773 0.0052107200608590984 0.016831777094257917 0.0099119325506710817 0.0072633926932542886
decision_type=2 2 2 2 2 2
left_child=-1 2 -2 4 -3 -4
right_child=1 3 5 -5 -6 -7
leaf_value=0.021998126434667278 -0.084241718903317442 0.093769449313462261 -0.051625121151120668 0.022526860343070148 -0.10437489646540848 -0.030084271245648244
leaf_weight=3.6261647790670395 0.63166656158864531 0.86683813482522987 0.54501565266400553 2.090073361992836 0.9314836673438549 0.98263527080416679
leaf_count=12 12 4 8 4 8 8
internal_value=0 -0.0131899 -0.0513639 0.00800901 -0.00886414 -0.0377693
internal_weight=0 6.04771 2.15932 3.8884 1.79832 1.52765
internal_count=56 44 28 16 12 16
is_linear=0
shrinkage=0.1


Tree=11
num_leaves=6
num_cat=0
split_feature=0 0 0 0 0
split_gain=0.26191 0.403299 0.171557 0.0818743 0.0174076
threshold=0.003631902421177315 0.0085633804180694773 0.011060829098723822 0.0052107200608590984 0.0072633926932542886
decision_type=2 2 2 2 2
left_child=-1 3 -3 -2 -5
right_child=1 2 -4 4 -6
leaf_value=0.021530244762772717 -0.07947005367518778 0.03893476113428241 -0.0079910694923443996 -0.050122004079890065 -0.027598295418151859
leaf_weight=3.4927430599927902 0.5970639102160934 1.1503178104758265 2.4140978381037712 0.53430364932864882 0.95899679884314537
leaf_count=12 12 8 8 8 8
internal_value=0 -0.0132984 0.00715296 -0.0481714 -0.0356573
internal_weight=0 5.65478 3.56442 2.09036 1.4933
internal_count=56 44 16 28 16
is_linear=0
shrinkage=0.1


Tree=12
num_leaves=6
num_cat=0
split_feature=0 0 0 0 0
split_gain=0.217227 0.333902 0.103615 0.0701629 0.0150846
threshold=0.003631902421177315 0.0085633804180694773 0.011060829098723822 0.0052107200608590984 0.0072633926932542886
decision_type=2 2 2 2 2
left_child=-1 3 -3 -2 -5
right_child=1 2 -4 4 -6
leaf_value=0.01976650278937921 -0.074967548813855936 0.03149605577665987 -0.0054162932508496752 -0.046998638209147355 -0.025589947829726824
leaf_weight=3.4285907447338104 0.56109183467924584 1.1106384545564654 2.411925196647644 0.51250086724758126 0.91980663314461708
leaf_count=12 12 8 8 8 8
internal_value=0 -0.0122864 0.0062219 -0.0449927 -0.0332503
internal_weight=0 5.51596 3.52256 1.9934 1.43231
internal_count=56 44 16 28 16
is_linear=0
shrinkage=0.1


Tree=13
num_leaves=7
num_cat=0
split_feature=0 0 0 0 0 0
split_gain=0.178615 0.27798 0.0749616 1.19013 0.0613687 0.0133328
threshold=0.003631902421177315 0.0085633804180694773 0.016831777094257917 0.0099119325506710817 0.0052107200608590984 0.0072633926932542886
decision_type=2 2 2 2 2 2
left_child=-1 4 3 -3 -2 -6
right_child=1 2 -4 -5 5 -7
leaf_value=0.018064994518764629 -0.070840386166862071 0.08361338029497245 0.018033141468546128 -0.095616326539467611 -0.04402144609025517 -0.023532011242656047
leaf_weight=3.3741348385810852 0.52935091033577908 0.6978096701204779 2.0205483883619308 0.78984132036566734 0.49272411223500945 0.8934720903635025
leaf_count=12 12 4 4 8 8 8
internal_value=0 -0.0112383 0.00549038 -0.0115454 -0.0418758 -0.030815
internal_weight=0 5.42375 3.5082 1.48765 1.91555 1.3862
internal_count=56 44 16 12 28 16
is_linear=0
shrinkage=0.1


Tree=14
num_leaves=8
num_cat=0
split_feature=0 0 0 0 0 0 0
split_gain=0.16954 0.238852 0.0516407 0.0229891 0.750828 0.0171404 0.0387198
threshold=0.003631902421177315 0.0085633804180694773 0.0052107200608590984 0.016831777094257917 0.0099119325506710817 0.0082404255037043152 0.0072633926932542886
decision_type=2 2 2 2 2 2 2
left_child=-1 2 -2 4 -3 6 -4
right_child=1 3 5 -5 -6 -7 -8
leaf_value=0.017765846660444274 -0.067129541451054819 0.074211719812883478 -0.042783660930094849 0.011741887452957768 -0.077292176861238057 -0.047659270081509678 -0.0029792400768119381
leaf_weight=3.2813719213008881 0.50657419115304936 0.62296684831380844 0.48439261969178893 1.972532644867897 0.68877060152590275 0.38298739865422249 0.49321769922971725
leaf_count=12 12 4 8 4 8 4 4
internal_value=0 -0.0113165 -0.0398745 0.00491924 -0.00534035 -0.0297269 -0.0227018
internal_weight=0 5.15144 1.86717 3.28427 1.31174 1.3606 0.97761
internal_count=56 44 28 16 12 16 12
is_linear=0
shrinkage=0.1


Tree=15
num_leaves=8
num_cat=0
split_feature=0 0 0 0 0 0 0
split_gain=0.157182 0.215378 0.050454 0.0481731 0.0563096 0.00714537 0.496128
threshold=0.003631902421177315 0.0085633804180694773 0.0052107200608590984 0.0082404255037043152 0.0072633926932542886 0.016831777094257917 0.0099119325506710817
decision_type=2 2 2 2 2 2 2
left_child=-1 2 -2 4 -4 6 -3
right_child=1 5 3 -5 -6 -7 -8
leaf_value=0.017323084824751606 -0.065286318920037514 0.067703569731071431 -0.041343017067475132 -0.057297044701322297 0.0060923903537670413 0.0087771310301680578 -0.060615060407393909
leaf_weight=3.2041296139359474 0.48957166634500016 0.56268111988902092 0.47411915473639943 0.40125723183155049 0.52999706566333771 1.9418186247348785 0.6486632451415062
leaf_count=12 12 4 8 4 4 4 8
internal_value=0 -0.0109953 -0.03764 -0.0280092 -0.0163055 0.0050173 -0.00100982
internal_weight=0 5.04811 1.89495 1.40537 1.00412 3.15316 1.21134
internal_count=56 44 28 16 12 16 12
is_linear=0
shrinkage=0.1


Tree=16
num_leaves=6
num_cat=0
split_feature=0 0 0 0 0
split_gain=0.156304 0.33826 0.126787 0.0386805 0.0839574
threshold=0.003631902421177315 0.0082404255037043152 0.0099119325506710817 0.0061951216141071979 0.0052107200608590984
decision_type=2 2 2 2 2
left_child=-1 3 -3 4 -2
right_child=1 2 -4 -5 -6
leaf_value=0.017295464816682791 -0.061789812369914481 0.040641903091509279 -0.0049502132166323806 -0.070319757190631368 0.0071979252412301313
leaf_weight=3.1521874368190765 0.49437307752668835 0.79921960644423995 2.575654711574316 0.64956583455204964 0.27427669428288937
leaf_count=12 12 8 12 8 4
internal_value=0 -0.0113744 0.00584667 -0.0523547 -0.037173
internal_weight=0 4.79309 3.37487 1.41822 0.76865
internal_count=56 44 20 24 16
is_linear=0
shrinkage=0.1


Tree=17
num_leaves=7
num_cat=0
split_feature=0 0 0 0 0 0
split_gain=0.120871 0.149206 0.0329928 0.00938708 0.00857634 0.361648
threshold=0.003631902421177315 0.0072633926932542886 0.0085633804180694773 0.0052107200608590984 0.016831777094257917 0.0099119325506710817
decision_type=2 2 2 2 2 2
left_child=-1 3 -3 -2 5 -4
right_child=1 2 4 -5 -6 -7
leaf_value=0.015390007007434994 -0.056922150102867622 -0.019043506138891039 0.060593894756292267 -0.036482452083678368 0.0074675929694723309 -0.054442120749191296
leaf_weight=3.0920488685369492 0.44935697689652432 0.83546685054898295 0.48980974592268467 0.44939885381609201 1.9115640074014664 0.61821904219686985
leaf_count=12 12 8 4 8 4 8
internal_value=0 -0.0100102 -0.00145604 -0.0467018 0.0034101 -0.00358987
internal_weight=0 4.75382 3.85506 0.898756 3.01959 1.10803
internal_count=56 44 24 20 16 12
is_linear=0
shrinkage=0.1


Tree=18
num_leaves=6
num_cat=0
split_feature=0 0 0 0 0
split_gain=0.109653 0.130162 0.0283688 0.0814875 0.00805354
threshold=0.003631902421177315 0.0072633926932542886 0.0085633804180694773 0.011060829098723822 0.0052107200608590984
decision_type=2 2 2 2 2
left_child=-1 4 -3 -4 -2
right_child=1 2 3 -5 -6
leaf_value=0.014796331038070726 -0.054088653387106271 -0.017722792495696721 0.030380081167263831 -0.0070513574539145685 -0.034882634330519469
leaf_weight=3.0377686768770218 0.43362613301724184 0.84958345070481334 0.79533429443836245 2.164095014333725 0.43973444122821093
leaf_count=12 12 8 8 8 8
internal_value=0 -0.00959937 -0.00161577 0.00300819 -0.0444185
internal_weight=0 4.68237 3.80901 2.95943 0.873361
internal_count=56 44 24 16 20
is_linear=0
shrinkage=0.1


Tree=19
num_leaves=7
num_cat=0
split_feature=0 0 0 0 0 0
split_gain=0.099182 0.11368 0.0302329 0.142092 0.00695884 0.00249764
threshold=0.003631902421177315 0.0072633926932542886 0.016831777094257917 0.0099119325506710817 0.0052107200608590984 0.0082404255037043152
decision_type=2 2 2 2 2 2
left_child=-1 4 3 5 -2 -3
right_child=1 2 -4 -5 -6 -7
leaf_value=0.014088401603464796 -0.051414357801156732 0.0022654449380205967 0.0071153586304376383 -0.051794466332343053 -0.033327459131800984 0.011565973129953533
leaf_weight=3.0110950022935867 0.42022977396845806 0.45644474402070023 1.892066016793251 0.58008892461657535 0.43078136723488569 0.78590776026248932
leaf_count=12 12 4 4 8 8 8
internal_value=0 -0.00929172 -0.00173881 -0.0109312 -0.0422588 0.00814893
internal_weight=0 4.56552 3.71451 1.82244 0.851011 1.24235
internal_count=56 44 24 20 20 12
is_linear=0
shrinkage=0.1


Tree=20
num_leaves=6
num_cat=0
split_feature=0 0 0 0 0
split_gain=0.0811182 0.110091 0.0647043 0.0211807 0.00528176
threshold=0.003631902421177315 0.0085633804180694773 0.011060829098723822 0.0052107200608590984 0.0072633926932542886
decision_type=2 2 2 2 2
left_child=-1 3 -3 -2 -5
right_child=1 2 -4 4 -6
leaf_value=0.012800874410613783 -0.04885278744877608 0.027883172676682236 -0.0057966087676458375 -0.031658782843078215 -0.017819513231205526
leaf_weight=2.9851482883095741 0.41113839391618956 0.77979978919029269 2.12442572042346 0.42155525879934408 0.79744912497699261
leaf_count=12 12 8 8 8 8
internal_value=0 -0.00842731 0.00324659 -0.0292253 -0.0226054
internal_weight=0 4.53437 2.90423 1.63014 1.219
internal_count=56 44 16 28 16
is_linear=0
shrinkage=0.1


Tree=21
num_leaves=7
num_cat=0
split_feature=0 0 0 0 0 0
split_gain=0.074937 0.101764 0.0170969 0.00869817 0.248172 0.00389941
threshold=0.003631902421177315 0.0085633804180694773 0.0052107200608590984 0.016831777094257917 0.0099119325506710817 0.0072633926932542886
decision_type=2 2 2 2 2 2
left_child=-1 2 -2 4 -3 -4
right_child=1 3 5 -5 -6 -7
leaf_value=0.012302544894409106 -0.046582936817140569 0.053224894605338191 -0.030404098010349878 0.0069569967190256862 -0.04841548046547952 -0.018308092505537422
leaf_weight=2.9634097293019295 0.40088628698140372 0.42176204174757015 0.4146335353143511 1.8765482157468796 0.55811567977070808 0.74603231623768806
leaf_count=12 12 4 8 4 8 8
internal_value=0 -0.00825208 -0.0287787 0.00296942 -0.00466711 -0.0226292
internal_weight=0 4.41798 1.56155 2.85643 0.979878 1.16067
internal_count=56 44 28 16 12 16
is_linear=0
shrinkage=0.1


Tree=22
num_leaves=7
num_cat=0
split_feature=0 0 0 0 0 0
split_gain=0.0698863 0.0870094 0.0160813 0.00576576 0.187717 0.00418167
threshold=0.003631902421177315 0.0085633804180694773 0.0052107200608590984 0.016831777094257917 0.0099119325506710817 0.0072633926932542886
decision_type=2 2 2 2 2 2
left_child=-1 2 -2 4 -3 -4
right_child=1 3 5 -5 -6 -7
leaf_value=0.011969817708751614 -0.044502130395833756 0.049086631825742112 -0.029239072630921615 0.0057381632140566362 -0.040987160866690138 -0.016686675258934736
leaf_weight=2.9232634454965591 0.39133427944034327 0.3938901685178281 0.40814968943595864 1.8593632429838181 0.56075786054134369 0.75881055742502213
leaf_count=12 12 4 8 4 8 8
internal_value=0 -0.00800286 -0.0269597 0.00249473 -0.00382249 -0.0210769
internal_weight=0 4.37231 1.55829 2.81401 0.954648 1.16696
internal_count=56 44 28 16 12 16
is_linear=0
shrinkage=0.1


Tree=23
num_leaves=8
num_cat=0
split_feature=0 0 0 0 0 0 0
split_gain=0.0648084 0.276664 0.0913152 0.0209749 0.0165248 0.00431711 0.147803
threshold=0.0045876381482746224 0.0024983216144647924 0.0072633926932542886 0.0052107200608590984 0.0085633804180694773 0.016831777094257917 0.0099119325506710817
decision_type=2 2 2 2 2 2 2
left_child=1 -1 3 -2 -4 6 -6
right_child=2 -3 4 -5 5 -7 -8
leaf_value=-0.0095253985140643666 -0.064653686482117639 0.055486912813877624 -0.01454893927897606 -0.028000777401950068 0.045704166417909461 0.0047362997567757326 -0.035338904953080105
leaf_weight=2.0531701296567921 0.25547292456030835 0.96093979664146889 0.77997566945850882 0.40149917500093579 0.37005370296537887 1.8421867042779922 0.57424240000545979
leaf_count=8 8 8 8 8 4 4 8
internal_value=0 0.0112014 -0.00799405 -0.0422538 -0.00168312 0.00191821 -0.00357949
internal_weight=0 3.01411 4.22343 0.656972 3.56646 2.78648 0.944296
internal_count=56 16 40 16 24 16 12
is_linear=0
shrinkage=0.1


Tree=24
num_leaves=6
num_cat=0
split_feature=0 0 0 0 0
split_gain=0.0587834 0.0696073 0.0470561 0.0167068 0.000578233
threshold=0.003631902421177315 0.0082404255037043152 0.0099119325506710817 0.0052107200608590984 0.0072633926932542886
decision_type=2 2 2 2 2
left_child=-1 3 -3 -2 -5
right_child=1 2 -4 4 -6
leaf_value=0.012001702168881854 -0.046080354548666422 0.023313376558929771 -0.0057891366655250806 -0.022652767679361498 -0.017574829418553588
leaf_weight=2.5732986479997635 0.33829314541071631 0.71980750747025046 2.4353084117174149 0.43050835747271776 0.46805141493678093
leaf_count=12 12 8 12 8 4
internal_value=0 -0.00703192 0.000850305 -0.0271389 -0.0200077
internal_weight=0 4.39197 3.15512 1.23685 0.89856
internal_count=56 44 20 24 12
is_linear=0
shrinkage=0.1


Tree=25
num_leaves=6
num_cat=0
split_feature=0 0 0 0 0
split_gain=0.0701408 0.247633 0.181544 0.0397619 0.0558078
threshold=0.0099119325506710817 0.0082404255037043152 0.0061951216141071979 0.003631902421177315 0.0052107200608590984
decision_type=2 2 2 2 2
left_child=1 2 3 -1 -5
right_child=-2 -3 -4 4 -6
leaf_value=0.011571941615837031 -0.013508356549174642 0.060315184953858784 -0.056711348454132705 -0.044011417367030799 0.016268331278918479
leaf_weight=2.560214690864087 2.4726069308817387 0.74013906158506859 0.53859848342835892 0.33847792912274588 0.28116727061569691
leaf_count=12 12 8 8 12 4
internal_value=0 0.00749134 -0.00302296 0.00607067 -0.0166592
internal_weight=0 4.4586 3.71846 3.17986 0.619645
internal_count=56 44 36 28 16
is_linear=0
shrinkage=0.1


Tree=26
num_leaves=6
num_cat=0
split_feature=0 0 0 0 0
split_gain=0.0539313 0.163985 0.0838847 0.0665883 0.0453599
threshold=0.003631902421177315 0.0082404255037043152 0.0061951216141071979 0.011060829098723822 0.0052107200608590984
decision_type=2 2 2 2 2
left_child=-1 2 4 -3 -2
right_child=1 3 -4 -5 -6
leaf_value=0.011465665775099915 -0.041902533306935004 0.027370103543078773 -0.073739352518392906 -0.0049821879721256221 0.01198081723098246
leaf_weight=2.5309185683727264 0.33905232511460759 0.91561145894229445 0.44693654961884022 2.0846926756203175 0.28973331488668919
leaf_count=12 12 12 8 8 4
internal_value=0 -0.00711935 -0.0406171 0.00489085 -0.017074
internal_weight=0 4.07603 1.07572 3.0003 0.628786
internal_count=56 44 24 20 16
is_linear=0
shrinkage=0.1


Tree=27
num_leaves=6
num_cat=0
split_feature=0 0 0 0 0
split_gain=0.0466304 0.123166 0.0718914 0.0420427 0.039493
threshold=0.003631902421177315 0.0082404255037043152 0.0061951216141071979 0.0052107200608590984 0.011060829098723822
decision_type=2 2 2 2 2
left_child=-1 2 3 -2 -3
right_child=1 4 -4 -5 -6
leaf_value=0.010670235074404621 -0.040042043935226618 0.021531277023341136 -0.070848702348464895 0.011924588074622287 -0.0038781007455813881
leaf_weight=2.5086037665605545 0.33582422044128202 0.86498339660465751 0.38539046421647072 0.29022855032235384 2.0888927578926086
leaf_count=12 12 12 8 4 8
internal_value=0 -0.00675037 -0.0368687 -0.0159511 0.00356253
internal_weight=0 3.96532 1.01144 0.626053 2.95388
internal_count=56 44 24 16 20
is_linear=0
shrinkage=0.1


Tree=28
num_leaves=6
num_cat=0
split_feature=0 0 0 0 0
split_gain=0.0384947 0.102431 0.0653711 0.0387308 0.0252041
threshold=0.003631902421177315 0.0082404255037043152 0.0061951216141071979 0.0052107200608590984 0.011060829098723822
decision_type=2 2 2 2 2
left_child=-1 2 3 -2 -3
right_child=1 4 -4 -5 -6
leaf_value=0.0097276015946545311 -0.038220440161757546 0.017772243537222704 -0.068825509747599503 0.011784076539329336 -0.0027369711622835667
leaf_weight=2.4856017455458641 0.3313312400132421 0.83983073756098781 0.35081337206065655 0.29087926493957639 2.0912995599210262
leaf_count=12 12 12 8 4 8
internal_value=0 -0.00619313 -0.0343062 -0.0148437 0.00313935
internal_weight=0 3.90415 0.973024 0.622211 2.93113
internal_count=56 44 24 16 20
is_linear=0
shrinkage=0.1


Tree=29
num_leaves=6
num_cat=0
split_feature=0 0 0 0 0
split_gain=0.0311244 0.0918866 0.0631034 0.0356432 0.0157654
threshold=0.003631902421177315 0.0082404255037043152 0.0061951216141071979 0.0052107200608590984 0.011060829098723822
decision_type=2 2 2 2 2
left_child=-1 2 3 -2 -3
right_child=1 4 -4 -5 -6
leaf_value=0.0087840816049665968 -0.036519576074524683 0.014905555349804062 -0.068048045220992698 0.01157441422784582 -0.0014231367141332308
leaf_weight=2.4637986794114113 0.32671319507062468 0.82371228560805354 0.32891762256622314 0.2916622064076364 2.0955807566642761
leaf_count=12 12 12 8 4 8
internal_value=0 -0.00559724 -0.0326592 -0.0138356 0.00318419
internal_weight=0 3.86659 0.947293 0.618375 2.91929
internal_count=56 44 24 16 20
is_linear=0
shrinkage=0.1


Tree=30
num_leaves=6
num_cat=0
split_feature=0 0 0 0 0
split_gain=0.0243524 0.0945269 0.0697165 0.0327282 0.0085033
threshold=0.003631902421177315 0.0082404255037043152 0.0061951216141071979 0.0052107200608590984 0.011060829098723822
decision_type=2 2 2 2 2
left_child=-1 2 3 -2 -3
right_child=1 4 -4 -5 -6
leaf_value=0.007811837051557283 -0.034935640831634411 0.012605754735972894 -0.070516106936676121 0.0112711790105283 0.00055936894639985917
leaf_weight=2.4422602877020836 0.32196024712175164 0.81180865038186345 0.31964715756475925 0.29259791225194931 2.106325738132
leaf_count=12 12 12 8 4 8
internal_value=0 -0.00495246 -0.0326376 -0.0129361 0.00391061
internal_weight=0 3.85234 0.934205 0.614558 2.91813
internal_count=56 44 24 16 20
is_linear=0
shrinkage=0.1


Tree=31
num_leaves=6
num_cat=0
split_feature=0 0 0 0 0
split_gain=0.0355721 0.16468 0.111198 0.0772563 0.000784527
threshold=0.0082404255037043152 0.0046706584081894435 0.0061951216141071979 0.0024983216144647924 0.011060829098723822
decision_type=2 2 2 2 2
left_child=1 3 -3 -1 -2
right_child=4 2 -4 -5 -6
leaf_value=-0.0065834081963366117 0.010682778784368513 -0.011911655783029395 -0.088773602277416916 0.030638235633987321 0.0070168781264884272
leaf_weight=1.8165825679898269 0.80056193470954928 0.39919820614159096 0.35615103505551815 0.80461334250867356 2.1558149456977844
leaf_count=8 12 8 8 12 8
internal_value=0 -0.00701288 -0.0481525 0.0048423 0.00800957
internal_weight=0 3.37655 0.755349 2.6212 2.95638
internal_count=56 36 16 20 20
is_linear=0
shrinkage=0.1


Tree=32
num_leaves=8
num_cat=0
split_feature=0 0 0 0 0 0 0
split_gain=0.049513 0.0557411 0.0598304 0.0741319 0.0703007 0.00292368 0.309254
threshold=0.0021200422967965833 0.0082404255037043152 0.0046706584081894435 0.0061951216141071979 0.0024983216144647924 0.016831777094257917 0.0099119325506710817
decision_type=2 2 2 2 2 2 2
left_child=-1 2 4 -4 -2 6 -3
right_child=1 5 3 -5 -6 -7 -8
leaf_value=0.023092697266878556 -0.021829078775584505 0.054846250458193017 -0.0099349357332611764 -0.073743527922972077 0.018847595883270254 0.0082833846846795504 -0.05321712911244756
leaf_weight=0.80751982331275929 0.98984203487634681 0.53849882911890745 0.40841005602851499 0.32854038197547197 0.74441887810826302 1.8603909462690353 0.52108602784574032
leaf_count=4 4 8 8 8 12 4 8
internal_value=0 -0.00345894 -0.0145119 -0.0383815 -0.00436891 0.00589535 0.0017025
internal_weight=0 5.39119 2.47121 0.73695 1.73426 2.91998 1.05958
internal_count=56 52 32 16 16 20 16
is_linear=0
shrinkage=0.1


Tree=33
num_leaves=8
num_cat=0
split_feature=0 0 0 0 0 0 0
split_gain=0.0186968 0.0743691 0.0595059 0.057255 0.0378287 0.00462077 0.145757
threshold=0.003631902421177315 0.0082404255037043152 0.0061951216141071979 0.0021200422967965833 0.0052107200608590984 0.016831777094257917 0.0099119325506710817
decision_type=2 2 2 2 2 2 2
left_child=3 2 4 -1 -2 6 -3
right_child=1 5 -4 -5 -6 -7 -8
leaf_value=-0.011895810547969713 -0.036041759990235948 0.036425435485197076 -0.063965326647283979 0.022005997586348101 0.011087493046080733 0.0070384679624355823 -0.042398152048924734
leaf_weight=0.8611002862453464 0.32265803031623397 0.48686750978231441 0.31040217354893684 1.1819115355610845 0.36070084199309349 1.8726448714733124 0.45274885464459658
leaf_count=4 12 8 8 8 4 4 8
internal_value=0 -0.0041423 -0.0276574 0.00771687 -0.0111653 0.00416718 -0.00155527
internal_weight=0 3.80602 0.993761 2.04301 0.683359 2.81226 0.939616
internal_count=56 44 24 12 16 20 16
is_linear=0
shrinkage=0.1


Tree=34
num_leaves=9
num_cat=0
split_feature=0 0 0 0 0 0 0 0
split_gain=0.035248 0.040299 0.0652943 0.0577003 0.0166064 0.0207999 0.00717607 0.11046
threshold=0.0021200422967965833 0.0024983216144647924 0.003631902421177315 0.0082404255037043152 0.0061951216141071979 0.0052107200608590984 0.016831777094257917 0.0099119325506710817
decision_type=2 2 2 2 2 2 2 2
left_child=-1 -2 -3 4 5 -4 7 -5
right_child=1 2 3 6 -6 -7 -8 -9
leaf_value=0.017957332596424697 -0.024747812787771363 0.034531107521977571 -0.03437374215172289 0.029379368405626372 -0.044113542684389377 0.00095869882448319701 0.0069028986948634621 -0.041101188438787878
leaf_weight=0.92176222801208485 0.74675029516220082 0.49616101384162892 0.32185245631262693 0.46925568953156482 0.30933004431426525 0.34544134326279163 1.8481158465147018 0.4226387906819582
leaf_count=4 4 4 12 8 8 4 4 8
internal_value=0 -0.00333747 0.000457673 -0.00409104 -0.0249612 -0.016083 0.00334774 -0.004019
internal_weight=0 4.95955 4.2128 3.71663 0.976624 0.667294 2.74001 0.891894
internal_count=56 52 48 44 24 16 20 16
is_linear=0
shrinkage=0.1


Tree=35
num_leaves=8
num_cat=0
split_feature=0 0 0 0 0 0 0
split_gain=0.0156083 0.0424625 0.0397113 0.0462643 0.0388129 0.00504689 0.0858212
threshold=0.003631902421177315 0.0021200422967965833 0.0082404255037043152 0.0061951216141071979 0.0052107200608590984 0.016831777094257917 0.0099119325506710817
decision_type=2 2 2 2 2 2 2
left_child=1 -1 3 4 -2 6 -4
right_child=2 -3 5 -5 -6 -7 -8
leaf_value=-0.009556436412793072 -0.03291570807589949 0.020521535239419516 0.025669085319200376 -0.054677794848168405 0.014329595630676191 0.005364525603131963 -0.037353174418929727
leaf_weight=0.83462658524513234 0.31797420047223601 1.0724911093711851 0.46111685317009699 0.28802505321800709 0.38372097350656986 1.8706241548061371 0.40661140065640211
leaf_count=4 12 8 8 8 4 4 8
internal_value=0 0.00735828 -0.00376418 -0.0209315 -0.00707968 0.0024406 -0.00386271
internal_weight=0 1.90712 3.72807 0.98972 0.701695 2.73835 0.867728
internal_count=56 12 44 24 16 20 16
is_linear=0
shrinkage=0.1


Tree=36
num_leaves=8
num_cat=0
split_feature=0 0 0 0 0 0 0
split_gain=0.01936 0.0532941 0.0654913 0.0777602 0.0122376 0.0270871 0.0641586
threshold=0.0061951216141071979 0.016831777094257917 0.011060829098723822 0.0082404255037043152 0.0024983216144647924 0.0052107200608590984 0.003631902421177315
decision_type=2 2 2 2 2 2 2
left_child=4 2 3 -2 -1 6 -6
right_child=1 -3 -4 -5 5 -7 -8
leaf_value=0.00026159981069206171 -0.05446571930191825 0.0049352610230783082 -0.068066040006609985 0.0094922867595395206 0.027143153588755176 0.035496259533575873 -0.031406840508861937
leaf_weight=1.5097006186842921 0.2730288365855813 1.8636447638273239 0.24708803370594978 0.62580269575119019 0.45584116876125313 0.38751944433897734 0.31751827150583267
leaf_count=8 8 4 4 12 4 4 12
internal_value=0 -0.00549951 -0.0224699 -0.00993558 0.00619759 0.0139172 0.00310428
internal_weight=0 3.00956 1.14592 0.898832 2.67058 1.16088 0.773359
internal_count=56 28 24 20 28 20 16
is_linear=0
shrinkage=0.1


Tree=37
num_leaves=8
num_cat=0
split_feature=0 0 0 0 0 0 0
split_gain=0.00938842 0.0348414 0.0500514 0.0366779 0.00409381 0.0635446 0.00178225
threshold=0.003631902421177315 0.0082404255037043152 0.0061951216141071979 0.0052107200608590984 0.016831777094257917 0.0099119325506710817 0.0021200422967965833
decision_type=2 2 2 2 2 2 2
left_child=6 2 3 -2 5 -3 -1
right_child=1 4 -4 -5 -6 -7 -8
leaf_value=0.0090377353057104013 -0.029730057372593294 0.022134523208729082 -0.056111228697023591 0.017094747101375225 0.0053729305787361152 -0.033434568597896078 0.0029186014441560568
leaf_weight=0.85844801366329182 0.31663836492225561 0.45381229463964712 0.26800292823463678 0.35464730020612478 1.8716799169778824 0.37651914358139038 1.0683297887444494
leaf_count=4 12 8 8 4 4 8 8
internal_value=0 -0.00298698 -0.0195776 -0.00499202 0.00278036 -0.00306364 0.00564489
internal_weight=0 3.6413 0.939289 0.671286 2.70201 0.830331 1.92678
internal_count=56 44 24 16 20 16 12
is_linear=0
shrinkage=0.1


Tree=38
num_leaves=8
num_cat=0
split_feature=0 0 0 0 0 0 0
split_gain=0.00887402 0.0267004 0.0448245 0.0328168 0.00507735 0.0513372 0.000663496
threshold=0.003631902421177315 0.0082404255037043152 0.0061951216141071979 0.0052107200608590984 0.016831777094257917 0.0099119325506710817 0.0021200422967965833
decision_type=2 2 2 2 2 2 2
left_child=6 2 3 -2 5 -3 -1
right_child=1 4 -4 -5 -6 -7 -8
leaf_value=0.0034638236830152867 -0.027337427970327691 0.018084838111341005 -0.052949225513421044 0.016738393480250729 0.0050338481753209562 -0.03276576441455701 0.007237046506771515
leaf_weight=0.83961196988821019 0.3184020412154499 0.44770638830959808 0.25765753071755171 0.35983145935460925 1.8728423565626144 0.35672800336033106 1.0473824441432951
leaf_count=4 12 8 8 4 4 8 8
internal_value=0 -0.00290278 -0.0174423 -0.00395335 0.00217977 -0.00446496 0.00555816
internal_weight=0 3.61317 0.935891 0.678234 2.67728 0.804434 1.88699
internal_count=56 44 24 16 20 16 12
is_linear=0
shrinkage=0.1


Tree=39
num_leaves=9
num_cat=0
split_feature=0 0 0 0 0 0 0 0
split_gain=0.00793299 0.0229234 0.017706 0.0351034 0.0180421 0.029708 0.0241203 3.86948e-05
threshold=0.003631902421177315 0.016831777094257917 0.0099119325506710817 0.0085633804180694773 0.0061951216141071979 0.0052107200608590984 0.0082404255037043152 0.0021200422967965833
decision_type=2 2 2 2 2 2 2 2
left_child=7 2 3 4 5 -2 -6 -1
right_child=1 -3 -4 -5 6 -7 -8 -9
leaf_value=0.0057455662523201237 -0.025784259375533632 0.004881486757541533 -0.031512109799869063 0.02682813202636531 -0.049886197256855364 0.016221931429600479 -0.0019823876288488584 0.0048352860598756611
leaf_weight=0.84121447056531895 0.31940877065062501 1.8719022870063782 0.34127214737236511 0.26244482677429903 0.25085935555398464 0.35602916777133942 0.18091072700917721 1.0497117564082143
leaf_count=4 12 4 8 4 8 4 4 8
internal_value=0 -0.00276567 -0.0111323 -0.00605437 -0.0138486 -0.00364243 -0.0298146 0.00524024
internal_weight=0 3.58283 1.71092 1.36965 1.10721 0.675438 0.43177 1.89093
internal_count=56 44 40 32 28 16 12 12
is_linear=0
shrinkage=0.1


Tree=40
num_leaves=9
num_cat=0
split_feature=0 0 0 0 0 0 0 0
split_gain=0.00768141 0.0202141 0.0157504 0.0277058 0.015394 0.0281258 0.0212008 5.24476e-05
threshold=0.003631902421177315 0.016831777094257917 0.0099119325506710817 0.0085633804180694773 0.0061951216141071979 0.0052107200608590984 0.0082404255037043152 0.0021200422967965833
decision_type=2 2 2 2 2 2 2 2
left_child=7 2 3 4 5 -2 -6 -1
right_child=1 -3 -4 -5 6 -7 -8 -9
leaf_value=0.0045914624223722415 -0.024976921992424836 0.0044248748728057449 -0.030298699390228889 0.023854008237802524 -0.046915649488676041 0.015824496940500778 -0.0014846319444986264 0.0056562873148632946
leaf_weight=0.83369279652833927 0.32034683367237426 1.8692605793476105 0.32926903571933519 0.25401386152952898 0.24409070331603289 0.35748131806030869 0.17735140584409237 1.0390780195593832
leaf_count=4 12 4 8 4 8 4 4 8
internal_value=0 -0.00273247 -0.010684 -0.00591158 -0.0127897 -0.00345857 -0.0277974 0.00518226
internal_weight=0 3.55181 1.68255 1.35328 1.09927 0.677828 0.421442 1.87277
internal_count=56 44 40 32 28 16 12 12
is_linear=0
shrinkage=0.1


Tree=41
num_leaves=9
num_cat=0
split_feature=0 0 0 0 0 0 0 0
split_gain=0.00725237 0.0180105 0.0137162 0.0221807 0.0145481 0.0252013 0.0197702 5.87601e-08
threshold=0.003631902421177315 0.016831777094257917 0.0099119325506710817 0.0085633804180694773 0.0061951216141071979 0.0052107200608590984 0.0082404255037043152 0.0021200422967965833
decision_type=2 2 2 2 2 2 2 2
left_child=7 2 3 4 5 -2 -6 -1
right_child=1 -3 -4 -5 6 -7 -8 -9
leaf_value=0.0050639349105295632 -0.02317689860632427 0.004072192749425294 -0.028890974534438164 0.021261174256456628 -0.045305511053026604 0.015381086911316361 -0.0010487771450306375 0.0050282172536216347
leaf_weight=0.83067243546247471 0.32267849845811702 1.8664204180240631 0.31877940054982912 0.24687316268682469 0.24004783295094967 0.35710406256839633 0.17417736724019051 1.0338317081332205
leaf_count=4 12 4 8 4 8 4 4 8
internal_value=0 -0.00266721 -0.0102462 -0.00581363 -0.0119233 -0.00292158 -0.026696 0.00504413
internal_weight=0 3.52608 1.65966 1.34088 1.09401 0.679783 0.414225 1.8645
internal_count=56 44 40 32 28 16 12 12
is_linear=0
shrinkage=0.1


Tree=42
num_leaves=9
num_cat=0
split_feature=0 0 0 0 0 0 0 0
split_gain=0.00680264 0.016036 0.0119387 0.0177236 0.0150569 0.0217373 0.0192563 1.02318e-05
threshold=0.003631902421177315 0.016831777094257917 0.0099119325506710817 0.0085633804180694773 0.0061951216141071979 0.0052107200608590984 0.0082404255037043152 0.0021200422967965833
decision_type=2 2 2 2 2 2 2 2
left_child=7 2 3 4 5 -2 -6 -1
right_child=1 -3 -4 -5 6 -7 -8 -9
leaf_value=0.004640312168180543 -0.02067991224312192 0.0037608010533969061 -0.027487781872506858 0.018888149511662251 -0.044664575880592042 0.015000867246305461 -0.00070371690905271739 0.0051131438300790425
leaf_weight=0.82585478574037541 0.32641321932896949 1.8638982772827148 0.30938330478966247 0.24059137795120467 0.23800272913649678 0.35800666129216552 0.17139946855604649 1.026499383151531
leaf_count=4 12 4 8 4 8 4 4 8
internal_value=0 -0.00258884 -0.0097887 -0.00568517 -0.0110902 -0.00201599 -0.02626 0.00490234
internal_weight=0 3.5077 1.6438 1.33441 1.09382 0.68442 0.409402 1.85235
internal_count=56 44 40 32 28 16 12 12
is_linear=0
shrinkage=0.1


Tree=43
num_leaves=8
num_cat=0
split_feature=0 0 0 0 0 0 0
split_gain=0.00705343 0.0235285 0.0169196 0.00802596 0.00378913 0.0218771 0.00352907
threshold=0.0046706584081894435 0.0072633926932542886 0.0024983216144647924 0.003631902421177315 0.016831777094257917 0.0099119325506710817 0.0085633804180694773
decision_type=2 2 2 2 2 2 2
left_child=2 -2 -1 -4 5 6 -3
right_child=1 4 3 -5 -6 -7 -8
leaf_value=-0.0015140771110633202 -0.021423222296902064 0.00034769191879004038 0.026310297396687762 0.0030615881366831965 0.003505323056622581 -0.026178041882140225 0.016700142409644125
leaf_weight=1.4284259825944903 0.56657062284648452 0.30104918451979767 0.41480705142021168 0.23128489218652248 1.8614761978387833 0.30084282346069813 0.23499457258731127
leaf_count=8 12 8 4 8 4 8 4
internal_value=0 -0.00289717 0.00455964 0.0179878 0.000992718 -0.00459604 0.00751639
internal_weight=0 3.26493 2.07452 0.646092 2.69836 0.836887 0.536044
internal_count=56 36 20 12 24 20 12
is_linear=0
shrinkage=0.1


Tree=44
num_leaves=8
num_cat=0
split_feature=0 0 0 0 0 0 0
split_gain=0.00927387 0.0282941 0.0115904 0.00254198 0.0143667 0.00409665 0.00188097
threshold=0.0046706584081894435 0.0072633926932542886 0.0024983216144647924 0.016831777094257917 0.0099119325506710817 0.0085633804180694773 0.003631902421177315
decision_type=2 2 2 2 2 2 2
left_child=2 -2 -1 4 5 -3 -4
right_child=1 3 6 -5 -6 -7 -8
leaf_value=0.0002361527936843293 -0.023439807596778984 -0.001473423451913994 0.02073978241744687 0.0030484933880068742 -0.021148062696127644 0.016197429110182914 0.0095246724150313856
leaf_weight=1.4173366948962214 0.57528008613735471 0.30075899278745066 0.39462719485163678 1.8595291525125504 0.29898899421095848 0.23269970435649157 0.24079673923552036
leaf_count=8 12 8 4 4 8 4 8
internal_value=0 -0.00330942 0.00526739 0.000992474 -0.00360028 0.00623477 0.0164898
internal_weight=0 3.26726 2.05276 2.69198 0.832448 0.533459 0.635424
internal_count=56 36 20 24 20 12 12
is_linear=0
shrinkage=0.1


Tree=45
num_leaves=8
num_cat=0
split_feature=0 0 0 0 0 0 0
split_gain=0.0206598 0.0498789 0.0194676 0.00190202 0.00891046 0.00378581 0.00148897
threshold=0.0046706584081894435 0.0072633926932542886 0.0024983216144647924 0.016831777094257917 0.0099119325506710817 0.0085633804180694773 0.003631902421177315
decision_type=2 2 2 2 2 2 2
left_child=2 -2 -1 4 5 -3 -4
right_child=1 3 6 -5 -6 -7 -8
leaf_value=0.0012547669299732178 -0.030975041538160154 -0.0026659450206100413 0.018149464084962003 0.0026839379827180865 -0.016933667720867039 0.014423355707104943 0.027869554268407034
leaf_weight=1.4073786139488222 0.60047378810122642 0.30046657891944062 0.37874135375022877 1.857263907790184 0.29730722215026617 0.22799681406468153 0.26990335062146187
leaf_count=8 12 8 4 4 8 4 8
internal_value=0 -0.00492216 0.00786079 0.000908572 -0.00308445 0.00470695 0.022194
internal_weight=0 3.28351 2.05602 2.68303 0.825771 0.528463 0.648645
internal_count=56 36 20 24 20 12 12
is_linear=0
shrinkage=0.1


Tree=46
num_leaves=7
num_cat=0
split_feature=0 0 0 0 0 0
split_gain=0.0307122 0.110973 0.014984 0.004638 0.00627436 0.00220186
threshold=0.0061951216141071979 0.0085633804180694773 0.0045876381482746224 0.0021200422967965833 0.0024983216144647924 0.0052107200608590984
decision_type=2 2 2 2 2 2
left_child=2 -2 3 -1 -5 -4
right_child=1 -3 5 4 -6 -7
leaf_value=0.0091203935831659522 -0.052116197738630216 0.0015645391417265894 0.02754484641659118 -0.0078328595039244345 0.0077683549237785353 0.015862588815366716
leaf_weight=0.81693961471319232 0.45957522979006205 2.3766193175688386 0.2916825299616902 0.58319293335080125 0.46199002489447594 0.36103798961266875
leaf_count=4 12 16 8 4 8 4
internal_value=0 -0.00713385 0.00804543 0.00347541 -0.000936837 0.0210831
internal_weight=0 2.83619 2.51484 1.86212 1.04518 0.652721
internal_count=56 28 28 16 12 12
is_linear=0
shrinkage=0.1


Tree=47
num_leaves=7
num_cat=0
split_feature=0 0 0 0 0 0
split_gain=0.0048092 0.0179638 0.0107673 0.00507715 0.00389699 0.000307414
threshold=0.003631902421177315 0.0072633926932542886 0.0099119325506710817 0.0052107200608590984 0.0021200422967965833 0.0085633804180694773
decision_type=2 2 2 2 2 2
left_child=4 3 5 -2 -1 -3
right_child=1 2 -4 -5 -6 -7
leaf_value=-0.00079759468364265214 -0.024654163467508147 0.012578844999008274 -0.0012957890629570015 -0.0085503800946531219 0.0087881284858799241 0.017481215050173401
leaf_weight=0.79004424437880494 0.33354182494804296 0.28520292462781105 2.1474171997979283 0.47400158923119307 0.91564906388521194 0.2319332817569375
leaf_count=4 12 8 12 8 8 4
internal_value=0 -0.00213608 0.00182372 -0.0152018 0.00434821 0.0147775
internal_weight=0 3.4721 2.66455 0.807543 1.70569 0.517136
internal_count=56 44 24 20 12 12
is_linear=0
shrinkage=0.1


Tree=48
num_leaves=7
num_cat=0
split_feature=0 0 0 0 0 0
split_gain=0.00464226 0.0159137 0.00648831 0.00245806 0.00079895 2.13049e-05
threshold=0.003631902421177315 0.0072633926932542886 0.0099119325506710817 0.0046706584081894435 0.0085633804180694773 0.0021200422967965833
decision_type=2 2 2 2 2 2
left_child=5 3 4 -2 -3 -1
right_child=1 2 -4 -5 -6 -7
leaf_value=0.0046131098850879099 -0.0058946045872805873 0.0081884044145537141 -0.00080363318527708566 -0.018022317188197315 0.016124784948734091 0.003908734972144833
leaf_weight=0.80105190351605393 0.23706006444990668 0.28621859801933203 2.1445467164739966 0.56647745799273252 0.22780187148600817 0.92556371539831161
leaf_count=4 8 8 12 12 4 8
internal_value=0 -0.00211233 0.00161497 -0.0144444 0.0117056 0.00423553
internal_weight=0 3.4621 2.65857 0.803538 0.51402 1.72662
internal_count=56 44 24 20 12 12
is_linear=0
shrinkage=0.1


Tree=49
num_leaves=7
num_cat=0
split_feature=0 0 0 0 0 0
split_gain=0.00466951 0.0144607 0.00431299 0.00296688 0.00113755 9.96645e-11
threshold=0.003631902421177315 0.0072633926932542886 0.0099119325506710817 0.0052107200608590984 0.0085633804180694773 0.0021200422967965833
decision_type=2 2 2 2 2 2
left_child=5 3 4 -2 -3 -1
right_child=1 2 -4 -5 -6 -7
leaf_value=0.0042550963518135712 -0.021290944645946032 0.0054942861448601804 -0.00055625590832886814 -0.0088562877208737192 0.014993716048562592 0.0042566226751293724
leaf_weight=0.7989576570689676 0.32652560994029078 0.28748740768060121 2.1430950555950403 0.46533207921311259 0.22450027242302895 0.92091676965355873
leaf_count=4 12 8 12 8 4 8
internal_value=0 -0.00212352 0.00141371 -0.0139838 0.00965967 0.00425591
internal_weight=0 3.44694 2.65508 0.791858 0.511988 1.71987
internal_count=56 44 24 20 12 12
is_linear=0
shrinkage=0.1


Tree=50
num_leaves=7
num_cat=0
split_feature=0 0 0 0 0 0
split_gain=0.00468619 0.0125218 0.00308549 0.00265214 0.00137344 1.37787e-08
threshold=0.003631902421177315 0.0072633926932542886 0.0046706584081894435 0.0099119325506710817 0.0085633804180694773 0.0021200422967965833
decision_type=2 2 2 2 2 2
left_child=5 2 -2 4 -3 -1
right_child=1 3 -4 -5 -6 -7
leaf_value=0.0042819426607207875 -0.0034659901794753772 0.0031130482410343737 -0.017154898433700445 -0.00036589962203912761 0.013602418031619891 0.0042639681501842825
leaf_weight=0.79772513732314088 0.23301356472075019 0.28726999927312169 0.56131111900322139 2.1411210829392076 0.22075153049081564 0.91639069095253944
leaf_count=4 8 8 12 12 4 8
internal_value=0 -0.00212671 -0.0131393 0.00117533 0.00767101 0.00427233
internal_weight=0 3.44347 0.794325 2.64914 0.508022 1.71412
internal_count=56 44 20 24 12 12
is_linear=0
shrinkage=0.1


Tree=51
num_leaves=7
num_cat=0
split_feature=0 0 0 0 0 0
split_gain=0.00457984 0.011748 0.00247544 0.00192713 0.00146639 1.9529e-06
threshold=0.003631902421177315 0.0072633926932542886 0.0052107200608590984 0.0099119325506710817 0.0085633804180694773 0.0021200422967965833
decision_type=2 2 2 2 2 2
left_child=5 2 -2 4 -3 -1
right_child=1 3 -4 -5 -6 -7
leaf_value=0.0043408841645270306 -0.019631575880343668 0.0019326316852672394 -0.0081911987697509733 -0.00023750452992787852 0.012805368638135138 0.0041266704168759199
leaf_weight=0.79680516198277451 0.32027790322899852 0.28727890830487046 0.46190457418560982 2.1392002897337079 0.21830270905047655 0.91349617019295692
leaf_count=4 12 8 8 12 4 8
internal_value=0 -0.00210931 -0.0128757 0.00107479 0.00662732 0.00422647
internal_weight=0 3.42696 0.782182 2.64478 0.505582 1.7103
internal_count=56 44 20 24 12 12
is_linear=0
shrinkage=0.1


Tree=52
num_leaves=8
num_cat=0
split_feature=0 0 0 0 0 0 0
split_gain=0.00511762 0.0165699 0.0370615 0.0109925 0.00103638 0.00659846 0.0155203
threshold=0.0061951216141071979 0.016831777094257917 0.0082404255037043152 0.0099119325506710817 0.0024983216144647924 0.0052107200608590984 0.003631902421177315
decision_type=2 2 2 2 2 2 2
left_child=4 2 -2 -4 -1 6 -6
right_child=1 -3 3 -5 5 -7 -8
leaf_value=0.0015385410403837136 -0.048645884782750504 0.0024447365886466018 0.0094287310195825241 -0.016604495609947357 0.014133548116074325 0.016524515501481676 -0.016107562844579568
leaf_weight=1.3436672873795035 0.23086660448461782 1.8463558852672577 0.36705446615815163 0.29061678890138865 0.36068610474467255 0.36789413401857018 0.32051843078806996
leaf_count=8 8 4 8 8 4 4 12
internal_value=0 -0.00295498 -0.0141754 -0.00207503 0.0033775 0.0057328 -9.54139e-05
internal_weight=0 2.73489 0.888538 0.657671 2.39277 1.0491 0.681205
internal_count=56 28 24 16 28 20 16
is_linear=0
shrinkage=0.1


Tree=53
num_leaves=7
num_cat=0
split_feature=0 0 0 0 0 0
split_gain=0.00371755 0.0111038 0.00487221 0.00281208 0.000707798 8.90965e-05
threshold=0.003631902421177315 0.0072633926932542886 0.0052107200608590984 0.0099119325506710817 0.0085633804180694773 0.0021200422967965833
decision_type=2 2 2 2 2 2
left_child=5 2 -2 4 -3 -1
right_child=1 3 -4 -5 -6 -7
leaf_value=0.0046011970706075307 -0.022057228180866355 0.0046604688311260942 -0.0058761999388827904 -0.00038886991902465165 0.012280854289659788 0.0031473473677610928
leaf_weight=0.79290974512696244 0.31366506032645736 0.28053643880412016 0.45751034142449498 2.1295026084408164 0.21552842203527689 0.89995163306593895
leaf_count=4 12 8 8 12 4 8
internal_value=0 -0.00190795 -0.0124576 0.00119068 0.00797135 0.00382831
internal_weight=0 3.39674 0.771175 2.62557 0.496065 1.69286
internal_count=56 44 20 24 12 12
is_linear=0
shrinkage=0.1


Tree=54
num_leaves=7
num_cat=0
split_feature=0 0 0 0 0 0
split_gain=0.0037236 0.00948255 0.00233131 0.0016872 0.000882519 2.61758e-06
threshold=0.003631902421177315 0.0072633926932542886 0.0052107200608590984 0.0099119325506710817 0.0085633804180694773 0.0021200422967965833
decision_type=2 2 2 2 2 2
left_child=5 2 -2 4 -3 -1
right_child=1 3 -4 -5 -6 -7
leaf_value=0.0037129722112919945 -0.018282834089717131 0.0025533293568296613 -0.0071050385319867126 -0.00025441333141494463 0.011098688859438134 0.0039628490706159966
leaf_weight=0.78974758833646752 0.31338146957568858 0.28015690529719028 0.46118024783208966 2.1279824431985617 0.21254096925258636 0.89356037229299545
leaf_count=4 12 8 8 12 4 8
internal_value=0 -0.00190659 -0.0116275 0.000966494 0.00623964 0.00384562
internal_weight=0 3.39524 0.774562 2.62068 0.492698 1.68331
internal_count=56 44 20 24 12 12
is_linear=0
shrinkage=0.1


Tree=55
num_leaves=8
num_cat=0
split_feature=0 0 0 0 0 0 0
split_gain=0.00480797 0.0172069 0.0285181 0.00999514 0.00098484 0.00687023 0.0126667
threshold=0.0061951216141071979 0.016831777094257917 0.0082404255037043152 0.0099119325506710817 0.0024983216144647924 0.0052107200608590984 0.003631902421177315
decision_type=2 2 2 2 2 2 2
left_child=4 2 -2 -4 -1 6 -6
right_child=1 -3 3 -5 5 -7 -8
leaf_value=0.001493005883414334 -0.045544782265705248 0.0025768122104088782 0.0071049563819100998 -0.018032860703787314 0.012548251422892101 0.016535648479991796 -0.015081893559067285
leaf_weight=1.3273269310593607 0.22066094633191835 1.8451300859451294 0.36197110265493393 0.28093673381954432 0.35236443206667878 0.36985186627134681 0.31357250013388693
leaf_count=8 8 4 8 8 4 4 12
internal_value=0 -0.00287581 -0.0145261 -0.00387972 0.00329638 0.00560735 -0.00046207
internal_weight=0 2.7087 0.863569 0.642908 2.36312 1.03579 0.665937
internal_count=56 28 24 16 28 20 16
is_linear=0
shrinkage=0.1


Tree=56
num_leaves=7
num_cat=0
split_feature=0 0 0 0 0 0
split_gain=0.00293896 0.00914009 0.00424867 0.00223145 0.000474235 7.47137e-05
threshold=0.003631902421177315 0.0072633926932542886 0.0052107200608590984 0.0099119325506710817 0.0085633804180694773 0.0021200422967965833
decision_type=2 2 2 2 2 2
left_child=5 2 -2 4 -3 -1
right_child=1 3 -4 -5 -6 -7
leaf_value=0.004139109728825161 -0.020393136449289275 0.0045022900748824908 -0.005195829424391455 -0.0002783424405411474 0.0108086687190392 0.0027990870263271219
leaf_weight=0.78690913692116715 0.30777767160907421 0.27490991074591908 0.45726627064868808 2.1194412582553923 0.21058499347418547 0.88292823731899261
leaf_count=4 12 8 8 12 4 8
internal_value=0 -0.00169986 -0.0113097 0.00112246 0.0072377 0.00343057
internal_weight=0 3.36998 0.765044 2.60494 0.485495 1.66984
internal_count=56 44 20 24 12 12
is_linear=0
shrinkage=0.1


Tree=57
num_leaves=8
num_cat=0
split_feature=0 0 0 0 0 0 0
split_gain=0.00350074 0.0149029 0.0197488 0.00938567 0.00048856 0.00837221 0.0124679
threshold=0.0061951216141071979 0.016831777094257917 0.0082404255037043152 0.0099119325506710817 0.0024983216144647924 0.0052107200608590984 0.003631902421177315
decision_type=2 2 2 2 2 2 2
left_child=4 2 -2 -4 -1 6 -6
right_child=1 -3 3 -5 5 -7 -8
leaf_value=0.0015503753232793689 -0.039976927394987094 0.0025742239672544315 0.0059643055517921081 -0.018614175562438547 0.010644140724777604 0.016433564819915671 -0.0170093898095693
leaf_weight=1.3145478963851931 0.21082942094653856 1.8448596894741058 0.3600291209295392 0.27330824499949813 0.34700536355376221 0.37232391396537423 0.30753006669692695
leaf_count=8 8 4 8 8 4 4 12
internal_value=0 -0.0024616 -0.013467 -0.00464221 0.00282707 0.00446145 -0.00234873
internal_weight=0 2.68903 0.844167 0.633337 2.34141 1.02686 0.654535
internal_count=56 28 24 16 28 20 16
is_linear=0
shrinkage=0.1


Tree=58
num_leaves=7
num_cat=0
split_feature=0 0 0 0 0 0
split_gain=0.00237949 0.00837668 0.0045955 0.00224304 0.000125125 2.387e-05
threshold=0.003631902421177315 0.0072633926932542886 0.0052107200608590984 0.011060829098723822 0.0085633804180694773 0.0021200422967965833
decision_type=2 2 2 2 2 2
left_child=5 2 -2 4 -3 -1
right_child=1 3 -4 -5 -6 -7
leaf_value=0.0035061498430719153 -0.020285731124786637 0.0049102002551124398 -0.0044204984030039567 -0.00044616309463565334 0.0078010279269668196 0.0027450375650566561
leaf_weight=0.78205227851867654 0.30386586254462633 0.27118051378056418 0.4573956960812211 1.9863843861967325 0.33431030204519629 0.87094656750559807
leaf_count=4 12 8 8 8 8 8
internal_value=0 -0.00153074 -0.0107533 0.00117801 0.00650632 0.00310513
internal_weight=0 3.35314 0.761262 2.59188 0.605491 1.653
internal_count=56 44 20 24 16 12
is_linear=0
shrinkage=0.1


Tree=59
num_leaves=7
num_cat=0
split_feature=0 0 0 0 0 0
split_gain=0.00292458 0.0157229 0.0111754 0.00838451 0.00127054 0.00910318
threshold=0.0061951216141071979 0.0085633804180694773 0.0082404255037043152 0.0052107200608590984 0.0021200422967965833 0.003631902421177315
decision_type=2 2 2 2 2 2
left_child=3 2 -2 4 -1 -6
right_child=1 -3 -4 -5 5 -7
leaf_value=0.0030889787470555325 -0.037084800713731624 0.00075261777258163465 -0.0013006135580670066 0.016305813614637447 0.0030958975354203953 -0.017031911092987535
leaf_weight=0.78055438771843944 0.20433142641559277 2.3178540458902717 0.15233993530273438 0.37418225221335877 0.86710469424724557 0.30329250195063651
leaf_count=4 8 16 4 4 8 12
internal_value=0 -0.00225508 -0.0218008 0.00259395 -3.59146e-05 -0.00211995
internal_weight=0 2.67453 0.356671 2.32513 1.95095 1.1704
internal_count=56 28 12 28 24 20
is_linear=0
shrinkage=0.1


Tree=60
num_leaves=8
num_cat=0
split_feature=0 0 0 0 0 0 0
split_gain=0.00209621 0.0116241 0.00880942 0.00848682 0.0118108 0.00164945 0.0108666
threshold=0.016831777094257917 0.0061951216141071979 0.0052107200608590984 0.0082404255037043152 0.0099119325506710817 0.0021200422967965833 0.003631902421177315
decision_type=2 2 2 2 2 2 2
left_child=1 2 5 -3 -5 -1 -7
right_child=-2 3 -4 4 -6 6 -8
leaf_value=0.002894754744229143 0.0026751549332710116 -0.029972256967302682 0.016070069585458115 0.0056814430893320014 -0.022234296482439853 0.0026350962677515089 -0.019449258578869751
leaf_weight=0.77952390536665994 1.8446758538484571 0.19598739501088847 0.37514927983283985 0.3589532570913434 0.2623137435875833 0.8659313917160032 0.29999228985980153
leaf_count=4 4 8 4 8 8 8 12
internal_value=0 -0.00157266 0.0020393 -0.0118288 -0.00610525 -0.000666317 -0.00304721
internal_weight=0 3.13785 2.3206 0.817254 0.621267 1.94545 1.16592
internal_count=56 52 28 24 16 24 20
is_linear=0
shrinkage=0.1


Tree=61
num_leaves=8
num_cat=0
split_feature=0 0 0 0 0 0 0
split_gain=0.00197952 0.00954444 0.0088637 0.00686854 0.00969603 0.00153657 0.0132371
threshold=0.016831777094257917 0.0061951216141071979 0.0052107200608590984 0.0082404255037043152 0.0099119325506710817 0.0024983216144647924 0.003631902421177315
decision_type=2 2 2 2 2 2 2
left_child=1 2 5 -3 -5 -1 -7
right_child=-2 3 -4 4 -6 6 -8
leaf_value=0.00098383851240168869 0.0025982768487278316 -0.027359684071296683 0.015774992127127147 0.0049178795481597303 -0.020519480503055559 0.0084223064955905175 -0.02039235078750077
leaf_weight=1.2986070215702064 1.8439030796289442 0.19278530124574889 0.37642400059849013 0.3579727066680789 0.2577360300347209 0.34223972260951985 0.29846702958457172
leaf_count=8 4 8 4 8 8 4 12
internal_value=0 -0.00153349 0.00173237 -0.0108878 -0.00573021 -0.000993329 -0.00500072
internal_weight=0 3.12423 2.31574 0.808494 0.615709 1.93931 0.640707
internal_count=56 52 28 24 16 24 16
is_linear=0
shrinkage=0.1


Tree=62
num_leaves=8
num_cat=0
split_feature=0 0 0 0 0 0 0
split_gain=0.00180397 0.00780018 0.00885634 0.00603089 0.00831693 0.00224884 0.0119912
threshold=0.016831777094257917 0.0061951216141071979 0.0052107200608590984 0.0082404255037043152 0.0099119325506710817 0.0024983216144647924 0.003631902421177315
decision_type=2 2 2 2 2 2 2
left_child=1 2 5 -3 -5 -1 -7
right_child=-2 3 -4 4 -6 6 -8
leaf_value=0.0011323175284685793 0.002478661082644564 -0.025513839660056201 0.015472123371227454 0.0047003976846919397 -0.018971842300241706 0.0067254040189685411 -0.020792139369361234
leaf_weight=1.2946369424462325 1.8436164557933805 0.19030652986839403 0.37831883644685138 0.35745896957814693 0.25379186170175672 0.33901500701904286 0.29717367887496948
leaf_count=8 4 8 4 8 8 4 12
internal_value=0 -0.00146902 0.00148127 -0.00996828 -0.00512834 -0.00126004 -0.00612847
internal_weight=0 3.1107 2.30914 0.801557 0.611251 1.93083 0.636189
internal_count=56 52 28 24 16 24 16
is_linear=0
shrinkage=0.1


Tree=63
num_leaves=8
num_cat=0
split_feature=0 0 0 0 0 0 0
split_gain=0.00165958 0.00653086 0.00872302 0.00545079 0.00706406 0.00276562 0.0109633
threshold=0.016831777094257917 0.0061951216141071979 0.0052107200608590984 0.0082404255037043152 0.0099119325506710817 0.0024983216144647924 0.003631902421177315
decision_type=2 2 2 2 2 2 2
left_child=1 2 5 -3 -5 -1 -7
right_child=-2 3 -4 4 -6 6 -8
leaf_value=0.0012024042684377779 0.0023760503426490899 -0.024096670113896462 0.015124926546515661 0.0044159015936235365 -0.017495582720587131 0.0054780299872827483 -0.020906365440828825
leaf_weight=1.2911970205605037 1.8433098420500753 0.18816936668008555 0.38020122051239003 0.35688921343535185 0.25033983355388045 0.33654705807566632 0.29600260010920465
leaf_count=8 4 8 4 8 8 4 12
internal_value=0 -0.00141313 0.00128403 -0.0092257 -0.00461746 -0.00145143 -0.00686859
internal_weight=0 3.09935 2.30395 0.795398 0.607229 1.92375 0.63255
internal_count=56 52 28 24 16 24 16
is_linear=0
shrinkage=0.1


Tree=64
num_leaves=7
num_cat=0
split_feature=0 0 0 0 0 0
split_gain=0.00167347 0.00745485 0.00557175 0.0044721 5.46918e-05 2.30022e-05
threshold=0.0072633926932542886 0.003631902421177315 0.0052107200608590984 0.011060829098723822 0.0021200422967965833 0.0085633804180694773
decision_type=2 2 2 2 2 2
left_child=1 4 -3 5 -1 -2
right_child=3 2 -4 -5 -6 -7
leaf_value=0.0025177142621777737 0.0087623736150550854 -0.020851119375433397 -0.003238261909298751 -0.0004998988925534356 0.0013552710592912437 0.010025487587799458
leaf_weight=0.77203048765659354 0.25959578016772877 0.29488871782086779 0.45945442095398903 1.971780626103282 0.85075952112674713 0.32425754144787788
leaf_count=4 8 12 8 8 8 8
internal_value=0 -0.00190979 -0.0101235 0.0017764 0.00190829 0.00946388
internal_weight=0 2.37713 0.754343 2.55563 1.62279 0.583853
internal_count=56 32 20 24 12 16
is_linear=0
shrinkage=0.1


Tree=65
num_leaves=8
num_cat=0
split_feature=0 0 0 0 0 0 0
split_gain=0.00176882 0.00848039 0.00814997 0.0065042 0.00530696 0.00184796 0.00878179
threshold=0.016831777094257917 0.0061951216141071979 0.0052107200608590984 0.0082404255037043152 0.0099119325506710817 0.0024983216144647924 0.003631902421177315
decision_type=2 2 2 2 2 2 2
left_child=1 2 5 -3 -5 -1 -7
right_child=-2 3 -4 4 -6 6 -8
leaf_value=0.0011185387840957335 0.002449794518881256 -0.026722733343107194 0.014939436531282171 0.0024540854045257908 -0.016643210667723257 0.0055786377770220465 -0.01813774759967508
leaf_weight=1.2828732207417495 1.8438418656587598 0.18660467537119974 0.38227610196918238 0.35586769785732031 0.24617222649976611 0.33408721536397923 0.29310943372547626
leaf_count=8 4 8 4 8 8 4 12
internal_value=0 -0.00146609 0.00161116 -0.0104107 -0.00535474 -0.00105632 -0.0055048
internal_weight=0 3.08099 2.29235 0.788645 0.60204 1.91007 0.627197
internal_count=56 52 28 24 16 24 16
is_linear=0
shrinkage=0.1


Tree=66
num_leaves=8
num_cat=0
split_feature=0 0 0 0 0 0 0
split_gain=0.00161088 0.00663668 0.00798473 0.00542466 0.00467562 0.00241373 0.0083656
threshold=0.016831777094257917 0.0061951216141071979 0.0052107200608590984 0.0082404255037043152 0.0099119325506710817 0.0024983216144647924 0.003631902421177315
decision_type=2 2 2 2 2 2 2
left_child=1 2 5 -3 -5 -1 -7
right_child=-2 3 -4 4 -6 6 -8
leaf_value=0.0011480642351151241 0.0023370231544631984 -0.024370668747004123 0.014459997058002081 0.0025759432512936333 -0.015412125221528373 0.0044127678513330515 -0.018788949607799046
leaf_weight=1.2801133506000049 1.8433051109313963 0.18394575733691443 0.3845301349647342 0.35543374996632338 0.24349172413349152 0.33234072849154461 0.29188917763531208
leaf_count=8 4 8 4 8 8 4 12
internal_value=0 -0.0014024 0.00131602 -0.00935023 -0.00473706 -0.00133804 -0.00643633
internal_weight=0 3.07174 2.28887 0.782871 0.598925 1.90434 0.62423
internal_count=56 52 28 24 16 24 16
is_linear=0
shrinkage=0.1


Tree=67
num_leaves=7
num_cat=0
split_feature=0 0 0 0 0 0
split_gain=0.0017245 0.00647779 0.00422414 0.00421098 0.000125374 5.62276e-06
threshold=0.0072633926932542886 0.003631902421177315 0.0052107200608590984 0.011060829098723822 0.0085633804180694773 0.0021200422967965833
decision_type=2 2 2 2 2 2
left_child=1 5 -3 4 -2 -1
right_child=3 2 -4 -5 -6 -7
leaf_value=0.0018363877232055821 0.0076680159497364399 -0.019036948053616578 -0.0036640621441062881 -0.00039758221740804979 0.010633315139055431 0.0014620819684436465
leaf_weight=0.76742690056562446 0.2567125945352019 0.29084599320776749 0.46373550500720739 1.9670232161879539 0.32071545301005244 0.8412637822329998
leaf_count=4 8 12 8 8 8 8
internal_value=0 -0.00194505 -0.00958939 0.00180656 0.009315 0.00164064
internal_weight=0 2.36327 0.754581 2.54445 0.577428 1.60869
internal_count=56 32 20 24 16 12
is_linear=0
shrinkage=0.1


Tree=68
num_leaves=8
num_cat=0
split_feature=0 0 0 0 0 0 0
split_gain=0.0016927 0.00809851 0.00740229 0.00595569 0.00359844 0.00174683 0.00680218
threshold=0.016831777094257917 0.0061951216141071979 0.0052107200608590984 0.0082404255037043152 0.0099119325506710817 0.0024983216144647924 0.003631902421177315
decision_type=2 2 2 2 2 2 2
left_child=1 2 5 -3 -5 -1 -7
right_child=-2 3 -4 4 -6 6 -8
leaf_value=0.0011035273388921767 0.0023932331136855391 -0.026087920118089664 0.014177262890451443 0.00098860399500107807 -0.014871560844146937 0.0044439478934363338 -0.016560307239891946
leaf_weight=1.275220517069102 1.8435778841376302 0.18209411250427354 0.38621256453916419 0.35421607829630375 0.23996656574308872 0.33000255748629559 0.28938849456608295
leaf_count=8 4 8 4 8 8 4 12
internal_value=0 -0.00144324 0.00155945 -0.0102656 -0.00541668 -0.00101267 -0.00536955
internal_weight=0 3.0571 2.28082 0.776277 0.594183 1.89461 0.619391
internal_count=56 52 28 24 16 24 16
is_linear=0
shrinkage=0.1


Tree=69
num_leaves=7
num_cat=0
split_feature=0 0 0 0 0 0
split_gain=0.00154625 0.00586463 0.00345789 0.00317475 0.000211027 6.09539e-07
threshold=0.0072633926932542886 0.003631902421177315 0.011060829098723822 0.0052107200608590984 0.0085633804180694773 0.0021200422967965833
decision_type=2 2 2 2 2 2
left_child=1 5 4 -3 -2 -1
right_child=2 3 -4 -5 -6 -7
leaf_value=0.0016427334759289123 0.006404563131343727 -0.017366077101204032 -0.00028140242731026382 -0.0040129964725580105 0.010264707583210462 0.0015192387311251318
leaf_weight=0.76539061591029189 0.25535423774272215 0.28821884770877648 1.9646755401045084 0.46582049503922462 0.31797165889292955 0.83645224943757057
leaf_count=4 8 12 8 8 8 8
internal_value=0 -0.00184494 0.00171255 -0.00911699 0.00854543 0.00157825
internal_weight=0 2.35588 2.538 0.754039 0.573326 1.60184
internal_count=56 32 24 20 16 12
is_linear=0
shrinkage=0.1


Tree=70
num_leaves=8
num_cat=0
split_feature=0 0 0 0 0 0 0
split_gain=0.0017232 0.00878966 0.00692151 0.00591583 0.00292637 0.00143384 0.00568298
threshold=0.016831777094257917 0.0061951216141071979 0.0052107200608590984 0.0082404255037043152 0.0099119325506710817 0.0024983216144647924 0.003631902421177315
decision_type=2 2 2 2 2 2 2
left_child=1 2 5 -3 -5 -1 -7
right_child=-2 3 -4 4 -6 6 -8
leaf_value=0.0010798767398164531 0.0024127657943575818 -0.02658141788960677 0.013829726987710778 -8.9137295850496537e-05 -0.014460135377973277 0.004196255430130527 -0.015073977601421436
leaf_weight=1.2714397460222251 1.8434982672333715 0.17975981626659621 0.38791161775588978 0.35292387194931507 0.23674707720056176 0.32773705571889866 0.28710395353846252
leaf_count=8 4 8 4 8 8 4 12
internal_value=0 -0.0014614 0.00166441 -0.0107003 -0.00585895 -0.000837379 -0.0048021
internal_weight=0 3.04362 2.27419 0.769431 0.589671 1.88628 0.614841
internal_count=56 52 28 24 16 24 16
is_linear=0
shrinkage=0.1


Tree=71
num_leaves=8
num_cat=0
split_feature=0 0 0 0 0 0 0
split_gain=0.00151421 0.00608129 0.00638128 0.00481078 0.002435 0.00199019 0.0057043
threshold=0.016831777094257917 0.0061951216141071979 0.0052107200608590984 0.0082404255037043152 0.0099119325506710817 0.0024983216144647924 0.003631902421177315
decision_type=2 2 2 2 2 2 2
left_child=1 2 5 -3 -5 -1 -7
right_child=-2 3 -4 4 -6 6 -8
leaf_value=0.0010660740300720585 0.0022623852680221956 -0.023541541572152304 0.012833674153610895 0.00053210993840076477 -0.012588248698266842 0.0031512921090999148 -0.016190794419642433
leaf_weight=1.2694505862891681 1.8420468568801878 0.17688273824751366 0.39187319669872511 0.35237360559403896 0.23631432093679905 0.32676917314529408 0.28585911053232849
leaf_count=8 4 8 4 8 8 4 12
internal_value=0 -0.00137108 0.00122428 -0.00907999 -0.00473474 -0.00119294 -0.00587394
internal_weight=0 3.03952 2.27395 0.765571 0.588688 1.88208 0.612628
internal_count=56 52 28 24 16 24 16
is_linear=0
shrinkage=0.1


Tree=72
num_leaves=7
num_cat=0
split_feature=0 0 0 0 0 0
split_gain=0.00214866 0.00604058 0.00487892 0.00233928 0.000425115 3.55505e-06
threshold=0.0072633926932542886 0.003631902421177315 0.011060829098723822 0.0052107200608590984 0.0085633804180694773 0.0021200422967965833
decision_type=2 2 2 2 2 2
left_child=1 5 4 -3 -2 -1
right_child=2 3 -4 -5 -6 -7
leaf_value=0.0014760584528610513 0.0070646975788087596 -0.016681304141003959 -0.00035153371639432636 -0.0052138070473300609 0.012556573085749579 0.0011770839741145006
leaf_weight=0.76275680214166663 0.25130193447694193 0.28491495386697341 1.9575789272785187 0.4735493091866374 0.32098215259611607 0.8310520239174366
leaf_count=4 8 12 8 8 8 8
internal_value=0 -0.00217562 0.0020229 -0.00952154 0.010145 0.00132017
internal_weight=0 2.35227 2.52986 0.758464 0.572284 1.59381
internal_count=56 32 24 20 16 12
is_linear=0
shrinkage=0.1


Tree=73
num_leaves=8
num_cat=0
split_feature=0 0 0 0 0 0 0
split_gain=0.00155029 0.00703307 0.0058184 0.00475636 0.00184446 0.00151042 0.00495218
threshold=0.016831777094257917 0.0061951216141071979 0.0052107200608590984 0.0082404255037043152 0.0099119325506710817 0.0024983216144647924 0.003631902421177315
decision_type=2 2 2 2 2 2 2
left_child=1 2 5 -3 -5 -1 -7
right_child=-2 3 -4 4 -6 6 -8
leaf_value=0.0010433154733646955 0.0022873519741218079 -0.024204773554567668 0.012447312990172377 -0.00080977460710674647 -0.012276457085521358 0.0034092299909242656 -0.014677490311731232
leaf_weight=1.2656372711062438 1.8420642763376234 0.17463131714612234 0.39374961331486691 0.35067706182599068 0.23380911070853472 0.32482755184173573 0.28350988845340908
leaf_count=8 4 8 4 8 8 4 12
internal_value=0 -0.00139203 0.0013969 -0.00972343 -0.00539673 -0.000924955 -0.00501991
internal_weight=0 3.02684 2.26772 0.759117 0.584486 1.87397 0.608337
internal_count=56 52 28 24 16 24 16
is_linear=0
shrinkage=0.1


Tree=74
num_leaves=7
num_cat=0
split_feature=0 0 0 0 0 0
split_gain=0.00206006 0.0058657 0.00450609 0.00167797 0.000542766 3.57501e-08
threshold=0.0072633926932542886 0.003631902421177315 0.011060829098723822 0.0052107200608590984 0.0085633804180694773 0.0021200422967965833
decision_type=2 2 2 2 2 2
left_child=1 5 4 -3 -2 -1
right_child=2 3 -4 -5 -6 -7
leaf_value=0.0013395794668768263 0.0063126701910346875 -0.015468540593839753 -0.00029829060472097354 -0.0057430892042271359 0.012532853600906283 0.0013095470701481422
leaf_weight=0.76109047606587432 0.24967699265107524 0.28252226533368219 1.9546097982674837 0.47680404875427485 0.32017897814512253 0.82712098211050034
leaf_count=4 8 12 8 8 8 8
internal_value=0 -0.00213238 0.00198293 -0.00936163 0.00980754 0.00132394
internal_weight=0 2.34754 2.52447 0.759326 0.569856 1.58821
internal_count=56 32 24 20 16 12
is_linear=0
shrinkage=0.1


Tree=75
num_leaves=8
num_cat=0
split_feature=0 0 0 0 0 0 0
split_gain=0.00155244 0.00745963 0.00534724 0.00441039 0.00146593 0.00128072 0.00446008
threshold=0.016831777094257917 0.0061951216141071979 0.0052107200608590984 0.0082404255037043152 0.0099119325506710817 0.0024983216144647924 0.0045876381482746224
decision_type=2 2 2 2 2 2 2
left_child=1 2 5 -3 -5 -1 -7
right_child=-2 3 -4 4 -6 6 -8
leaf_value=0.0010451795997946445 0.0022874866494265061 -0.024081455346115267 0.012033737117995222 -0.0017594956478018649 -0.012022485926336613 0.0014685309608237066 -0.016814531026646526
leaf_weight=1.2628403194248683 1.8417630046606062 0.17209663568064559 0.39551083371043194 0.34889335464686155 0.23154017888009548 0.40510016307234753 0.19895801716484129
leaf_count=8 4 8 4 8 8 8 8
internal_value=0 -0.00139738 0.00147139 -0.0100221 -0.0058535 -0.000766292 -0.00455334
internal_weight=0 3.01494 2.26241 0.75253 0.580434 1.8669 0.604058
internal_count=56 52 28 24 16 24 16
is_linear=0
shrinkage=0.1


Tree=76
num_leaves=7
num_cat=0
split_feature=0 0 0 0 0 0
split_gain=0.00206624 0.00597642 0.00443755 0.00119731 0.000631581 9.44601e-07
threshold=0.0072633926932542886 0.003631902421177315 0.011060829098723822 0.0052107200608590984 0.0085633804180694773 0.0021200422967965833
decision_type=2 2 2 2 2 2
left_child=1 5 4 -3 -2 -1
right_child=2 3 -4 -5 -6 -7
leaf_value=0.0012763121017177628 0.0059771620517948022 -0.014655654160537183 -0.00027664173714426435 -0.0064124540810911422 0.01269991181623395 0.0014308547933021276
leaf_weight=0.75990648195147537 0.24798118346370768 0.27830372471362341 1.95125094614923 0.48029103688895702 0.32016991544514894 0.82476560026407242
leaf_count=4 8 12 8 8 8 8
internal_value=0 -0.00213743 0.00198799 -0.00943662 0.00976563 0.00135675
internal_weight=0 2.34327 2.5194 0.758595 0.568151 1.58467
internal_count=56 32 24 20 16 12
is_linear=0
shrinkage=0.1


Tree=77
num_leaves=8
num_cat=0
split_feature=0 0 0 0 0 0 0
split_gain=0.00153532 0.00781513 0.00491142 0.00402302 0.0011427 0.00100904 0.00417167
threshold=0.016831777094257917 0.0061951216141071979 0.0052107200608590984 0.0082404255037043152 0.0099119325506710817 0.0024983216144647924 0.003631902421177315
decision_type=2 2 2 2 2 2 2
left_child=1 2 5 -3 -5 -1 -7
right_child=-2 3 -4 4 -6 6 -8
leaf_value=0.00098922180969512018 0.0022735015283323013 -0.023792613431973197 0.011638622096196 -0.0026589661724911178 -0.011754429964266476 0.0037535542053733087 -0.012989472864417921
leaf_weight=1.2611554414033896 1.8412972688674925 0.1698203005362301 0.39687114767730225 0.34694949770346284 0.22949565853923559 0.32148686796426762 0.27706383587792516
leaf_count=8 4 8 4 8 8 4 12
internal_value=0 -0.00139407 0.00153968 -0.0102652 -0.00628007 -0.000615491 -0.00399665
internal_weight=0 3.00284 2.25658 0.746265 0.576445 1.85971 0.598551
internal_count=56 52 28 24 16 24 16
is_linear=0
shrinkage=0.1


Tree=78
num_leaves=8
num_cat=0
split_feature=0 0 0 0 0 0 0
split_gain=0.00216526 0.0062184 0.00461082 0.000704552 6.13541e-05 1.07468e-06 0.000546812
threshold=0.0072633926932542886 0.0046706584081894435 0.011060829098723822 0.0085633804180694773 0.0021200422967965833 0.0024983216144647924 0.003631902421177315
decision_type=2 2 2 2 2 2 2
left_child=1 4 3 -2 -1 -6 -7
right_child=2 -3 -4 -5 5 6 -8
leaf_value=0.0014094052024077978 0.0059486221034732948 -0.011293350638530042 -0.00027219487868295812 0.013063868640315389 0.00032446290281814378 0.0026423764473115802 -0.0041102674443715187
leaf_weight=0.75895042717456851 0.24579126504249882 0.56809995346702624 1.9476764407008886 0.32080382108688354 0.50080170482397057 0.32084137201309204 0.19149366673082113
leaf_count=4 8 12 8 8 4 4 8
internal_value=0 -0.0021891 0.00203753 0.00997725 0.000729566 0.000220291 0.000118464
internal_weight=0 2.34019 2.51427 0.566595 1.77209 1.01314 0.512335
internal_count=56 32 24 16 20 16 12
is_linear=0
shrinkage=0.1


Tree=79
num_leaves=9
num_cat=0
split_feature=0 0 0 0 0 0 0 0
split_gain=0.00147704 0.00715726 0.00516811 0.00281611 0.00300534 0.00139279 0.00440046 0.000497954
threshold=0.016831777094257917 0.0061951216141071979 0.0052107200608590984 0.0085633804180694773 0.0099119325506710817 0.0024983216144647924 0.003631902421177315 0.0082404255037043152
decision_type=2 2 2 2 2 2 2 2
left_child=1 2 5 7 -5 -1 -7 -3
right_child=-2 3 -4 4 -6 6 -8 -9
leaf_value=0.0010945875704768836 0.0022270579870096916 -0.020784095782729051 0.01177496549378239 0.0046990188452197077 -0.012320935142593014 0.003189066866947865 -0.014088175907436176 -0.01288565974592279
leaf_weight=1.2550899423658854 1.8414532095193861 0.16594388592056919 0.3976030834019183 0.19161487743258476 0.22624365333467722 0.31937953084707249 0.27379349246621132 0.15379444323480129
leaf_count=8 4 8 4 4 8 4 12 4
internal_value=0 -0.00137459 0.00143234 -0.00992123 -0.0045162 -0.000792594 -0.00478567 -0.0169849
internal_weight=0 2.98346 2.24587 0.737597 0.417859 1.84826 0.593173 0.319738
internal_count=56 52 28 24 12 24 16 12
is_linear=0
shrinkage=0.1


Tree=80
num_leaves=7
num_cat=0
split_feature=0 0 0 0 0 0
split_gain=0.00185665 0.00572914 0.00464462 0.00120448 0.000223205 1.68577e-05
threshold=0.0072633926932542886 0.003631902421177315 0.011060829098723822 0.0052107200608590984 0.0085633804180694773 0.0021200422967965833
decision_type=2 2 2 2 2 2
left_child=1 5 4 -3 -2 -1
right_child=2 3 -4 -5 -6 -7
leaf_value=0.0010687506736894179 0.0076466667326888617 -0.014490798209000217 -0.00041650489999365365 -0.0061825618732952664 0.011683559496947105 0.0017244082092913943
leaf_weight=0.75621898844838165 0.24166266503743838 0.27333733998239029 1.9450305625796318 0.48254326079040766 0.31614027405157685 0.81451386585831642
leaf_count=4 8 12 8 8 8 8
internal_value=0 -0.00203363 0.00189043 -0.00918694 0.00993462 0.00140875
internal_weight=0 2.32661 2.50283 0.755881 0.557803 1.57073
internal_count=56 32 24 20 16 12
is_linear=0
shrinkage=0.1


Tree=81
num_leaves=8
num_cat=0
split_feature=0 0 0 0 0 0 0
split_gain=0.00127438 0.00707372 0.00448529 0.00276089 0.00119878 0.00382326 0.000924263
threshold=0.016831777094257917 0.0061951216141071979 0.0052107200608590984 0.0082404255037043152 0.0024983216144647924 0.003631902421177315 0.0099119325506710817
decision_type=2 2 2 2 2 2 2
left_child=1 2 4 -3 -1 -6 -5
right_child=-2 3 -4 6 5 -7 -8
leaf_value=0.0011653681508912845 0.0020686966521223601 -0.021255366792121033 0.011105982256732441 -0.00322466225803916 0.0031707728286327593 -0.013002060346729889 -0.011484100069884378
leaf_weight=1.2542724572122104 1.8392414823174474 0.16410141997039307 0.39960080292075861 0.33951262617483735 0.31614636629819859 0.2718716103117913 0.22545693628489971
leaf_count=8 4 8 4 8 4 12 8
internal_value=0 -0.00128067 0.00150194 -0.0098372 -0.000581219 -0.00430678 -0.00652068
internal_weight=0 2.97096 2.24189 0.729071 1.84229 0.588018 0.56497
internal_count=56 52 28 24 24 16 16
is_linear=0
shrinkage=0.1


Tree=82
num_leaves=7
num_cat=0
split_feature=0 0 0 0 0 0
split_gain=0.00214961 0.00605861 0.00503305 0.000479485 6.59225e-05 0.000517385
threshold=0.0072633926932542886 0.0046706584081894435 0.011060829098723822 0.0085633804180694773 0.0024983216144647924 0.003631902421177315
decision_type=2 2 2 2 2 2
left_child=1 4 3 -2 -1 -6
right_child=2 -3 -4 -5 5 -7
leaf_value=0.0011114031303083728 0.0070168853596059653 -0.011131414742996414 -0.00037256007746593159 0.012932750869082896 0.0022272439696588995 -0.0044041704659874264
leaf_weight=1.2530213594436648 0.23997350945137452 0.5713852394837885 1.940705506131053 0.31930037122219801 0.31576798483729351 0.18752141483128071
leaf_count=8 8 12 8 8 4 8
internal_value=0 -0.00218684 0.00203612 0.0103944 0.000723123 -0.000243566
internal_weight=0 2.3277 2.49998 0.559274 1.75631 0.503289
internal_count=56 32 24 16 20 12
is_linear=0
shrinkage=0.1


Tree=83
num_leaves=9
num_cat=0
split_feature=0 0 0 0 0 0 0 0
split_gain=0.00129267 0.00691052 0.00468362 0.00193558 0.00218363 0.00140751 0.00385466 0.000434249
threshold=0.016831777094257917 0.0061951216141071979 0.0052107200608590984 0.0085633804180694773 0.0099119325506710817 0.0024983216144647924 0.003631902421177315 0.0082404255037043152
decision_type=2 2 2 2 2 2 2 2
left_child=1 2 5 7 -5 -1 -7 -3
right_child=-2 3 -4 4 -6 6 -8 -9
leaf_value=0.0012082145888713067 0.0020815404234277969 -0.01934370694005641 0.01126985081219958 0.0026827759595373863 -0.011978119412177305 0.0027823963615556985 -0.013522392181906784 -0.011882579116964569
leaf_weight=1.2519559152424342 1.8392164334654806 0.16110927728004742 0.39916353672742833 0.1870735133998096 0.22232896741479635 0.31433597207069386 0.26914796838536859 0.15122883394360542
leaf_count=8 4 8 4 4 8 4 12 4
internal_value=0 -0.00129498 0.00145271 -0.0098022 -0.00527893 -0.000682281 -0.00473863 -0.0157312
internal_weight=0 2.95634 2.2346 0.721741 0.409402 1.83544 0.583484 0.312338
internal_count=56 52 28 24 12 24 16 12
is_linear=0
shrinkage=0.1


Tree=84
num_leaves=7
num_cat=0
split_feature=0 0 0 0 0 0
split_gain=0.0018345 0.0055944 0.0046607 0.000913701 0.0001487 4.47708e-06
threshold=0.0072633926932542886 0.003631902421177315 0.011060829098723822 0.0052107200608590984 0.0085633804180694773 0.0021200422967965833
decision_type=2 2 2 2 2 2
left_child=1 5 4 -3 -2 -1
right_child=2 3 -4 -5 -6 -7
leaf_value=0.0015627540090617986 0.0081068402422806978 -0.013775785912373079 -0.00042220071259276839 -0.0065082832283149556 0.011425099926045722 0.0012240930565502756
leaf_weight=0.75477060303092025 0.23677574493922304 0.26884337700903405 1.9385852552950382 0.48523087240755558 0.31433450616896152 0.80851644277572632
leaf_count=4 8 12 8 8 8 8
internal_value=0 -0.00202486 0.0018847 -0.0090993 0.00999946 0.0013876
internal_weight=0 2.31736 2.4897 0.754074 0.55111 1.56329
internal_count=56 32 24 20 16 12
is_linear=0
shrinkage=0.1


Tree=85
num_leaves=8
num_cat=0
split_feature=0 0 0 0 0 0 0
split_gain=0.00113303 0.00680671 0.00408823 0.00213611 0.00112789 0.00357298 0.000647353
threshold=0.016831777094257917 0.0061951216141071979 0.0052107200608590984 0.0082404255037043152 0.0024983216144647924 0.0045876381482746224 0.0099119325506710817
decision_type=2 2 2 2 2 2 2
left_child=1 2 4 -3 -1 -6 -5
right_child=-2 3 -4 6 5 -7 -8
leaf_value=0.0011910889214385718 0.001948663250888937 -0.019910749490851094 0.010639582692666233 -0.0039941503810595538 0.0013092666283720021 -0.015448713462624317 -0.0109649890555992
leaf_weight=1.2483016252517707 1.8372751027345655 0.15942946285940696 0.40178705658763636 0.33350079599767923 0.39071226213127364 0.18866508919745684 0.22183497343212366
leaf_count=8 4 8 4 8 8 8 8
internal_value=0 -0.00121602 0.00150646 -0.00970785 -0.000501318 -0.00414771 -0.00677873
internal_weight=0 2.94423 2.22947 0.714765 1.82768 0.579377 0.555336
internal_count=56 52 28 24 24 16 16
is_linear=0
shrinkage=0.1


Tree=86
num_leaves=7
num_cat=0
split_feature=0 0 0 0 0 0
split_gain=0.00212618 0.00600329 0.00510598 0.000396031 4.81877e-05 0.000574276
threshold=0.0072633926932542886 0.0046706584081894435 0.011060829098723822 0.0085633804180694773 0.0024983216144647924 0.003631902421177315
decision_type=2 2 2 2 2 2
left_child=1 4 3 -2 -1 -6
right_child=2 -3 -4 -5 5 -7
leaf_value=0.0010724621380186598 0.0073903633583749439 -0.011051380961475572 -0.00039328863566707783 0.012800998697114478 0.0025111584483022741 -0.0045468080181997163
leaf_weight=1.2475185431540015 0.23541859257966291 0.57384729338809837 1.9343850575387478 0.31803279742598534 0.31237948313355435 0.18271048367023468
leaf_count=8 8 12 8 8 4 8
internal_value=0 -0.00218014 0.00202995 0.0104995 0.000741188 -9.35489e-05
internal_weight=0 2.31646 2.48784 0.553451 1.74261 0.49509
internal_count=56 32 24 16 20 12
is_linear=0
shrinkage=0.1


Tree=87
num_leaves=8
num_cat=0
split_feature=0 0 0 0 0 0 0
split_gain=0.00115835 0.00696131 0.00431142 0.00151661 0.0011802 0.00360552 0.000629477
threshold=0.016831777094257917 0.0061951216141071979 0.0052107200608590984 0.0082404255037043152 0.0024983216144647924 0.003631902421177315 0.0099119325506710817
decision_type=2 2 2 2 2 2 2
left_child=1 2 4 -3 -1 -6 -5
right_child=-2 3 -4 6 5 -7 -8
leaf_value=0.0011786909956366979 0.0019683560154258981 -0.018536824495792536 0.010906866219814716 -0.0046563075817868454 0.002991234316981423 -0.012912511313430481 -0.011564227722931307
leaf_weight=1.246436599642039 1.8373775482177732 0.15705806901678432 0.40082719642668951 0.3324152734130621 0.31090299412608136 0.2632537183817476 0.21869830880314112
leaf_count=8 4 8 4 8 4 12 8
internal_value=0 -0.00123451 0.00151779 -0.00986804 -0.000549337 -0.00430071 -0.00739758
internal_weight=0 2.92959 2.22142 0.708172 1.82059 0.574157 0.551114
internal_count=56 52 28 24 24 16 16
is_linear=0
shrinkage=0.1


Tree=88
num_leaves=7
num_cat=0
split_feature=0 0 0 0 0 0
split_gain=0.00183269 0.00528303 0.00417549 0.000711472 0.000250721 2.37766e-06
threshold=0.0072633926932542886 0.003631902421177315 0.011060829098723822 0.0052107200608590984 0.0085633804180694773 0.0021200422967965833
decision_type=2 2 2 2 2 2
left_child=1 5 4 -3 -2 -1
right_child=2 3 -4 -5 -6 -7
leaf_value=0.0014221181279864177 0.0071170509720370131 -0.013113146736837548 -0.00029747471069352773 -0.0066594331430993251 0.011440397801162601 0.0011747600490956112
leaf_weight=0.75273402035236381 0.2343910534400494 0.26294361171312619 1.9338289089500904 0.48756158351898193 0.31361233815550804 0.80328685417771339
leaf_count=4 8 12 8 8 8 8
internal_value=0 -0.00202935 0.00188601 -0.00892053 0.00959122 0.00129442
internal_weight=0 2.30653 2.48183 0.750505 0.548003 1.55602
internal_count=56 32 24 20 16 12
is_linear=0
shrinkage=0.1


Tree=89
num_leaves=8
num_cat=0
split_feature=0 0 0 0 0 0 0
split_gain=0.00113277 0.00680407 0.00388565 0.00167653 0.00101379 0.00312999 0.000417895
threshold=0.016831777094257917 0.0061951216141071979 0.0052107200608590984 0.0082404255037043152 0.0024983216144647924 0.003631902421177315 0.0099119325506710817
decision_type=2 2 2 2 2 2 2
left_child=1 2 4 -3 -1 -6 -5
right_child=-2 3 -4 6 5 -7 -8
leaf_value=0.0011257858080342467 0.0019463526331679002 -0.01895366379319537 0.010377761774654845 -0.0049505962315253777 0.0028374109247089113 -0.012020758242480662 -0.010588158400297695
leaf_weight=1.2436845526099212 1.8363548070192335 0.15539503353647877 0.40310509223490942 0.33119079517200589 0.30975326895713795 0.26144799194298685 0.21806049253791571
leaf_count=8 4 8 4 8 4 12 8
internal_value=0 -0.00122294 0.00149665 -0.00978329 -0.000475944 -0.00396341 -0.00718879
internal_weight=0 2.92264 2.21799 0.704646 1.81489 0.571201 0.549251
internal_count=56 52 28 24 24 16 16
is_linear=0
shrinkage=0.1


Tree=90
num_leaves=7
num_cat=0
split_feature=0 0 0 0 0 0
split_gain=0.00215447 0.00557762 0.00480516 0.000480877 8.05665e-05 0.000456642
threshold=0.0072633926932542886 0.0046706584081894435 0.011060829098723822 0.0085633804180694773 0.0024983216144647924 0.003631902421177315
decision_type=2 2 2 2 2 2
left_child=1 4 3 -2 -1 -6
right_child=2 -3 -4 -5 5 -7
leaf_value=0.0010621622292859994 0.0068370482807110699 -0.010731557381035789 -0.00030365166581072513 0.012823239556269215 0.0018727772095816636 -0.0044689892263338809
leaf_weight=1.2427224032580855 0.23246312048286211 0.57517340453341592 1.9296598844230175 0.31744561344385147 0.30957244709134091 0.1793057257309556
leaf_count=8 8 12 8 8 4 8
internal_value=0 -0.00219965 0.00204636 0.0102927 0.000634337 -0.000453191
internal_weight=0 2.30677 2.47957 0.549909 1.7316 0.488878
internal_count=56 32 24 16 20 12
is_linear=0
shrinkage=0.1


Tree=91
num_leaves=9
num_cat=0
split_feature=0 0 0 0 0 0 0 0
split_gain=0.00113725 0.00691742 0.00415034 0.00126894 0.00129142 0.00111974 0.00303172 0.000264674
threshold=0.016831777094257917 0.0061951216141071979 0.0052107200608590984 0.0085633804180694773 0.0099119325506710817 0.0024983216144647924 0.003631902421177315 0.0082404255037043152
decision_type=2 2 2 2 2 2 2 2
left_child=1 2 5 7 -5 -1 -7 -3
right_child=-2 3 -4 4 -6 6 -8 -9
leaf_value=0.0011493337501062312 0.0019484531224303403 -0.017711256263602287 0.010700336202521581 3.0349945104300227e-05 -0.011432009606084773 0.002491739088405563 -0.012179156335641036 -0.011788758865565229
leaf_weight=1.2417726702988154 1.8363895639777181 0.15316077764146019 0.40200589224696148 0.18122005090117455 0.21479447931051254 0.30825968459248532 0.25937483948655427 0.1487337090075016
leaf_count=8 4 8 4 4 8 4 12 4
internal_value=0 -0.00122989 0.00150942 -0.00990973 -0.00618672 -0.000532579 -0.00421198 -0.0147934
internal_weight=0 2.90932 2.21141 0.697909 0.396015 1.80941 0.567635 0.301894
internal_count=56 52 28 24 12 24 16 12
is_linear=0
shrinkage=0.1


Tree=92
num_leaves=7
num_cat=0
split_feature=0 0 0 0 0 0
split_gain=0.00175292 0.00498084 0.00416859 0.000522077 0.000118651 3.53712e-06
threshold=0.0072633926932542886 0.003631902421177315 0.011060829098723822 0.0052107200608590984 0.0085633804180694773 0.0021200422967965833
decision_type=2 2 2 2 2 2
left_child=1 5 4 -3 -2 -1
right_child=2 3 -4 -5 -6 -7
leaf_value=0.0014060493016966125 0.0078818008392744551 -0.012312855548415203 -0.00032673350245537869 -0.00676283676290857 0.01087792678706042 0.0011035680190259341
leaf_weight=0.75061834976077102 0.22966349264606845 0.25929160555824626 1.9286345597356558 0.48938807286322117 0.31137837423011661 0.79714982211589813
leaf_count=4 8 12 8 8 8 8
internal_value=0 -0.00198879 0.0018493 -0.00868498 0.00960612 0.00125026
internal_weight=0 2.29645 2.46968 0.74868 0.541042 1.54777
internal_count=56 32 24 20 16 12
is_linear=0
shrinkage=0.1


Tree=93
num_leaves=8
num_cat=0
split_feature=0 0 0 0 0 0 0
split_gain=0.000992228 0.00652748 0.00362456 0.00141937 0.000935021 0.0027316 0.000325535
threshold=0.016831777094257917 0.0061951216141071979 0.0052107200608590984 0.0082404255037043152 0.0024983216144647924 0.003631902421177315 0.0099119325506710817
decision_type=2 2 2 2 2 2 2
left_child=1 2 4 -3 -1 -6 -5
right_child=-2 3 -4 6 5 -7 -8
leaf_value=0.0011232356687810726 0.0018202176509881131 -0.018169148389643407 0.010058956063931928 -0.0052323996142587363 0.0025925119564761297 -0.011374891351828158 -0.010246462369560805
leaf_weight=1.2387321218848235 1.8344386070966718 0.15171979414299119 0.40464054793119419 0.32600144250318408 0.30652035772800434 0.25776556588243693 0.21480173012241721
leaf_count=8 4 8 4 8 4 12 8
internal_value=0 -0.00115134 0.00150578 -0.00962184 -0.000413756 -0.00378779 -0.00722394
internal_weight=0 2.90018 2.20766 0.692523 1.80302 0.564286 0.540803
internal_count=56 52 28 24 24 16 16
is_linear=0
shrinkage=0.1


Tree=94
num_leaves=6
num_cat=0
split_feature=0 0 0 0 0
split_gain=0.00212883 0.0053422 0.00486663 0.000344928 8.81819e-05
threshold=0.0072633926932542886 0.0046706584081894435 0.011060829098723822 0.0085633804180694773 0.0024983216144647924
decision_type=2 2 2 2 2
left_child=1 4 3 -2 -1
right_child=2 -3 -4 -5 -6
leaf_value=0.0010488992298846398 0.0074262650301466686 -0.01051711930586335 -0.00032180906318364787 0.01252937175694035 -0.00054459648114426294
leaf_weight=1.2378460802137854 0.22805033554323029 0.57702490198425938 1.9244079925119877 0.31596585502848029 0.48269979842007149
leaf_count=8 8 12 8 8 12
internal_value=0 -0.00219064 0.002039 0.0103902 0.000601843
internal_weight=0 2.29757 2.46842 0.544016 1.72055
internal_count=56 32 24 16 20
is_linear=0
shrinkage=0.1


Tree=95
num_leaves=8
num_cat=0
split_feature=0 0 0 0 0 0 0
split_gain=0.00101454 0.0067325 0.0039097 0.000929041 0.000912743 0.00295594 0.000362378
threshold=0.016831777094257917 0.0061951216141071979 0.0052107200608590984 0.0082404255037043152 0.0024983216144647924 0.003631902421177315 0.0099119325506710817
decision_type=2 2 2 2 2 2 2
left_child=1 2 4 -3 -1 -6 -5
right_child=-2 3 -4 6 5 -7 -8
leaf_value=0.0010500040892406112 0.0018390407176962333 -0.016782823979259325 0.010427684519813305 -0.005775929910233922 0.0028223745394179716 -0.011743458960466795 -0.011093668696125242
leaf_weight=1.2373631261289126 1.8345670104026792 0.14969546743668605 0.40315550006926049 0.32489774143323302 0.30595727264881123 0.25581307010725141 0.21161109721288085
leaf_count=8 4 8 4 8 4 12 8
internal_value=0 -0.00116802 0.00152687 -0.00981696 -0.000467652 -0.00381046 -0.00787337
internal_weight=0 2.88849 2.20229 0.686204 1.79913 0.56177 0.536509
internal_count=56 52 28 24 24 16 16
is_linear=0
shrinkage=0.1


Tree=96
num_leaves=7
num_cat=0
split_feature=0 0 0 0 0 0
split_gain=0.00174389 0.00465913 0.00377928 0.000423853 0.000155105 7.77166e-07
threshold=0.0072633926932542886 0.003631902421177315 0.011060829098723822 0.0052107200608590984 0.0085633804180694773 0.0021200422967965833
decision_type=2 2 2 2 2 2
left_child=1 5 4 -3 -2 -1
right_child=2 3 -4 -5 -6 -7
leaf_value=0.0012246224007104161 0.0072735495130702328 -0.011773486939247367 -0.0002239749790837803 -0.0067524233047710925 0.010711220876008253 0.0010825901117342866
leaf_weight=0.74890684708952926 0.22737522167153668 0.25576197123154987 1.9245550464838743 0.49063285626471043 0.31045651575550437 0.79336469620466232
leaf_count=4 8 12 8 8 8 8
internal_value=0 -0.00198725 0.00184705 -0.00847296 0.0092579 0.00115156
internal_weight=0 2.28867 2.46239 0.746395 0.537832 1.54227
internal_count=56 32 24 20 16 12
is_linear=0
shrinkage=0.1


Tree=97
num_leaves=9
num_cat=0
split_feature=0 0 0 0 0 0 0 0
split_gain=0.000974945 0.00633868 0.00349281 0.00111499 0.000820673 0.00266944 0.000253454 0.00065847
threshold=0.016831777094257917 0.0061951216141071979 0.0052107200608590984 0.0082404255037043152 0.0024983216144647924 0.0045876381482746224 0.0085633804180694773 0.0099119325506710817
decision_type=2 2 2 2 2 2 2 2
left_child=1 2 4 -3 -1 -6 -5 -8
right_child=-2 3 -4 6 5 -7 7 -9
leaf_value=0.0010121633450590041 0.0018030439559027925 -0.017228186027120104 0.0098490028660138326 -0.01097971298336249 0.0011364939926866867 -0.013672113098983283 -0.0016077058719201919 -0.0098654668464394357
leaf_weight=1.2352979257702834 1.8333799615502355 0.14832473034039129 0.40554255247116078 0.1462482362985611 0.38018148764967907 0.17906140151899308 0.17762736557051539 0.21158863184973598
leaf_count=8 4 8 4 4 8 8 4 8
internal_value=0 -0.00114627 0.00146742 -0.00955576 -0.000426711 -0.00360501 -0.00743048 -0.00609685
internal_weight=0 2.88387 2.20008 0.683789 1.79454 0.559243 0.535464 0.389216
internal_count=56 52 28 24 24 16 16 12
is_linear=0
shrinkage=0.1


Tree=98
num_leaves=7
num_cat=0
split_feature=0 0 0 0 0 0
split_gain=0.00203118 0.00517121 0.00471992 0.000212411 0.000199158 1.14215e-07
threshold=0.0072633926932542886 0.003631902421177315 0.011060829098723822 0.0085633804180694773 0.0052107200608590984 0.0021200422967965833
decision_type=2 2 2 2 2 2
left_child=1 5 3 -2 -3 -1
right_child=2 4 -4 -5 -6 -7
leaf_value=0.001145107354922742 0.007921442340518987 -0.011239653023559126 -0.00032440929174772532 0.011950030917516296 -0.0077923018194929325 0.0011996108451466699
leaf_weight=0.74793563038110755 0.22446064394898724 0.25295896409079421 1.920029703527689 0.31392264040187001 0.49651407171040773 0.7912086695432663
leaf_count=4 8 12 8 8 8 8
internal_value=0 -0.00214389 0.00199582 0.0102704 -0.00895584 0.00117313
internal_weight=0 2.28862 2.45841 0.538383 0.749473 1.53914
internal_count=56 32 24 16 20 12
is_linear=0
shrinkage=0.1


Tree=99
num_leaves=8
num_cat=0
split_feature=0 0 0 0 0 0 0
split_gain=0.00100078 0.00648353 0.003369 0.00111637 0.000658111 0.00244381 0.000201535
threshold=0.0061951216141071979 0.016831777094257917 0.0052107200608590984 0.0082404255037043152 0.0024983216144647924 0.003631902421177315 0.0099119325506710817
decision_type=2 2 2 2 2 2 2
left_child=2 3 4 -2 -1 -6 -5
right_child=1 -3 -4 6 5 -7 -8
leaf_value=0.00098062655097378164 -0.017434536715318284 0.0017264535943868936 0.0097880578157506504 -0.0060086815362684239 0.002872987497698281 -0.010455619398776761 -0.0099946591884774935
leaf_weight=1.2338791564106943 0.14698803354986023 1.8324553593993187 0.40562990866601456 0.32055900059640408 0.30364852771162976 0.25149745005182922 0.20990983443334699
leaf_count=8 8 4 4 8 4 12 8
internal_value=0 -0.00136385 0.00155975 -0.00972281 -0.00030587 -0.00316526 -0.00758596
internal_weight=0 2.50991 2.19466 0.677457 1.78903 0.555146 0.530469
internal_count=56 28 28 24 24 16 16
is_linear=0
shrinkage=0.1


end of trees

feature_importances:
word_overlap=641

parameters:
[boosting: gbdt]
[objective: lambdarank]
[metric: ndcg]
[tree_learner: serial]
[device_type: cpu]
[data: ]
[valid: ]
[num_iterations: 100]
[learning_rate: 0.1]
[num_leaves: 16]
[num_threads: 6]
[deterministic: 0]
[force_col_wise: 0]
[force_row_wise: 0]
[histogram_pool_size: -1]
[max_depth: -1]
[min_data_in_leaf: 5]
[min_sum_hessian_in_leaf: 0.001]
[bagging_fraction: 1]
[pos_bagging_fraction: 1]
[neg_bagging_fraction: 1]
[bagging_freq: 0]
[bagging_seed: 3]
[feature_fraction: 1]
[feature_fraction_bynode: 1]
[feature_fraction_seed: 2]
[extra_trees: 0]
[extra_seed: 6]
[early_stopping_round: 0]
[first_metric_only: 0]
[max_delta_step: 0]
[lambda_l1: 0]
[lambda_l2: 0]
[linear_lambda: 0]
[min_gain_to_split: 0]
[drop_rate: 0.1]
[max_drop: 50]
[skip_drop: 0.5]
[xgboost_dart_mode: 0]
[uniform_drop: 0]
[drop_seed: 4]
[top_rate: 0.2]
[other_rate: 0.1]
[min_data_per_group: 100]
[max_cat_threshold: 32]
[cat_l2: 10]
[cat_smooth: 10]
[max_cat_to_onehot: 4]
[top_k: 20]
[monotone_constraints: ]
[monotone_constraints_method: basic]
[monotone_penalty: 0]
[feature_contri: ]
[forcedsplits_filename: ]
[refit_decay_rate: 0.9]
[cegb_tradeoff: 1]
[cegb_penalty_split: 0]
[cegb_penalty_feature_lazy: ]
[cegb_penalty_feature_coupled: ]
[path_smooth: 0]
[interaction_constraints: ]
[verbosity: 1]
[saved_feature_importance_type: 0]
[linear_tree: 0]
[max_bin: 255]
[max_bin_by_feature: ]
[min_data_in_bin: 3]
[bin_construct_sample_cnt: 200000]
[data_random_seed: 1]
[is_enable_sparse: 1]
[enable_bundle: 1]
[use_missing: 1]
[zero_as_missing: 0]
[feature_pre_filter: 1]
[pre_partition: 0]
[two_round: 0]
[header: 0]
[label_column: ]
[weight_column: ]
[group_column: ]
[ignore_column: ]
[categorical_feature: ]
[forcedbins_filename: ]
[precise_float_parser: 0]
[parser_config_file: ]
[objective_seed: 5]
[num_class: 1]
[is_unbalance: 0]
[scale_pos_weight: 1]
[sigmoid: 1]
[boost_from_average: 1]
[reg_sqrt: 0]
[alpha: 0.9]
[fair_c: 1]
[poisson_max_delta_step: 0.7]
[tweedie_variance_power: 1.5]
[lambdarank_truncation_level: 30]
[lambdarank_norm: 1]
[label_gain: ]
[eval_at: 1,2,3,4,5]
[multi_error_top_k: 1]
[auc_mu_weights: ]
[num_machines: 1]
[local_listen_port: 12400]
[time_out: 120]
[machine_list_filename: ]
[machines: ]
[gpu_platform_id: -1]
[gpu_device_id: -1]
[gpu_use_dp: 0]
[num_gpu: 1]

end of parameters

pandas_categorical:null
