tree
version=v4
num_class=1
num_tree_per_iteration=1
label_index=0
max_feature_idx=0
objective=lambdarank
feature_names=off_dist
feature_infos=[0:0.87947164010000001]
tree_sizes=856 1065 853 1060 862 962 859 969 1063 868 1066 761 1069 864 754 1172 857 863 866 968 864 1079 761 766 869 976 870 976 1186 773 875 765 874 772 876 770 879 776 878 776 875 773 984 772 879 774 990 775 888 881 775 885 881 774 885 881 769 778 1091 883 773 1095 880 770 883 887 773 885 887 771 887 887 774 887 773 885 775 888 779 888 773 887 775 884 775 886 775 888 775 885 776 886 777 885 776 890 776 886 778 887

Tree=0
num_leaves=7
num_cat=0
split_feature=0 0 0 0 0 0
split_gain=0.673856 0.600957 1.28203 0.266137 0.195049 0.0489317
threshold=0.73810726100000001 0.6398056551500001 0.58068926565000012 0.83681229955000014 0.56677318590000014 0.44592917160000006
decision_type=2 2 2 2 2 2
left_child=1 2 4 -2 5 -1
right_child=3 -3 -4 -5 -6 -7
leaf_value=0.030822571341229177 -0.11651768156292566 0.0857851962851994 -0.13326247078742345 0.0068275309072001996 -0.0034210878049817056 0.071396470039376242
leaf_weight=0.48141589388251416 0.60165525972843159 0.97181847319006909 0.61427756398916233 0.24663661792874336 0.99222950637340535 0.7769024446606636
leaf_count=6 12 10 8 4 8 8
internal_value=0 0.0178332 -0.0052178 -0.0806557 0.0297315 0.0558734
internal_weight=0 3.83664 2.86483 0.848292 2.25055 1.25832
internal_count=56 40 30 16 22 14
is_linear=0
shrinkage=0.1


Tree=1
num_leaves=9
num_cat=0
split_feature=0 0 0 0 0 0 0 0
split_gain=0.38006 0.808412 0.0747821 0.258214 0.162891 0.0317764 0.00263392 1.73519e-05
threshold=0.73810726100000001 0.83681229955000014 0.56677318590000014 0.58068926565000012 0.5382534683500001 0.44592917160000006 0.77832465235000015 0.71163383855000006
decision_type=2 2 2 2 2 2 2 2
left_child=2 6 4 -4 5 -1 -2 -5
right_child=1 -3 3 7 -6 -7 -8 -9
leaf_value=0.019759869365562219 -0.088613591395661051 0.01906608103733981 0.039945057590035749 0.0020204226570714862 -0.025798754847891455 0.00073322001873886802 -0.097858392756760171 0.0023330540835312342
leaf_weight=1.6542088240385082 0.74475646764039904 1.3317279815673828 2.3666394278407079 4.8167212642729282 2.0479066222906113 1.8700893819332123 0.52572964131832123 2.811647891998291
leaf_count=6 8 4 8 14 4 4 4 4
internal_value=0 -0.0353744 0.00591318 0.0110882 -0.00336946 0.00966381 -0.0924391 0.00213565
internal_weight=0 2.60221 15.5672 9.99501 5.5722 3.5243 1.27049 7.62837
internal_count=56 16 40 26 14 10 12 18
is_linear=0
shrinkage=0.1


Tree=2
num_leaves=7
num_cat=0
split_feature=0 0 0 0 0 0
split_gain=0.29668 0.373407 0.138458 0.128039 0.116035 0.0723051
threshold=0.71163383855000006 0.83681229955000014 0.56677318590000014 0.57607773460000011 0.6398056551500001 0.44592917160000006
decision_type=2 2 2 2 2 2
left_child=2 -2 5 -4 -5 -1
right_child=1 -3 3 4 -6 -7
leaf_value=0.011282488296806484 -0.034742149132491885 0.029293653437413275 0.041564003456679724 -0.0078786260399038455 0.021877220852484877 -0.010913256679403689
leaf_weight=2.2965399920940417 4.0309955347329369 1.1763636395335195 1.6759302765130994 2.1854891367256641 3.273432582616806 4.0664794445037842
leaf_count=6 16 4 4 12 6 8
internal_value=0 -0.0202762 0.00782238 0.017387 0.00996441 -0.00290237
internal_weight=0 5.20736 13.4979 7.13485 5.45892 6.36302
internal_count=56 20 36 22 18 14
is_linear=0
shrinkage=0.1


Tree=3
num_leaves=9
num_cat=0
split_feature=0 0 0 0 0 0 0 0
split_gain=0.632755 0.195866 0.162318 0.126453 0.490874 0.146739 0.284209 0.0511193
threshold=0.73810726100000001 0.83681229955000014 0.71163383855000006 0.56677318590000014 0.44592917160000006 0.57607773460000011 0.59340111745000013 0.7601111906500001
decision_type=2 2 2 2 2 2 2 2
left_child=2 7 3 4 -1 -5 -7 -2
right_child=1 -3 -4 5 -6 6 -8 -9
leaf_value=-0.011350743083223976 -0.056227675175715808 -0.028237205046334264 0.032141775411701982 -0.023643215551988339 0.043740889645935754 0.03707444036675734 -0.013411951149868016 -0.10929758971958321
leaf_weight=3.6011862307786995 0.29463815689086836 1.7335109412670135 2.2421253621578208 2.8256486058235168 2.9358521997928619 1.7592303249984977 3.0450612977147102 0.47270134091377258
leaf_count=6 4 4 4 4 8 8 10 8
internal_value=0 -0.0468566 0.00714124 0.00318455 0.0133915 -0.00556035 0.0050751 -0.0889201
internal_weight=0 2.50085 16.4091 14.167 6.53704 7.62994 4.80429 0.767339
internal_count=56 16 40 36 14 22 18 12
is_linear=0
shrinkage=0.1


Tree=4
num_leaves=7
num_cat=0
split_feature=0 0 0 0 0 0
split_gain=0.848902 0.285635 0.622019 0.204111 0.132793 0.000115109
threshold=0.5382534683500001 0.73810726100000001 0.71163383855000006 0.58068926565000012 0.83681229955000014 0.77832465235000015
decision_type=2 2 2 2 2 2
left_child=-1 2 3 -2 5 -3
right_child=1 4 -4 -5 -6 -7
leaf_value=0.036211199272366178 -0.0070270423361805103 -0.085858499560158064 0.036106559228864445 -0.03723497593510796 -0.030040051131269393 -0.088626340848318344
leaf_weight=4.7993435859680202 5.5980765819549507 0.37048863060772474 2.6132267117500314 3.7252605706453323 1.1945929080247879 0.25276321545243263
leaf_count=10 12 8 4 14 4 4
internal_value=0 -0.0126352 -0.00701151 -0.019097 -0.0495624 -0.086981
internal_weight=0 13.7544 11.9366 9.32334 1.81784 0.623252
internal_count=56 46 30 26 16 12
is_linear=0
shrinkage=0.1


Tree=5
num_leaves=8
num_cat=0
split_feature=0 0 0 0 0 0 0
split_gain=0.56064 0.123759 0.251238 0.0793203 0.237333 0.0553817 0.0137432
threshold=0.56677318590000014 0.6398056551500001 0.57607773460000011 0.73810726100000001 0.83681229955000014 0.44592917160000006 0.77832465235000015
decision_type=2 2 2 2 2 2 2
left_child=5 2 -2 -3 6 -1 -5
right_child=1 3 -4 4 -6 -7 -8
leaf_value=0.033880761893614893 0.00028209078004933993 0.00036168243886201812 -0.050627777160401378 -0.094323703039300058 0.0012281880334295316 0.015280519291814116 -0.061742201790798285
leaf_weight=2.5174951255321529 1.7063734233379348 4.7787979394197464 2.2442705780267715 0.30085133202373948 1.1021646559238434 4.396004244685173 0.2272578701376915
leaf_count=6 4 10 12 8 4 8 4
internal_value=0 -0.0147174 -0.0286386 -0.00613611 -0.025183 0.0220536 -0.0803031
internal_weight=0 10.3597 3.95064 6.40907 1.63027 6.9135 0.528109
internal_count=56 42 16 26 16 14 12
is_linear=0
shrinkage=0.1


Tree=6
num_leaves=7
num_cat=0
split_feature=0 0 0 0 0 0
split_gain=8.90036 3.26781 0.21772 0.193703 0.00231638 0.00131118
threshold=1.0000000180025095e-35 0.44592917160000006 0.58068926565000012 0.77832465235000015 0.71163383855000006 0.56677318590000014
decision_type=2 2 2 2 2 2
left_child=-1 -2 5 4 -4 -3
right_child=1 2 3 -5 -6 -7
leaf_value=0.19769115883753446 -0.15874867905091619 0.0042605379401502441 -0.031303765080581129 0.015743003850253606 -0.027239649229202408 0.0013693010908450865
leaf_weight=2.0193191766738918 1.6432378441095341 4.2860086560249311 2.1319111455231905 1.1682311706244943 4.0985311288386583 2.4738993011415005
leaf_count=2 4 8 14 8 12 8
internal_value=0 -0.025263 -0.00977073 -0.0216239 -0.0286303 0.00320244
internal_weight=0 15.8018 14.1586 7.39867 6.23044 6.75991
internal_count=56 54 50 34 26 16
is_linear=0
shrinkage=0.1


Tree=7
num_leaves=8
num_cat=0
split_feature=0 0 0 0 0 0 0
split_gain=0.637547 0.480744 0.883925 0.322855 0.000266085 0.000262053 0.000212499
threshold=0.44592917160000006 0.6398056551500001 0.73810726100000001 0.83681229955000014 0.77832465235000015 0.56677318590000014 0.57607773460000011
decision_type=2 2 2 2 2 2 2
left_child=-1 5 -3 4 -4 -2 -7
right_child=1 2 3 -5 -6 6 -8
leaf_value=0.062295076676200267 -0.022674400974357536 0.045220393322751851 -0.087146840710813203 -0.0061284858228161541 -0.083457906770670082 -0.020832521833603738 -0.022375524040458325
leaf_weight=1.4866452217102057 4.632395461201666 3.6899732947349539 0.45319261401891719 1.429639458656311 0.34391721338033676 1.9554528892040255 1.6419922038912771
leaf_count=6 8 10 8 4 4 4 12
internal_value=0 -0.00654651 0.0151948 -0.0345609 -0.0855552 -0.0221771 -0.0215368
internal_weight=0 14.1466 5.91672 2.22675 0.79711 8.22984 3.59745
internal_count=56 50 26 16 12 24 16
is_linear=0
shrinkage=0.1


Tree=8
num_leaves=9
num_cat=0
split_feature=0 0 0 0 0 0 0 0
split_gain=0.429715 0.48344 0.302217 0.233991 0.13778 0.0276523 0.00133165 0.000556591
threshold=0.58068926565000012 0.71163383855000006 0.73810726100000001 0.83681229955000014 0.5382534683500001 0.56677318590000014 0.77832465235000015 0.44592917160000006
decision_type=2 2 2 2 2 2 2 2
left_child=4 -2 -3 6 7 -6 -4 -1
right_child=1 2 3 -5 5 -7 -8 -9
leaf_value=0.028643660071277745 -0.051822416978208045 0.028384283337617434 -0.07598915653022445 0.00027738722876451122 -0.0051996599183839528 0.010445510065635726 -0.067096252361869821 0.031118329680889258
leaf_weight=1.8496465831994993 2.6676632668823013 2.177087739109993 0.4103880692273375 1.2243957221508026 1.9518290162086485 2.6821587830781937 0.28554572537541389 1.7869156002998352
leaf_count=6 14 4 8 4 4 8 4 4
internal_value=0 -0.0186922 0.00287757 -0.0260395 0.0152897 0.00385579 -0.0723403 0.0298597
internal_weight=0 6.76508 4.09742 1.92033 8.27055 4.63399 0.695934 3.63656
internal_count=56 34 20 16 22 12 12 10
is_linear=0
shrinkage=0.1


Tree=9
num_leaves=7
num_cat=0
split_feature=0 0 0 0 0 0
split_gain=0.124289 0.207801 0.175951 0.0868663 0.00737722 0.00171044
threshold=0.73810726100000001 0.83681229955000014 0.6398056551500001 0.5382534683500001 0.77832465235000015 0.57607773460000011
decision_type=2 2 2 2 2 2
left_child=2 4 3 -1 -2 -5
right_child=1 -3 -4 5 -6 -7
leaf_value=0.0097028221996115181 -0.079669237989749953 -0.0015683350281235208 0.022254241785112573 -0.0097602077660187588 -0.057871385225108186 -0.013676035667313458
leaf_weight=3.1759150922298414 0.36469380371272664 1.4192585349082947 3.6431013196706763 4.5912492722272873 0.27036522328853607 1.4734665267169473
leaf_count=10 8 4 10 8 4 12
internal_value=0 -0.0228432 0.00364235 -0.00369535 -0.0703892 -0.0107116
internal_weight=0 2.05432 12.8837 9.24063 0.635059 6.06472
internal_count=56 16 40 30 12 20
is_linear=0
shrinkage=0.1


Tree=10
num_leaves=9
num_cat=0
split_feature=0 0 0 0 0 0 0 0
split_gain=0.241512 0.293059 0.171293 0.191658 0.0264659 0.0146616 0.0127276 0.0108992
threshold=0.59340111745000013 0.71163383855000006 0.73810726100000001 0.83681229955000014 0.56677318590000014 0.57607773460000011 0.77832465235000015 0.44592917160000006
decision_type=2 2 2 2 2 2 2 2
left_child=4 -2 -3 6 7 -6 -4 -1
right_child=1 2 3 -5 5 -7 -8 -9
leaf_value=0.021187846841409452 -0.045752095181483161 0.019952645751745539 -0.081255416359583665 0.00033982610124489316 -0.0030542708898075818 0.011685927519661889 -0.051860862403189413 0.011790058889774985
leaf_weight=1.7956134527921657 2.0734418816864499 2.1319178491830826 0.33301469869911637 1.2815724462270737 1.6763753890991213 1.1294318214058874 0.26414301246404648 3.9461836516857147
leaf_count=6 10 4 8 4 4 8 4 8
internal_value=0 -0.0152281 0.000552275 -0.0214626 0.0108392 0.00287915 -0.0682532 0.014729
internal_weight=0 6.08409 4.01065 1.87873 8.5476 2.80581 0.597158 5.7418
internal_count=56 30 20 16 26 12 12 14
is_linear=0
shrinkage=0.1


Tree=11
num_leaves=6
num_cat=0
split_feature=0 0 0 0 0
split_gain=0.0889758 0.147263 0.119086 0.00737741 0.00673334
threshold=0.6398056551500001 0.73810726100000001 0.56677318590000014 0.57607773460000011 0.5382534683500001
decision_type=2 2 2 2 2
left_child=2 -2 4 -4 -1
right_child=1 -3 3 -5 -6
leaf_value=0.0058333835442292026 0.021448834189624399 -0.011501689417326445 -0.017437732519754029 -0.027133448563597819 -0.0012632518705553587
leaf_weight=2.8757155090570432 3.7346159815788278 2.1298799179494381 1.6896080672740938 1.4654143471270797 2.4986647665500641
leaf_count=10 10 16 4 12 4
internal_value=0 0.00948179 -0.00651933 -0.0219411 0.00253401
internal_weight=0 5.8645 8.5294 3.15502 5.37438
internal_count=56 26 30 16 14
is_linear=0
shrinkage=0.1


Tree=12
num_leaves=9
num_cat=0
split_feature=0 0 0 0 0 0 0 0
split_gain=0.206245 0.0385788 0.0584853 0.0583724 0.176952 0.0113011 0.00133841 0.175452
threshold=0.44592917160000006 0.6398056551500001 0.56677318590000014 0.73810726100000001 0.83681229955000014 0.77832465235000015 0.57607773460000011 0.58068926565000012
decision_type=2 2 2 2 2 2 2 2
left_child=-1 2 -2 -3 5 -5 -4 -8
right_child=1 3 6 4 -6 -7 7 -9
leaf_value=0.03417088307830151 -0.00126769089029497 0.0087596250817555919 -0.022041492248359967 -0.071653154674456612 0.0072359510619089649 -0.043453594204751311 0.011620036883813648 -0.066316226121695257
leaf_weight=1.5683036595582969 3.7485958188772184 3.8551724553108215 1.6630906462669375 0.31747696548700299 1.348225861787796 0.25728406384587288 0.76802533864974953 0.46298101730644703
leaf_count=6 8 10 4 8 4 4 4 8
internal_value=0 -0.00431454 -0.00951237 0.00166098 -0.0125703 -0.05903 -0.0201913 -0.0176918
internal_weight=0 12.4209 6.64269 5.77816 1.92299 0.574761 2.8941 1.23101
internal_count=56 50 24 26 16 12 16 12
is_linear=0
shrinkage=0.1


Tree=13
num_leaves=7
num_cat=0
split_feature=0 0 0 0 0 0
split_gain=0.163769 0.0365972 0.105312 0.0819095 0.0239124 0.0299582
threshold=0.44592917160000006 0.71163383855000006 0.73810726100000001 0.56677318590000014 0.59340111745000013 0.57607773460000011
decision_type=2 2 2 2 2 2
left_child=-1 3 -3 -2 5 -5
right_child=1 2 -4 4 -6 -7
leaf_value=0.031302082887365475 0.0031641224812499502 0.019281427022348328 -0.012481665974532445 -0.019718400533740632 -0.026017308854668655 0.0021179813356829204
leaf_weight=1.4905368760228164 3.7320105358958227 2.1421765983104697 2.0358683709055185 1.5623558461666109 1.7594903223216531 1.0508784763514993
leaf_count=6 8 4 16 4 10 8
internal_value=0 -0.00379856 0.00380398 -0.00771772 -0.0170051 -0.0109372
internal_weight=0 12.2828 4.17804 8.10474 4.37272 2.61323
internal_count=56 50 20 30 22 12
is_linear=0
shrinkage=0.1


Tree=14
num_leaves=6
num_cat=0
split_feature=0 0 0 0 0
split_gain=0.13011 0.117817 0.189493 0.0714411 0.00016914
threshold=0.44592917160000006 0.6398056551500001 0.73810726100000001 0.56677318590000014 0.57607773460000011
decision_type=2 2 2 2 2
left_child=-1 3 -3 -2 -5
right_child=1 2 -4 4 -6
leaf_value=0.028406605803143581 -0.0036079919427367216 0.020167894114979212 -0.017231289666099558 -0.024260946203896509 -0.02584242090389819
leaf_weight=1.4431426450610167 3.6634834408760053 3.8043669611215591 2.10405476950109 1.5045468211174013 1.228434571996331
leaf_count=6 8 10 16 4 12
internal_value=0 -0.00333159 0.00684963 -0.012736 -0.0249718
internal_weight=0 12.3049 5.90842 6.39646 2.73298
internal_count=56 50 26 24 16
is_linear=0
shrinkage=0.1


Tree=15
num_leaves=10
num_cat=0
split_feature=0 0 0 0 0 0 0 0 0
split_gain=0.383122 0.0854859 0.12372 0.116538 0.123182 0.0845683 0.0609168 0.0612968 0.0101328
threshold=0.44592917160000006 0.71163383855000006 0.59340111745000013 0.73810726100000001 0.83681229955000014 0.5382534683500001 0.56677318590000014 0.57607773460000011 0.77832465235000015
decision_type=2 2 2 2 2 2 2 2 2
left_child=-1 2 5 -3 8 -2 -7 -8 -5
right_child=1 3 -4 4 -6 6 7 -9 -10
leaf_value=0.045703202841546137 -0.026794929708103966 0.021513858680775232 -0.037165046595614613 -0.065143828164506742 0.003456624220726351 0.012018280835149589 -0.024990571002511161 0.0086174749508394349 -0.037860136645359005
leaf_weight=1.6126806065440185 1.473314955830572 2.1390755325555801 1.6076260432600973 0.29411105811595883 1.3948727250099182 2.3427027687430382 1.3089683502912524 0.92702865973114956 0.25339649990200996
leaf_count=6 4 4 10 8 4 4 4 8 4
internal_value=0 -0.00627749 -0.0125062 0.00541184 -0.0123208 -0.00595592 0.000749566 -0.0110569 -0.0525164
internal_weight=0 11.7411 7.65964 4.08146 1.94238 6.05201 4.5787 2.236 0.547508
internal_count=56 50 30 20 16 20 16 12 12
is_linear=0
shrinkage=0.1


Tree=16
num_leaves=7
num_cat=0
split_feature=0 0 0 0 0 0
split_gain=0.123244 0.169708 0.147193 0.123053 0.125222 0.0100066
threshold=0.44592917160000006 0.73810726100000001 0.71163383855000006 0.56677318590000014 0.6398056551500001 0.57607773460000011
decision_type=2 2 2 2 2 2
left_child=-1 2 3 -2 5 -5
right_child=1 -3 -4 4 -6 -7
leaf_value=-0.025319360086606436 0.016929401121987722 -0.022051619910914807 0.032805695558197671 -0.017172299594235947 0.012110239764642771 -0.029929820205555409
leaf_weight=1.6819093227386481 3.3882835730910283 2.1123159173876038 2.0796099752187729 1.3225530385971072 1.7076212987303732 1.1489608176052568
leaf_count=6 8 16 4 4 6 12
internal_value=0 0.00362137 0.00924273 0.00276737 -0.00871467 -0.023103
internal_weight=0 11.7593 9.64703 7.56742 4.17914 2.47151
internal_count=56 50 34 30 22 16
is_linear=0
shrinkage=0.1


Tree=17
num_leaves=7
num_cat=0
split_feature=0 0 0 0 0 0
split_gain=0.21171 0.0198209 0.0629719 0.057064 0.0114251 0.0606789
threshold=0.5382534683500001 0.71163383855000006 0.73810726100000001 0.59340111745000013 0.56677318590000014 0.57607773460000011
decision_type=2 2 2 2 2 2
left_child=-1 3 -3 4 -2 -6
right_child=1 2 -4 -5 5 -7
leaf_value=0.023909177050818881 -0.00013324880177704765 0.010182935019780355 -0.014687523184383792 -0.027262546350893757 -0.024600248307275023 0.0099789951708569875
leaf_weight=2.881760150194169 2.4127461463212949 2.1773043125867844 1.9121793862432239 1.5141561347991226 1.221475347876549 0.86813626252114762
leaf_count=10 4 4 16 10 4 8
internal_value=0 -0.00681779 -0.00144611 -0.010469 -0.00482124 -0.0102342
internal_weight=0 10.106 4.08948 6.01651 4.50236 2.08961
internal_count=56 46 20 26 16 12
is_linear=0
shrinkage=0.1


Tree=18
num_leaves=7
num_cat=0
split_feature=0 0 0 0 0 0
split_gain=0.0849302 0.0482004 0.090258 0.0699363 0.00155049 0.0923478
threshold=0.5382534683500001 0.6398056551500001 0.73810726100000001 0.56677318590000014 0.57607773460000011 0.58068926565000012
decision_type=2 2 2 2 2 2
left_child=-1 3 -3 -2 -5 -6
right_child=1 2 -4 4 5 -7
leaf_value=0.015611581647837448 0.00021052661234667372 0.011573583516149852 -0.015222296024926944 -0.021811701901801865 -0.004181001810112662 -0.064325383356469631
leaf_weight=2.7435155957937249 2.3907076418399793 3.5612703263759613 1.9428034182637928 1.1768975257873537 0.6712699346244333 0.41196754202246666
leaf_count=10 4 10 16 4 4 8
internal_value=0 -0.00421773 0.00211529 -0.0117126 -0.0243245 -0.0270546
internal_weight=0 10.1549 5.50407 4.65084 2.26014 1.08324
internal_count=56 46 26 20 16 12
is_linear=0
shrinkage=0.1


Tree=19
num_leaves=8
num_cat=0
split_feature=0 0 0 0 0 0 0
split_gain=0.0880565 0.0203313 0.0716628 0.0362724 0.018682 0.000192856 0.0940582
threshold=0.5382534683500001 0.71163383855000006 0.73810726100000001 0.56677318590000014 0.6398056551500001 0.57607773460000011 0.58068926565000012
decision_type=2 2 2 2 2 2 2
left_child=-1 3 -3 -2 5 -5 -7
right_child=1 2 -4 4 -6 6 -8
leaf_value=0.015915557193100956 0.0013159543390563809 0.013477712227002774 -0.013192903236386189 -0.019532576228800728 -0.0052030383692440651 0.0027013328583391318 -0.05997031508649036
leaf_weight=2.72469086945057 2.3825054541230184 2.1626369506120682 1.8860890623182056 1.1462560892105105 1.2884965986013415 0.62200820818543412 0.38938401266932487
leaf_count=10 4 4 16 4 6 4 8
internal_value=0 -0.00439033 0.00105327 -0.0081716 -0.0147309 -0.0204206 -0.0214271
internal_weight=0 9.87738 4.04873 5.82865 3.44614 2.15765 1.01139
internal_count=56 46 20 26 22 16 12
is_linear=0
shrinkage=0.1


Tree=20
num_leaves=7
num_cat=0
split_feature=0 0 0 0 0 0
split_gain=0.0631865 0.0201837 0.054308 0.0497972 0.00140998 0.0582689
threshold=0.5382534683500001 0.6398056551500001 0.56677318590000014 0.73810726100000001 0.57607773460000011 0.58068926565000012
decision_type=2 2 2 2 2 2
left_child=-1 2 -2 -3 -4 -6
right_child=1 3 4 -5 5 -7
leaf_value=0.013661715993647834 0.0017320228743996696 0.0076167637602642009 -0.01788897761434478 -0.012639210198578383 -0.0045290343149709629 -0.054816905854463083
leaf_weight=2.6619823798537263 2.3717577680945379 3.434115394949913 1.1220156103372576 1.8770372960716484 0.62505603954195965 0.36494444310665131
leaf_count=10 4 10 4 16 4 8
internal_value=0 -0.00371286 -0.00865338 0.000458013 -0.020316 -0.0230667
internal_weight=0 9.79493 4.48377 5.31115 2.11202 0.99
internal_count=56 46 20 26 16 12
is_linear=0
shrinkage=0.1


Tree=21
num_leaves=9
num_cat=0
split_feature=0 0 0 0 0 0 0 0
split_gain=0.0501003 0.0221945 0.0689848 0.0721997 0.0391731 0.0132795 0.0124982 0.0161396
threshold=0.5382534683500001 0.71163383855000006 0.73810726100000001 0.83681229955000014 0.59340111745000013 0.77832465235000015 0.56677318590000014 0.57607773460000011
decision_type=2 2 2 2 2 2 2 2
left_child=-1 4 -3 5 6 -4 -2 -8
right_child=1 2 3 -5 -6 -7 7 -9
leaf_value=0.012224732378360408 0.002215065997745774 0.014504846735862909 -0.058245776267336874 0.00066672632334396193 -0.021991753979944094 -0.026579523259232421 -0.016498174667001219 0.0022407392468089087
leaf_weight=2.6343238279223451 2.3669970929622632 2.1596470326185226 0.27440828084945645 1.3314210548996925 1.3843101710081098 0.25595799088478088 1.1029092669486997 0.78802840784192074
leaf_count=10 4 4 8 4 10 4 4 8
internal_value=0 -0.00333247 0.00234411 -0.0117622 -0.00737837 -0.0429634 -0.00262737 -0.00868893
internal_weight=0 9.66368 4.02143 1.86179 5.64224 0.530366 4.25793 1.89094
internal_count=56 46 20 16 26 12 16 12
is_linear=0
shrinkage=0.1


Tree=22
num_leaves=6
num_cat=0
split_feature=0 0 0 0 0
split_gain=0.0342177 0.0267905 0.0664698 0.0645361 0.0117721
threshold=0.44592917160000006 0.6398056551500001 0.73810726100000001 0.56677318590000014 0.57607773460000011
decision_type=2 2 2 2 2
left_child=-1 3 -3 -2 -5
right_child=1 2 -4 4 -6
leaf_value=0.01332231500543735 0.0016466407970724623 0.011161764174485632 -0.012283630926245426 -0.013809605569956203 -0.028984542682555625
leaf_weight=1.6661359220743186 3.2465994209051114 3.4433312714099884 1.8637407179921863 1.0765132904052737 0.97350811772048462
leaf_count=6 8 10 16 4 12
internal_value=0 -0.00209331 0.0029282 -0.00712472 -0.0210158
internal_weight=0 10.6037 5.30707 5.29662 2.05002
internal_count=56 50 26 24 16
is_linear=0
shrinkage=0.1


Tree=23
num_leaves=6
num_cat=0
split_feature=0 0 0 0 0
split_gain=0.0371847 0.0171587 0.0588738 0.0466828 0.00256794
threshold=0.5382534683500001 0.71163383855000006 0.73810726100000001 0.59340111745000013 0.56677318590000014
decision_type=2 2 2 2 2
left_child=-1 3 -3 4 -2
right_child=1 2 -4 -5 -6
leaf_value=0.011028499462256813 0.00099409461536288635 0.013377940814736158 -0.010942119465724319 -0.022470376196085294 -0.0039872869960037027
leaf_weight=2.4371016174554834 2.3682257011532766 2.1626666188240051 1.844201100990176 1.3642629114910958 1.8380646295845506
leaf_count=10 4 4 16 10 12
internal_value=0 -0.00280635 0.00218439 -0.00639616 -0.00118267
internal_weight=0 9.57742 4.00687 5.57055 4.20629
internal_count=56 46 20 26 16
is_linear=0
shrinkage=0.1


Tree=24
num_leaves=7
num_cat=0
split_feature=0 0 0 0 0 0
split_gain=0.025267 0.0182081 0.0383198 0.0284097 0.00129984 0.0506157
threshold=0.5382534683500001 0.6398056551500001 0.73810726100000001 0.56677318590000014 0.57607773460000011 0.58068926565000012
decision_type=2 2 2 2 2 2
left_child=-1 3 -3 -2 -5 -6
right_child=1 2 -4 4 5 -7
leaf_value=0.0092319527888970899 0.0003520207039232073 0.0079939280698007632 -0.0098961521637447765 -0.013604319057679434 0.00039965916192907162 -0.049093115337048146
leaf_weight=2.3765146136283883 2.3650096058845502 3.3951552286744118 1.8495113663375375 1.1228680610656736 0.53399481624364842 0.3370638582855463
leaf_count=10 4 10 16 4 4 8
internal_value=0 -0.00228454 0.00168506 -0.00706076 -0.0158531 -0.018752
internal_weight=0 9.6036 5.24467 4.35894 1.99393 0.871059
internal_count=56 46 26 20 16 12
is_linear=0
shrinkage=0.1


Tree=25
num_leaves=8
num_cat=0
split_feature=0 0 0 0 0 0 0
split_gain=0.0241268 0.0163137 0.0437908 0.0466973 0.0258334 0.0164735 0.00412433
threshold=0.5382534683500001 0.71163383855000006 0.73810726100000001 0.83681229955000014 0.59340111745000013 0.77832465235000015 0.56677318590000014
decision_type=2 2 2 2 2 2 2
left_child=-1 4 -3 5 6 -4 -2
right_child=1 2 3 -5 -6 -7 -8
leaf_value=0.0090555150481557399 0.00087674617622925978 0.012253973102401158 -0.051989471808239186 0.0012839823124398268 -0.017799302791096244 -0.01642944076781605 -0.0054648869875669514
leaf_weight=2.3584903478622445 2.3606516569852811 2.1660134196281433 0.25850842893123593 1.3200138732790947 1.3483877237886188 0.26262444630265236 1.8132780715823171
leaf_count=10 4 4 8 4 10 4 12
internal_value=0 -0.00224119 0.00261598 -0.00872262 -0.0057657 -0.034069 -0.00187825
internal_weight=0 9.52948 4.00716 1.84115 5.52232 0.521133 4.17393
internal_count=56 46 20 16 26 12 16
is_linear=0
shrinkage=0.1


Tree=26
num_leaves=7
num_cat=0
split_feature=0 0 0 0 0 0
split_gain=0.0177436 0.0204047 0.0343642 0.0282327 0.00355021 0.0360939
threshold=0.5382534683500001 0.6398056551500001 0.73810726100000001 0.56677318590000014 0.57607773460000011 0.58068926565000012
decision_type=2 2 2 2 2 2
left_child=-1 3 -3 -2 -5 -6
right_child=1 2 -4 4 5 -7
leaf_value=0.0078718289887926892 0.0003675244745050643 0.0082504599296872091 -0.0087075175968986882 -0.012155908777267611 -0.0045385716651334491 -0.047016000182138085
leaf_weight=2.3065918013453492 2.3584129214286786 3.4000617191195488 1.842544227838516 1.1055941656231878 0.5238785184919833 0.32360885012894869
leaf_count=10 4 10 16 4 4 8
internal_value=0 -0.00190045 0.00229048 -0.00699646 -0.0158887 -0.0207584
internal_weight=0 9.5541 5.24261 4.31149 1.95308 0.847487
internal_count=56 46 26 20 16 12
is_linear=0
shrinkage=0.1


Tree=27
num_leaves=8
num_cat=0
split_feature=0 0 0 0 0 0 0
split_gain=0.02247 0.0174128 0.0281152 0.0271742 0.020988 0.0307692 0.00311313
threshold=0.5382534683500001 0.71163383855000006 0.59340111745000013 0.73810726100000001 0.83681229955000014 0.77832465235000015 0.56677318590000014
decision_type=2 2 2 2 2 2 2
left_child=-1 2 6 -3 5 -5 -2
right_child=1 3 -4 4 -6 -7 -8
leaf_value=0.008895562583231922 0.00068130922803841081 0.010438513497197821 -0.01828473273621983 -0.048725138237352715 0.0006667707682698308 -0.00025795131368713982 -0.0048730915279847214
leaf_weight=2.2883283644914636 2.3566480726003629 2.1721792221069336 1.3586514852941034 0.24632821977138486 1.3207101821899414 0.27973256632685661 1.7646732963621614
leaf_count=10 4 4 10 8 4 4 12
internal_value=0 -0.00214298 -0.00580959 0.00285657 -0.00606135 -0.0229527 -0.00169698
internal_weight=0 9.49892 5.47997 4.01895 1.84677 0.526061 4.12132
internal_count=56 46 26 20 16 12 16
is_linear=0
shrinkage=0.1


Tree=28
num_leaves=10
num_cat=0
split_feature=0 0 0 0 0 0 0 0 0
split_gain=1.71986 0.375049 0.047541 0.0516018 0.0279241 0.0689156 0.0134209 0.00164807 0.0654035
threshold=1.0000000180025095e-35 0.5382534683500001 0.6398056551500001 0.56677318590000014 0.57607773460000011 0.58068926565000012 0.73810726100000001 0.83681229955000014 0.77832465235000015
decision_type=2 2 2 2 2 2 2 2 2
left_child=-1 -2 3 -3 -5 -6 -4 8 -8
right_child=1 2 6 4 5 -7 7 -9 -10
leaf_value=0.15573590008293833 -0.054719874626365239 0.00022970482352278879 0.0081674545130178567 -0.011171264206475755 -0.011113791987855774 -0.068565994969995658 -0.046619771446916286 -0.00046072173616763887 0.023192275359037076
leaf_weight=0.66899949312210161 1.5655357167124737 2.3541783392429334 3.4045138955116272 1.0928566083312032 0.49626501649618138 0.36042413115501404 0.23632544651627507 1.3367121145129204 0.31052762642502785
leaf_count=2 8 4 10 4 4 8 8 4 4
internal_value=0 -0.009338 -0.00193095 -0.00973484 -0.0217675 -0.0352849 0.00442028 -0.00235269 -0.00697737
internal_weight=0 11.1573 9.5918 4.30372 1.94955 0.856689 5.28808 1.88357 0.546853
internal_count=56 54 46 20 16 12 26 16 12
is_linear=0
shrinkage=0.1


Tree=29
num_leaves=6
num_cat=0
split_feature=0 0 0 0 0
split_gain=0.0163557 0.0202572 0.0282548 0.00964823 1.32399e-05
threshold=0.73810726100000001 0.71163383855000006 0.59340111745000013 0.5382534683500001 0.56677318590000014
decision_type=2 2 2 2 2
left_child=1 2 3 -1 -5
right_child=-2 -3 -4 4 -6
leaf_value=0.007619770696510134 -0.0086904369104548167 0.010356927814029901 -0.013957577657988402 -0.00088229492748952392 -0.00052043272115897253
leaf_weight=2.0816702842712385 1.8215188737958676 2.0891595184803009 1.3368690349161623 2.3718003705143929 1.7624475788325069
leaf_count=10 16 4 10 4 12
internal_value=0 0.00164176 -0.000768917 0.00206759 -0.000728032
internal_weight=0 9.64195 7.55279 6.21592 4.13425
internal_count=56 40 36 26 16
is_linear=0
shrinkage=0.1


Tree=30
num_leaves=7
num_cat=0
split_feature=0 0 0 0 0 0
split_gain=0.0141439 0.0189758 0.024322 0.00560819 1.04569e-05 0.0172646
threshold=0.73810726100000001 0.6398056551500001 0.56677318590000014 0.5382534683500001 0.57607773460000011 0.58068926565000012
decision_type=2 2 2 2 2 2
left_child=1 2 3 -1 -4 -6
right_child=-2 -3 4 -5 5 -7
leaf_value=0.0062274685997875971 -0.0080785657556551298 0.0076680621950586938 -0.011325312193071473 -0.00092025157866616704 0.00033153107089621797 -0.029855815756092193
leaf_weight=2.0468664839863759 1.8222446031868464 3.3060435652732849 1.0933754891157148 2.3672241196036339 0.51140801608562458 0.30094256065785885
leaf_count=10 16 10 4 4 4 8
internal_value=0 0.00152933 -0.00168198 0.00239423 -0.0111234 -0.0108516
internal_weight=0 9.62586 6.31982 4.41409 1.90573 0.812351
internal_count=56 40 30 14 16 12
is_linear=0
shrinkage=0.1


Tree=31
num_leaves=6
num_cat=0
split_feature=0 0 0 0 0
split_gain=0.013074 0.0157506 0.0185473 0.0077451 9.99511e-05
threshold=0.73810726100000001 0.71163383855000006 0.59340111745000013 0.5382534683500001 0.56677318590000014
decision_type=2 2 2 2 2
left_child=1 2 3 -1 -5
right_child=-2 -3 -4 4 -6
leaf_value=0.0066705150864426153 -0.0077995983035188043 0.009139984341871684 -0.011462090912537954 -0.00044290511563304226 -0.0014391106743081329
leaf_weight=2.0374121405184251 1.8074966389685876 2.0935303270816803 1.313489564694464 2.3637867271900177 1.754812793806195
leaf_count=10 16 4 10 4 12
internal_value=0 0.0014742 -0.000674349 0.0016274 -0.000867359
internal_weight=0 9.56303 7.4695 6.15601 4.1186
internal_count=56 40 36 26 16
is_linear=0
shrinkage=0.1


Tree=32
num_leaves=7
num_cat=0
split_feature=0 0 0 0 0 0
split_gain=0.0111365 0.0174283 0.0236752 0.00409336 7.16545e-06 0.009638
threshold=0.73810726100000001 0.6398056551500001 0.56677318590000014 0.5382534683500001 0.57607773460000011 0.58068926565000012
decision_type=2 2 2 2 2 2
left_child=1 2 3 -1 -4 -6
right_child=-2 -3 4 -5 5 -7
leaf_value=0.0056257627725609209 -0.0071991349796025122 0.0072541031481839022 -0.011259553027800332 -0.00051593137414673352 -0.002540745646256747 -0.025350460587674442
leaf_weight=2.0087951347231847 1.8068222422152764 3.2904437929391861 1.0888935700058935 2.3602116629481316 0.50758298113942135 0.29170436505228281
leaf_count=10 16 10 4 4 4 8
internal_value=0 0.00136239 -0.00173587 0.00230792 -0.0110927 -0.0108653
internal_weight=0 9.54763 6.25719 4.36901 1.88818 0.799287
internal_count=56 40 30 14 16 12
is_linear=0
shrinkage=0.1


Tree=33
num_leaves=6
num_cat=0
split_feature=0 0 0 0 0
split_gain=0.0106153 0.0120304 0.015978 0.00642134 0.000144303
threshold=0.73810726100000001 0.71163383855000006 0.59340111745000013 0.5382534683500001 0.56677318590000014
decision_type=2 2 2 2 2
left_child=1 2 3 -1 -5
right_child=-2 -3 -4 4 -6
leaf_value=0.0062244615151729032 -0.0070484244718932347 0.0080180535504085718 -0.010656799015937385 -0.00017859705654435729 -0.0013794197579292023
leaf_weight=1.999792005866764 1.7965487819164998 2.0977864414453506 1.2936110645532606 2.3582894615828991 1.7384289167821405
leaf_count=10 16 4 10 4 12
internal_value=0 0.00133463 -0.000562553 0.00157933 -0.000688162
internal_weight=0 9.48791 7.39012 6.09651 4.09672
internal_count=56 40 36 26 16
is_linear=0
shrinkage=0.1


Tree=34
num_leaves=7
num_cat=0
split_feature=0 0 0 0 0 0
split_gain=0.00897554 0.014651 0.0214896 0.00325672 7.61192e-05 0.00630359
threshold=0.73810726100000001 0.6398056551500001 0.56677318590000014 0.5382534683500001 0.57607773460000011 0.58068926565000012
decision_type=2 2 2 2 2 2
left_child=1 2 3 -1 -4 -6
right_child=-2 -3 4 -5 5 -7
leaf_value=0.0052297512924182853 -0.0064820757347241803 0.0066352609095980779 -0.011143183122884669 -0.00027635823066611759 -0.0030523932128608874 -0.021703571031857508
leaf_weight=1.9749603383243064 1.7957932669669396 3.277967669069767 1.084240175783634 2.3553000800311565 0.49726902320981015 0.28509837761521339
leaf_count=10 16 10 4 4 4 8
internal_value=0 0.00122856 -0.00163143 0.00223489 -0.0106007 -0.00984897
internal_weight=0 9.47484 6.19687 4.33026 1.86661 0.782367
internal_count=56 40 30 14 16 12
is_linear=0
shrinkage=0.1


Tree=35
num_leaves=6
num_cat=0
split_feature=0 0 0 0 0
split_gain=0.0103525 0.00627818 0.0139464 0.00960399 0.000205857
threshold=0.44592917160000006 0.73810726100000001 0.71163383855000006 0.59340111745000013 0.56677318590000014
decision_type=2 2 2 2 2
left_child=-1 2 3 4 -2
right_child=1 -3 -4 -5 -6
leaf_value=0.008625738359974806 0.00021461839929269442 -0.006438376086117123 0.0071260056893752187 -0.010028283235652182 -0.001150440717935932
leaf_weight=1.2377650290727622 3.0826338864862883 1.7882416937500245 2.101147785782814 1.2780663408339021 1.7217971188947556
leaf_count=6 8 16 4 10 12
internal_value=0 -0.00107067 0.000102246 -0.00232405 -0.000274587
internal_weight=0 9.97189 8.18365 6.0825 4.80443
internal_count=56 50 34 30 20
is_linear=0
shrinkage=0.1


Tree=36
num_leaves=7
num_cat=0
split_feature=0 0 0 0 0 0
split_gain=0.00734628 0.0135208 0.0174703 0.00236607 6.40095e-05 0.00413068
threshold=0.73810726100000001 0.6398056551500001 0.56677318590000014 0.5382534683500001 0.57607773460000011 0.58068926565000012
decision_type=2 2 2 2 2 2
left_child=1 2 3 -1 -4 -6
right_child=-2 -3 4 -5 5 -7
leaf_value=0.0045198125470683748 -0.0058745435230309548 0.0063149164257567452 -0.010199817632909586 -0.00022788833331674471 -0.0034498790817127385 -0.01868505387602103
leaf_weight=1.8955157101154307 1.7879944238811738 3.2656518071889877 1.1011445000767706 2.3523723520338535 0.48760187253355969 0.28024283237755299
leaf_count=10 16 10 4 4 4 8
internal_value=0 0.00111949 -0.00165423 0.00189066 -0.00971113 -0.00901031
internal_weight=0 9.38253 6.11688 4.24789 1.86899 0.767845
internal_count=56 40 30 14 16 12
is_linear=0
shrinkage=0.1


Tree=37
num_leaves=6
num_cat=0
split_feature=0 0 0 0 0
split_gain=0.00729949 0.0085458 0.0133223 0.00378296 3.25516e-05
threshold=0.73810726100000001 0.71163383855000006 0.59340111745000013 0.5382534683500001 0.56677318590000014
decision_type=2 2 2 2 2
left_child=1 2 3 -1 -5
right_child=-2 -3 -4 4 -6
leaf_value=0.0051651492093047454 -0.0058648049219143968 0.0067316396996973879 -0.0098347978633926449 -6.3666932278783567e-06 -0.00057794489905310534
leaf_weight=1.8879622519016246 1.7820248920470483 2.1022889614105225 1.2646903842687605 2.3513700217008591 1.7290291963145135
leaf_count=10 16 4 10 4 12
internal_value=0 0.00111953 -0.000511627 0.00146394 -0.000248567
internal_weight=0 9.33534 7.23305 5.96836 4.0804
internal_count=56 40 36 26 16
is_linear=0
shrinkage=0.1


Tree=38
num_leaves=7
num_cat=0
split_feature=0 0 0 0 0 0
split_gain=0.00603409 0.0116629 0.0160506 0.00201312 0.000161052 0.0027276
threshold=0.73810726100000001 0.6398056551500001 0.56677318590000014 0.5382534683500001 0.57607773460000011 0.58068926565000012
decision_type=2 2 2 2 2 2
left_child=1 2 3 -1 -4 -6
right_child=-2 -3 4 -5 5 -7
leaf_value=0.0042853021155929366 -0.0053332052971746639 0.0058436363603194853 -0.010105427086055153 -0.00011307856901337088 -0.0036452724689868634 -0.016128067504119842
leaf_weight=1.8682676739990691 1.7813133336603648 3.2591239139437675 1.0974472165107725 2.3489194773137569 0.47892656177282322 0.27588379010558128
leaf_count=10 16 10 4 4 4 8
internal_value=0 0.00101839 -0.00157263 0.00183546 -0.00933211 -0.00820774
internal_weight=0 9.32857 6.06944 4.21719 1.85226 0.75481
internal_count=56 40 30 14 16 12
is_linear=0
shrinkage=0.1


Tree=39
num_leaves=6
num_cat=0
split_feature=0 0 0 0 0
split_gain=0.00613847 0.00662362 0.0117203 0.00318587 2.16594e-05
threshold=0.73810726100000001 0.71163383855000006 0.59340111745000013 0.5382534683500001 0.56677318590000014
decision_type=2 2 2 2 2
left_child=1 2 3 -1 -5
right_child=-2 -3 -4 4 -6
leaf_value=0.0048695745821325208 -0.0053854812564179877 0.0059628575804268414 -0.0091964328598194405 7.1355217017142806e-05 -0.00039605022808125419
leaf_weight=1.8612870275974254 1.7765510920435197 2.1052412539720535 1.2545423088595269 2.3481447994709015 1.7159017734229562
leaf_count=10 16 4 10 4 12
internal_value=0 0.00103042 -0.000415839 0.00144323 -0.00012599
internal_weight=0 9.28512 7.17988 5.92533 4.06405
internal_count=56 40 36 26 16
is_linear=0
shrinkage=0.1


Tree=40
num_leaves=7
num_cat=0
split_feature=0 0 0 0 0 0
split_gain=0.0050277 0.0102468 0.0145558 0.00168355 0.000278822 0.0018601
threshold=0.73810726100000001 0.6398056551500001 0.56677318590000014 0.5382534683500001 0.57607773460000011 0.58068926565000012
decision_type=2 2 2 2 2 2
left_child=1 2 3 -1 -4 -6
right_child=-2 -3 4 -5 5 -7
leaf_value=0.0040060607964080624 -0.0048748691415885677 0.0054552246267448529 -0.0099478816244273991 -3.2169811020534784e-05 -0.003630291452241829 -0.014014720997208914
leaf_weight=1.8438255600631217 1.77581692673266 3.2535992413759232 1.0935497358441351 2.3459160476922989 0.47051390260457981 0.27233076747506857
leaf_count=10 16 10 4 4 4 8
internal_value=0 0.00093288 -0.0015088 0.00174498 -0.00893231 -0.00743728
internal_weight=0 9.27974 6.02614 4.18974 1.83639 0.742845
internal_count=56 40 30 14 16 12
is_linear=0
shrinkage=0.1


Tree=41
num_leaves=6
num_cat=0
split_feature=0 0 0 0 0
split_gain=0.00521302 0.0052226 0.0103943 0.00336487 4.47241e-05
threshold=0.73810726100000001 0.71163383855000006 0.59340111745000013 0.44592917160000006 0.56677318590000014
decision_type=2 2 2 2 2
left_child=1 2 3 -1 -5
right_child=-2 -3 -4 4 -6
leaf_value=0.0062061333480361597 -0.0049685871744401221 0.0053261892151200974 -0.0086371012737270283 0.00045502712914792721 -0.00018622866539141388
leaf_weight=1.17429696023464 1.7718776464462287 2.1076868176460266 1.2459917590022085 3.0084428489208221 1.7034718599170444
leaf_count=6 16 4 10 8 12
internal_value=0 0.000952794 -0.000339618 0.00141679 0.000223198
internal_weight=0 9.23989 7.1322 5.88621 4.71191
internal_count=56 40 36 26 20
is_linear=0
shrinkage=0.1


Tree=42
num_leaves=8
num_cat=0
split_feature=0 0 0 0 0 0 0
split_gain=0.00483155 0.00409454 0.003414 0.0071609 0.00328689 0.000272708 0.0012644
threshold=0.83681229955000014 0.5382534683500001 0.6398056551500001 0.56677318590000014 0.71163383855000006 0.57607773460000011 0.58068926565000012
decision_type=2 2 2 2 2 2 2
left_child=1 -1 3 -3 -4 -5 -7
right_child=-2 2 4 5 -6 6 -8
leaf_value=0.0035507912065950832 0.0057851343946041288 -3.9875824833933645e-05 0.0049326674882742769 -0.0093767575383569765 -0.0015056829045285941 -0.0037189871788996772 -0.012332730816604806
leaf_weight=1.7962882742285708 1.2760643288493163 2.3438154198229313 1.1404711529612543 1.1013609543442724 2.6020445991307497 0.46329713985323895 0.26956441439688206
leaf_count=10 4 4 6 4 16 4 8
internal_value=0 -0.000759729 -0.0017373 -0.00370224 0.0004563 -0.00838211 -0.00688733
internal_weight=0 9.71684 7.92055 4.17804 3.74252 1.83422 0.732862
internal_count=56 52 42 20 22 16 12
is_linear=0
shrinkage=0.1


Tree=43
num_leaves=6
num_cat=0
split_feature=0 0 0 0 0
split_gain=0.00647633 0.00704849 0.00857696 0.000840108 5.74638e-05
threshold=0.73810726100000001 0.71163383855000006 0.59340111745000013 0.5382534683500001 0.56677318590000014
decision_type=2 2 2 2 2
left_child=1 2 3 -1 -5
right_child=-2 -3 -4 4 -6
leaf_value=0.002967534811139475 -0.0055302871057530375 0.0061517439236789036 -0.0079687693569867497 4.689244954167042e-05 0.00081061848029425796
leaf_weight=1.79506082087755 1.7747599482536323 2.1031640917062759 1.2470963047817347 2.3436087258160114 1.6996927354484794
leaf_count=10 16 4 10 4 12
internal_value=0 0.00106816 -0.000440793 0.00116721 0.000367942
internal_weight=0 9.18862 7.08546 5.83836 4.0433
internal_count=56 40 36 26 16
is_linear=0
shrinkage=0.1


Tree=44
num_leaves=7
num_cat=0
split_feature=0 0 0 0 0 0
split_gain=0.00513908 0.0105977 0.00971839 0.000723264 0.00015368 0.000695527
threshold=0.73810726100000001 0.6398056551500001 0.56677318590000014 0.5382534683500001 0.57607773460000011 0.58068926565000012
decision_type=2 2 2 2 2 2
left_child=1 2 3 -1 -4 -6
right_child=-2 -3 4 -5 5 -7
leaf_value=0.0026446880365173678 -0.0049297038347619762 0.0055438627105500286 -0.0083972223248601954 -2.8944350944780939e-05 -0.0041580895871737369 -0.010579147407717211
leaf_weight=1.78161536157131 1.772729720920325 3.2481717988848686 1.093500845134258 2.3416378125548363 0.45860090479254711 0.26685628481209278
leaf_count=10 16 10 4 4 4 8
internal_value=0 0.000950893 -0.00155975 0.0011263 -0.00764855 -0.00652005
internal_weight=0 9.19038 5.94221 4.12325 1.81896 0.725457
internal_count=56 40 30 14 16 12
is_linear=0
shrinkage=0.1


Tree=45
num_leaves=6
num_cat=0
split_feature=0 0 0 0 0
split_gain=0.00498949 0.00448707 0.00884777 0.00121718 5.46538e-05
threshold=0.73810726100000001 0.71163383855000006 0.59340111745000013 0.5382534683500001 0.56677318590000014
decision_type=2 2 2 2 2
left_child=1 2 3 -1 -5
right_child=-2 -3 -4 4 -6
leaf_value=0.0035440854385909481 -0.0048629204109388695 0.0049867096410747859 -0.0079478320143100325 9.0096286349106264e-05 0.0008361012442062543
leaf_weight=1.7772749699652175 1.7683760523796088 2.1082835793495178 1.2378218732774255 2.3415468968451023 1.6914661889895795
leaf_count=10 16 4 10 4 12
internal_value=0 0.00093917 -0.00027156 0.00136379 0.000402975
internal_weight=0 9.15639 7.04811 5.81029 4.03301
internal_count=56 40 36 26 16
is_linear=0
shrinkage=0.1


Tree=46
num_leaves=8
num_cat=0
split_feature=0 0 0 0 0 0 0
split_gain=0.00468949 0.00291856 0.00190382 0.00665304 0.00413738 0.000275175 0.000630557
threshold=0.83681229955000014 0.44592917160000006 0.6398056551500001 0.56677318590000014 0.71163383855000006 0.57607773460000011 0.58068926565000012
decision_type=2 2 2 2 2 2 2
left_child=1 -1 3 -3 -4 -5 -7
right_child=-2 2 4 5 -6 6 -8
leaf_value=0.0039992450890229047 0.0057039917432840422 0.00020387058133201704 0.0053379211217615824 -0.0084912160382215173 -0.0018963286556867465 -0.0037014205234031784 -0.0098489259660590918
leaf_weight=1.1398857384920109 1.2733396366238601 2.9641582779586297 1.1354409456253054 1.0921093970537183 2.6027999352663755 0.45225275680422772 0.26439299620687962
leaf_count=6 4 8 6 4 16 4 8
internal_value=0 -0.00075258 -0.00138899 -0.0027126 0.000300978 -0.00749206 -0.00596943
internal_weight=0 9.65104 8.51115 4.77291 3.73824 1.80876 0.716646
internal_count=56 52 46 24 22 16 12
is_linear=0
shrinkage=0.1


Tree=47
num_leaves=6
num_cat=0
split_feature=0 0 0 0 0
split_gain=0.00570067 0.00577265 0.00764807 0.000317686 0.000213354
threshold=0.73810726100000001 0.71163383855000006 0.59340111745000013 0.5382534683500001 0.56677318590000014
decision_type=2 2 2 2 2
left_child=1 2 3 -1 -5
right_child=-2 -3 -4 4 -6
leaf_value=0.0022835036427382711 -0.0051936681931589743 0.0056009051302572449 -0.0075006828545546708 5.1845767036012196e-05 0.0015273969403071896
leaf_weight=1.7504022233188132 1.7698931545019156 2.1048804074525833 1.2386296223849056 2.3398601338267326 1.6860243650153277
leaf_count=10 16 4 10 4 12
internal_value=0 0.00100795 -0.000370208 0.00115881 0.000669801
internal_weight=0 9.1198 7.01492 5.77629 4.02588
internal_count=56 40 36 26 16
is_linear=0
shrinkage=0.1


Tree=48
num_leaves=7
num_cat=0
split_feature=0 0 0 0 0 0
split_gain=0.00445116 0.00943554 0.00746341 0.000428884 0.000122337 0.000390624
threshold=0.73810726100000001 0.6398056551500001 0.56677318590000014 0.5382534683500001 0.57607773460000011 0.58068926565000012
decision_type=2 2 2 2 2 2
left_child=1 2 3 -1 -4 -6
right_child=-2 -3 4 -5 5 -7
leaf_value=0.0020601649585404182 -0.0045927369858005376 0.0052193668954642475 -0.0075188288189113068 -1.3611063421365216e-05 -0.0040422452889499845 -0.0089003425747768757
leaf_weight=1.7391076348721961 1.7677596956491477 3.2440099194645882 1.0927033051848409 2.3379638902842999 0.44886632449924935 0.26218742318451405
leaf_count=10 16 10 4 4 4 8
internal_value=0 0.000889755 -0.00149857 0.000870975 -0.00685449 -0.00583358
internal_weight=0 9.12484 5.88083 4.07707 1.80376 0.711054
internal_count=56 40 30 14 16 12
is_linear=0
shrinkage=0.1


Tree=49
num_leaves=7
num_cat=0
split_feature=0 0 0 0 0 0
split_gain=0.00424976 0.00379464 0.00522982 0.00104736 0.00147821 0.000853447
threshold=0.73810726100000001 0.6398056551500001 0.56677318590000014 0.57607773460000011 0.58068926565000012 0.5382534683500001
decision_type=2 2 2 2 2 2
left_child=1 2 5 -4 -5 -1
right_child=-2 -3 3 4 -6 -7
leaf_value=0.0030105907684488523 -0.0044923512817313513 0.0036192218117901452 -0.0070973860331114136 0.0014551145409379476 -0.0080530745976762803 8.3564824474719075e-05
leaf_weight=1.7356693744659404 1.7637680172920234 3.236662819981575 1.0888902097940443 0.43353320658206929 0.2625168627128005 2.3379706218838692
leaf_count=10 16 10 4 4 8 4
internal_value=0 0.000871165 -0.000647041 -0.00516068 -0.00213092 0.00133069
internal_weight=0 9.09524 5.85858 1.78494 0.69605 4.07364
internal_count=56 40 30 16 12 14
is_linear=0
shrinkage=0.1


Tree=50
num_leaves=6
num_cat=0
split_feature=0 0 0 0 0
split_gain=0.00421537 0.00777194 0.00330706 0.000566841 0.000281216
threshold=0.83681229955000014 0.59340111745000013 0.71163383855000006 0.5382534683500001 0.56677318590000014
decision_type=2 2 2 2 2
left_child=1 3 -3 -1 -5
right_child=-2 2 -4 4 -6
leaf_value=0.0031218266477594323 0.0054202914093258586 -0.0084923707354083704 -0.0021916898148161882 0.00024802145893283739 0.0019461801830422704
leaf_weight=1.7313435412943343 1.2670577540993697 1.2247753152623775 2.6045649442821741 2.3365252204239368 1.6737252566963432
leaf_count=10 4 10 16 4 12
internal_value=0 -0.00071757 -0.0042069 0.00160963 0.000956768
internal_weight=0 9.57093 3.82934 5.74159 4.01025
internal_count=56 52 26 26 16
is_linear=0
shrinkage=0.1


Tree=51
num_leaves=7
num_cat=0
split_feature=0 0 0 0 0 0
split_gain=0.00480244 0.00850848 0.00542508 0.000128776 6.04037e-05 0.000176567
threshold=0.7601111906500001 0.6398056551500001 0.56677318590000014 0.5382534683500001 0.57607773460000011 0.58068926565000012
decision_type=2 2 2 2 2 2
left_child=1 2 3 -1 -4 -6
right_child=-2 -3 4 -5 5 -7
leaf_value=0.0012572783349552475 -0.0049895935937412216 0.0048911438718300107 -0.0064792639711804684 0.00011774526326289618 -0.0040766822009182194 -0.0073610530997261746
leaf_weight=1.7241259403526763 1.6378224436193711 3.3672384861856699 1.0838461592793462 2.3344826139509678 0.4434372205287217 0.25945488084107637
leaf_count=10 12 14 4 4 4 8
internal_value=0 0.000887057 -0.00141952 0.000601827 -0.00601103 -0.00528902
internal_weight=0 9.21259 5.84535 4.05861 1.78674 0.702892
internal_count=56 44 30 14 16 12
is_linear=0
shrinkage=0.1


Tree=52
num_leaves=7
num_cat=0
split_feature=0 0 0 0 0 0
split_gain=0.00422768 0.00341331 0.00400996 0.000739414 0.0012866 0.000462995
threshold=0.7601111906500001 0.6398056551500001 0.56677318590000014 0.57607773460000011 0.58068926565000012 0.5382534683500001
decision_type=2 2 2 2 2 2
left_child=1 2 5 -4 -5 -1
right_child=-2 -3 3 4 -6 -7
leaf_value=0.0023467501254082956 -0.0046893015677181502 0.0033707982968693056 -0.0062323544324827691 0.0013251787045121953 -0.0075801638680421043 0.00018503990622492091
leaf_weight=1.7220307663083056 1.6325189322233207 3.3614072501659393 1.0813128054141996 0.42901643551886071 0.26088983193039894 2.3332521244883537
leaf_count=10 12 14 4 4 8 4
internal_value=0 0.000833199 -0.000630785 -0.00460033 -0.0020424 0.00110299
internal_weight=0 9.18791 5.8265 1.77122 0.689906 4.05528
internal_count=56 44 30 16 12 14
is_linear=0
shrinkage=0.1


Tree=53
num_leaves=6
num_cat=0
split_feature=0 0 0 0 0
split_gain=0.0038994 0.00770607 0.00395394 0.000221095 0.000460272
threshold=0.83681229955000014 0.59340111745000013 0.71163383855000006 0.5382534683500001 0.56677318590000014
decision_type=2 2 2 2 2
left_child=1 3 -3 -1 -5
right_child=-2 2 -4 4 -6
leaf_value=0.0025830940479645999 0.0052152388095395852 -0.0088532509022507429 -0.0019608394359607925 0.0003197871610560025 0.0024982644179617703
leaf_weight=1.7188084274530391 1.2656965330243117 1.2234910465776923 2.6032456886023283 2.3300983794033532 1.6613730341196058
leaf_count=10 4 10 16 4 12
internal_value=0 -0.000692134 -0.00416449 0.00163486 0.00122654
internal_weight=0 9.53702 3.82674 5.71028 3.99147
internal_count=56 52 26 26 16
is_linear=0
shrinkage=0.1


Tree=54
num_leaves=7
num_cat=0
split_feature=0 0 0 0 0 0
split_gain=0.00439495 0.00874509 0.00507804 4.40374e-05 4.50922e-06 0.000241359
threshold=0.7601111906500001 0.6398056551500001 0.56677318590000014 0.5382534683500001 0.57607773460000011 0.58068926565000012
decision_type=2 2 2 2 2 2
left_child=1 2 3 -1 -4 -6
right_child=-2 -3 4 -5 5 -7
leaf_value=0.00084768675290074289 -0.0047806996453445116 0.0049050365166809764 -0.0058214327561886634 0.00017949964608141207 -0.0047217569623032255 -0.0085627133543822852
leaf_weight=1.7120975777506808 1.6327438112348325 3.3679491356015205 1.0777827352285383 2.3268105313181877 0.44081328436732281 0.26015166193246841
leaf_count=10 12 14 4 4 4 8
internal_value=0 0.000849769 -0.0014979 0.000462745 -0.00594984 -0.00614727
internal_weight=0 9.1856 5.81766 4.03891 1.77875 0.700965
internal_count=56 44 30 14 16 12
is_linear=0
shrinkage=0.1


Tree=55
num_leaves=7
num_cat=0
split_feature=0 0 0 0 0 0
split_gain=0.0040121 0.00379534 0.00396363 0.00033637 0.000256324 0.00216749
threshold=0.7601111906500001 0.6398056551500001 0.56677318590000014 0.5382534683500001 0.57607773460000011 0.58068926565000012
decision_type=2 2 2 2 2 2
left_child=1 2 3 -1 -4 -6
right_child=-2 -3 4 -5 5 -7
leaf_value=0.0020567308019262568 -0.0045739285764701256 0.0034838645604162092 -0.0056536297363483905 0.00020859193888518612 0.0012392961119062039 -0.010287053168942292
leaf_weight=1.7101802304387073 1.6283866707235581 3.3657419700175524 1.0758971348404882 2.3217920735478401 0.42510721646249283 0.26474802754819393
leaf_count=10 12 14 4 4 4 8
internal_value=0 0.000812805 -0.00073782 0.000992489 -0.00468886 -0.00318421
internal_weight=0 9.16347 5.79772 4.03197 1.76575 0.689855
internal_count=56 44 30 14 16 12
is_linear=0
shrinkage=0.1


Tree=56
num_leaves=6
num_cat=0
split_feature=0 0 0 0 0
split_gain=0.00385998 0.00453499 0.0155405 0.000416411 0.000433734
threshold=0.7601111906500001 0.71163383855000006 0.59340111745000013 0.56677318590000014 0.5382534683500001
decision_type=2 2 2 2 2
left_child=1 2 3 4 -1
right_child=-2 -3 -4 -5 -6
leaf_value=0.002397926532644647 -0.0044910179843164182 0.0046893465703858406 -0.010646881590737789 0.0030760288530132158 0.00029552127260810236
leaf_weight=1.7069935165345649 1.6252762656658895 2.2560148853808641 1.233541030436754 1.6508129704743622 2.308101873844862
leaf_count=10 12 8 10 12 4
internal_value=0 0.000797246 -0.000475412 0.00173905 0.00118935
internal_weight=0 9.15546 6.89945 5.66591 4.0151
internal_count=56 44 36 26 14
is_linear=0
shrinkage=0.1


Tree=57
num_leaves=6
num_cat=0
split_feature=0 0 0 0 0
split_gain=0.00440347 0.00274837 0.000306002 0.000291618 1.10642e-06
threshold=0.83681229955000014 0.59340111745000013 0.71163383855000006 0.5382534683500001 0.56677318590000014
decision_type=2 2 2 2 2
left_child=1 3 -3 -1 -5
right_child=-2 2 -4 4 -6
leaf_value=0.0017666411368341376 0.0055424812452362681 -0.004083523111909646 -0.0021782416069026766 0.0001545072059098303 0.00026150235231739996
leaf_weight=1.6955751292407493 1.2654814645648009 1.2395668644458058 2.6345802582800388 2.2930756658315663 1.6705878451466558
leaf_count=10 4 10 16 4 12
internal_value=0 -0.000735722 -0.00278785 0.000669106 0.000199603
internal_weight=0 9.53339 3.87415 5.65924 3.96366
internal_count=56 52 26 26 16
is_linear=0
shrinkage=0.1


Tree=58
num_leaves=9
num_cat=0
split_feature=0 0 0 0 0 0 0 0
split_gain=0.00426721 0.010453 0.0349632 0.00601957 0.000259414 0.000195096 0.000150048 2.30782e-05
threshold=0.6398056551500001 0.73810726100000001 0.83681229955000014 0.56677318590000014 0.57607773460000011 0.77832465235000015 0.58068926565000012 0.5382534683500001
decision_type=2 2 2 2 2 2 2 2
left_child=3 -2 5 7 -5 -3 -6 -1
right_child=1 2 -4 4 6 -7 -8 -9
leaf_value=0.0005874623961947636 0.0055159925021619552 -0.02389805104255974 0.0049115246513669608 -0.0056943955246441524 -0.0092750256349231706 -0.02779155463130803 -0.0062764931850649609 0.00010078724969581693
leaf_weight=1.6920654065907004 3.2405777052044868 0.24397581256926026 1.2694257199764252 1.0749132633209226 0.44654208421707142 0.27237229235470295 0.26647005509585142 2.2972129210829735
leaf_count=10 10 8 4 4 4 4 8 4
internal_value=0 0.0021307 -0.00401248 -0.00185377 -0.00667543 -0.0259519 -0.0081544 0.000307212
internal_weight=0 5.02635 1.78577 5.7772 1.78793 0.516348 0.713012 3.98928
internal_count=56 26 16 30 16 12 12 14
is_linear=0
shrinkage=0.1


Tree=59
num_leaves=7
num_cat=0
split_feature=0 0 0 0 0 0
split_gain=0.00305802 0.00480264 0.00484938 0.000345496 4.91456e-05 0.00565131
threshold=0.7601111906500001 0.6398056551500001 0.56677318590000014 0.5382534683500001 0.57607773460000011 0.58068926565000012
decision_type=2 2 2 2 2 2
left_child=1 2 3 -1 -4 -6
right_child=-2 -3 4 -5 5 -7
leaf_value=0.0019628121823220264 -0.0040033417057275915 0.0037030293919540535 -0.0050046569083246261 8.1199792264467308e-05 0.0011260848467621459 -0.017519283160937073
leaf_weight=1.6906201168894752 1.6205302737653262 3.3786371778696775 1.0703640878200529 2.3081443905830383 0.42006992921233166 0.26517393533140421
leaf_count=10 12 14 4 4 4 8
internal_value=0 0.000710341 -0.00104679 0.000876718 -0.00542799 -0.00608925
internal_weight=0 9.13301 5.75437 3.99876 1.75561 0.685244
internal_count=56 44 30 14 16 12
is_linear=0
shrinkage=0.1


Tree=60
num_leaves=6
num_cat=0
split_feature=0 0 0 0 0
split_gain=0.00362308 0.00675229 0.00189689 0.000503479 0.000459776
threshold=0.59340111745000013 0.83681229955000014 0.71163383855000006 0.56677318590000014 0.5382534683500001
decision_type=2 2 2 2 2
left_child=3 2 -2 4 -1
right_child=1 -3 -4 -5 -6
leaf_value=0.0024001778188996368 -0.0072596770715129127 0.0044053977321049168 -0.0024935872040733613 0.0032297857801077343 0.00022774433274374442
leaf_weight=1.6872723922133448 1.2256240583956244 1.2667808234691618 2.6204806417226791 1.6337322555482385 2.3052228353917599
leaf_count=10 10 4 16 12 4
internal_value=0 -0.00192677 -0.00401238 0.00175097 0.00114584
internal_weight=0 5.11289 3.8461 5.62623 3.9925
internal_count=56 30 26 26 14
is_linear=0
shrinkage=0.1


Tree=61
num_leaves=9
num_cat=0
split_feature=0 0 0 0 0 0 0 0
split_gain=0.00413123 0.0320552 0.00609956 0.00287273 3.04045e-05 2.97237e-05 2.88905e-05 2.43374e-05
threshold=0.73810726100000001 0.83681229955000014 0.6398056551500001 0.56677318590000014 0.77832465235000015 0.5382534683500001 0.57607773460000011 0.58068926565000012
decision_type=2 2 2 2 2 2 2 2
left_child=2 4 3 5 -2 -1 -5 -8
right_child=1 -3 -4 6 -6 -7 7 -9
leaf_value=0.00071308576509675973 -0.026736696548076568 0.0040140331437837854 0.0043390972346854665 -0.0047909493033028751 -0.025171195965859889 0.00016044252479755801 -0.004413490577769524 -0.0031737146339699315
leaf_weight=1.6821706257760509 0.23128809593617972 1.2713906168937683 3.2402856834232807 1.068453177809715 0.26759399473667145 2.3092535622417927 0.43048853613436211 0.25046258233487606
leaf_count=10 8 4 10 4 4 4 4 8
internal_value=0 -0.00441522 0.000870292 -0.0010876 -0.025897 0.000393352 -0.00446653 -0.00395749
internal_weight=0 1.77027 8.98111 5.74083 0.498882 3.99142 1.7494 0.680951
internal_count=56 16 40 30 12 14 16 12
is_linear=0
shrinkage=0.1


Tree=62
num_leaves=7
num_cat=0
split_feature=0 0 0 0 0 0
split_gain=0.00293526 0.00468333 0.00418402 0.000233969 0.00668854 0.000198661
threshold=0.7601111906500001 0.6398056551500001 0.56677318590000014 0.57607773460000011 0.58068926565000012 0.5382534683500001
decision_type=2 2 2 2 2 2
left_child=1 2 5 -4 -5 -1
right_child=-2 -3 3 4 -6 -7
leaf_value=0.0015687409257877584 -0.0039282245045961445 0.0036477566425387438 -0.0042083771712079577 0.0012836998352389367 -0.019124137561800637 0.00013877285395422307
leaf_weight=1.6803672425448879 1.6155909113585956 3.3814041279256344 1.0644941106438635 0.41650358587503422 0.26138104684650898 2.3031522184610367
leaf_count=10 12 14 4 4 8 4
internal_value=0 0.000696848 -0.0010458 -0.00513311 -0.00658522 0.000741976
internal_weight=0 9.1073 5.7259 1.74238 0.677885 3.98352
internal_count=56 44 30 16 12 14
is_linear=0
shrinkage=0.1


Tree=63
num_leaves=6
num_cat=0
split_feature=0 0 0 0 0
split_gain=0.00379182 0.00545847 0.00182442 0.000758286 0.000305526
threshold=0.59340111745000013 0.83681229955000014 0.71163383855000006 0.56677318590000014 0.5382534683500001
decision_type=2 2 2 2 2
left_child=3 2 -2 4 -1
right_child=1 -3 -4 -5 -6
leaf_value=0.0020801735148518528 -0.0070463030402780017 0.0037115361343778978 -0.0023632728837484594 0.0036183429004334185 0.00030686633030235061
leaf_weight=1.6774986982345583 1.2213386967778208 1.268685922026634 2.6089776791632175 1.6208741990849374 2.3088189736008644
leaf_count=10 10 4 16 12 4
internal_value=0 -0.0019735 -0.00385651 0.00179464 0.0010531
internal_weight=0 5.099 3.83032 5.60719 3.98632
internal_count=56 30 26 26 14
is_linear=0
shrinkage=0.1


Tree=64
num_leaves=7
num_cat=0
split_feature=0 0 0 0 0 0
split_gain=0.00396368 0.00508916 0.00239285 0.00107502 1.37341e-05 0.000110205
threshold=0.73810726100000001 0.6398056551500001 0.44592917160000006 0.56677318590000014 0.57607773460000011 0.58068926565000012
decision_type=2 2 2 2 2 2
left_child=1 2 -1 -4 -5 -6
right_child=-2 -3 3 4 5 -7
leaf_value=0.0032602843398234862 -0.0043370819710799782 0.0040171264002335288 -0.00075713094044146565 -0.0041308611413044911 -0.0045162211486002449 -0.0018438238244067502
leaf_weight=1.0952093005180339 1.7610402293503291 3.2424972951412201 2.88883251324296 1.0635649189352987 0.42797167226672161 0.24132621008902788
leaf_count=6 16 10 8 4 4 8
internal_value=0 0.000852487 -0.000942424 -0.00193835 -0.00390753 -0.00355264
internal_weight=0 8.9594 5.7169 4.6217 1.73286 0.669298
internal_count=56 40 30 24 16 12
is_linear=0
shrinkage=0.1


Tree=65
num_leaves=7
num_cat=0
split_feature=0 0 0 0 0 0
split_gain=0.00327864 0.00220291 0.00125086 0.000454226 0.000190323 4.3828e-05
threshold=0.73810726100000001 0.6398056551500001 0.56677318590000014 0.57607773460000011 0.58068926565000012 0.5382534683500001
decision_type=2 2 2 2 2 2
left_child=1 2 5 -4 -5 -1
right_child=-2 -3 3 4 -6 -7
leaf_value=0.00096371336307202779 -0.0039474453397599901 0.0028612214100440943 -0.0039251161044711351 0.0007181952988742947 -0.0028063513256311691 0.00028971146242285929
leaf_weight=1.6566878817975506 1.7579369060695178 3.2346627302467823 1.0692567154765127 0.41438082978129376 0.24308528192341328 2.3100643716752529
leaf_count=10 16 10 4 4 8 4
internal_value=0 0.000777248 -0.00040673 -0.00265331 -0.000584937 0.000571204
internal_weight=0 8.92814 5.69348 1.72672 0.657466 3.96675
internal_count=56 40 30 16 12 14
is_linear=0
shrinkage=0.1


Tree=66
num_leaves=6
num_cat=0
split_feature=0 0 0 0 0
split_gain=0.00293269 0.0054603 0.00200092 0.000831568 0.000102574
threshold=0.59340111745000013 0.83681229955000014 0.71163383855000006 0.56677318590000014 0.5382534683500001
decision_type=2 2 2 2 2
left_child=3 2 -2 4 -1
right_child=1 -3 -4 -5 -6
leaf_value=0.0014019010656491373 -0.0069719935825048873 0.0039535043182768624 -0.0020593814534554614 0.0034886042543935541 0.00037042520780517662
leaf_weight=1.6553089916706087 1.2162886187434199 1.266418285667896 2.6044290475547314 1.6226643603295086 2.308802742511034
leaf_count=10 10 4 16 12 4
internal_value=0 -0.00173706 -0.00362326 0.00158171 0.000801142
internal_weight=0 5.08714 3.82072 5.58678 3.96411
internal_count=56 30 26 26 14
is_linear=0
shrinkage=0.1


Tree=67
num_leaves=7
num_cat=0
split_feature=0 0 0 0 0 0
split_gain=0.00325416 0.00514521 0.00195015 5.89423e-06 1.29995e-07 9.06505e-05
threshold=0.73810726100000001 0.6398056551500001 0.56677318590000014 0.5382534683500001 0.57607773460000011 0.58068926565000012
decision_type=2 2 2 2 2 2
left_child=1 2 3 -1 -4 -6
right_child=-2 -3 4 -5 5 -7
leaf_value=4.3184181379571707e-05 -0.0039362802668708981 0.0039558978538462193 -0.0038559445367047918 0.00029056590690070808 -0.0046730217335188692 -0.0022377375069008317
leaf_weight=1.6513049378991111 1.7553443796932704 3.23853375390172 1.0684158727526663 2.3111612722277641 0.42619119770824898 0.23832709994167089
leaf_count=10 16 10 4 4 4 8
internal_value=0 0.000773399 -0.00103624 0.000187473 -0.00383434 -0.00379962
internal_weight=0 8.93393 5.6954 3.96247 1.73293 0.664518
internal_count=56 40 30 14 16 12
is_linear=0
shrinkage=0.1


Tree=68
num_leaves=7
num_cat=0
split_feature=0 0 0 0 0 0
split_gain=0.00277613 0.00166004 0.00134253 0.000614732 0.000456495 0.00021516
threshold=0.73810726100000001 0.6398056551500001 0.44592917160000006 0.56677318590000014 0.57607773460000011 0.58068926565000012
decision_type=2 2 2 2 2 2
left_child=1 2 -1 -4 -5 -6
right_child=-2 -3 3 4 5 -7
leaf_value=0.0028562222569906543 -0.0036389723880495754 0.0025239930404054043 -0.00016626356632328668 -0.0038287205460893559 0.00091271903445164248 -0.0028551450317047212
leaf_weight=1.0814104005694369 1.7521042991429574 3.2334876880049706 2.8805067241191864 1.0677439868450163 0.4126959666609763 0.23951186425983906
leaf_count=6 16 10 8 4 4 8
internal_value=0 0.000715156 -0.000314234 -0.0010595 -0.00255545 -0.000470963
internal_weight=0 8.91536 5.68187 4.60046 1.71995 0.652208
internal_count=56 40 30 24 16 12
is_linear=0
shrinkage=0.1


Tree=69
num_leaves=6
num_cat=0
split_feature=0 0 0 0 0
split_gain=0.00258879 0.00553836 0.00186777 0.00083054 5.67026e-05
threshold=0.59340111745000013 0.83681229955000014 0.71163383855000006 0.56677318590000014 0.5382534683500001
decision_type=2 2 2 2 2
left_child=3 2 -2 4 -1
right_child=1 -3 -4 -5 -6
leaf_value=0.0011553469523242282 -0.0067795267163456591 0.0041006869576171341 -0.0020253930650262694 0.0033924709909502367 0.000386339177895845
leaf_weight=1.6391817107796671 1.2112298887223008 1.2647636532783506 2.6008763611316681 1.6231942391023038 2.3101265281438828
leaf_count=10 10 4 16 12 4
internal_value=0 -0.00163348 -0.00353594 0.00148819 0.00070552
internal_weight=0 5.07687 3.81211 5.5725 3.94931
internal_count=56 30 26 26 14
is_linear=0
shrinkage=0.1


Tree=70
num_leaves=7
num_cat=0
split_feature=0 0 0 0 0 0
split_gain=0.0027967 0.00487857 0.00178769 1.75783e-05 3.08146e-06 9.84136e-05
threshold=0.73810726100000001 0.6398056551500001 0.56677318590000014 0.5382534683500001 0.57607773460000011 0.58068926565000012
decision_type=2 2 2 2 2 2
left_child=1 2 3 -1 -4 -6
right_child=-2 -3 4 -5 5 -7
leaf_value=-0.00012436238641269116 -0.0036547259088685587 0.0038163148771851335 -0.0036230024143723127 0.00030402049410607236 -0.0048061945135218671 -0.0022563370004899963
leaf_weight=1.6355376094579681 1.7502009663730866 3.2361970357596874 1.0711937099695203 2.3118769451975822 0.42483022809028614 0.23514471296221018
leaf_count=10 16 10 4 4 4 8
internal_value=0 0.000717515 -0.00104848 0.000126528 -0.00372772 -0.0038977
internal_weight=0 8.91478 5.67858 3.94741 1.73117 0.659975
internal_count=56 40 30 14 16 12
is_linear=0
shrinkage=0.1


Tree=71
num_leaves=7
num_cat=0
split_feature=0 0 0 0 0 0
split_gain=0.00241129 0.00151966 0.0010981 0.000391306 0.000187568 5.04264e-05
threshold=0.73810726100000001 0.6398056551500001 0.56677318590000014 0.57607773460000011 0.58068926565000012 0.5382534683500001
decision_type=2 2 2 2 2 2
left_child=1 2 5 -4 -5 -1
right_child=-2 -3 3 4 -6 -7
leaf_value=0.0010234207563045361 -0.0033965037283272582 0.0023974254453605192 -0.0036039538544625029 0.00079981304023275422 -0.0027362944955384924 0.00029783457650531866
leaf_weight=1.6351352185010894 1.7471022121608264 3.2315994054079056 1.0706203803420065 0.41135258227586735 0.23610546812415123 2.3122686557471752
leaf_count=10 16 10 4 4 8 4
internal_value=0 0.000666972 -0.000320081 -0.00243034 -0.000489683 0.000598395
internal_weight=0 8.89708 5.66548 1.71808 0.647458 3.9474
internal_count=56 40 30 16 12 14
is_linear=0
shrinkage=0.1


Tree=72
num_leaves=6
num_cat=0
split_feature=0 0 0 0 0
split_gain=0.00270082 0.00578038 0.00156938 0.000768272 8.90719e-05
threshold=0.59340111745000013 0.83681229955000014 0.71163383855000006 0.56677318590000014 0.5382534683500001
decision_type=2 2 2 2 2
left_child=3 2 -2 4 -1
right_child=1 -3 -4 -5 -6
leaf_value=0.0013335443051959049 -0.0065956600588824021 0.0041905766121151048 -0.002231757836743458 0.0033552629637729151 0.00036890405450145709
leaf_weight=1.6337429471313956 1.2067333497107031 1.2635841667652128 2.5989650227129459 1.6191964875906704 2.3115752898156643
leaf_count=10 10 4 16 12 4
internal_value=0 -0.00166973 -0.00361549 0.00152111 0.000768358
internal_weight=0 5.06928 3.8057 5.56451 3.94532
internal_count=56 30 26 26 14
is_linear=0
shrinkage=0.1


Tree=73
num_leaves=7
num_cat=0
split_feature=0 0 0 0 0 0
split_gain=0.00244502 0.00425803 0.00170928 8.36021e-06 2.76181e-06 8.49908e-05
threshold=0.73810726100000001 0.6398056551500001 0.56677318590000014 0.5382534683500001 0.57607773460000011 0.58068926565000012
decision_type=2 2 2 2 2 2
left_child=1 2 3 -1 -4 -6
right_child=-2 -3 4 -5 5 -7
leaf_value=-6.1459781795379098e-06 -0.003422050624412273 0.0035655176168622941 -0.0035078756085206416 0.00028954751570579108 -0.0046123253410186409 -0.0022312372517290405
leaf_weight=1.6301385127007946 1.7456367723643786 3.2353112399578094 1.0696745440363882 2.3126821182668209 0.42304625548422325 0.2321796165779233
leaf_count=10 16 10 4 4 4 8
internal_value=0 0.000670964 -0.000981338 0.000167295 -0.00360691 -0.00376859
internal_weight=0 8.90303 5.66772 3.94282 1.7249 0.655226
internal_count=56 40 30 14 16 12
is_linear=0
shrinkage=0.1


Tree=74
num_leaves=6
num_cat=0
split_feature=0 0 0 0 0
split_gain=0.00238728 0.00472697 0.000973829 0.000684844 5.47179e-05
threshold=0.83681229955000014 0.59340111745000013 0.71163383855000006 0.56677318590000014 0.5382534683500001
decision_type=2 2 2 2 2
left_child=1 3 -3 4 -1
right_child=-2 2 -4 -5 -6
leaf_value=0.0010398605899765271 0.004077913757968738 -0.0056152214122269237 -0.00217690676474077 0.0030389513728305453 0.00028335079350179701
leaf_weight=1.6296636536717399 1.264758966863156 1.2066188305616381 2.5959865488111973 1.6186541765928266 2.3132101334631443
leaf_count=10 4 10 16 12 4
internal_value=0 -0.000550779 -0.00326793 0.00130703 0.00059603
internal_weight=0 9.36413 3.80261 5.56153 3.94287
internal_count=56 52 26 26 14
is_linear=0
shrinkage=0.1


Tree=75
num_leaves=7
num_cat=0
split_feature=0 0 0 0 0 0
split_gain=0.00239565 0.0046164 0.00164205 1.26243e-05 6.28352e-06 9.6969e-05
threshold=0.73810726100000001 0.6398056551500001 0.56677318590000014 0.5382534683500001 0.57607773460000011 0.58068926565000012
decision_type=2 2 2 2 2 2
left_child=1 2 3 -1 -4 -6
right_child=-2 -3 4 -5 5 -7
leaf_value=-0.00014568606076344954 -0.003388614273271839 0.0036765751886663478 -0.0034850457369028538 0.00021786261766066199 -0.0047785149521771724 -0.0022264157294038956
leaf_weight=1.6267574913799747 1.7443749234080321 3.2369113452732563 1.0693390443921087 2.3136705607175827 0.42233944311738003 0.22993633057922125
leaf_count=10 16 10 4 4 4 8
internal_value=0 0.000664239 -0.00105787 6.7776e-05 -0.00363425 -0.00387886
internal_weight=0 8.89895 5.66204 3.94043 1.72161 0.652276
internal_count=56 40 30 14 16 12
is_linear=0
shrinkage=0.1


Tree=76
num_leaves=6
num_cat=0
split_feature=0 0 0 0 0
split_gain=0.00227174 0.00432061 0.000733764 0.000688223 5.48518e-05
threshold=0.83681229955000014 0.59340111745000013 0.71163383855000006 0.56677318590000014 0.5382534683500001
decision_type=2 2 2 2 2
left_child=1 3 -3 4 -1
right_child=-2 2 -4 -5 -6
leaf_value=0.00097147647634550794 0.0039763863807493628 -0.0051738946602637899 -0.0021886707885799303 0.0029767981444009505 0.00021368512649174275
leaf_weight=1.6264949925243839 1.2655867412686355 1.206256475299597 2.594112254679203 1.6163716865703461 2.3143351189792156
leaf_count=10 4 10 16 12 4
internal_value=0 -0.000537794 -0.0031362 0.00123916 0.000526448
internal_weight=0 9.35757 3.80037 5.5572 3.94083
internal_count=56 52 26 26 14
is_linear=0
shrinkage=0.1


Tree=77
num_leaves=7
num_cat=0
split_feature=0 0 0 0 0 0
split_gain=0.00232649 0.00456097 0.00151961 1.00185e-05 1.69554e-06 6.58878e-05
threshold=0.73810726100000001 0.6398056551500001 0.56677318590000014 0.5382534683500001 0.57607773460000011 0.58068926565000012
decision_type=2 2 2 2 2 2
left_child=1 2 3 -1 -4 -6
right_child=-2 -3 4 -5 5 -7
leaf_value=-0.00016667962423703563 -0.0033405865057953275 0.0036475421952934708 -0.0034633795252800637 0.00015732626882549038 -0.0044106125081485271 -0.0022997247160313435
leaf_weight=1.6238909587264045 1.7431308384984738 3.2381435818970203 1.0690495446324346 2.3144989274442196 0.42050195112824429 0.22806721739470959
leaf_count=10 16 10 4 4 4 8
internal_value=0 0.000654704 -0.00105874 2.3731e-05 -0.00354077 -0.00366833
internal_weight=0 8.89415 5.65601 3.93839 1.71762 0.648569
internal_count=56 40 30 14 16 12
is_linear=0
shrinkage=0.1


Tree=78
num_leaves=6
num_cat=0
split_feature=0 0 0 0 0
split_gain=0.00216914 0.00404189 0.000688805 0.000569069 5.70713e-05
threshold=0.83681229955000014 0.59340111745000013 0.56677318590000014 0.71163383855000006 0.5382534683500001
decision_type=2 2 2 2 2
left_child=1 2 4 -3 -1
right_child=-2 3 -4 -5 -6
leaf_value=0.00093503337841997845 0.0038842036260816242 -0.0048343025326056995 0.0029332314233335485 -0.0022048672486124966 0.00016172820202871272
leaf_weight=1.6236996576189979 1.2662829384207732 1.2059425637125971 1.6142144827172158 2.5924967117607594 2.3151555694639683
leaf_count=10 4 10 12 16 4
internal_value=0 -0.000525958 0.00119348 -0.00303967 0.000480505
internal_weight=0 9.35151 5.55307 3.79844 3.93886
internal_count=56 52 26 26 14
is_linear=0
shrinkage=0.1


Tree=79
num_leaves=7
num_cat=0
split_feature=0 0 0 0 0 0
split_gain=0.00225043 0.00445637 0.00142164 7.68927e-06 1.32268e-07 4.30409e-05
threshold=0.73810726100000001 0.6398056551500001 0.56677318590000014 0.5382534683500001 0.57607773460000011 0.58068926565000012
decision_type=2 2 2 2 2 2
left_child=1 2 3 -1 -4 -6
right_child=-2 -3 4 -5 5 -7
leaf_value=-0.00017156220172507802 -0.0032867553677053602 0.0036011031419172406 -0.00343343035936753 0.00011240852715392374 -0.0040911296564173473 -0.0023797557461037368
leaf_weight=1.6213142983615383 1.7418876867741353 3.2392766922712326 1.0687280967831609 2.3151254281401634 0.41891118884086598 0.22636965941637754
leaf_count=10 16 10 4 4 4 8
internal_value=0 0.000644016 -0.00105122 -4.55143e-06 -0.00345502 -0.00349077
internal_weight=0 8.88973 5.65045 3.93644 1.71401 0.645281
internal_count=56 40 30 14 16 12
is_linear=0
shrinkage=0.1


Tree=80
num_leaves=6
num_cat=0
split_feature=0 0 0 0 0
split_gain=0.00207573 0.00382126 0.000684671 0.000448208 5.88995e-05
threshold=0.83681229955000014 0.59340111745000013 0.56677318590000014 0.71163383855000006 0.5382534683500001
decision_type=2 2 2 2 2
left_child=1 2 4 -3 -1
right_child=-2 3 -4 -5 -6
leaf_value=0.0009091034012468068 0.0037984954673340311 -0.0045523005539674184 0.002893405986085661 -0.0022183375227166559 0.00012319407589217915
leaf_weight=1.6211799532175049 1.2668901160359389 1.2056609094142916 1.612245758064091 2.5910095609724522 2.3157723657786846
leaf_count=10 4 10 12 16 4
internal_value=0 -0.000514909 0.00115764 -0.0029595 0.00044682
internal_weight=0 9.34587 5.5492 3.79667 3.93695
internal_count=56 52 26 26 14
is_linear=0
shrinkage=0.1


Tree=81
num_leaves=7
num_cat=0
split_feature=0 0 0 0 0 0
split_gain=0.00217193 0.00433665 0.0013436 5.98351e-06 8.93682e-08 2.78967e-05
threshold=0.73810726100000001 0.6398056551500001 0.56677318590000014 0.5382534683500001 0.57607773460000011 0.58068926565000012
decision_type=2 2 2 2 2 2
left_child=1 2 3 -1 -4 -6
right_child=-2 -3 4 -5 5 -7
leaf_value=-0.00017117086009721006 -0.0032301452073129552 0.0035487413325964341 -0.0033983019620173389 7.9425917913327317e-05 -0.0038346275431762862 -0.0024529370108311603
leaf_weight=1.6189685985445961 1.7406435087323195 3.2403138615190983 1.0683867260813711 2.3156052455306053 0.4175644852221011 0.22479429561644793
leaf_count=10 16 10 4 4 4 8
internal_value=0 0.000632766 -0.00104095 -2.36877e-05 -0.00338058 -0.0033511
internal_weight=0 8.88563 5.64532 3.93457 1.71075 0.642359
internal_count=56 40 30 14 16 12
is_linear=0
shrinkage=0.1


Tree=82
num_leaves=6
num_cat=0
split_feature=0 0 0 0 0
split_gain=0.0019913 0.00363956 0.000678073 0.00035771 5.97953e-05
threshold=0.83681229955000014 0.59340111745000013 0.56677318590000014 0.71163383855000006 0.5382534683500001
decision_type=2 2 2 2 2
left_child=1 2 4 -3 -1
right_child=-2 3 -4 -5 -6
leaf_value=0.00088713922548432685 0.0037194410536867464 -0.0043139115942418017 0.0028567759001365549 -0.0022285057273736105 9.4977159737480142e-05
leaf_weight=1.6188717186450943 1.2674204334616668 1.2053874759003522 1.6104232771322129 2.5896087102591991 2.3162443861365318
leaf_count=10 4 10 12 16 4
internal_value=0 -0.000504695 0.00112825 -0.00289088 0.000420866
internal_weight=0 9.34054 5.54554 3.795 3.93512
internal_count=56 52 26 26 14
is_linear=0
shrinkage=0.1


Tree=83
num_leaves=7
num_cat=0
split_feature=0 0 0 0 0 0
split_gain=0.00209391 0.00421273 0.00127795 4.91191e-06 5.57605e-07 1.799e-05
threshold=0.73810726100000001 0.6398056551500001 0.56677318590000014 0.5382534683500001 0.57607773460000011 0.58068926565000012
decision_type=2 2 2 2 2 2
left_child=1 2 3 -1 -4 -6
right_child=-2 -3 4 -5 5 -7
leaf_value=-0.00017145048625632337 -0.003172797702230834 0.003494346257548206 -0.0033580015040473436 5.5682028590448022e-05 -0.0036282935784233764 -0.0025158153182744292
leaf_weight=1.616803996264933 1.7394099887460477 3.2412658371031284 1.0680249407887457 2.3159783780574799 0.41640657745301712 0.22331726644188166
leaf_count=10 16 10 4 4 4 8
internal_value=0 0.000621356 -0.00102957 -3.76943e-05 -0.00331378 -0.00323995
internal_weight=0 8.8818 5.64053 3.93278 1.70775 0.639724
internal_count=56 40 30 14 16 12
is_linear=0
shrinkage=0.1


Tree=84
num_leaves=6
num_cat=0
split_feature=0 0 0 0 0
split_gain=0.00191377 0.00348601 0.000671331 0.000289215 5.9646e-05
threshold=0.83681229955000014 0.59340111745000013 0.56677318590000014 0.71163383855000006 0.5382534683500001
decision_type=2 2 2 2 2
left_child=1 2 4 -3 -1
right_child=-2 3 -4 -5 -6
leaf_value=0.00086588933812813552 0.0036454300018885348 -0.0041104561124406672 0.0028245894497164656 -0.0022350099928745092 7.4436206959754608e-05
leaf_weight=1.6167386770248398 1.2678938657045371 1.2051167953759434 1.608716459944844 2.588271414861083 2.3166140466928482
leaf_count=10 4 10 12 16 4
internal_value=0 -0.000495109 0.00110362 -0.00283082 0.00039975
internal_weight=0 9.33546 5.54207 3.79339 3.93335
internal_count=56 52 26 26 14
is_linear=0
shrinkage=0.1


Tree=85
num_leaves=7
num_cat=0
split_feature=0 0 0 0 0 0
split_gain=0.00201708 0.00408648 0.0012218 4.18515e-06 1.12691e-06 1.15611e-05
threshold=0.73810726100000001 0.6398056551500001 0.56677318590000014 0.5382534683500001 0.57607773460000011 0.58068926565000012
decision_type=2 2 2 2 2 2
left_child=1 2 3 -1 -4 -6
right_child=-2 -3 4 -5 5 -7
leaf_value=-0.0001712277603002927 -0.0031152150310719221 0.0034385825028910091 -0.0033157950751591808 3.8500345845957518e-05 -0.003459064244465087 -0.0025650409607893949
leaf_weight=1.6147994697093948 1.7381832376122481 3.2421349324285984 1.0676586851477621 2.3162776157259941 0.41539446264505375 0.22191947884857655
leaf_count=10 16 10 4 4 4 8
internal_value=0 0.000609897 -0.0010173 -4.76513e-05 -0.00325298 -0.00314776
internal_weight=0 8.87818 5.63605 3.93108 1.70497 0.637314
internal_count=56 40 30 14 16 12
is_linear=0
shrinkage=0.1


Tree=86
num_leaves=6
num_cat=0
split_feature=0 0 0 0 0
split_gain=0.0018417 0.00335317 0.000663439 0.00023652 5.89393e-05
threshold=0.83681229955000014 0.59340111745000013 0.56677318590000014 0.71163383855000006 0.5382534683500001
decision_type=2 2 2 2 2
left_child=1 2 4 -3 -1
right_child=-2 3 -4 -5 -6
leaf_value=0.00084657060559686502 0.0035753525706457103 -0.003934456567029683 0.0027943324966452901 -0.0022381813735863521 5.9557783545606747e-05
leaf_weight=1.6147669963538631 1.2683186531066901 1.2048385553061964 1.6071200454607604 2.5869802162051201 2.3169090561568737
leaf_count=10 4 10 12 16 4
internal_value=0 -0.000486001 0.00108252 -0.00277717 0.000382789
internal_weight=0 9.33061 5.5388 3.79182 3.93168
internal_count=56 52 26 26 14
is_linear=0
shrinkage=0.1


Tree=87
num_leaves=7
num_cat=0
split_feature=0 0 0 0 0 0
split_gain=0.00194182 0.00396079 0.00117094 3.81521e-06 1.64574e-06 7.36695e-06
threshold=0.73810726100000001 0.6398056551500001 0.56677318590000014 0.5382534683500001 0.57607773460000011 0.58068926565000012
decision_type=2 2 2 2 2 2
left_child=1 2 3 -1 -4 -6
right_child=-2 -3 4 -5 5 -7
leaf_value=-0.00017364306971180468 -0.0030576845434023177 0.0033824470451775147 -0.0032711755422573292 2.6665578061306358e-05 -0.0033163317408994829 -0.0026009974257215169
leaf_weight=1.6129230670630916 1.7369700185954577 3.2429337613284588 1.0672872513532636 2.3165173269808292 0.41449212096631516 0.2205877834931016
leaf_count=10 16 10 4 4 4 8
internal_value=0 0.000598454 -0.00100464 -5.55554e-05 -0.00319533 -0.00306787
internal_weight=0 8.87474 5.63181 3.92944 1.70237 0.63508
internal_count=56 40 30 14 16 12
is_linear=0
shrinkage=0.1


Tree=88
num_leaves=6
num_cat=0
split_feature=0 0 0 0 0
split_gain=0.00177486 0.00323607 0.000656117 0.000195248 5.74512e-05
threshold=0.83681229955000014 0.59340111745000013 0.56677318590000014 0.71163383855000006 0.5382534683500001
decision_type=2 2 2 2 2
left_child=1 2 4 -3 -1
right_child=-2 3 -4 -5 -6
leaf_value=0.00082640669045620264 0.0035091762827430375 -0.0037801338158160343 0.0027672817866129778 -0.002238703774616387 4.9146954695147895e-05
leaf_weight=1.612920887768267 1.2687064409255988 1.2045570528134706 1.6056082630529998 2.5857321042567492 2.3171452842652798
leaf_count=10 4 10 12 16 4
internal_value=0 -0.000477387 0.001064 -0.00272857 0.000368139
internal_weight=0 9.32596 5.53567 3.79029 3.93007
internal_count=56 52 26 26 14
is_linear=0
shrinkage=0.1


Tree=89
num_leaves=7
num_cat=0
split_feature=0 0 0 0 0 0
split_gain=0.00186927 0.0038389 0.00112654 3.60655e-06 1.99968e-06 4.72126e-06
threshold=0.73810726100000001 0.6398056551500001 0.56677318590000014 0.5382534683500001 0.57607773460000011 0.58068926565000012
decision_type=2 2 2 2 2 2
left_child=1 2 3 -1 -4 -6
right_child=-2 -3 4 -5 5 -7
leaf_value=-0.00017620300652865497 -0.0030011367454326589 0.0033272379848867219 -0.0032262445048540003 1.8610103187582285e-05 -0.0032007440189571199 -0.0026268145440228783
leaf_weight=1.6111753620207294 1.7357743233442313 3.2436653338372707 1.0669198781251905 2.3167133629322052 0.41369095817208279 0.21931800153106451
leaf_count=10 16 10 4 4 4 8
internal_value=0 0.000587196 -0.000992063 -6.13e-05 -0.0031427 -0.0030019
internal_weight=0 8.87148 5.62782 3.92789 1.69993 0.633009
internal_count=56 40 30 14 16 12
is_linear=0
shrinkage=0.1


Tree=90
num_leaves=6
num_cat=0
split_feature=0 0 0 0 0
split_gain=0.00171245 0.00313318 0.000648782 0.000162894 5.56406e-05
threshold=0.83681229955000014 0.59340111745000013 0.56677318590000014 0.71163383855000006 0.5382534683500001
decision_type=2 2 2 2 2
left_child=1 2 4 -3 -1
right_child=-2 3 -4 -5 -6
leaf_value=0.00080733005188492234 0.0034462875767964536 -0.0036452440820237547 0.002742578004209574 -0.0022370883807604353 4.2188192489884095e-05
leaf_weight=1.611198909580706 1.2690607160329825 1.2042727507650854 1.6041776621714232 2.5845265090465546 2.3173375688493252
leaf_count=10 4 10 12 16 4
internal_value=0 -0.000469191 0.00104797 -0.00268467 0.000355994
internal_weight=0 9.32151 5.53271 3.7888 3.92854
internal_count=56 52 26 26 14
is_linear=0
shrinkage=0.1


Tree=91
num_leaves=7
num_cat=0
split_feature=0 0 0 0 0 0
split_gain=0.00179931 0.00371864 0.00113009 0.000552518 2.26884e-06 3.02082e-06
threshold=0.73810726100000001 0.6398056551500001 0.44592917160000006 0.56677318590000014 0.57607773460000011 0.58068926565000012
decision_type=2 2 2 2 2 2
left_child=1 2 -1 -4 -5 -6
right_child=-2 -3 3 4 5 -7
leaf_value=0.0019606284665258022 -0.0029455197715280864 0.0032721855972405408 -0.00081571292179454479 -0.0031812257497409284 -0.0031010087684694354 -0.0026409481705806778
leaf_weight=1.0609395205974559 1.7345981840044267 3.24434719607234 2.8654701001942158 1.0665584206581114 0.41296251863241185 0.21810047328472137
leaf_count=6 16 10 8 4 4 8
internal_value=0 0.000576121 -0.000979164 -0.00166268 -0.0030923 -0.00294201
internal_weight=0 8.86838 5.62403 4.56309 1.69762 0.631063
internal_count=56 40 30 24 16 12
is_linear=0
shrinkage=0.1


Tree=92
num_leaves=6
num_cat=0
split_feature=0 0 0 0 0
split_gain=0.00166531 0.00260241 0.000731461 0.000199023 6.7079e-06
threshold=0.83681229955000014 0.59340111745000013 0.56677318590000014 0.71163383855000006 0.5382534683500001
decision_type=2 2 2 2 2
left_child=1 2 4 -3 -1
right_child=-2 3 -4 -5 -6
leaf_value=0.00034143729978853985 0.0033979486810854637 -0.0035444375025436674 0.0027178051136788994 -0.0019876287604932027 7.524018311875336e-05
leaf_weight=1.6004527509212478 1.2692762240767486 1.204143454320729 1.6064986400306223 2.5819041971117258 2.3171902820467949
leaf_count=10 4 10 12 16 4
internal_value=0 -0.000463248 0.000920858 -0.00248277 0.000183988
internal_weight=0 9.31019 5.52414 3.78605 3.91764
internal_count=56 52 26 26 14
is_linear=0
shrinkage=0.1


Tree=93
num_leaves=7
num_cat=0
split_feature=0 0 0 0 0 0
split_gain=0.00172753 0.00393394 0.00096895 2.61784e-05 3.07047e-08 4.94745e-06
threshold=0.73810726100000001 0.6398056551500001 0.56677318590000014 0.5382534683500001 0.57607773460000011 0.58068926565000012
decision_type=2 2 2 2 2 2
left_child=1 2 3 -1 -4 -6
right_child=-2 -3 4 -5 5 -7
leaf_value=-0.0004826205583855674 -0.0028869645090961356 0.0033373505093555809 -0.0030411585837138285 4.33917173666066e-05 -0.003216691414305882 -0.0026267450466412835
leaf_weight=1.5992091894149765 1.7335216328501708 3.2439671382308006 1.0700053572654722 2.3168173581361771 0.41236625425517548 0.21693652216345072
leaf_count=10 16 10 4 4 4 8
internal_value=0 0.000564901 -0.00103674 -0.000171419 -0.00303085 -0.00301332
internal_weight=0 8.8593 5.61533 3.91603 1.69931 0.629303
internal_count=56 40 30 14 16 12
is_linear=0
shrinkage=0.1


Tree=94
num_leaves=6
num_cat=0
split_feature=0 0 0 0 0
split_gain=0.00161154 0.0028564 0.000695155 0.000167547 2.59113e-05
threshold=0.83681229955000014 0.59340111745000013 0.56677318590000014 0.71163383855000006 0.5382534683500001
decision_type=2 2 2 2 2
left_child=1 2 4 -3 -1
right_child=-2 3 -4 -5 -6
leaf_value=0.00058586789573134869 0.0033422276405451578 -0.003546218706904262 0.0027472099490622975 -0.0021175617884917767 6.2609658989734116e-05
leaf_weight=1.5995253622531875 1.2695147544145591 1.2035854728892448 1.6051454590633509 2.5816164668649435 2.3175227977335453
leaf_count=10 4 10 12 16 4
internal_value=0 -0.000455877 0.000994511 -0.00257183 0.000276282
internal_weight=0 9.3074 5.52219 3.7852 3.91705
internal_count=56 52 26 26 14
is_linear=0
shrinkage=0.1


Tree=95
num_leaves=7
num_cat=0
split_feature=0 0 0 0 0 0
split_gain=0.00166474 0.00357484 0.000961007 1.18956e-05 7.39578e-07 2.20265e-06
threshold=0.73810726100000001 0.6398056551500001 0.56677318590000014 0.5382534683500001 0.57607773460000011 0.58068926565000012
decision_type=2 2 2 2 2 2
left_child=1 2 3 -1 -4 -6
right_child=-2 -3 4 -5 5 -7
leaf_value=-0.00032144160826920459 -0.0028350798923294624 0.0031965490592222087 -0.0030111127814589828 3.3206831493263023e-05 -0.003010025206004692 -0.0026155934890053118
leaf_weight=1.5980829000473007 1.7323534470051534 3.2449974901974201 1.0697757080197332 2.3170801736414433 0.41163519024848927 0.21580450981855392
leaf_count=10 16 10 4 4 4 8
internal_value=0 0.000554492 -0.000973108 -0.000111553 -0.00296056 -0.00287436
internal_weight=0 8.85738 5.61238 3.91516 1.69722 0.62744
internal_count=56 40 30 14 16 12
is_linear=0
shrinkage=0.1


Tree=96
num_leaves=6
num_cat=0
split_feature=0 0 0 0 0
split_gain=0.0015593 0.00286271 0.000660614 0.000130901 3.52078e-05
threshold=0.83681229955000014 0.59340111745000013 0.56677318590000014 0.71163383855000006 0.5382534683500001
decision_type=2 2 2 2 2
left_child=1 2 4 -3 -1
right_child=-2 3 -4 -5 -6
leaf_value=0.00066458715772360231 0.0032870889350747911 -0.0034285151870075618 0.0027128667836250528 -0.0021655641271128979 5.4511737180667306e-05
leaf_weight=1.5982785150408729 1.2698315382003791 1.2033096831291916 1.6041912790387867 2.5808234438300133 2.3177250809967518
leaf_count=10 4 10 12 16 4
internal_value=0 -0.000448609 0.00100368 -0.00256717 0.000303508
internal_weight=0 9.30433 5.52019 3.78413 3.916
internal_count=56 52 26 26 14
is_linear=0
shrinkage=0.1


Tree=97
num_leaves=7
num_cat=0
split_feature=0 0 0 0 0 0
split_gain=0.00160376 0.00340388 0.000950854 7.85854e-06 7.7846e-07 1.81735e-06
threshold=0.73810726100000001 0.6398056551500001 0.56677318590000014 0.5382534683500001 0.57607773460000011 0.58068926565000012
decision_type=2 2 2 2 2 2
left_child=1 2 3 -1 -4 -6
right_child=-2 -3 4 -5 5 -7
leaf_value=-0.00026097640108783488 -0.0027836428491755769 0.0031216233351434195 -0.0029772146890028207 2.734081668447663e-05 -0.0029599321823957623 -0.0026009866948675789
leaf_weight=1.5968252122402176 1.7312588058412082 3.245834443718195 1.0695124045014379 2.3172412067651749 0.41118506528437127 0.21470443066209555
leaf_count=10 16 10 4 4 4 8
internal_value=0 0.000544217 -0.000947161 -9.02842e-05 -0.00292538 -0.0028368
internal_weight=0 8.8553 5.60947 3.91407 1.6954 0.625889
internal_count=56 40 30 14 16 12
is_linear=0
shrinkage=0.1


Tree=98
num_leaves=6
num_cat=0
split_feature=0 0 0 0 0
split_gain=0.00150917 0.00281592 0.000640575 0.000105656 3.87158e-05
threshold=0.83681229955000014 0.59340111745000013 0.56677318590000014 0.71163383855000006 0.5382534683500001
decision_type=2 2 2 2 2
left_child=1 2 4 -3 -1
right_child=-2 3 -4 -5 -6
leaf_value=0.00068852127611974945 0.0032333018722333368 -0.0033169081559770554 0.0026828292535514883 -0.0021821166517597564 4.8629098900290123e-05
leaf_weight=1.5969844944775089 1.2701461687684066 1.2030722517520192 1.6031739320605991 2.5798735599964857 2.3178736828267574
leaf_count=10 4 10 12 16 4
internal_value=0 -0.00044154 0.000999145 -0.00254301 0.00030966
internal_weight=0 9.30098 5.51803 3.78295 3.91486
internal_count=56 52 26 26 14
is_linear=0
shrinkage=0.1


Tree=99
num_leaves=7
num_cat=0
split_feature=0 0 0 0 0 0
split_gain=0.00154539 0.0032785 0.000931032 6.32719e-06 8.471e-07 1.42609e-06
threshold=0.73810726100000001 0.6398056551500001 0.56677318590000014 0.5382534683500001 0.57607773460000011 0.58068926565000012
decision_type=2 2 2 2 2 2
left_child=1 2 3 -1 -4 -6
right_child=-2 -3 4 -5 5 -7
leaf_value=-0.00023562453100365216 -0.0027334227118519104 0.0030630913840218859 -0.0029429729817998171 2.3138470234480648e-05 -0.0029053851927658969 -0.0025868390903782922
leaf_weight=1.5955625995993599 1.7302095666527755 3.2465307302772999 1.069246359169483 2.3173674792051315 0.41069502569735039 0.21365389972925186
leaf_count=10 16 10 4 4 4 8
internal_value=0 0.000534212 -0.000930168 -8.23765e-05 -0.00288893 -0.00279638
internal_weight=0 8.85306 5.60653 3.91293 1.6936 0.624349
internal_count=56 40 30 14 16 12
is_linear=0
shrinkage=0.1


end of trees

feature_importances:
off_dist=593

parameters:
[boosting: gbdt]
[objective: lambdarank]
[metric: ndcg]
[tree_learner: serial]
[device_type: cpu]
[data: ]
[valid: ]
[num_iterations: 100]
[learning_rate: 0.1]
[num_leaves: 16]
[num_threads: 6]
[deterministic: 0]
[force_col_wise: 0]
[force_row_wise: 0]
[histogram_pool_size: -1]
[max_depth: -1]
[min_data_in_leaf: 5]
[min_sum_hessian_in_leaf: 0.001]
[bagging_fraction: 1]
[pos_bagging_fraction: 1]
[neg_bagging_fraction: 1]
[bagging_freq: 0]
[bagging_seed: 3]
[feature_fraction: 1]
[feature_fraction_bynode: 1]
[feature_fraction_seed: 2]
[extra_trees: 0]
[extra_seed: 6]
[early_stopping_round: 0]
[first_metric_only: 0]
[max_delta_step: 0]
[lambda_l1: 0]
[lambda_l2: 0]
[linear_lambda: 0]
[min_gain_to_split: 0]
[drop_rate: 0.1]
[max_drop: 50]
[skip_drop: 0.5]
[xgboost_dart_mode: 0]
[uniform_drop: 0]
[drop_seed: 4]
[top_rate: 0.2]
[other_rate: 0.1]
[min_data_per_group: 100]
[max_cat_threshold: 32]
[cat_l2: 10]
[cat_smooth: 10]
[max_cat_to_onehot: 4]
[top_k: 20]
[monotone_constraints: ]
[monotone_constraints_method: basic]
[monotone_penalty: 0]
[feature_contri: ]
[forcedsplits_filename: ]
[refit_decay_rate: 0.9]
[cegb_tradeoff: 1]
[cegb_penalty_split: 0]
[cegb_penalty_feature_lazy: ]
[cegb_penalty_feature_coupled: ]
[path_smooth: 0]
[interaction_constraints: ]
[verbosity: 1]
[saved_feature_importance_type: 0]
[linear_tree: 0]
[max_bin: 255]
[max_bin_by_feature: ]
[min_data_in_bin: 3]
[bin_construct_sample_cnt: 200000]
[data_random_seed: 1]
[is_enable_sparse: 1]
[enable_bundle: 1]
[use_missing: 1]
[zero_as_missing: 0]
[feature_pre_filter: 1]
[pre_partition: 0]
[two_round: 0]
[header: 0]
[label_column: ]
[weight_column: ]
[group_column: ]
[ignore_column: ]
[categorical_feature: ]
[forcedbins_filename: ]
[precise_float_parser: 0]
[parser_config_file: ]
[objective_seed: 5]
[num_class: 1]
[is_unbalance: 0]
[scale_pos_weight: 1]
[sigmoid: 1]
[boost_from_average: 1]
[reg_sqrt: 0]
[alpha: 0.9]
[fair_c: 1]
[poisson_max_delta_step: 0.7]
[tweedie_variance_power: 1.5]
[lambdarank_truncation_level: 30]
[lambdarank_norm: 1]
[label_gain: ]
[eval_at: 1,2,3,4,5]
[multi_error_top_k: 1]
[auc_mu_weights: ]
[num_machines: 1]
[local_listen_port: 12400]
[time_out: 120]
[machine_list_filename: ]
[machines: ]
[gpu_platform_id: -1]
[gpu_device_id: -1]
[gpu_use_dp: 0]
[num_gpu: 1]

end of parameters

pandas_categorical:null
