tree
version=v4
num_class=1
num_tree_per_iteration=1
label_index=0
max_feature_idx=0
objective=lambdarank
feature_names=off_dist
feature_infos=[0.41731118880000001:0.87947164010000001]
tree_sizes=955 1052 1055 1057 1064 1063 955 1059 1174 1173 969 969 1065 1063 755 962 1066 963 1073 760 1174 1065 757 1183 966 963 759 1072 964 866 758 1075 1074 1075 760 1188 1183 866 761 864 971 1079 761 873 1076 1077 762 1078 1074 1079 763 876 1083 1077 868 974 769 878 1088 870 764 1082 974 873 980 1083 973 768 767 768 880 979 866 1081 1195 1086 874 866 873 768 973 872 968 1197 1196 876 975 870 875 984 882 1092 881 977 875 991 987 878 769 866

Tree=0
num_leaves=8
num_cat=0
split_feature=0 0 0 0 0 0 0
split_gain=0.550787 0.352668 0.772375 0.761698 1.48775 0.538602 0.042241
threshold=0.56677318590000014 0.63889320805000016 0.71163383855000006 0.69938644515000015 0.6490310047500002 0.58068926565000012 0.7601111906500001
decision_type=2 2 2 2 2 2 2
left_child=-1 5 3 4 -3 -2 -4
right_child=1 2 6 -5 -6 -7 -8
leaf_value=0.059918283067205619 -0.0086243017433685013 0.11718245146335632 -0.040173881263751432 0.14621676331074843 -0.14193462424849476 -0.1268656707685458 -0.087756310320540154
leaf_weight=1.1763551644980905 1.0152473375201228 0.47072286531329177 0.29264783486723889 0.53493279218673706 0.41865712963044643 0.6208029631525277 0.51470550894737244
leaf_count=12 8 4 4 4 8 8 8
internal_value=0 -0.018224 0.00763071 0.051923 -0.00479152 -0.0534913 -0.0705087
internal_weight=0 3.86772 2.23167 1.42431 0.88938 1.63605 0.807353
internal_count=56 44 28 16 12 16 12
is_linear=0
shrinkage=0.1


Tree=1
num_leaves=9
num_cat=0
split_feature=0 0 0 0 0 0 0 0
split_gain=0.807489 0.449501 2.32535 0.912247 0.450658 1.91277 0.143581 0.807777
threshold=0.44592917160000006 0.6490310047500002 0.63889320805000016 0.69938644515000015 0.71163383855000006 0.80233301090000009 0.56677318590000014 0.58068926565000012
decision_type=2 2 2 2 2 2 2 2
left_child=-1 2 6 -3 -5 -6 -2 -8
right_child=1 3 -4 4 5 -7 7 -9
leaf_value=-0.058630097141343741 0.0076792136920379303 -0.095820734561452611 0.11417972426202237 0.041947013319097178 -0.096151853001879839 0.087243743107947358 0.014384137157212529 -0.090313595572205474
leaf_weight=2.0578044056892422 3.7314267456531507 1.100020121783017 2.099698930978775 1.9401329159736631 1.4264334179461005 0.94576761871576298 2.1825668960809712 1.112553223967552
leaf_count=4 8 8 4 4 8 4 8 8
internal_value=0 0.00829855 0.0218396 -0.0145341 0.00620102 -0.0230343 -0.00575388 -0.0209657
internal_weight=0 14.5386 9.12625 5.41235 4.31233 2.3722 7.02655 3.29512
internal_count=56 52 28 24 16 12 24 16
is_linear=0
shrinkage=0.1


Tree=2
num_leaves=9
num_cat=0
split_feature=0 0 0 0 0 0 0 0
split_gain=0.675471 0.877567 0.281228 1.00932 1.15719 0.224948 0.066082 0.00762697
threshold=0.5382534683500001 0.71163383855000006 0.63889320805000016 0.6490310047500002 0.69938644515000015 0.80233301090000009 0.56677318590000014 0.57607773460000011
decision_type=2 2 2 2 2 2 2 2
left_child=-1 2 6 -4 -5 -3 -2 -8
right_child=1 5 3 4 -6 -7 7 -9
leaf_value=-0.043385304839867585 -0.0076691059366991322 -0.085488981778277989 0.09897666566844994 -0.079394902218390573 0.057269467007236542 -0.017793405242079247 0.0099627658212126258 0.018814607261344759
leaf_weight=2.8987686187028894 1.8759863674640618 0.96034837514162119 1.7895922809839246 1.0521950796246529 1.5068974494934082 1.0040800347924232 1.6819934099912646 2.310484953224659
leaf_count=8 4 8 4 8 4 4 4 12
internal_value=0 0.0103241 0.0220932 0.0413661 0.00107862 -0.0508877 0.00781142 0.0150854
internal_weight=0 12.1816 10.2171 4.34868 2.55909 1.96443 5.86846 3.99248
internal_count=56 48 36 16 12 12 20 16
is_linear=0
shrinkage=0.1


Tree=3
num_leaves=9
num_cat=0
split_feature=0 0 0 0 0 0 0 0
split_gain=0.527523 0.739989 0.198851 1.00082 0.767218 0.0921212 0.0598156 0.00409582
threshold=0.56677318590000014 0.71163383855000006 0.63889320805000016 0.6490310047500002 0.69938644515000015 0.80233301090000009 0.57607773460000011 0.5382534683500001
decision_type=2 2 2 2 2 2 2 2
left_child=7 2 6 -4 -5 -3 -2 -1
right_child=1 5 3 4 -6 -7 -8 -9
leaf_value=-0.022853633084665294 0.027153246282136775 -0.068138340564212613 0.11154738874530473 -0.062612514933766864 0.059890024941600742 -0.023301900828084261 0.0043499167746507443 -0.028463478821737054
leaf_weight=3.2974640950560579 1.8997655212879143 0.83670680597424563 1.3562899827957156 0.98779092449694883 1.0597128421068192 1.0130903497338295 2.9159265719354153 2.1501184105873108
leaf_count=8 4 8 4 8 4 4 12 4
internal_value=0 0.0135619 0.0264223 0.044923 0.000790306 -0.0435825 0.0133457 -0.0250678
internal_weight=0 10.0693 8.21949 3.40379 2.0475 1.8498 4.81569 5.44758
internal_count=56 44 32 16 12 12 16 12
is_linear=0
shrinkage=0.1


Tree=4
num_leaves=9
num_cat=0
split_feature=0 0 0 0 0 0 0 0
split_gain=0.255559 0.403512 0.662656 0.655181 0.189732 0.0690145 0.122432 0.00335622
threshold=0.71163383855000006 0.63889320805000016 0.6490310047500002 0.69938644515000015 0.80233301090000009 0.56677318590000014 0.5382534683500001 0.57607773460000011
decision_type=2 2 2 2 2 2 2 2
left_child=1 5 -3 -4 -2 6 -1 -7
right_child=4 2 3 -5 -6 7 -8 -9
leaf_value=-0.012471581259734722 -0.074123463478296736 0.099136679249577961 -0.052444527285676557 0.061198589519971841 -0.0069121323063690912 -0.014925694539493627 0.02238411955406552 -0.010013634322739936
leaf_weight=2.0475053936243039 0.74708380922675199 1.0871778130531304 1.0510812494903805 0.9806106537580489 0.95934801548719406 2.8138604462146759 1.9844366312026975 2.7508079335093498
leaf_count=8 8 4 8 4 4 4 4 12
internal_value=0 0.00487654 0.0361245 0.00240614 -0.0363376 -0.00527896 0.00468366 -0.0124975
internal_weight=0 12.7155 3.11887 2.03169 1.70643 9.59661 4.03194 5.56467
internal_count=56 44 16 12 12 28 12 16
is_linear=0
shrinkage=0.1


Tree=5
num_leaves=9
num_cat=0
split_feature=0 0 0 0 0 0 0 0
split_gain=0.230416 0.36523 0.844697 0.89293 0.162595 0.421708 0.141321 0.0932083
threshold=0.56677318590000014 0.58068926565000012 0.63889320805000016 0.6490310047500002 0.69938644515000015 0.71163383855000006 0.5382534683500001 0.80233301090000009
decision_type=2 2 2 2 2 2 2 2
left_child=6 -2 -3 -4 -5 -6 -1 -7
right_child=1 2 3 4 5 7 -8 -9
leaf_value=0.0003164103304755916 0.033583684653219828 -0.098873157588921678 0.094328827692044981 -0.046370395017659757 0.058285644124408731 -0.057144911045744699 -0.036072096987298755 -0.0089209022895043021
leaf_weight=2.0021957457065591 3.6313886791467649 0.85096207261085499 0.97787285223603237 1.0610729735344651 0.83539855480194125 0.6842674948275087 2.2856790125370026 0.96750105917453766
leaf_count=8 8 8 4 8 4 8 4 4
internal_value=0 0.00908209 -0.00746497 0.00972083 -0.0135966 0.00038532 -0.0190807 -0.0288984
internal_weight=0 9.00846 5.37708 4.52611 3.54824 2.48717 4.28787 1.65177
internal_count=56 44 36 28 24 16 12 12
is_linear=0
shrinkage=0.1


Tree=6
num_leaves=8
num_cat=0
split_feature=0 0 0 0 0 0 0
split_gain=0.146735 0.287936 0.216937 0.297847 0.0306633 0.0316616 0.00296256
threshold=0.7601111906500001 0.68036491340000016 0.58068926565000012 0.63889320805000016 0.56677318590000014 0.5382534683500001 0.69938644515000015
decision_type=2 2 2 2 2 2 2
left_child=1 2 4 -4 5 -1 -3
right_child=-2 6 3 -5 -6 -7 -8
leaf_value=-0.011986244790611576 -0.032226058760135137 0.034926787511091781 -0.07982787585217678 -0.0021550410171741106 0.01045778149153429 0.008364458507472871 0.04327768568631099
leaf_weight=1.6811916902661306 1.2680931277573115 0.6799410805106153 0.7979378663003448 1.2947894576936958 4.1146949678659439 1.4020557776093483 1.1321927122771738
leaf_count=8 8 4 8 8 8 4 8
internal_value=0 0.00368066 -0.00343153 -0.031771 0.00480788 -0.0027321 0.0401443
internal_weight=0 11.1028 9.29067 2.09273 7.19794 3.08325 1.81213
internal_count=56 48 36 16 20 12 12
is_linear=0
shrinkage=0.1


Tree=7
num_leaves=9
num_cat=0
split_feature=0 0 0 0 0 0 0 0
split_gain=0.115747 0.596198 0.704742 0.634667 0.376206 0.209535 0.0359283 0.025919
threshold=0.57607773460000011 0.58068926565000012 0.63889320805000016 0.6490310047500002 0.69938644515000015 0.7601111906500001 0.56677318590000014 0.5382534683500001
decision_type=2 2 2 2 2 2 2 2
left_child=6 -2 -3 -4 -5 -6 7 -1
right_child=1 2 3 4 5 -7 -8 -9
leaf_value=-0.011744638760206219 0.071946607919231312 -0.086386316922313522 0.08166351704379235 -0.072059388349229148 0.036979696037380966 -0.020338600142250727 -0.018681204174317862 0.0074363929996739443
leaf_weight=1.4809131547808647 1.2237629890441892 0.89465985447168339 0.98443022370338429 0.75044122897088561 1.2830217704176905 1.26818436011672 2.7475263327360153 1.3437075242400169
leaf_count=8 4 8 4 8 8 8 4 4
internal_value=0 0.00916974 -0.00565904 0.0111917 -0.00982045 0.00848723 -0.0105395 -0.00261998
internal_weight=0 6.4045 5.18074 4.28608 3.30165 2.55121 5.57215 2.82462
internal_count=56 40 36 28 24 16 16 12
is_linear=0
shrinkage=0.1


Tree=8
num_leaves=10
num_cat=0
split_feature=0 0 0 0 0 0 0 0 0
split_gain=0.073159 0.242127 0.144608 0.394614 0.451792 0.123785 0.112205 0.00145709 0.0076258
threshold=0.6490310047500002 0.69938644515000015 0.57607773460000011 0.63889320805000016 0.58068926565000012 0.71163383855000006 0.80233301090000009 0.56677318590000014 0.5382534683500001
decision_type=2 2 2 2 2 2 2 2 2
left_child=2 -2 7 4 -4 -3 -7 8 -1
right_child=1 5 3 -5 -6 6 -8 -9 -10
leaf_value=-0.00054490865234760875 -0.062461454412041699 0.035663030630821539 0.043674427445295289 0.077417781020051452 -0.056932146217288482 -0.044650678944180934 0.0086696068395164579 -0.0028159960455018014 -0.011152867468883911
leaf_weight=1.2866639196872693 0.75100856646895531 0.76933658123016391 0.95489131659269355 0.91277609020471562 0.8381500132381916 0.66426989063620545 0.9723956510424614 2.5852556154131889 1.4317865297198296
leaf_count=8 8 4 4 4 8 8 4 4 4
internal_value=0 -0.0128926 0.00508171 0.0238936 -0.00335371 0.00257982 -0.0129714 -0.00451566 -0.00613204
internal_weight=0 3.15701 8.00952 2.70582 1.79304 2.406 1.63667 5.30371 2.71845
internal_count=56 24 32 16 12 16 12 16 12
is_linear=0
shrinkage=0.1


Tree=9
num_leaves=10
num_cat=0
split_feature=0 0 0 0 0 0 0 0 0
split_gain=0.0569437 0.18432 0.117896 0.107545 0.333559 0.35032 0.0638478 0.00113695 0.0138172
threshold=0.6490310047500002 0.69938644515000015 0.71163383855000006 0.57607773460000011 0.63889320805000016 0.58068926565000012 0.80233301090000009 0.56677318590000014 0.5382534683500001
decision_type=2 2 2 2 2 2 2 2 2
left_child=3 -2 -3 7 5 -5 -4 8 -1
right_child=1 2 6 4 -6 -7 -8 -9 -10
leaf_value=0.005629135619602669 -0.055539877124187689 0.035953580310540599 -0.037916628347046427 0.041705583412240614 0.073715684824644176 -0.050016418241615491 0.0030832051173758637 -0.0050775531277990737 -0.0089342665065786971
leaf_weight=1.2238075956702232 0.72624490130692754 0.71519182622432742 0.6225283946841953 0.83431974798440955 0.82392220199108113 0.83131427317857742 0.97423199564218521 2.5944738239049911 1.3930142819881439
leaf_count=8 8 4 8 4 4 8 4 4 4
internal_value=0 -0.0115931 0.00221167 0.00457381 0.0216715 -0.00407267 -0.0129014 -0.00359415 -0.00212341
internal_weight=0 3.0382 2.31195 7.70085 2.48956 1.66563 1.59676 5.2113 2.61682
internal_count=56 24 16 32 16 12 12 16 12
is_linear=0
shrinkage=0.1


Tree=10
num_leaves=8
num_cat=0
split_feature=0 0 0 0 0 0 0
split_gain=0.0650913 0.244985 0.157089 0.0928993 0.0410024 0.00670279 0.0225995
threshold=0.59340111745000013 0.57607773460000011 0.68036491340000016 0.71163383855000006 0.80233301090000009 0.56677318590000014 0.5382534683500001
decision_type=2 2 2 2 2 2 2
left_child=1 5 -2 -4 -5 6 -1
right_child=2 -3 3 4 -6 -7 -8
leaf_value=0.010657541496481826 -0.036674594072377636 0.047596097066476079 0.026718819948498902 -0.031799549970109302 0.0015174973091980036 -0.0065763877661742798 -0.0081147499031072601
leaf_weight=1.1984960734844208 1.4228268014267085 1.1732126846909521 1.1017170026898386 0.59689797181636073 0.96908977627754211 2.6099698394536972 1.3794219791889191
leaf_count=8 12 8 8 8 4 4 4
internal_value=0 0.00632839 -0.00984114 0.00447054 -0.0111818 -0.00300408 0.000612648
internal_weight=0 6.3611 4.09053 2.6677 1.56599 5.18789 2.57792
internal_count=56 24 32 20 12 16 12
is_linear=0
shrinkage=0.1


Tree=11
num_leaves=8
num_cat=0
split_feature=0 0 0 0 0 0 0
split_gain=0.0710606 0.446245 0.0427912 0.0599888 0.0162989 0.00182804 0.613219
threshold=0.63889320805000016 0.6490310047500002 0.69938644515000015 0.7601111906500001 0.5382534683500001 0.57607773460000011 0.58068926565000012
decision_type=2 2 2 2 2 2 2
left_child=4 -2 -3 -4 -1 -6 -7
right_child=1 2 3 -5 5 6 -8
leaf_value=0.0040365120486305049 0.075854045281501303 -0.028524596467601263 0.017840793987414959 -0.015261734104633268 -0.0075032073672623963 0.048691515573754202 -0.083824258713272384
leaf_weight=1.2596328929066656 0.82726295664906535 0.71798247657716308 0.99184939637780223 1.2218690635636447 3.9901513829827309 0.76632396876811959 0.64155291020870209
leaf_count=8 4 8 8 8 8 4 8
internal_value=0 0.010992 -0.00731064 -0.000430253 -0.00620618 -0.00859632 -0.0116944
internal_weight=0 3.75896 2.9317 2.21372 6.65766 5.39803 1.40788
internal_count=56 28 24 16 28 20 12
is_linear=0
shrinkage=0.1


Tree=12
num_leaves=9
num_cat=0
split_feature=0 0 0 0 0 0 0 0
split_gain=0.0627775 0.17234 0.148469 0.226156 0.212026 0.065057 0.0219434 0.0313215
threshold=0.6490310047500002 0.69938644515000015 0.57607773460000011 0.63889320805000016 0.58068926565000012 0.71163383855000006 0.56677318590000014 0.5382534683500001
decision_type=2 2 2 2 2 2 2 2
left_child=2 -2 6 4 -4 -3 7 -1
right_child=1 5 3 -5 -6 -7 -8 -9
leaf_value=0.013856308049130706 -0.058354790522033878 0.027497416685691618 0.038163761809017156 0.071906952671664914 -0.045102464819584867 -0.010516613908340595 -0.010224504971800798 -0.0078577048895206603
leaf_weight=1.2818511575460434 0.63913079071790013 0.64026675373315844 0.70740979909896828 0.74184898659586895 0.53867559880018234 1.5165693610906599 2.673286110162735 1.3788745477795601
leaf_count=8 8 4 4 4 8 12 4 4
internal_value=0 -0.0127469 0.00486754 0.028193 0.00216825 0.000768026 -0.00382566 0.0026034
internal_weight=0 2.79597 7.32195 1.98793 1.24609 2.15684 5.33401 2.66073
internal_count=56 24 32 16 12 16 16 12
is_linear=0
shrinkage=0.1


Tree=13
num_leaves=9
num_cat=0
split_feature=0 0 0 0 0 0 0 0
split_gain=0.1525 0.0893085 0.266693 0.143282 0.0947509 0.083113 0.171623 0.0720694
threshold=0.5382534683500001 0.57607773460000011 0.6490310047500002 0.63889320805000016 0.69938644515000015 0.71163383855000006 0.80233301090000009 0.58068926565000012
decision_type=2 2 2 2 2 2 2 2
left_child=-1 -2 3 7 -4 -6 -7 -3
right_child=1 2 4 -5 5 6 -8 -9
leaf_value=0.030347074301308365 -0.01536138431418909 0.035951767408053212 -0.049748114205564346 0.071218949146827068 0.027216848624030884 -0.059108376997253832 0.0094697243962898747 -0.01342969668947437
leaf_weight=1.4255279749631888 4.2407402470707876 0.64305080473422982 0.61280137021094594 0.66470145061612118 0.57842063903808627 0.59808622580021598 0.93607904762029648 0.5468966867774725
leaf_count=8 8 4 8 4 4 8 4 8
internal_value=0 -0.00490439 0.00477793 0.0340299 -0.0151283 -0.00508605 -0.0172651 0.0132562
internal_weight=0 8.82078 4.58004 1.85465 2.72539 2.11259 1.53417 1.18995
internal_count=56 48 40 16 24 16 12 12
is_linear=0
shrinkage=0.1


Tree=14
num_leaves=6
num_cat=0
split_feature=0 0 0 0 0
split_gain=0.191792 0.0987951 0.0816941 0.106118 0.0172586
threshold=0.5382534683500001 0.59340111745000013 0.68036491340000016 0.71163383855000006 0.56677318590000014
decision_type=2 2 2 2 2
left_child=-1 4 -3 -4 -2
right_child=1 2 3 -5 -6
leaf_value=-0.027412784079050401 0.0080379375855574777 -0.028088282053567878 0.030048943113170374 -0.012302110849035491 0.021450855840196108
leaf_weight=2.0315600484609604 1.4213156029582021 1.0942776417359712 0.9906343221664432 1.4689657064154742 2.9512352459132671
leaf_count=8 4 12 8 12 12
internal_value=0 0.00702595 -0.0053576 0.0047553 0.0170909
internal_weight=0 7.92643 3.55388 2.4596 4.37255
internal_count=56 48 32 20 16
is_linear=0
shrinkage=0.1


Tree=15
num_leaves=8
num_cat=0
split_feature=0 0 0 0 0 0 0
split_gain=0.12386 0.0782737 0.129765 0.203749 0.190382 0.113602 0.0290658
threshold=0.5382534683500001 0.57607773460000011 0.6490310047500002 0.63889320805000016 0.58068926565000012 0.69938644515000015 0.7601111906500001
decision_type=2 2 2 2 2 2 2
left_child=-1 -2 3 4 -3 -4 -7
right_child=1 2 5 -5 -6 6 -8
leaf_value=0.027733276292661313 -0.01424070555417363 0.034983770518997682 -0.049000702217747071 0.070311665973571844 -0.050189328394651192 0.016096545310256134 -0.0084138731223015305
leaf_weight=1.3842411935329444 4.1933357715606672 0.62948975339531876 0.56328472401946816 0.65085129812359799 0.45006878301501274 0.83408046513795842 1.1521044904366133
leaf_count=8 8 4 8 4 8 8 8
internal_value=0 -0.00453069 0.00498297 0.0261185 -0.00052496 -0.00936242 0.00187906
internal_weight=0 8.47322 4.27988 1.73041 1.07956 2.54947 1.98618
internal_count=56 48 40 16 12 24 16
is_linear=0
shrinkage=0.1


Tree=16
num_leaves=9
num_cat=0
split_feature=0 0 0 0 0 0 0 0
split_gain=0.715279 0.111627 0.0904205 0.0541107 0.0475839 0.139347 0.183037 6.70385e-06
threshold=0.44592917160000006 0.6490310047500002 0.69938644515000015 0.7601111906500001 0.57607773460000011 0.63889320805000016 0.58068926565000012 0.56677318590000014
decision_type=2 2 2 2 2 2 2 2
left_child=-1 4 -3 -4 7 6 -6 -2
right_child=1 2 3 -5 5 -7 -8 -9
leaf_value=-0.10515613420476209 0.0090082124115181874 -0.046958331672589726 0.019234082642701968 -0.014699325377310182 0.043823565322743563 0.069108979986909722 -0.041431081274722718 0.0087781245832517403
leaf_weight=0.60721431672573167 3.0478832349181157 0.5508325640112165 0.78450858592987049 1.1718988912180064 0.58123122900724389 0.55450081080198277 0.444347083568573 2.1663536429405212
leaf_count=4 8 8 8 8 4 4 8 4
internal_value=0 0.00686469 -0.0111689 -0.00109222 0.0135194 0.0287219 0.00688572 0.00891262
internal_weight=0 9.30156 2.50724 1.95641 6.79432 1.58008 1.02558 5.21424
internal_count=56 52 24 16 28 16 12 12
is_linear=0
shrinkage=0.1


Tree=17
num_leaves=8
num_cat=0
split_feature=0 0 0 0 0 0 0
split_gain=0.0892305 0.0822412 0.0723451 0.0738283 0.0446461 0.136572 0.0565651
threshold=0.5382534683500001 0.6490310047500002 0.69938644515000015 0.7601111906500001 0.57607773460000011 0.63889320805000016 0.58068926565000012
decision_type=2 2 2 2 2 2 2
left_child=-1 4 -3 -4 -2 6 -6
right_child=1 2 3 -5 5 -7 -8
leaf_value=-0.019264270435977254 0.0060150662519291975 -0.042272315308865036 0.022828680902626425 -0.016725492804951777 0.026682096193782218 0.06734721597251829 -0.020904644280819569
leaf_weight=1.9185192100703714 3.524236798286438 0.54183857748284969 0.78284735232591618 1.1879823263734577 0.54159284755587556 0.53312258422374714 0.46361947804689407
leaf_count=8 8 8 8 8 4 4 8
internal_value=0 0.00487891 -0.00991097 -0.0010139 0.0122195 0.0264334 0.00473436
internal_weight=0 7.57524 2.51267 1.97083 5.06257 1.53833 1.00521
internal_count=56 48 24 16 24 16 12
is_linear=0
shrinkage=0.1


Tree=18
num_leaves=9
num_cat=0
split_feature=0 0 0 0 0 0 0 0
split_gain=0.526531 0.165946 0.112943 0.0966021 0.0781633 0.0678438 0.0940649 0.0131403
threshold=0.5382534683500001 0.57607773460000011 0.6490310047500002 0.63889320805000016 0.80233301090000009 0.71163383855000006 0.69938644515000015 0.58068926565000012
decision_type=2 2 2 2 2 2 2 2
left_child=-1 -2 3 7 5 6 -4 -3
right_child=1 2 4 -5 -6 -7 -8 -9
leaf_value=0.053693631158619193 -0.023196563084531111 0.019691154347977538 -0.034578286034814033 0.063736776669472389 0.015255436764068115 -0.05016778050714954 0.027356323170300668 -0.0039923648767491776
leaf_weight=1.5403180532157428 4.4253591820597631 0.51109965518116973 0.53389713400974892 0.48534124344587326 0.91197892278432835 0.54182349611073732 0.45353421941399574 0.43251483514904976
leaf_count=8 8 4 8 4 4 8 4 8
internal_value=0 -0.00996984 0.00515422 0.0274826 -0.00791553 -0.0217337 -0.00613128 0.00883558
internal_weight=0 8.29555 3.87019 1.42896 2.44123 1.52925 0.987431 0.943614
internal_count=56 48 40 16 24 20 12 12
is_linear=0
shrinkage=0.1


Tree=19
num_leaves=6
num_cat=0
split_feature=0 0 0 0 0
split_gain=0.0821563 0.0320001 0.135135 0.0953456 0.0329252
threshold=0.5382534683500001 0.59340111745000013 0.68036491340000016 0.71163383855000006 0.56677318590000014
decision_type=2 2 2 2 2
left_child=-1 4 -3 -4 -2
right_child=1 2 3 -5 -6
leaf_value=-0.022969395415684803 -0.0026549969770423565 -0.036320941444753972 0.03420999409387445 -0.0069927039934912826 0.016591062140717993
leaf_weight=1.3173190057277677 1.3341852650046351 0.89261665008962188 0.9326841272413734 1.4117096513509748 2.6632108259946108
leaf_count=8 4 12 8 12 12
internal_value=0 0.00418251 -0.00320828 0.00939921 0.0101674
internal_weight=0 7.23441 3.23701 2.34439 3.9974
internal_count=56 48 32 20 16
is_linear=0
shrinkage=0.1


Tree=20
num_leaves=10
num_cat=0
split_feature=0 0 0 0 0 0 0 0 0
split_gain=0.0888919 0.0380315 0.0170587 0.014179 0.0511226 0.0655704 0.00394127 0.14268 0.103529
threshold=0.5382534683500001 0.6490310047500002 0.56677318590000014 0.80233301090000009 0.69938644515000015 0.71163383855000006 0.57607773460000011 0.63889320805000016 0.58068926565000012
decision_type=2 2 2 2 2 2 2 2 2
left_child=-1 2 -2 4 -3 -6 -4 8 -8
right_child=1 3 6 -5 5 -7 7 -9 -10
leaf_value=-0.02079426869503535 0.00019925567813425661 -0.037405713836046905 0.010815685360836061 0.0039965858818521724 0.02808708301032857 -0.025114847757796474 0.02388419742858662 0.060980239832922514 -0.043540408248185433
leaf_weight=1.6681330204010008 1.3058523163199423 0.50454081362113379 2.0754080265760426 0.94420074671506871 0.47516942024230957 0.45205180067569017 0.52223434112966038 0.49518869817256927 0.40383731573820114
leaf_count=8 4 8 4 4 4 8 4 4 8
internal_value=0 0.00483216 0.00995181 -0.00551617 -0.0117895 0.00214934 0.013594 0.017651 -0.00551803
internal_weight=0 7.17848 4.80252 2.37596 1.43176 0.927221 3.49667 1.42126 0.926072
internal_count=56 48 24 24 20 12 20 16 12
is_linear=0
shrinkage=0.1


Tree=21
num_leaves=9
num_cat=0
split_feature=0 0 0 0 0 0 0 0
split_gain=0.702447 0.227247 0.0927341 0.100326 0.0594143 0.0382312 0.0137846 0.0344069
threshold=0.5382534683500001 0.57607773460000011 0.6490310047500002 0.63889320805000016 0.69938644515000015 0.58068926565000012 0.80233301090000009 0.71163383855000006
decision_type=2 2 2 2 2 2 2 2
left_child=-1 -2 3 5 -4 -3 7 -6
right_child=1 2 4 -5 6 -7 -8 -9
leaf_value=0.056275311131121275 -0.027301869045764805 0.025461784994662135 -0.036596202223757673 0.066655290296840419 0.01524273154358903 -0.018938827342873971 0.011588711405740977 -0.025469575193952189
leaf_weight=1.8104680366814143 4.5752448663115484 0.47664290666580222 0.48404916934669051 0.44331347197294235 0.39318820834159829 0.3269521277397871 0.90227681770920753 0.43975250795483589
leaf_count=8 8 4 8 4 4 8 4 8
internal_value=0 -0.01267 0.00664366 0.028465 -0.0056168 0.00739687 0.00302508 -0.0062514
internal_weight=0 8.04142 3.46618 1.24691 2.21927 0.803595 1.73522 0.832941
internal_count=56 48 40 16 24 12 16 12
is_linear=0
shrinkage=0.1


Tree=22
num_leaves=6
num_cat=0
split_feature=0 0 0 0 0
split_gain=0.0895004 0.0323761 0.0454511 0.0459187 0.00341298
threshold=0.5382534683500001 0.59340111745000013 0.68036491340000016 0.7601111906500001 0.56677318590000014
decision_type=2 2 2 2 2
left_child=-1 4 -3 -4 -2
right_child=1 2 3 -5 -6
leaf_value=-0.02411280610954054 0.0064105537155894361 -0.024907276744012122 0.018523794709163131 -0.010372884180303183 0.012600082189683937
leaf_weight=1.2953736484050749 1.3605208694934847 0.73660702304914627 1.0785776022821667 1.1219270611181853 2.5808193385601044
leaf_count=8 4 12 12 8 12
internal_value=0 0.004541 -0.00340646 0.00379083 0.0104635
internal_weight=0 6.87845 2.93711 2.2005 3.94134
internal_count=56 48 32 20 16
is_linear=0
shrinkage=0.1


Tree=23
num_leaves=10
num_cat=0
split_feature=0 0 0 0 0 0 0 0 0
split_gain=0.0790123 0.0280042 0.00689239 0.0463794 0.0498269 0.00686225 0.000828516 0.107702 0.065321
threshold=0.5382534683500001 0.6490310047500002 0.80233301090000009 0.69938644515000015 0.71163383855000006 0.56677318590000014 0.57607773460000011 0.63889320805000016 0.58068926565000012
decision_type=2 2 2 2 2 2 2 2 2
left_child=-1 5 3 -3 -5 -2 -7 8 -8
right_child=1 2 -4 4 -6 6 7 -9 -10
leaf_value=-0.02103075188591496 0.0028861614717686323 -0.034086065158356861 0.0020261770615414266 0.027601563129363977 -0.020252818702840687 0.010142999725121176 0.016690413354242893 0.053297456721412284 -0.038867101945896314
leaf_weight=1.4721071273088453 1.3145293220877645 0.47965532680973433 0.94358505308628071 0.45327620953321457 0.41843937151134014 1.9760603308677676 0.49155329540371873 0.44585317000746727 0.37161308526992798
leaf_count=8 4 8 4 4 8 4 4 4 8
internal_value=0 0.00449043 -0.00453217 -0.00911149 0.00463059 0.00899221 0.0114356 0.0133868 -0.00722838
internal_weight=0 6.89457 2.29496 1.35137 0.871716 4.59961 3.28508 1.30902 0.863166
internal_count=56 48 24 20 12 24 20 16 12
is_linear=0
shrinkage=0.1


Tree=24
num_leaves=8
num_cat=0
split_feature=0 0 0 0 0 0 0
split_gain=0.0787713 0.0354937 0.0466727 0.034762 0.0177734 0.0916533 0.045538
threshold=0.5382534683500001 0.6490310047500002 0.69938644515000015 0.7601111906500001 0.57607773460000011 0.63889320805000016 0.58068926565000012
decision_type=2 2 2 2 2 2 2
left_child=-1 4 -3 -4 -2 6 -6
right_child=1 2 3 -5 5 -7 -8
leaf_value=-0.017512446795406377 0.0063207014207534613 -0.033558223083934857 0.020590048351563417 -0.0087288955429548187 0.02119412771159998 0.058849582192529552 -0.027341310964418004
leaf_weight=1.9974365495145319 3.5815578661859035 0.46689106198027763 0.63951651006937016 1.0999444182962177 0.45365894958376862 0.40847483463585377 0.33684596978127956
leaf_count=8 8 8 8 8 4 4 8
internal_value=0 0.00500652 -0.00548492 0.00205028 0.0098486 0.0203871 0.000512451
internal_weight=0 6.98689 2.20635 1.73946 4.78054 1.19898 0.790505
internal_count=56 48 24 16 24 16 12
is_linear=0
shrinkage=0.1


Tree=25
num_leaves=8
num_cat=0
split_feature=0 0 0 0 0 0 0
split_gain=0.551591 0.133319 0.0399079 0.061479 0.0399921 0.0141137 0.00963754
threshold=0.5382534683500001 0.57607773460000011 0.6490310047500002 0.63889320805000016 0.69938644515000015 0.7601111906500001 0.58068926565000012
decision_type=2 2 2 2 2 2 2
left_child=-1 -2 3 6 -4 -6 -3
right_child=1 2 4 -5 5 -7 -8
leaf_value=0.056911481690566437 -0.02214977289343488 0.012633266029588645 -0.02960187386671416 0.052425280536477416 0.015606529454877753 -0.0033085389470505731 -0.010402134602470213
leaf_weight=1.4339936450123785 4.3561704754829407 0.43890574015676997 0.46002735057845745 0.38143124617636204 0.62347042188048352 1.074049162212759 0.30984026938676834
leaf_count=8 8 4 8 4 8 8 8
internal_value=0 -0.0106766 0.00452515 0.0197477 -0.00344882 0.00363865 0.00310094
internal_weight=0 7.64389 3.28772 1.13018 2.15755 1.69752 0.748746
internal_count=56 48 40 16 24 16 12
is_linear=0
shrinkage=0.1


Tree=26
num_leaves=6
num_cat=0
split_feature=0 0 0 0 0
split_gain=0.0898222 0.034134 0.0424539 0.0310977 0.00200202
threshold=0.5382534683500001 0.59340111745000013 0.68036491340000016 0.7601111906500001 0.56677318590000014
decision_type=2 2 2 2 2
left_child=-1 4 -3 -4 -2
right_child=1 2 3 -5 -6
leaf_value=-0.023920976616921372 0.0076198230959560066 -0.026608836556395093 0.015516213573945751 -0.008663163392938494 0.012374795930949381
leaf_weight=1.3116657957434652 1.3568599596619608 0.63003994291648302 1.0225342754274609 1.1085792994126675 2.5487207304686308
leaf_count=8 4 12 12 8 12
internal_value=0 0.00470641 -0.00380369 0.0029384 0.0107228
internal_weight=0 6.66673 2.76115 2.13111 3.90558
internal_count=56 48 32 20 16
is_linear=0
shrinkage=0.1


Tree=27
num_leaves=9
num_cat=0
split_feature=0 0 0 0 0 0 0 0
split_gain=0.0800495 0.0228256 0.0366813 0.0237859 0.00468305 0.00123417 0.0666917 0.0287471
threshold=0.5382534683500001 0.6490310047500002 0.69938644515000015 0.7601111906500001 0.56677318590000014 0.57607773460000011 0.63889320805000016 0.58068926565000012
decision_type=2 2 2 2 2 2 2 2
left_child=-1 4 -3 -4 -2 -6 7 -7
right_child=1 2 3 -5 5 6 -8 -9
leaf_value=-0.020269997882141771 0.0037837995921275909 -0.028957632516967063 0.018054188217276196 -0.0060382843741518125 0.0094130708053065341 0.013316197938191172 0.047755270495576235 -0.025613595421900549
leaf_weight=1.5778135508298872 1.3073191978037355 0.45274114981293712 0.65481253154575814 1.09511162340641 2.0541662126779561 0.44317214190959908 0.38096488267183304 0.33162200078368187
leaf_count=8 4 8 8 8 4 4 4 8
internal_value=0 0.00475933 -0.00358693 0.00297699 0.00882907 0.0108839 0.013498 -0.00334626
internal_weight=0 6.71991 2.20267 1.74992 4.51724 3.20993 1.15576 0.774794
internal_count=56 48 24 16 24 20 16 12
is_linear=0
shrinkage=0.1


Tree=28
num_leaves=8
num_cat=0
split_feature=0 0 0 0 0 0 0
split_gain=0.0519011 0.0230493 0.0463609 0.0558342 0.0337019 0.0153745 0.0117067
threshold=0.5382534683500001 0.6490310047500002 0.57607773460000011 0.63889320805000016 0.69938644515000015 0.58068926565000012 0.7601111906500001
decision_type=2 2 2 2 2 2 2
left_child=-1 2 -2 5 -3 -4 -6
right_child=1 4 3 -5 6 -7 -8
leaf_value=-0.012340414473290174 0.0031529090566959714 -0.0290359653645373 0.023195130484880918 0.059855799497586862 0.013392562400795295 -0.0070815185982318306 -0.0041023136576438983
leaf_weight=2.5148944221436977 3.9373355470597744 0.43886210722848806 0.40094663575291611 0.3440221268683672 0.59269732609391201 0.2883315309882164 1.0784216267056761
leaf_count=8 8 8 4 4 8 8 8
internal_value=0 0.00438308 0.00810037 0.0269524 -0.00437401 0.0105301 0.00210261
internal_weight=0 7.08062 4.97064 1.0333 2.10998 0.689278 1.67112
internal_count=56 48 24 16 24 12 16
is_linear=0
shrinkage=0.1


Tree=29
num_leaves=7
num_cat=0
split_feature=0 0 0 0 0 0
split_gain=0.528807 0.116947 0.0261102 0.0321681 0.0246591 0.0254722
threshold=0.5382534683500001 0.57607773460000011 0.59340111745000013 0.80233301090000009 0.71163383855000006 0.68036491340000016
decision_type=2 2 2 2 2 2
left_child=-1 -2 -3 4 5 -4
right_child=1 2 3 -5 -6 -7
leaf_value=0.057637592333317639 -0.021104454440663303 0.023295679406880446 -0.017313870162378776 0.015112201203325078 -0.028873175151806558 0.011564882172869889
leaf_weight=1.3484603352844713 4.3142972216010094 0.58471329137682948 0.5455790897831323 0.90154727175831784 0.43276645289733995 0.69388075172901154
leaf_count=8 8 8 12 4 8 8
internal_value=0 -0.0104007 0.00422002 -0.000113613 -0.00832231 -0.00114682
internal_weight=0 7.47278 3.15849 2.57377 1.67223 1.23946
internal_count=56 48 40 32 28 20
is_linear=0
shrinkage=0.1


Tree=30
num_leaves=6
num_cat=0
split_feature=0 0 0 0 0
split_gain=0.102838 0.0211243 0.0293744 0.0167315 0.000119359
threshold=0.5382534683500001 0.59340111745000013 0.68036491340000016 0.71163383855000006 0.56677318590000014
decision_type=2 2 2 2 2
left_child=-1 4 -3 -4 -2
right_child=1 2 3 -5 -6
leaf_value=-0.025387934272129011 0.01060296413457134 -0.021783823646672057 0.015743093760350834 -0.0029444262369631466 0.0094440158992307472
leaf_weight=1.3261850923299787 1.3778901472687723 0.57245649024844203 0.7496804986149076 1.3274589199572799 2.502745334059
leaf_count=8 4 12 8 12 12
internal_value=0 0.00515588 -0.00172728 0.00380027 0.00985552
internal_weight=0 6.53023 2.6496 2.07714 3.88064
internal_count=56 48 32 20 16
is_linear=0
shrinkage=0.1


Tree=31
num_leaves=9
num_cat=0
split_feature=0 0 0 0 0 0 0 0
split_gain=0.0743111 0.0152321 0.0320413 0.0180073 0.00260212 6.13441e-05 0.0704588 0.0175442
threshold=0.5382534683500001 0.6490310047500002 0.69938644515000015 0.7601111906500001 0.56677318590000014 0.57607773460000011 0.63889320805000016 0.58068926565000012
decision_type=2 2 2 2 2 2 2 2
left_child=-1 4 -3 -4 -2 -6 7 -7
right_child=1 2 3 -5 5 6 -8 -9
leaf_value=-0.019490484091538862 0.0042536228210466216 -0.026586444455310977 0.017288663575570528 -0.0039803242089616669 0.0092431503351174619 0.0053221406502074646 0.046234335586037699 -0.026371036435450246
leaf_weight=1.5781790614128111 1.3074193745851515 0.43224338931031558 0.63198008574545372 1.0754735595546661 2.0636387765407567 0.41718130931258179 0.36062304861843586 0.30045827943831682
leaf_count=8 4 8 8 8 4 4 4 8
internal_value=0 0.00466828 -0.00226502 0.00389197 0.00800254 0.00956255 0.0101738 -0.00794702
internal_weight=0 6.58902 2.1397 1.70745 4.44932 3.1419 1.07826 0.71764
internal_count=56 48 24 16 24 20 16 12
is_linear=0
shrinkage=0.1


Tree=32
num_leaves=9
num_cat=0
split_feature=0 0 0 0 0 0 0 0
split_gain=0.0452962 0.0141673 0.0350176 0.0589664 0.0231312 0.0137078 0.0230905 0.0122639
threshold=0.5382534683500001 0.6490310047500002 0.57607773460000011 0.63889320805000016 0.80233301090000009 0.69938644515000015 0.71163383855000006 0.58068926565000012
decision_type=2 2 2 2 2 2 2 2
left_child=-1 2 -2 7 5 -3 -7 -4
right_child=1 4 3 -5 -6 6 -8 -9
leaf_value=-0.011464517532869735 0.0029151220493773347 -0.026689051078295001 0.017864613134544228 0.058766028905631609 0.0090135992271332642 0.016343215224393731 -0.019899376187187345 -0.01048338287176593
leaf_weight=2.5283271819353104 3.9563064854592085 0.42052535014227055 0.37855903990566719 0.32602234184741974 0.91357363015413273 0.31432982906699181 0.39884585421532393 0.25568596459925175
leaf_count=8 8 8 4 4 4 4 8 8
internal_value=0 0.00416236 0.00707292 0.024203 -0.0028274 -0.0123693 -0.00392557 0.00643656
internal_weight=0 6.96385 4.91657 0.960267 2.04727 1.1337 0.713176 0.634245
internal_count=56 48 24 16 24 20 12 12
is_linear=0
shrinkage=0.1


Tree=33
num_leaves=9
num_cat=0
split_feature=0 0 0 0 0 0 0 0
split_gain=0.574169 0.116485 0.0106024 0.0397841 0.0237594 0.0105381 0.0174047 0.00154703
threshold=0.5382534683500001 0.57607773460000011 0.6490310047500002 0.63889320805000016 0.80233301090000009 0.69938644515000015 0.71163383855000006 0.58068926565000012
decision_type=2 2 2 2 2 2 2 2
left_child=-1 -2 3 7 5 -4 -7 -3
right_child=1 2 4 -5 -6 6 -8 -9
leaf_value=0.059719036167703334 -0.021564661941282374 0.0025232755613685837 -0.022105919630517119 0.04196234218019243 0.012168846683743824 0.014625781756830672 -0.016575236092781092 -0.0074914759730400965
leaf_weight=1.3581709414720533 4.3284726068377495 0.38632489368319545 0.42225724598392866 0.31370788253843784 0.89902284741401661 0.33141212910413742 0.38820923818275332 0.25676571764051914
leaf_count=8 8 4 8 4 4 4 8 8
internal_value=0 -0.0110711 0.00408091 0.0127667 8.91182e-06 -0.00956484 -0.00220602 -0.0014753
internal_weight=0 7.32617 2.9977 0.956798 2.0409 1.14188 0.719621 0.643091
internal_count=56 48 40 16 24 20 12 12
is_linear=0
shrinkage=0.1


Tree=34
num_leaves=6
num_cat=0
split_feature=0 0 0 0 0
split_gain=0.121509 0.0321661 0.0407666 0.0166338 0.00231565
threshold=0.5382534683500001 0.59340111745000013 0.68036491340000016 0.7601111906500001 0.56677318590000014
decision_type=2 2 2 2 2
left_child=-1 4 -3 -4 -2
right_child=1 2 3 -5 -6
leaf_value=-0.027522561754704834 0.014680973995620572 -0.028477137436538225 0.01297438921301209 -0.0052353320427788869 0.0095990504390938269
leaf_weight=1.3277868553996084 1.4154802113771441 0.5047362465411428 0.94463135115802321 1.0696481922641394 2.4461653102189302
leaf_count=8 4 12 12 8 12
internal_value=0 0.00572732 -0.00306365 0.00330443 0.0114618
internal_weight=0 6.38066 2.51902 2.01428 3.86165
internal_count=56 48 32 20 16
is_linear=0
shrinkage=0.1


Tree=35
num_leaves=10
num_cat=0
split_feature=0 0 0 0 0 0 0 0 0
split_gain=0.0665355 0.0116527 0.00452806 0.0179781 0.0226813 0.00181583 7.28274e-05 0.0444487 0.0134561
threshold=0.5382534683500001 0.6490310047500002 0.80233301090000009 0.69938644515000015 0.71163383855000006 0.56677318590000014 0.57607773460000011 0.63889320805000016 0.58068926565000012
decision_type=2 2 2 2 2 2 2 2 2
left_child=-1 5 3 -3 -5 -2 -7 8 -8
right_child=1 2 -4 4 -6 6 7 -9 -10
leaf_value=-0.018604144461243505 0.0043059780748730039 -0.022391661690656862 0.0034928665729234845 0.021876834253508112 -0.013512282062070495 0.0091001944971120224 0.0054807992626496023 0.038918126113644952 -0.023203531216909341
leaf_weight=1.5490920320153234 1.3078379482030866 0.41887481207959376 0.93164334446191777 0.35124769434332848 0.37387538561597466 2.0559157729148869 0.39159305579960335 0.31711542420089245 0.28082200326025486
leaf_count=8 4 8 4 4 8 4 4 4 8
internal_value=0 0.00448279 -0.00168281 -0.00589776 0.00363011 0.00742255 0.00876093 0.00805606 -0.00649869
internal_weight=0 6.42893 2.07564 1.144 0.725123 4.35328 3.04545 0.98953 0.672415
internal_count=56 48 24 20 12 24 20 16 12
is_linear=0
shrinkage=0.1


Tree=36
num_leaves=10
num_cat=0
split_feature=0 0 0 0 0 0 0 0 0
split_gain=0.0450186 0.0120017 0.00953955 0.012971 0.0110364 0.000730729 0.0196143 0.0411049 0.0112108
threshold=0.5382534683500001 0.6490310047500002 0.80233301090000009 0.69938644515000015 0.71163383855000006 0.56677318590000014 0.57607773460000011 0.63889320805000016 0.58068926565000012
decision_type=2 2 2 2 2 2 2 2 2
left_child=-1 5 3 -3 -5 -2 -7 8 -8
right_child=1 2 -4 4 -6 6 7 -9 -10
leaf_value=-0.011854624610242667 0.0048556538800122997 -0.022758679270807908 0.0051356107049767112 0.014293799352682724 -0.01169929742736679 0.0032259384715706226 0.01668087295427469 0.051149863030268798 -0.011152016214012933
leaf_weight=2.3697550110518932 1.2780719995498655 0.40926633938215651 0.91571711376309384 0.29485466331243515 0.3662425852380693 2.577817022800446 0.35885283909738053 0.29269301891326904 0.24252139683812857
leaf_count=8 4 8 4 4 8 4 4 4 8
internal_value=0 0.00417049 -0.0023573 -0.00876763 -0.000106168 0.00689992 0.00765246 0.0204152 0.00545646
internal_weight=0 6.73604 1.98608 1.07036 0.661097 4.74996 3.47188 0.894067 0.601374
internal_count=56 48 24 20 12 24 20 16 12
is_linear=0
shrinkage=0.1


Tree=37
num_leaves=7
num_cat=0
split_feature=0 0 0 0 0 0
split_gain=0.640578 0.120851 0.0105375 0.0133073 0.00481234 0.00640694
threshold=0.5382534683500001 0.57607773460000011 0.59340111745000013 0.68036491340000016 0.80233301090000009 0.71163383855000006
decision_type=2 2 2 2 2 2
left_child=-1 -2 -3 -4 5 -5
right_child=1 2 3 4 -6 -7
leaf_value=0.062291767192429841 -0.022446715290825824 0.017112426970819255 -0.014200288121191743 0.0061661505692032189 0.010208481130124555 -0.010504885130520673
leaf_weight=1.384790416806936 4.3554628118872643 0.50663215667009387 0.45234268647618625 0.63457075972110011 0.89621264487504959 0.36205923091620207
leaf_count=8 8 8 12 8 4 8
internal_value=0 -0.0119686 0.00403418 0.00120888 0.00489129 0.000109838
internal_weight=0 7.20728 2.85182 2.34519 1.89284 0.99663
internal_count=56 48 40 32 20 16
is_linear=0
shrinkage=0.1


Tree=38
num_leaves=6
num_cat=0
split_feature=0 0 0 0 0
split_gain=0.128766 0.0312252 0.0286138 0.0144473 0.00607253
threshold=0.5382534683500001 0.59340111745000013 0.68036491340000016 0.7601111906500001 0.56677318590000014
decision_type=2 2 2 2 2
left_child=-1 4 -3 -4 -2
right_child=1 2 3 -5 -6
leaf_value=-0.028466388634805152 0.016709831595635515 -0.025003452419923897 0.011630004277064922 -0.0055396536404375913 0.0084960987563925845
leaf_weight=1.3141657486557958 1.4403616487979891 0.47187992511317167 0.91272363904863585 1.0583414575085042 2.3996714614331722
leaf_count=8 4 12 12 8 12
internal_value=0 0.00595411 -0.00288443 0.00241095 0.011577
internal_weight=0 6.28298 2.44295 1.97107 3.84003
internal_count=56 48 32 20 16
is_linear=0
shrinkage=0.1


Tree=39
num_leaves=7
num_cat=0
split_feature=0 0 0 0 0 0
split_gain=0.056146 0.0105075 0.00876279 0.0139916 0.0144116 0.00195914
threshold=0.5382534683500001 0.7601111906500001 0.69938644515000015 0.59340111745000013 0.6490310047500002 0.56677318590000014
decision_type=2 2 2 2 2 2
left_child=-1 2 3 5 -5 -2
right_child=1 -3 -4 4 -6 -7
leaf_value=-0.017596642607888562 0.0038734854759646721 -0.0050053746010837062 0.017635607961074294 0.0058286630267431108 -0.020732976089984371 0.0086299452536062107
leaf_weight=1.4704774171113966 1.3095875568687918 1.054977847728878 0.57019057683646668 0.4106563813984393 0.40644273441284895 2.5563200321048498
leaf_count=8 4 8 8 8 8 12
internal_value=0 0.0041019 0.00593087 0.00450573 -0.00738367 0.00701868
internal_weight=0 6.30818 5.2532 4.68301 0.817099 3.86591
internal_count=56 48 40 32 16 16
is_linear=0
shrinkage=0.1


Tree=40
num_leaves=8
num_cat=0
split_feature=0 0 0 0 0 0 0
split_gain=0.0520529 0.0108077 0.0168732 0.00927918 0.00500019 0.0524111 0.00824129
threshold=0.5382534683500001 0.6490310047500002 0.69938644515000015 0.7601111906500001 0.57607773460000011 0.63889320805000016 0.58068926565000012
decision_type=2 2 2 2 2 2 2
left_child=-1 4 -3 -4 -2 6 -6
right_child=1 2 3 -5 5 -7 -8
leaf_value=-0.013974849513462728 0.005396055583873881 -0.020175084912144071 0.013431963394312569 -0.0027005426278165763 0.006275363481025073 0.047706062249419444 -0.017668539107861283
leaf_weight=2.0322589613497257 3.6443273462355137 0.39937138464301813 0.54235951602458943 1.040631830692291 0.35340924747288216 0.30146353505551815 0.24230765271931887
leaf_count=8 8 8 8 8 4 4 8
internal_value=0 0.00435332 -0.00180727 0.00282673 0.00704241 0.0137299 -0.00346381
internal_weight=0 6.52387 1.98236 1.58299 4.54151 0.89718 0.595717
internal_count=56 48 24 16 24 16 12
is_linear=0
shrinkage=0.1


Tree=41
num_leaves=9
num_cat=0
split_feature=0 0 0 0 0 0 0 0
split_gain=0.706067 0.137665 0.008952 0.0331716 0.019471 0.00535454 0.00285664 0.000253213
threshold=0.5382534683500001 0.57607773460000011 0.6490310047500002 0.63889320805000016 0.80233301090000009 0.69938644515000015 0.71163383855000006 0.58068926565000012
decision_type=2 2 2 2 2 2 2 2
left_child=-1 -2 3 7 5 -4 -7 -3
right_child=1 2 4 -5 -6 6 -8 -9
leaf_value=0.063700150642766962 -0.023835887098245797 0.00077946391879007602 -0.017612761642118602 0.040915095689793055 0.011636461440160508 0.0044561421486910653 -0.0088468735011732313 -0.003557438406457049
leaf_weight=1.4485756717622278 4.4034884199500084 0.34762749262154136 0.3966127752792088 0.28502289205789566 0.8937717992812394 0.29271454364061356 0.35987288877367973 0.21971340849995613
leaf_count=8 8 4 8 4 4 4 8 8
internal_value=0 -0.012818 0.00453849 0.0130825 0.000790296 -0.00844912 -0.00287988 -0.000900083
internal_weight=0 7.19882 2.79534 0.852364 1.94297 1.0492 0.652587 0.567341
internal_count=56 48 40 16 24 20 12 12
is_linear=0
shrinkage=0.1


Tree=42
num_leaves=6
num_cat=0
split_feature=0 0 0 0 0
split_gain=0.138906 0.0331921 0.0326681 0.00918828 0.00759549
threshold=0.5382534683500001 0.59340111745000013 0.68036491340000016 0.7601111906500001 0.56677318590000014
decision_type=2 2 2 2 2
left_child=-1 4 -3 -4 -2
right_child=1 2 3 -5 -6
leaf_value=-0.029741809571325068 0.01767008362302051 -0.02759403103968491 0.0099521320265584679 -0.0038189776317925001 0.0084946816050196512
leaf_weight=1.2988361269235609 1.4589522108435633 0.44130992540158365 0.89967662841081608 1.0499116936698554 2.3642256315797567
leaf_count=8 4 12 12 8 12
internal_value=0 0.00621649 -0.00302539 0.00253598 0.0119961
internal_weight=0 6.21408 2.3909 1.94959 3.82318
internal_count=56 48 32 20 16
is_linear=0
shrinkage=0.1


Tree=43
num_leaves=7
num_cat=0
split_feature=0 0 0 0 0 0
split_gain=0.0522953 0.00782846 0.0086588 0.00816796 0.00522533 0.00247888
threshold=0.5382534683500001 0.59340111745000013 0.68036491340000016 0.7601111906500001 0.69938644515000015 0.56677318590000014
decision_type=2 2 2 2 2 2
left_child=-1 5 -3 4 -4 -2
right_child=1 2 3 -5 -6 -7
leaf_value=-0.017318010988637545 0.0032323701557585545 -0.012961751954280926 -0.00054879271029755524 -0.003615111867769279 0.015268061181638046 0.0085937307236094683
leaf_weight=1.4198458492755888 1.3121619522571566 0.45421089814044568 0.33229514956474293 1.048337453510612 0.56232829205691814 2.515959769487381
leaf_count=8 4 12 4 8 8 12
internal_value=0 0.00394985 -0.000531428 0.00237444 0.00939312 0.00675602
internal_weight=0 6.22529 2.39717 1.94296 0.894623 3.82812
internal_count=56 48 32 20 12 16
is_linear=0
shrinkage=0.1


Tree=44
num_leaves=9
num_cat=0
split_feature=0 0 0 0 0 0 0 0
split_gain=0.0517693 0.00948783 0.0138371 0.00611708 0.00252246 0.00115852 0.0449385 0.00571548
threshold=0.5382534683500001 0.6490310047500002 0.69938644515000015 0.7601111906500001 0.56677318590000014 0.57607773460000011 0.63889320805000016 0.58068926565000012
decision_type=2 2 2 2 2 2 2 2
left_child=-1 4 -3 -4 -2 -6 7 -7
right_child=1 2 3 -5 5 6 -8 -9
leaf_value=-0.014568407762603664 0.0031278078096034553 -0.0183219639017928 0.011263203019528349 -0.0018228942715363607 0.007191274017314531 0.0035742958394457771 0.043464216263404798 -0.016638994451668717
leaf_weight=1.8847500979900358 1.2889434807002542 0.39120800932869304 0.54469981044530857 1.0377749996259806 2.2719428539276127 0.34472279623150814 0.29213733039796352 0.23542002867907286
leaf_count=8 4 8 8 8 4 4 4 8
internal_value=0 0.0042857 -0.00148169 0.00268144 0.00685339 0.00838066 0.0114785 -0.00462819
internal_weight=0 6.40685 1.97368 1.58247 4.43317 3.14422 0.87228 0.580143
internal_count=56 48 24 16 24 20 16 12
is_linear=0
shrinkage=0.1


Tree=45
num_leaves=9
num_cat=0
split_feature=0 0 0 0 0 0 0 0
split_gain=0.759208 0.152503 0.0099882 0.028835 0.0223411 0.003314 0.0012674 2.3701e-05
threshold=0.5382534683500001 0.57607773460000011 0.6490310047500002 0.63889320805000016 0.80233301090000009 0.69938644515000015 0.71163383855000006 0.58068926565000012
decision_type=2 2 2 2 2 2 2 2
left_child=-1 -2 3 7 5 -4 -7 -3
right_child=1 2 4 -5 -6 6 -8 -9
leaf_value=0.064525135521985882 -0.024975094405461376 0.0014307332169401872 -0.016251429157635236 0.040731195601691084 0.012681927562214991 0.00052951820298795889 -0.0084442700110852701 6.6099682008684165e-05
leaf_weight=1.5070979557931421 4.4454269111156464 0.33458641730248961 0.38726816349662818 0.27419870719313622 0.8920230958610772 0.27905334532260895 0.36097183218225837 0.20540675334632397
leaf_count=8 8 4 8 4 4 4 8 8
internal_value=0 -0.013546 0.00504087 0.0143218 0.00110379 -0.00894977 -0.00453167 0.000911643
internal_weight=0 7.17894 2.73351 0.814192 1.91932 1.02729 0.640025 0.539993
internal_count=56 48 40 16 24 20 12 12
is_linear=0
shrinkage=0.1


Tree=46
num_leaves=6
num_cat=0
split_feature=0 0 0 0 0
split_gain=0.177976 0.0429627 0.0155414 0.0312068 0.00566571
threshold=0.5382534683500001 0.56677318590000014 0.59340111745000013 0.68036491340000016 0.71163383855000006
decision_type=2 2 2 2 2
left_child=-1 -2 -3 -4 -5
right_child=1 2 3 4 -6
leaf_value=-0.033204884364726212 0.02176370159298055 0.0081781264130218016 -0.02830334073635235 0.0094750322112108175 -0.0019323014759408518
leaf_weight=1.3288396522402761 1.5151331052184103 2.3262602537870407 0.41314243827946517 0.66219721361994732 1.271250824909657
leaf_count=8 4 12 12 8 12
internal_value=0 0.00713058 0.00238592 -0.00335611 0.00197466
internal_weight=0 6.18798 4.67285 2.34659 1.93345
internal_count=56 48 44 32 20
is_linear=0
shrinkage=0.1


Tree=47
num_leaves=9
num_cat=0
split_feature=0 0 0 0 0 0 0 0
split_gain=0.0475438 0.00680806 0.0110948 0.0104988 0.00247878 0.00214964 0.0301574 0.00475495
threshold=0.5382534683500001 0.6490310047500002 0.69938644515000015 0.7601111906500001 0.56677318590000014 0.57607773460000011 0.63889320805000016 0.58068926565000012
decision_type=2 2 2 2 2 2 2 2
left_child=-1 4 -3 -4 -2 -6 7 -7
right_child=1 2 3 -5 5 6 -8 -9
leaf_value=-0.016586082398538076 0.0024708679912858796 -0.016163855552013183 0.013775813727096973 -0.0032509809283732673 0.0095331246541850677 -0.0016501025234009305 0.030640945343489032 -0.019789796764067197
leaf_weight=1.407295875251293 1.3113680966198442 0.3897106994409113 0.55438343435525883 1.0442977137863634 1.9939084202051165 0.35085042379796494 0.28039864264428616 0.24570567440241575
leaf_count=8 4 8 8 8 4 4 4 8
internal_value=0 0.00378269 -0.00103457 0.00265349 0.006073 0.00771839 0.00359229 -0.00912136
internal_weight=0 6.17062 1.98839 1.59868 4.18223 2.87086 0.876955 0.596556
internal_count=56 48 24 16 24 20 16 12
is_linear=0
shrinkage=0.1


Tree=48
num_leaves=9
num_cat=0
split_feature=0 0 0 0 0 0 0 0
split_gain=0.048222 0.00775068 0.0111502 0.00620884 0.00257654 0.00083548 0.0272667 0.00415094
threshold=0.5382534683500001 0.6490310047500002 0.69938644515000015 0.7601111906500001 0.56677318590000014 0.57607773460000011 0.63889320805000016 0.58068926565000012
decision_type=2 2 2 2 2 2 2 2
left_child=-1 4 -3 -4 -2 -6 7 -7
right_child=1 2 3 -5 5 6 -8 -9
leaf_value=-0.014101903274296963 0.0027494586061572301 -0.016311906766739943 0.011491858230170465 -0.0018255822930397397 0.0070827631410662097 0.005340419410735639 0.037245326992826976 -0.012265955863769301
leaf_weight=1.8714478425681589 1.2889563292264936 0.38533859769813705 0.5290220770984887 1.0349855865351854 2.2691345810890202 0.33221908472478379 0.26441887393593788 0.22432876843959093
leaf_count=8 4 8 8 8 4 4 4 8
internal_value=0 0.00417025 -0.00107503 0.00267901 0.0065052 0.0080718 0.0108055 -0.00175621
internal_weight=0 6.3284 1.94935 1.56401 4.37906 3.0901 0.820967 0.556548
internal_count=56 48 24 16 24 20 16 12
is_linear=0
shrinkage=0.1


Tree=49
num_leaves=9
num_cat=0
split_feature=0 0 0 0 0 0 0 0
split_gain=0.800484 0.160443 0.00879165 0.0215601 0.0173616 0.00227327 0.000899977 3.12718e-05
threshold=0.5382534683500001 0.57607773460000011 0.6490310047500002 0.80233301090000009 0.63889320805000016 0.69938644515000015 0.71163383855000006 0.58068926565000012
decision_type=2 2 2 2 2 2 2 2
left_child=-1 -2 4 5 7 -4 -7 -3
right_child=1 2 3 -5 -6 6 -8 -9
leaf_value=0.065475095352387866 -0.025680564978811715 0.0032954320946720337 -0.014453527243393247 0.013003635041208456 0.03600214646630364 -0.00018755854150238384 -0.0078908764736999159 0.0049011433936982131
leaf_weight=1.536244288086891 4.4696052893996239 0.32184096612036261 0.38123636902309932 0.89060484245419491 0.25003659352660179 0.2619854211807251 0.36014997353777289 0.19463934563100338
leaf_count=8 8 4 8 4 4 4 8 8
internal_value=0 -0.0141072 0.00533595 0.00167893 0.014372 -0.00837301 -0.00464696 0.00390056
internal_weight=0 7.1301 2.66049 1.89398 0.766517 1.00337 0.622135 0.51648
internal_count=56 48 40 24 16 20 12 12
is_linear=0
shrinkage=0.1


Tree=50
num_leaves=6
num_cat=0
split_feature=0 0 0 0 0
split_gain=0.180332 0.0442676 0.0354256 0.0168659 0.00515649
threshold=0.5382534683500001 0.59340111745000013 0.68036491340000016 0.56677318590000014 0.71163383855000006
decision_type=2 2 2 2 2
left_child=-1 3 -3 -2 -4
right_child=1 2 4 -5 -6
leaf_value=-0.033540419026712363 0.021977824177617945 -0.03152433721543986 0.0090812813371251733 0.0084142703670171456 -0.0018971265914965051
leaf_weight=1.3189482092857359 1.5226641297340395 0.38270016992464695 0.64529427140951146 2.3039464354515076 1.2695623803883789
leaf_count=8 4 12 8 12 12
internal_value=0 0.00722353 -0.00374867 0.0138114 0.00180253
internal_weight=0 6.12417 2.29756 3.82661 1.91486
internal_count=56 48 32 16 20
is_linear=0
shrinkage=0.1


Tree=51
num_leaves=7
num_cat=0
split_feature=0 0 0 0 0 0
split_gain=0.0443549 0.00732404 0.00856907 0.00615812 0.00387822 0.00362301
threshold=0.5382534683500001 0.59340111745000013 0.68036491340000016 0.7601111906500001 0.69938644515000015 0.56677318590000014
decision_type=2 2 2 2 2 2
left_child=-1 5 -3 4 -4 -2
right_child=1 2 3 -5 -6 -7
leaf_value=-0.01617798139798779 0.0021280562727039802 -0.014047994115181685 -0.00034926543865826534 -0.0031665735103544399 0.013422172953739661 0.0086278599788601005
leaf_weight=1.3817089051008222 1.3128555305302145 0.40154536254704032 0.32829796150326718 1.0417351010255513 0.54224751889705658 2.4728718400001526
leaf_count=8 4 12 4 8 8 12
internal_value=0 0.00366474 -0.000767629 0.00202101 0.00822872 0.00637379
internal_weight=0 6.09955 2.31383 1.91228 0.870545 3.78573
internal_count=56 48 32 20 12 16
is_linear=0
shrinkage=0.1


Tree=52
num_leaves=9
num_cat=0
split_feature=0 0 0 0 0 0 0 0
split_gain=0.0461136 0.00703457 0.00910878 0.00504004 0.00301905 7.60359e-05 0.0272417 0.0026803
threshold=0.5382534683500001 0.6490310047500002 0.69938644515000015 0.7601111906500001 0.56677318590000014 0.57607773460000011 0.63889320805000016 0.58068926565000012
decision_type=2 2 2 2 2 2 2 2
left_child=-1 4 -3 -4 -2 -6 7 -7
right_child=1 2 3 -5 5 6 -8 -9
leaf_value=-0.014220293027064951 0.0022437190658925387 -0.014877398659666042 0.010337154841602506 -0.0016563915000555524 0.0077167970393422942 0.0018693820345513316 0.035351082801400875 -0.012431919104644413
leaf_weight=1.7760411351919172 1.2920987047255037 0.37855734140612174 0.53016652539372433 1.033221364021301 2.2133052647113804 0.32529227063059796 0.26195116527378559 0.21946130599826574
leaf_count=8 4 8 8 8 4 4 4 8
internal_value=0 0.00403831 -0.000959324 0.00241079 0.00628898 0.00801973 0.00885086 -0.00389209
internal_weight=0 6.25405 1.94195 1.56339 4.31211 3.02001 0.806705 0.544754
internal_count=56 48 24 16 24 20 16 12
is_linear=0
shrinkage=0.1


Tree=53
num_leaves=9
num_cat=0
split_feature=0 0 0 0 0 0 0 0
split_gain=0.892026 0.186768 0.011212 0.0222708 0.0182153 0.00150889 0.0001611 7.93223e-05
threshold=0.5382534683500001 0.57607773460000011 0.6490310047500002 0.80233301090000009 0.63889320805000016 0.69938644515000015 0.58068926565000012 0.71163383855000006
decision_type=2 2 2 2 2 2 2 2
left_child=-1 -2 4 5 6 -4 -3 -7
right_child=1 2 3 -5 -6 7 -8 -9
leaf_value=0.066203374796866596 -0.027537073043153844 0.0040024956321575546 -0.013466103737039423 0.013388546148959402 0.038750977136864789 -0.0040275784910858798 0.0077493508982275751 -0.0063472636819594521
leaf_weight=1.653206620365381 4.5459903851151466 0.31034331396222148 0.37347781122662105 0.88841832242906094 0.2451003473252058 0.25069293007254601 0.18207747815176845 0.35782089224085212
leaf_count=8 8 4 8 4 4 4 8 8
internal_value=0 -0.015299 0.0060337 0.00191641 0.0164755 -0.00846256 0.00538793 -0.00539161
internal_weight=0 7.15392 2.60793 1.87041 0.737521 0.981992 0.492421 0.608514
internal_count=56 48 40 24 16 20 12 12
is_linear=0
shrinkage=0.1


Tree=54
num_leaves=7
num_cat=0
split_feature=0 0 0 0 0 0
split_gain=0.150247 0.0314142 0.0296677 0.00605809 0.00453633 0.0023349
threshold=0.5382534683500001 0.59340111745000013 0.68036491340000016 0.56677318590000014 0.7601111906500001 0.69938644515000015
decision_type=2 2 2 2 2 2
left_child=-1 3 -3 -2 5 -4
right_child=1 2 4 -5 -6 -7
leaf_value=-0.031375181944427503 0.017065562455904074 -0.028601585470921988 0.00095897518633240864 0.0088839277336484751 -0.0021842850468922021 0.011616967379822676
leaf_weight=1.2633717507123945 1.4954815432429316 0.37131542828865383 0.33025086857378472 2.2921436401084065 1.0375651954673228 0.54437010362744331
leaf_count=8 4 12 4 12 8 8
internal_value=0 0.00652903 -0.00273524 0.0121143 0.00228759 0.00759258
internal_weight=0 6.07113 2.2835 3.78763 1.91219 0.874621
internal_count=56 48 32 16 20 12
is_linear=0
shrinkage=0.1


Tree=55
num_leaves=8
num_cat=0
split_feature=0 0 0 0 0 0 0
split_gain=0.0459821 0.00735949 0.0055947 0.00388522 0.00308985 0.01907 0.00244997
threshold=0.5382534683500001 0.57607773460000011 0.63889320805000016 0.7601111906500001 0.69938644515000015 0.6490310047500002 0.58068926565000012
decision_type=2 2 2 2 2 2 2
left_child=-1 -2 6 4 5 -4 -3
right_child=1 2 3 -5 -6 -7 -8
leaf_value=-0.016865715417155296 0.0069090613923539343 -0.0034846331147091688 0.022554425046068284 -0.0022833453351884391 0.011608809775648495 -0.012891642464602794 -0.016887338672002646
leaf_weight=1.3260382413864134 3.2722201980650425 0.3324499744921926 0.2536077778786423 1.0391940483823416 0.54670585505664349 0.37801559548825026 0.23126357095316052
leaf_count=8 8 4 4 8 8 8 8
internal_value=0 0.00369451 -8.75119e-05 0.00217382 0.00610469 0.00134057 -0.0089831
internal_weight=0 6.05346 2.78124 2.21752 1.17833 0.631623 0.563714
internal_count=56 48 40 28 20 12 12
is_linear=0
shrinkage=0.1


Tree=56
num_leaves=6
num_cat=0
split_feature=0 0 0 0 0
split_gain=0.0442694 0.00550722 0.00473545 0.00386735 0.0029416
threshold=0.5382534683500001 0.59340111745000013 0.68036491340000016 0.56677318590000014 0.7601111906500001
decision_type=2 2 2 2 2
left_child=-1 3 -3 -2 -4
right_child=1 2 4 -5 -6
leaf_value=-0.014789965706265486 0.0017085253995488714 -0.010357394381075163 0.0063082387731274586 0.0083999023418162896 -0.0016103980415128354
leaf_weight=1.6045247390866277 1.2997968904674055 0.37253887613769654 0.85757902078330506 2.5746255330741405 1.0356443384662268
leaf_count=8 4 12 12 12 8
internal_value=0 0.00386484 -5.14257e-05 0.00615507 0.00197653
internal_weight=0 6.14018 2.26576 3.87442 1.89322
internal_count=56 48 32 16 20
is_linear=0
shrinkage=0.1


Tree=57
num_leaves=7
num_cat=0
split_feature=0 0 0 0 0 0
split_gain=0.0267329 0.00334347 0.00875653 0.00280373 0.000514756 0.000426061
threshold=0.5382534683500001 0.6490310047500002 0.69938644515000015 0.80233301090000009 0.71163383855000006 0.56677318590000014
decision_type=2 2 2 2 2 2
left_child=-1 5 -3 4 -4 -2
right_child=1 2 3 -5 -6 -7
leaf_value=-0.0089138036168906302 0.0032186362111648915 -0.014039684441977011 0.0013927601557868934 0.006631507365702405 -0.0045611136677389764 0.0053630798764929084
leaf_weight=2.4482412934303284 1.2765143867582081 0.36865458684042085 0.24386825598776318 0.91481711529195309 0.35894864075817168 3.3788841078057885
leaf_count=8 4 8 4 4 8 20
internal_value=0 0.00333601 -0.000215626 0.00314243 -0.00215249 0.00477507
internal_weight=0 6.54169 1.88629 1.51763 0.602817 4.6554
internal_count=56 48 24 16 12 24
is_linear=0
shrinkage=0.1


Tree=58
num_leaves=9
num_cat=0
split_feature=0 0 0 0 0 0 0 0
split_gain=0.680727 0.120351 0.00804583 0.00953539 0.0168223 0.00146679 0.000864176 1.57026e-05
threshold=0.5382534683500001 0.57607773460000011 0.80233301090000009 0.6490310047500002 0.63889320805000016 0.69938644515000015 0.58068926565000012 0.71163383855000006
decision_type=2 2 2 2 2 2 2 2
left_child=-1 -2 3 4 6 -5 -3 -7
right_child=1 2 -4 5 -6 7 -8 -9
leaf_value=0.065162178720907682 -0.022756050392221682 -0.0048661927807359595 0.01203518726600339 -0.011056823174284695 0.030374332516586694 -0.0025093835050273988 0.0037137208683089072 -0.0035275185200933979
leaf_weight=1.3443043641746042 4.3510903567075729 0.31017493456602119 0.89601897448301304 0.36920232372358441 0.24504996463656425 0.26279390975832939 0.18887437367811799 0.35762889357283711
leaf_count=8 8 4 4 8 4 4 8 8
internal_value=0 -0.0125483 0.00434105 0.000364583 0.0089172 -0.00606613 -0.00161897 -0.00309626
internal_weight=0 6.98083 2.62974 1.73372 0.744099 0.989625 0.499049 0.620423
internal_count=56 48 40 36 16 20 12 12
is_linear=0
shrinkage=0.1


Tree=59
num_leaves=7
num_cat=0
split_feature=0 0 0 0 0 0
split_gain=0.0966522 0.0209667 0.00528894 0.0137972 0.00381078 0.00168574
threshold=0.5382534683500001 0.57607773460000011 0.68036491340000016 0.59340111745000013 0.7601111906500001 0.69938644515000015
decision_type=2 2 2 2 2 2
left_child=-1 -2 3 -3 5 -4
right_child=1 2 4 -5 -6 -7
leaf_value=-0.025283431577167725 0.010675596786698507 0.0034430801653369397 0.00096863812273169912 -0.022348706060812629 -0.0023491740606535211 0.010059905567730468
leaf_weight=1.251573860645294 3.2668646425008774 0.47729050274938378 0.32744689844548691 0.36680559837259352 1.0366338896565137 0.54082810319960117
leaf_count=8 8 8 4 12 8 8
internal_value=0 0.0052601 -0.00117557 -0.00776485 0.00174424 0.00663138
internal_weight=0 6.01587 2.749 0.844096 1.90491 0.868275
internal_count=56 48 40 20 20 12
is_linear=0
shrinkage=0.1


Tree=60
num_leaves=6
num_cat=0
split_feature=0 0 0 0 0
split_gain=0.0484107 0.00691524 0.00514958 0.003557 0.0017063
threshold=0.5382534683500001 0.59340111745000013 0.68036491340000016 0.7601111906500001 0.56677318590000014
decision_type=2 2 2 2 2
left_child=-1 4 -3 -4 -2
right_child=1 2 3 -5 -6
leaf_value=-0.016648554700119514 0.0036075781735595129 -0.011196499341856181 0.0063769736699645155 -0.0023084158488620474 0.00806483451475031
leaf_weight=1.4157171398401258 1.3183639049530032 0.37373501015827093 0.8652202496305107 1.0362712051719425 2.4641231875866652
leaf_count=8 4 12 12 8 12
internal_value=0 0.00389085 -0.000465528 0.00164363 0.00651128
internal_weight=0 6.05771 2.27523 1.90149 3.78249
internal_count=56 48 32 20 16
is_linear=0
shrinkage=0.1


Tree=61
num_leaves=9
num_cat=0
split_feature=0 0 0 0 0 0 0 0
split_gain=0.0461348 0.00623392 0.00624824 0.00308622 0.00183374 0.000203475 0.0235397 0.00174042
threshold=0.5382534683500001 0.6490310047500002 0.69938644515000015 0.7601111906500001 0.56677318590000014 0.57607773460000011 0.63889320805000016 0.58068926565000012
decision_type=2 2 2 2 2 2 2 2
left_child=-1 4 -3 -4 -2 -6 7 -7
right_child=1 2 3 -5 5 6 -8 -9
leaf_value=-0.013872599626890015 0.0030767196100447672 -0.012346758296384474 0.0083711095236401675 -0.0010405366146359586 0.0070991007209035215 0.0015242172654046178 0.034284325006604166 -0.010351229727576152
leaf_weight=1.8488527685403822 1.293671693652868 0.36755795823410142 0.52718223072588433 1.027462995611131 2.2541260123252873 0.30994323268532742 0.24822617881000042 0.20506076840683818
leaf_count=8 4 8 8 8 4 4 4 8
internal_value=0 0.00411479 -0.000621246 0.00215096 0.00622649 0.00757694 0.00898819 -0.00320427
internal_weight=0 6.23323 1.9222 1.55465 4.31103 3.01736 0.76323 0.515004
internal_count=56 48 24 16 24 20 16 12
is_linear=0
shrinkage=0.1


Tree=62
num_leaves=8
num_cat=0
split_feature=0 0 0 0 0 0 0
split_gain=0.837605 0.171105 0.00763488 0.0175981 0.0148896 0.000903973 8.13775e-05
threshold=0.5382534683500001 0.57607773460000011 0.80233301090000009 0.6490310047500002 0.63889320805000016 0.69938644515000015 0.71163383855000006
decision_type=2 2 2 2 2 2 2
left_child=-1 -2 3 4 -3 -5 -7
right_child=1 2 -4 5 -6 6 -8
leaf_value=0.065845083451815542 -0.026461078209532054 0.0036978048683471557 0.013364057784449266 -0.010776552403499878 0.034508865600685425 -0.0058771646254213647 -0.0035170926870934289
leaf_weight=1.579212177544832 4.500812828540802 0.47395419562235497 0.89086326584219921 0.3639979634899646 0.23442043736577034 0.24546199105679989 0.36092998366802931
leaf_count=8 8 12 4 8 4 4 8
internal_value=0 -0.0147068 0.00588141 0.00191062 0.013894 -0.00683714 -0.00447243
internal_weight=0 7.07044 2.56963 1.67876 0.708375 0.97039 0.606392
internal_count=56 48 40 36 16 20 12
is_linear=0
shrinkage=0.1


Tree=63
num_leaves=7
num_cat=0
split_feature=0 0 0 0 0 0
split_gain=0.108188 0.0206464 0.00699154 0.0141802 0.00393728 0.00222061
threshold=0.5382534683500001 0.57607773460000011 0.68036491340000016 0.59340111745000013 0.7601111906500001 0.69938644515000015
decision_type=2 2 2 2 2 2
left_child=-1 -2 3 -3 5 -4
right_child=1 2 4 -5 -6 -7
leaf_value=-0.027197972562945611 0.010910942287443628 0.0027806487616348959 0.0008492245261701748 -0.023756821795896811 -0.0017393215678138522 0.011266684288522764
leaf_weight=1.2155373990535734 3.2511419206857681 0.46982062142342362 0.32657606899738301 0.35237840795889497 1.0341056920588014 0.54793910682201385
leaf_count=8 8 8 4 12 8 8
internal_value=0 0.00552665 -0.000883557 -0.00859279 0.00243744 0.00737642
internal_weight=0 5.98196 2.73082 0.822199 1.90862 0.874515
internal_count=56 48 40 20 20 12
is_linear=0
shrinkage=0.1


Tree=64
num_leaves=8
num_cat=0
split_feature=0 0 0 0 0 0 0
split_gain=0.0584631 0.00989934 0.00396285 0.00245865 0.00205312 0.0125759 0.00180444
threshold=0.5382534683500001 0.57607773460000011 0.63889320805000016 0.7601111906500001 0.69938644515000015 0.6490310047500002 0.58068926565000012
decision_type=2 2 2 2 2 2 2
left_child=-1 -2 6 4 5 -4 -3
right_child=1 2 3 -5 -6 -7 -8
leaf_value=-0.018771187894004868 0.0079148489238080981 -0.0031236200461234984 0.018736218300075391 -0.001877298861595982 0.0092885625011183172 -0.010737325758836701 -0.014910420051010956
leaf_weight=1.3544134423136709 3.2922102697193623 0.31918267533183131 0.23835631180554651 1.0358571792021392 0.54546870291233063 0.36870502855163068 0.21899808617308736
leaf_count=8 8 4 4 8 8 8 8
internal_value=0 0.00422411 -0.000232293 0.0016583 0.00483598 0.000835154 -0.00791994
internal_weight=0 6.01878 2.72657 2.18839 1.15253 0.607061 0.538181
internal_count=56 48 40 28 20 12 12
is_linear=0
shrinkage=0.1


Tree=65
num_leaves=9
num_cat=0
split_feature=0 0 0 0 0 0 0 0
split_gain=0.0489539 0.00556032 0.00514358 0.00348234 0.00144162 0.000214885 0.0130937 0.00146651
threshold=0.5382534683500001 0.6490310047500002 0.69938644515000015 0.7601111906500001 0.56677318590000014 0.57607773460000011 0.63889320805000016 0.58068926565000012
decision_type=2 2 2 2 2 2 2 2
left_child=-1 4 -3 -4 -2 -6 7 -7
right_child=1 2 3 -5 5 6 -8 -9
leaf_value=-0.015079192847961803 0.0034313966622436295 -0.010961918804342084 0.008780344896788906 -0.0011824846592887244 0.007941048224063791 0.0014084127253483282 0.02570861029187041 -0.0095232161243370989
leaf_weight=1.6881017014384267 1.3037878423929212 0.36607985070440907 0.53171663917601097 1.0313293221406636 2.1548062860965733 0.30704457126557816 0.23136714659631252 0.20442438079044223
leaf_count=8 4 8 8 8 4 4 4 8
internal_value=0 0.00415219 -0.000292264 0.00220667 0.0061929 0.00743543 0.00596874 -0.00296075
internal_weight=0 6.13056 1.92913 1.56305 4.20143 2.89764 0.742836 0.511469
internal_count=56 48 24 16 24 20 16 12
is_linear=0
shrinkage=0.1


Tree=66
num_leaves=8
num_cat=0
split_feature=0 0 0 0 0 0 0
split_gain=0.998693 0.230443 0.012096 0.0219141 0.0101017 0.000776185 7.54977e-05
threshold=0.5382534683500001 0.57607773460000011 0.6490310047500002 0.80233301090000009 0.63889320805000016 0.71163383855000006 0.69938644515000015
decision_type=2 2 2 2 2 2 2
left_child=-1 -2 4 5 -3 6 -4
right_child=1 2 3 -5 -6 -7 -8
leaf_value=0.065413408145367904 -0.03003442282916487 0.010564524950538307 -0.010289557459445348 0.01471543211852407 0.036893671335173357 -0.0035301726891806781 -0.0079541787727565316
leaf_weight=1.8544954471290109 4.6699737422168255 0.44668487319722805 0.36006489442661382 0.88654390536248684 0.21627525333315134 0.36806165194138885 0.22488203644752502
leaf_count=8 8 12 8 4 4 8 4
internal_value=0 -0.0169131 0.00757283 0.00339914 0.0191538 -0.00712793 -0.00939172
internal_weight=0 7.17249 2.50251 1.83955 0.66296 0.953009 0.584947
internal_count=56 48 40 24 16 20 12
is_linear=0
shrinkage=0.1


Tree=67
num_leaves=6
num_cat=0
split_feature=0 0 0 0 0
split_gain=0.0733169 0.0125289 0.00845354 0.0147239 0.00451605
threshold=0.5382534683500001 0.57607773460000011 0.68036491340000016 0.59340111745000013 0.7601111906500001
decision_type=2 2 2 2 2
left_child=-1 -2 3 -3 -4
right_child=1 2 4 -5 -6
leaf_value=-0.023209413421839031 0.0087334573727176346 0.002442728217596106 0.0083801211360952782 -0.024957538699551841 -0.001368770186718012
leaf_weight=1.1407525241374967 3.1893576681613922 0.46515065804123912 0.87880336586385954 0.33907857653684914 1.0345523254945872
leaf_count=8 8 8 12 12 8
internal_value=0 0.00448222 -0.000507037 -0.00910975 0.00310889
internal_weight=0 5.90694 2.71758 0.804229 1.91336
internal_count=56 48 40 20 20
is_linear=0
shrinkage=0.1


Tree=68
num_leaves=6
num_cat=0
split_feature=0 0 0 0 0
split_gain=0.0918615 0.0195542 0.00396295 0.00993362 0.00225749
threshold=0.5382534683500001 0.57607773460000011 0.68036491340000016 0.59340111745000013 0.7601111906500001
decision_type=2 2 2 2 2
left_child=-1 -2 3 -3 -4
right_child=1 2 4 -5 -6
leaf_value=-0.023948408410824816 0.010415402218172238 0.0026307090070035368 0.0051600100321796986 -0.020061558109865964 -0.0017495809903515529
leaf_weight=1.3136943131685255 3.2968774922192097 0.45325781963765654 0.8688066517934202 0.33584684343077242 1.0375119666568933
leaf_count=8 8 8 12 12 8
internal_value=0 0.00525022 -0.00106751 -0.00702723 0.00139947
internal_weight=0 5.9923 2.69542 0.789105 1.90632
internal_count=56 48 40 20 20
is_linear=0
shrinkage=0.1


Tree=69
num_leaves=6
num_cat=0
split_feature=0 0 0 0 0
split_gain=0.0503249 0.00594946 0.00278183 0.00236165 0.00106727
threshold=0.5382534683500001 0.59340111745000013 0.68036491340000016 0.7601111906500001 0.56677318590000014
decision_type=2 2 2 2 2
left_child=-1 4 -3 -4 -2
right_child=1 2 3 -5 -6
leaf_value=-0.015896594692592091 0.0042114537504059774 -0.0083201752496053823 0.0053879123614324551 -0.0016972864056243302 0.0077239443013031031
leaf_weight=1.5804674625396726 1.3156333789229395 0.33836117398459498 0.86228243634104718 1.0352845294401047 2.5258839661255479
leaf_count=8 4 12 12 8 12
internal_value=0 0.00413398 3.28739e-05 0.00152233 0.006521
internal_weight=0 6.07745 2.23593 1.89757 3.84152
internal_count=56 48 32 20 16
is_linear=0
shrinkage=0.1


Tree=70
num_leaves=7
num_cat=0
split_feature=0 0 0 0 0 0
split_gain=0.0341282 0.00332957 0.00425135 0.00252305 0.000228152 5.10394e-05
threshold=0.5382534683500001 0.6490310047500002 0.80233301090000009 0.69938644515000015 0.56677318590000014 0.71163383855000006
decision_type=2 2 2 2 2 2
left_child=-1 4 3 -3 -2 -5
right_child=1 2 -4 5 -6 -7
leaf_value=-0.010388767794948713 0.0041004116958855931 -0.011073605607836717 0.0050766452544542314 0.00064788429766020588 0.0056736207136363617 -0.0012271350277659146
leaf_weight=2.3224975317716599 1.2876435797661541 0.35763147112447746 0.92520809732377529 0.23915661126375198 3.244783409871161 0.36943324585445225
leaf_count=8 4 8 4 4 20 8
internal_value=0 0.00375597 0.000231721 -0.00440755 0.00522668 -0.000490312
internal_weight=0 6.42386 1.89143 0.966221 4.53243 0.60859
internal_count=56 48 24 20 24 12
is_linear=0
shrinkage=0.1


Tree=71
num_leaves=8
num_cat=0
split_feature=0 0 0 0 0 0 0
split_gain=0.670192 0.123014 0.00786446 0.0059149 0.0125203 0.000973875 0.000242489
threshold=0.5382534683500001 0.57607773460000011 0.80233301090000009 0.6490310047500002 0.63889320805000016 0.69938644515000015 0.71163383855000006
decision_type=2 2 2 2 2 2 2
left_child=-1 -2 3 4 -3 -5 -7
right_child=1 2 -4 5 -6 6 -8
leaf_value=0.064258312225763906 -0.02281630566125338 -0.0016272649110202608 0.012284119671492691 -0.00847437654223295 0.026914770643511762 -0.0043188185634991444 -0.00029651489872301756
leaf_weight=1.3574151955544946 4.3587741889059544 0.46845931839197896 0.90017412044107903 0.35739893687423319 0.2287307595834136 0.25176975317299366 0.37034939462319016
leaf_count=8 8 12 4 8 4 4 8
internal_value=0 -0.0125764 0.00474445 0.000696623 0.00773667 -0.00431426 -0.00192433
internal_weight=0 6.93566 2.57688 1.67671 0.69719 0.979518 0.622119
internal_count=56 48 40 36 16 20 12
is_linear=0
shrinkage=0.1


Tree=72
num_leaves=7
num_cat=0
split_feature=0 0 0 0 0 0
split_gain=0.535333 0.0289351 0.0052619 0.00902454 0.00355929 0.00301398
threshold=0.44592917160000006 0.57607773460000011 0.68036491340000016 0.59340111745000013 0.7601111906500001 0.56677318590000014
decision_type=2 2 2 2 2 2
left_child=-1 5 3 -3 -4 -2
right_child=1 2 4 -5 -6 -7
leaf_value=-0.10558939612900775 0.014731479154463024 0.0012337073646991308 0.0064618135791496868 -0.020497706484159439 -0.0021950451493325542 0.009284855033506385
leaf_weight=0.45033588260412205 2.2561814188957214 0.45158351957798037 0.876299095340073 0.33128267386928201 1.0369729865342376 1.8482743650674818
leaf_count=4 8 8 12 12 8 4
internal_value=0 0.00699214 -0.001056 -0.0079623 0.00176989 0.0122788
internal_weight=0 6.80059 2.69614 0.782866 1.91327 4.10446
internal_count=56 52 40 20 20 12
is_linear=0
shrinkage=0.1


Tree=73
num_leaves=9
num_cat=0
split_feature=0 0 0 0 0 0 0 0
split_gain=0.029628 0.00272338 0.00786778 0.0108338 0.00334285 0.00728238 0.00675427 3.23528e-06
threshold=0.5382534683500001 0.56677318590000014 0.57607773460000011 0.63889320805000016 0.7601111906500001 0.69938644515000015 0.6490310047500002 0.58068926565000012
decision_type=2 2 2 2 2 2 2 2
left_child=-1 -2 -3 7 5 6 -5 -4
right_child=1 2 3 4 -6 -7 -8 -9
leaf_value=-0.01535202593318266 -0.0012918707370687334 0.0088933671718339144 -0.01214715212599075 0.012654592517258903 -0.00058682730562960284 0.015191181678808464 -0.0091113997552764153 -0.01264967290951937
leaf_weight=1.0650454238057134 1.2908796705305574 1.8759443908929823 0.31318117491900954 0.23516491055488609 1.0320946606807408 0.57996403239667416 0.36207369051408023 0.21680829674005508
leaf_count=8 4 4 4 4 8 8 8 8
internal_value=0 0.00276842 0.00390408 0.000487274 0.00356747 0.00720968 -0.00054096 -0.0123527
internal_weight=0 5.90611 4.61523 2.73929 2.2093 1.1772 0.597239 0.529989
internal_count=56 48 44 40 28 20 12 12
is_linear=0
shrinkage=0.1


Tree=74
num_leaves=10
num_cat=0
split_feature=0 0 0 0 0 0 0 0 0
split_gain=0.0391389 0.00316029 0.00654295 0.00686935 0.00336587 0.0100389 0.000774684 5.5708e-05 1.77405e-07
threshold=0.5382534683500001 0.56677318590000014 0.57607773460000011 0.63889320805000016 0.7601111906500001 0.71163383855000006 0.69938644515000015 0.58068926565000012 0.68036491340000016
decision_type=2 2 2 2 2 2 2 2 2
left_child=-1 -2 -3 7 5 6 8 -4 -5
right_child=1 2 3 4 -6 -7 -8 -9 -10
leaf_value=-0.016426018943403911 -0.001062209336673175 0.00897787612267552 -0.0081396790419031029 2.7759282806753076e-05 -0.00035160005757188523 0.023178046321022473 0.0063511556806184234 -0.010252385603298034 -8.2314815261862005e-05
leaf_weight=1.2060263492166994 1.2839726880192754 1.940323933959007 0.30542767979204688 0.26936668436974309 1.0337293483316896 0.30221828073263168 0.28049211576581001 0.21104766707867384 0.320785709656775
leaf_count=8 4 4 4 8 8 4 4 8 4
internal_value=0 0.00333092 0.00454048 0.00137862 0.00380854 0.00747517 0.00202439 -0.009003 -3.20731e-05
internal_weight=0 5.94736 4.66339 2.72307 2.20659 1.17286 0.870645 0.516475 0.590152
internal_count=56 48 44 40 28 20 16 12 12
is_linear=0
shrinkage=0.1


Tree=75
num_leaves=9
num_cat=0
split_feature=0 0 0 0 0 0 0 0
split_gain=0.0574985 0.00404368 0.00336193 0.00405608 0.00926962 0.0035444 0.00887251 6.40955e-05
threshold=0.5382534683500001 0.56677318590000014 0.57607773460000011 0.69938644515000015 0.7601111906500001 0.6490310047500002 0.63889320805000016 0.58068926565000012
decision_type=2 2 2 2 2 2 2 2
left_child=-1 -2 -3 5 -5 6 7 -4
right_child=1 2 3 4 -6 -7 -8 -9
leaf_value=-0.017627732340911882 -0.00067867508289791727 0.0086839784668841704 -0.0038951450107686664 0.01641534188732121 0.00075579118365121252 -0.0095344187044002406 0.019131804305121701 -0.0062103738036539714
leaf_weight=1.4860639199614523 1.2766281627118585 2.0757767111063004 0.29576871730387233 0.59614455327391613 1.0330719435587523 0.35906588565558195 0.22432505432516336 0.20072502316907048
leaf_count=8 4 4 4 8 8 8 4 8
internal_value=0 0.00432168 0.0056558 0.00333554 0.00648576 -0.00141717 0.00262632 -0.00483116
internal_weight=0 6.06151 4.78488 2.7091 1.62922 1.07988 0.720819 0.496494
internal_count=56 48 44 40 16 24 16 12
is_linear=0
shrinkage=0.1


Tree=76
num_leaves=7
num_cat=0
split_feature=0 0 0 0 0 0
split_gain=0.0586784 0.00827933 0.00180926 0.00758299 0.00191059 0.000580373
threshold=0.5382534683500001 0.71163383855000006 0.59340111745000013 0.6490310047500002 0.56677318590000014 0.69938644515000015
decision_type=2 2 2 2 2 2
left_child=-1 2 4 -4 -2 -5
right_child=1 -3 3 5 -6 -7
leaf_value=-0.013723523248042886 0.00062690862387851376 0.011778923629264533 0.012899987080365553 -0.010054939995217201 0.0052768354851291969 -0.0036237733382014099
leaf_weight=2.2958580199629068 1.2632874511182306 1.3754637136589734 0.2639278508722781 0.35452440561493859 2.9403093494474888 0.23224721103906631
leaf_count=8 4 12 8 8 12 4
internal_value=0 0.00490023 0.00302828 -0.00117746 0.00387941 -0.00750945
internal_weight=0 6.42976 5.0543 0.850699 4.2036 0.586772
internal_count=56 48 36 20 16 12
is_linear=0
shrinkage=0.1


Tree=77
num_leaves=7
num_cat=0
split_feature=0 0 0 0 0 0
split_gain=0.453048 0.17877 0.0199204 0.0109878 0.000100737 4.07417e-07
threshold=0.5382534683500001 0.58068926565000012 0.71163383855000006 0.6490310047500002 0.63889320805000016 0.69938644515000015
decision_type=2 2 2 2 2 2
left_child=-1 -2 3 4 -3 -5
right_child=1 2 -4 5 -6 -7
leaf_value=0.053584475050070801 -0.021739135050606186 0.012707745321896967 0.019794670349270786 -0.007299595153762827 0.015976191536429953 -0.0071322109512646815
leaf_weight=1.3252998255193231 4.5845055002719164 0.17313357116654549 1.3886053073219953 0.35497916454914957 0.2070950698107481 0.24631788767874241
leaf_count=8 12 8 12 8 4 4
internal_value=0 -0.0102112 0.012087 0.00118258 0.0144879 -0.00723103
internal_weight=0 6.95464 2.37013 0.981526 0.380229 0.601297
internal_count=56 48 36 24 12 12
is_linear=0
shrinkage=0.1


Tree=78
num_leaves=7
num_cat=0
split_feature=0 0 0 0 0 0
split_gain=0.0593148 0.0040198 0.00492358 0.0148914 0.0149511 0.00671738
threshold=0.5382534683500001 0.56677318590000014 0.7601111906500001 0.69938644515000015 0.59340111745000013 0.68036491340000016
decision_type=2 2 2 2 2 2
left_child=-1 -2 3 4 -3 -6
right_child=1 2 -4 -5 5 -7
leaf_value=-0.020097234723363423 -0.0008446026284422278 0.0079016598968297182 -0.00058880357133937928 0.021008698441563601 -0.019528607968973686 0.00091799911494920355
leaf_weight=1.2203723303973673 1.2958518266677854 2.3700455930083999 1.050334815867245 0.64189814776182164 0.32101729093119491 0.32169718574732542
leaf_count=8 4 12 8 8 12 4
internal_value=0 0.00408711 0.00544541 0.00717961 0.00423319 -0.00929449
internal_weight=0 6.00084 4.70499 3.65466 3.01276 0.642714
internal_count=56 48 44 36 28 16
is_linear=0
shrinkage=0.1


Tree=79
num_leaves=6
num_cat=0
split_feature=0 0 0 0 0
split_gain=0.107756 0.0109156 0.00643331 0.00759602 0.00397254
threshold=0.5382534683500001 0.71163383855000006 0.59340111745000013 0.56677318590000014 0.68036491340000016
decision_type=2 2 2 2 2
left_child=-1 2 3 -2 -4
right_child=1 -3 4 -5 -6
leaf_value=-0.023761212481252493 -0.00088999588378315525 0.013391030717571251 -0.013117575945642071 0.0085780508141184517 0.00081966170967439288
leaf_weight=1.5285020396113393 1.2863068319857123 1.480080976616591 0.31511985801625986 2.4830921636894345 0.58263527136296034
leaf_count=8 4 12 12 12 8
internal_value=0 0.00590819 0.00353518 0.00534708 -0.00407243
internal_weight=0 6.14724 4.66715 3.7694 0.897755
internal_count=56 48 36 16 20
is_linear=0
shrinkage=0.1


Tree=80
num_leaves=8
num_cat=0
split_feature=0 0 0 0 0 0 0
split_gain=0.19294 0.0936687 0.135228 0.0025861 0.0240317 0.00430743 0.000168795
threshold=0.5382534683500001 0.71163383855000006 0.80233301090000009 0.57607773460000011 0.6490310047500002 0.63889320805000016 0.69938644515000015
decision_type=2 2 2 2 2 2 2
left_child=-1 3 -3 -2 5 -5 -6
right_child=1 2 -4 4 6 -7 -8
leaf_value=-0.022231122421135254 0.0013205077189302479 0.064746594708730468 0.0058321161881270643 0.014850811795753413 -0.0093732990307660163 0.033031034738365654 -0.0058678525906753496
leaf_weight=2.7719423715025187 3.9972636224702001 0.66386618558317401 0.94304991699755192 0.41853153333067872 0.34963020274881274 0.18925201427191496 0.22625698894262314
leaf_count=8 8 8 4 12 8 4 4
internal_value=0 0.00907848 0.0301715 0.00253628 0.00664196 0.0205118 -0.00799606
internal_weight=0 6.78785 1.60692 5.18093 1.18367 0.607784 0.575887
internal_count=56 48 12 36 28 16 12
is_linear=0
shrinkage=0.1


Tree=81
num_leaves=7
num_cat=0
split_feature=0 0 0 0 0 0
split_gain=0.378308 0.0972457 0.0185128 0.00514253 0.00054112 0.000358315
threshold=0.5382534683500001 0.58068926565000012 0.80233301090000009 0.6490310047500002 0.63889320805000016 0.69938644515000015
decision_type=2 2 2 2 2 2
left_child=-1 -2 3 4 -3 -5
right_child=1 2 -4 5 -6 -7
leaf_value=0.052667651543087238 -0.017620048170558348 0.0062743051738170215 0.018007296474828998 -0.0056872395735190259 0.013657825470859211 -0.0018802317046907738
leaf_weight=1.1688004620373247 4.4848232269287109 0.19011772144585881 0.94376354664564122 0.35292595485225298 0.20769132487475872 0.82549241418018937
leaf_count=8 12 8 4 8 4 12
internal_value=0 -0.00878796 0.0069305 0.000298293 0.0101292 -0.0030204
internal_weight=0 7.00481 2.51999 1.57623 0.397809 1.17842
internal_count=56 48 36 32 12 20
is_linear=0
shrinkage=0.1


Tree=82
num_leaves=8
num_cat=0
split_feature=0 0 0 0 0 0 0
split_gain=1.09012 0.021181 0.0628119 0.0124552 0.0128425 0.00193544 0.00148471
threshold=0.44592917160000006 0.71163383855000006 0.80233301090000009 0.59340111745000013 0.68036491340000016 0.5382534683500001 0.56677318590000014
decision_type=2 2 2 2 2 2 2
left_child=-1 3 -3 5 -5 -2 -7
right_child=1 2 -4 4 -6 6 -8
leaf_value=-0.1501637096700269 0.012186153436140322 0.041904067703683739 0.0028856169733055374 -0.021497712304364786 0.0040115264961019309 0.0045905749573563756 0.0087960485715244622
leaf_weight=0.45518219470977772 1.0532229691743848 0.70628156187012769 0.99211994186043739 0.29620557883754361 0.5914007406681776 1.2904689498245718 2.4021497890353203
leaf_count=4 4 8 4 12 8 4 12
internal_value=0 0.00932258 0.0191115 0.00637138 -0.00450123 0.00840486 0.00732635
internal_weight=0 7.33185 1.6984 5.63345 0.887606 4.74584 3.69262
internal_count=56 52 12 40 20 20 16
is_linear=0
shrinkage=0.1


Tree=83
num_leaves=10
num_cat=0
split_feature=0 0 0 0 0 0 0 0 0
split_gain=0.0110951 0.0124207 0.018126 0.0176737 0.00256243 0.0025358 0.000558643 8.71882e-06 3.29663e-06
threshold=0.56677318590000014 0.57607773460000011 0.80233301090000009 0.71163383855000006 0.63889320805000016 0.5382534683500001 0.69938644515000015 0.68036491340000016 0.58068926565000012
decision_type=2 2 2 2 2 2 2 2 2
left_child=5 -2 3 4 8 -1 7 -6 -3
right_child=1 2 -4 -5 6 -7 -8 -9 -10
leaf_value=-0.0086389489606231284 0.0089287192813276173 -0.0057433454897640691 0.0097328129945499428 -0.020602949277978549 0.0016578908256049399 -0.0023312327707486701 0.0066915016002604584 0.00086757077974170113 -0.006256521356072603
leaf_weight=1.2234032992273569 1.967803508043289 0.28913032449781917 0.9918489884585141 0.6336227012798189 0.24848274176474661 1.3304396755993366 0.27722124010324478 0.31852680537849665 0.22076065046712756
leaf_count=8 4 4 4 8 8 4 4 4 8
internal_value=0 0.00276317 -0.00130872 -0.00681825 -0.000368092 -0.00535291 0.0030126 0.00121392 -0.00596553
internal_weight=0 4.9474 2.97959 1.98774 1.35412 2.55384 0.844231 0.56701 0.509891
internal_count=56 44 40 36 28 12 16 12 12
is_linear=0
shrinkage=0.1


Tree=84
num_leaves=10
num_cat=0
split_feature=0 0 0 0 0 0 0 0 0
split_gain=0.0151911 0.0102423 0.00755174 0.00585353 0.00574896 0.00216287 0.0020211 0.00822838 4.69469e-05
threshold=0.5382534683500001 0.6490310047500002 0.80233301090000009 0.71163383855000006 0.56677318590000014 0.69938644515000015 0.57607773460000011 0.63889320805000016 0.58068926565000012
decision_type=2 2 2 2 2 2 2 2 2
left_child=-1 4 3 5 -2 -3 -6 8 -8
right_child=1 2 -4 -5 6 -7 7 -9 -10
leaf_value=-0.0092955727313268604 -0.00039244094091055111 -0.0072791965770340724 0.0030081143719833106 -0.016240255430519414 0.009251173963214893 0.0046294988788595703 -0.0031276681871521836 0.019544784086623617 -0.0050907534949773715
leaf_weight=1.4305132664740083 1.3017392195761202 0.35340052354149543 0.99499048851430405 0.55926712928339839 2.0594583153724675 0.2682952992618084 0.28486593812704075 0.21235155500471592 0.21284659067168832
leaf_count=8 4 8 4 8 4 4 4 4 8
internal_value=0 0.00212853 -0.00341 -0.00881741 0.00508869 -0.00213995 0.00766495 0.0030643 -0.00396718
internal_weight=0 6.24722 2.17595 1.18096 4.07126 0.621696 2.76952 0.710064 0.497713
internal_count=56 48 24 20 24 12 20 16 12
is_linear=0
shrinkage=0.1


Tree=85
num_leaves=7
num_cat=0
split_feature=0 0 0 0 0 0
split_gain=0.0209779 0.013866 0.00454813 0.00394412 0.00288462 0.00158947
threshold=0.5382534683500001 0.6490310047500002 0.56677318590000014 0.80233301090000009 0.71163383855000006 0.69938644515000015
decision_type=2 2 2 2 2 2
left_child=-1 2 -2 4 5 -3
right_child=1 3 -4 -5 -6 -7
leaf_value=-0.0094395207801519342 0.0010542225820237019 -0.0075805624711200717 0.0081866634363500172 0.00070226504638407376 -0.013422899609789617 0.0028529419330533719
leaf_weight=1.8275025952607391 1.283320529386401 0.35169422358740143 2.9473220244981349 0.98837353475391854 0.51935261534526944 0.24966749548912048
leaf_count=8 4 8 20 4 8 4
internal_value=0 0.00272106 0.00602311 -0.00390257 -0.00796365 -0.00324888
internal_weight=0 6.33973 4.23064 2.10909 1.12071 0.601362
internal_count=56 48 24 24 20 12
is_linear=0
shrinkage=0.1


Tree=86
num_leaves=8
num_cat=0
split_feature=0 0 0 0 0 0 0
split_gain=1.04827 0.19966 0.0163439 0.0229473 0.00717939 0.000629462 2.32555e-05
threshold=0.5382534683500001 0.57607773460000011 0.80233301090000009 0.6490310047500002 0.63889320805000016 0.71163383855000006 0.69938644515000015
decision_type=2 2 2 2 2 2 2
left_child=-1 -2 3 4 -3 6 -5
right_child=1 2 -4 5 -6 -7 -8
leaf_value=0.070735582299055397 -0.029208343750275645 0.0074823452290631864 0.016163796796352405 -0.0065738079791372965 0.03042766654769612 -0.01195510822370547 -0.0078744369215502496
leaf_weight=1.6960578188300131 4.5911199860274792 0.4342679521068934 0.91626303084194649 0.34782029944471993 0.19878378137946129 0.49387015495449305 0.22732062451541424
leaf_count=8 8 12 4 8 4 8 4
internal_value=0 -0.0166409 0.00539557 -0.000401235 0.0146874 -0.00933648 -0.00708787
internal_weight=0 7.20945 2.61833 1.70206 0.633052 1.06901 0.575141
internal_count=56 48 40 36 16 20 12
is_linear=0
shrinkage=0.1


Tree=87
num_leaves=7
num_cat=0
split_feature=0 0 0 0 0 0
split_gain=0.0264295 0.00293917 0.00813685 0.00975061 0.0085213 0.00134382
threshold=0.5382534683500001 0.7601111906500001 0.69938644515000015 0.59340111745000013 0.68036491340000016 0.56677318590000014
decision_type=2 2 2 2 2 2
left_child=-1 2 3 5 -5 -2
right_child=1 -3 -4 4 -6 -7
leaf_value=-0.014867746123998965 0.00130625428294649 -0.0022058087434197139 0.013412959735380973 -0.021565061625110977 0.0017500613665928297 0.0053270665642650011
leaf_weight=1.0224381387233732 1.2969149611890318 1.0810004640370605 0.71555348113179196 0.30603682599030424 0.32137117441743612 2.314839830622077
leaf_count=8 4 8 8 12 4 12
internal_value=0 0.00251856 0.00354931 0.00188436 -0.00962258 0.00388327
internal_weight=0 6.03572 4.95472 4.23916 0.627408 3.61175
internal_count=56 48 40 32 16 16
is_linear=0
shrinkage=0.1


Tree=88
num_leaves=7
num_cat=0
split_feature=0 0 0 0 0 0
split_gain=0.0166899 0.00474908 0.00376369 0.00415912 0.00352112 0.000321192
threshold=0.5382534683500001 0.57607773460000011 0.68036491340000016 0.59340111745000013 0.7601111906500001 0.71163383855000006
decision_type=2 2 2 2 2 2
left_child=-1 -2 3 -3 5 -4
right_child=1 2 4 -5 -6 -7
leaf_value=-0.011397375281928891 0.0046919897583748062 -0.00076723979769864614 0.0038691232155055712 -0.015869510829208257 -0.0027453041791445933 0.0074104723676109681
leaf_weight=1.089724004268646 3.2017790339887142 0.4433386251330379 0.59844942949712299 0.309769541840069 1.085459964815527 0.44771138578653336
leaf_count=8 8 8 8 12 8 4
internal_value=0 0.00204058 -0.000902244 -0.00697913 0.00124474 0.00538467
internal_weight=0 6.08651 2.88473 0.753108 2.13162 1.04616
internal_count=56 48 40 20 20 12
is_linear=0
shrinkage=0.1


Tree=89
num_leaves=8
num_cat=0
split_feature=0 0 0 0 0 0 0
split_gain=0.0144957 0.00642051 0.00255799 0.00180192 0.000285165 0.000253877 9.56402e-11
threshold=0.5382534683500001 0.57607773460000011 0.63889320805000016 0.7601111906500001 0.58068926565000012 0.69938644515000015 0.68036491340000016
decision_type=2 2 2 2 2 2 2
left_child=-1 -2 4 5 -3 6 -4
right_child=1 2 3 -5 -6 -7 -8
leaf_value=-0.010174855452174043 0.005006032813642378 -0.0058886797896098627 0.00082472644388269462 -0.0031063913086706516 -0.010692216531589707 0.0036508074368326289 0.0008220980127618589
leaf_weight=1.1748274601995943 3.240744523704052 0.28841653652489219 0.2451364810112866 1.0882301181554792 0.21625212486833334 0.72802296280860901 0.31804317981004715
leaf_count=8 8 4 8 8 8 8 4
internal_value=0 0.00195167 -0.00148038 -0.000108834 -0.00794701 0.00241752 0.000823242
internal_weight=0 6.12485 2.8841 2.37943 0.504669 1.2912 0.56318
internal_count=56 48 40 28 12 20 12
is_linear=0
shrinkage=0.1


Tree=90
num_leaves=7
num_cat=0
split_feature=0 0 0 0 0 0
split_gain=0.0155572 0.00782252 0.00467604 0.000650109 0.00137661 0.00195261
threshold=0.5382534683500001 0.59340111745000013 0.56677318590000014 0.80233301090000009 0.68036491340000016 0.71163383855000006
decision_type=2 2 2 2 2 2
left_child=-1 2 -2 4 -3 -6
right_child=1 3 -4 -5 5 -7
leaf_value=-0.0099666068360611294 0.00014456600606777502 -0.0095986092481929533 0.0075744251874168044 -0.00034801340693925697 0.0019382743779526113 -0.0063782471215104546
leaf_weight=1.2941490989178417 1.302751222625375 0.30818061798345331 2.4216670375317335 0.99351805634796608 0.58732232358306624 0.54362076288089156
leaf_count=8 4 12 12 4 8 8
internal_value=0 0.00209487 0.00497556 -0.00231552 -0.00367381 -0.0020593
internal_weight=0 6.15706 3.72442 2.43264 1.43912 1.13094
internal_count=56 48 16 32 28 16
is_linear=0
shrinkage=0.1


Tree=91
num_leaves=9
num_cat=0
split_feature=0 0 0 0 0 0 0 0
split_gain=0.0202656 0.0105668 0.00418378 0.00168323 0.0102524 0.000432813 0.000313521 0.000123228
threshold=0.5382534683500001 0.6490310047500002 0.56677318590000014 0.57607773460000011 0.63889320805000016 0.80233301090000009 0.69938644515000015 0.58068926565000012
decision_type=2 2 2 2 2 2 2 2
left_child=-1 2 -2 -4 7 6 -3 -5
right_child=1 5 3 4 -6 -7 -8 -9
leaf_value=-0.010339109744906646 0.00080597764233332448 -0.0070018189709731326 0.0090953388564648224 -0.003268646705279433 0.021778940196576856 -0.0016520375913261277 -0.0034037042452452894 -0.0065046786625051825
leaf_weight=1.5228267330676315 1.293264854699373 0.34960143023636214 2.1006764620542531 0.27784460596740235 0.21130111906677485 0.99265802092850197 0.78803947288542986 0.20412837713956833
leaf_count=8 4 8 4 4 4 4 12 8
internal_value=0 0.00253231 0.00550856 0.00768529 0.00341272 -0.00317796 -0.00450942 -0.00463919
internal_weight=0 6.21751 4.08722 2.79395 0.693274 2.1303 1.13764 0.481973
internal_count=56 48 24 20 16 24 20 12
is_linear=0
shrinkage=0.1


Tree=92
num_leaves=7
num_cat=0
split_feature=0 0 0 0 0 0
split_gain=0.0227499 0.0104849 0.00305483 0.00149122 0.000228557 0.000942942
threshold=0.5382534683500001 0.6490310047500002 0.56677318590000014 0.80233301090000009 0.71163383855000006 0.69938644515000015
decision_type=2 2 2 2 2 2
left_child=-1 2 -2 4 5 -3
right_child=1 3 -4 -5 -6 -7
leaf_value=-0.0091443794520616496 0.0016353978375028588 -0.0074057643633759739 0.0074471521787720834 -6.3946422577630644e-05 -0.0069672922160829076 0.0007501971099188818
leaf_weight=2.0599502678960562 1.2840872136875985 0.34766208525979914 3.0589331584051251 0.97802933864295472 0.51464015897363424 0.23934163711965084
leaf_count=8 4 8 20 4 8 4
internal_value=0 0.00293288 0.00572881 -0.00290591 -0.00542898 -0.0040803
internal_weight=0 6.42269 4.34302 2.07967 1.10164 0.587004
internal_count=56 48 24 24 20 12
is_linear=0
shrinkage=0.1


Tree=93
num_leaves=8
num_cat=0
split_feature=0 0 0 0 0 0 0
split_gain=0.881402 0.147183 0.0128049 0.00948576 0.00742034 0.00134411 5.40759e-05
threshold=0.5382534683500001 0.57607773460000011 0.80233301090000009 0.6490310047500002 0.58068926565000012 0.63889320805000016 0.69938644515000015
decision_type=2 2 2 2 2 2 2
left_child=-1 -2 3 4 -3 -6 -5
right_child=1 2 -4 6 5 -7 -8
leaf_value=0.071195638731205463 -0.025637857242813762 -0.0040211370372430291 0.013671178709923569 -0.0056069322042883599 0.01140040034970214 0.023442718661617928 -0.0071227339450851404
leaf_weight=1.4443556852638719 4.4405431393533945 0.26611923985183272 0.92274000123143185 0.34615218907128997 0.17326858220621943 0.19929525256156921 0.7352732471190393
leaf_count=8 8 4 4 8 8 4 12
internal_value=0 -0.0145173 0.00416754 -0.000930613 0.00873242 0.0178422 -0.00663754
internal_weight=0 7.08339 2.64285 1.72011 0.638683 0.372564 1.08143
internal_count=56 48 40 36 16 12 20
is_linear=0
shrinkage=0.1


Tree=94
num_leaves=7
num_cat=0
split_feature=0 0 0 0 0 0
split_gain=0.0321265 0.00335079 0.00871437 0.00832043 0.00215547 0.00642047
threshold=0.5382534683500001 0.7601111906500001 0.69938644515000015 0.57607773460000011 0.68036491340000016 0.59340111745000013
decision_type=2 2 2 2 2 2
left_child=-1 2 3 -2 5 -5
right_child=1 -3 -4 4 -6 -7
leaf_value=-0.016111284050064578 0.0047146917888953033 -0.0022707769635533265 0.01394246032786464 -0.00082827558864501495 0.0013615282780253847 -0.019778918732282456
leaf_weight=1.0540524795651434 3.1818100642412901 1.0699677541851995 0.73599492013454426 0.4441194813698528 0.31978353671729565 0.29923803440760821
leaf_count=8 8 8 8 8 4 12
internal_value=0 0.00280654 0.00389721 0.00215555 -0.00550356 -0.00845684
internal_weight=0 6.05091 4.98095 4.24495 1.06314 0.743358
internal_count=56 48 40 32 24 20
is_linear=0
shrinkage=0.1


Tree=95
num_leaves=8
num_cat=0
split_feature=0 0 0 0 0 0 0
split_gain=0.0208635 0.00427191 0.00296617 0.00268288 0.00196953 0.000823465 0.000150298
threshold=0.5382534683500001 0.57607773460000011 0.63889320805000016 0.7601111906500001 0.69938644515000015 0.58068926565000012 0.68036491340000016
decision_type=2 2 2 2 2 2 2
left_child=-1 -2 5 4 6 -3 -4
right_child=1 2 3 -5 -6 -7 -8
leaf_value=-0.012443439655858314 0.0048106139173227057 -0.0039776857741809961 -0.0023666298769950468 -0.0027054997296979523 0.0074032909821791825 -0.012163117235855198 0.00095855459179767328
leaf_weight=1.1361424103379247 3.2301712408661842 0.28832259774208102 0.23749665438663237 1.0757486792281268 0.74542772024869919 0.21421665465459228 0.31785963475704193
leaf_count=8 8 4 8 8 8 8 4
internal_value=0 0.00231412 -0.000486823 0.000989172 0.00404467 -0.00746688 -0.000463452
internal_weight=0 6.10924 2.87907 2.37653 1.30078 0.502539 0.555356
internal_count=56 48 40 28 20 12 12
is_linear=0
shrinkage=0.1


Tree=96
num_leaves=8
num_cat=0
split_feature=0 0 0 0 0 0 0
split_gain=0.0188884 0.0055684 0.00131968 0.00185376 0.000633227 0.000323762 3.71999e-07
threshold=0.5382534683500001 0.57607773460000011 0.63889320805000016 0.7601111906500001 0.58068926565000012 0.69938644515000015 0.68036491340000016
decision_type=2 2 2 2 2 2 2
left_child=-1 -2 4 5 -3 6 -4
right_child=1 2 3 -5 -6 -7 -8
leaf_value=-0.01121128870764667 0.0050873073677331765 -0.0025757072042425278 0.00084476782897816385 -0.0030292050254669654 -0.0098304623264727428 0.0039424251496499238 0.00067926077662838313
leaf_weight=1.2491971291601656 3.2845018971711397 0.28362516779452596 0.23768454568926267 1.0790895209647713 0.208949473220855 0.74402035772800446 0.3168211099691689
leaf_count=8 8 4 8 8 8 8 4
internal_value=0 0.00227552 -0.000942151 3.38379e-05 -0.00565316 0.00257926 0.000750204
internal_weight=0 6.15469 2.87019 2.37762 0.492575 1.29853 0.554506
internal_count=56 48 40 28 12 20 12
is_linear=0
shrinkage=0.1


Tree=97
num_leaves=7
num_cat=0
split_feature=0 0 0 0 0 0
split_gain=0.0207024 0.00758136 0.00554575 0.00126468 0.000907895 8.75799e-06
threshold=0.5382534683500001 0.59340111745000013 0.56677318590000014 0.68036491340000016 0.7601111906500001 0.71163383855000006
decision_type=2 2 2 2 2 2
left_child=-1 2 -2 -3 5 -5
right_child=1 3 -4 4 -6 -7
leaf_value=-0.010888332925168932 3.3006764938512016e-05 -0.0079931854777326571 0.0080768042115742823 0.00081413660366128071 -0.0030572799663453627 0.0013954433720963493
leaf_weight=1.4209574498236177 1.3118121903389695 0.29652374400757286 2.4727834742516279 0.57621815195307158 1.0793507941998539 0.47104530036449432
leaf_count=8 4 12 12 8 8 4
internal_value=0 0.00249236 0.00528867 -0.00187509 -0.00102202 0.0010756
internal_weight=0 6.20773 3.7846 2.42314 2.12661 1.04726
internal_count=56 48 16 32 20 12
is_linear=0
shrinkage=0.1


Tree=98
num_leaves=6
num_cat=0
split_feature=0 0 0 0 0
split_gain=0.024975 0.008724 0.00527463 0.00173944 0.000187859
threshold=0.5382534683500001 0.6490310047500002 0.56677318590000014 0.80233301090000009 0.69938644515000015
decision_type=2 2 2 2 2
left_child=-1 2 -2 4 -3
right_child=1 3 -4 -5 -6
leaf_value=-0.010398276999730283 0.0003001857765112673 -0.0068406014009138221 0.0079394585855265595 0.00083418919755865861 -0.0040582505951017919
leaf_weight=1.8005321919918058 1.309312332421541 0.34629291133023821 2.9185160757042468 0.98025281354784954 0.81091233203187585
leaf_count=8 4 8 20 4 12
internal_value=0 0.00294134 0.00557366 -0.00226532 -0.00489087
internal_weight=0 6.36529 4.22783 2.13746 1.15721
internal_count=56 48 24 24 20
is_linear=0
shrinkage=0.1


Tree=99
num_leaves=7
num_cat=0
split_feature=0 0 0 0 0 0
split_gain=1.04609 0.213967 0.0148542 0.019253 0.00735386 7.76878e-05
threshold=0.5382534683500001 0.57607773460000011 0.80233301090000009 0.6490310047500002 0.63889320805000016 0.69938644515000015
decision_type=2 2 2 2 2 2
left_child=-1 -2 3 4 -3 -5
right_child=1 2 -4 5 -6 -7
leaf_value=0.070666009707865671 -0.029494236492953962 0.0074714134068856117 0.016506769093848139 -0.0058413592616178957 0.030952109149229409 -0.0076502125563533254
leaf_weight=1.697945801541209 4.6219161637127399 0.41881672944873605 0.91226576268672932 0.34279095882084198 0.1957079628482461 0.77253768360242248
leaf_count=8 8 12 4 8 4 12
internal_value=0 -0.016518 0.00618172 0.000736643 0.0149493 -0.00709427
internal_weight=0 7.26404 2.64212 1.72985 0.614525 1.11533
internal_count=56 48 40 36 16 20
is_linear=0
shrinkage=0.1


end of trees

feature_importances:
off_dist=690

parameters:
[boosting: gbdt]
[objective: lambdarank]
[metric: ndcg]
[tree_learner: serial]
[device_type: cpu]
[data: ]
[valid: ]
[num_iterations: 100]
[learning_rate: 0.1]
[num_leaves: 16]
[num_threads: 6]
[deterministic: 0]
[force_col_wise: 0]
[force_row_wise: 0]
[histogram_pool_size: -1]
[max_depth: -1]
[min_data_in_leaf: 5]
[min_sum_hessian_in_leaf: 0.001]
[bagging_fraction: 1]
[pos_bagging_fraction: 1]
[neg_bagging_fraction: 1]
[bagging_freq: 0]
[bagging_seed: 3]
[feature_fraction: 1]
[feature_fraction_bynode: 1]
[feature_fraction_seed: 2]
[extra_trees: 0]
[extra_seed: 6]
[early_stopping_round: 0]
[first_metric_only: 0]
[max_delta_step: 0]
[lambda_l1: 0]
[lambda_l2: 0]
[linear_lambda: 0]
[min_gain_to_split: 0]
[drop_rate: 0.1]
[max_drop: 50]
[skip_drop: 0.5]
[xgboost_dart_mode: 0]
[uniform_drop: 0]
[drop_seed: 4]
[top_rate: 0.2]
[other_rate: 0.1]
[min_data_per_group: 100]
[max_cat_threshold: 32]
[cat_l2: 10]
[cat_smooth: 10]
[max_cat_to_onehot: 4]
[top_k: 20]
[monotone_constraints: ]
[monotone_constraints_method: basic]
[monotone_penalty: 0]
[feature_contri: ]
[forcedsplits_filename: ]
[refit_decay_rate: 0.9]
[cegb_tradeoff: 1]
[cegb_penalty_split: 0]
[cegb_penalty_feature_lazy: ]
[cegb_penalty_feature_coupled: ]
[path_smooth: 0]
[interaction_constraints: ]
[verbosity: 1]
[saved_feature_importance_type: 0]
[linear_tree: 0]
[max_bin: 255]
[max_bin_by_feature: ]
[min_data_in_bin: 3]
[bin_construct_sample_cnt: 200000]
[data_random_seed: 1]
[is_enable_sparse: 1]
[enable_bundle: 1]
[use_missing: 1]
[zero_as_missing: 0]
[feature_pre_filter: 1]
[pre_partition: 0]
[two_round: 0]
[header: 0]
[label_column: ]
[weight_column: ]
[group_column: ]
[ignore_column: ]
[categorical_feature: ]
[forcedbins_filename: ]
[precise_float_parser: 0]
[parser_config_file: ]
[objective_seed: 5]
[num_class: 1]
[is_unbalance: 0]
[scale_pos_weight: 1]
[sigmoid: 1]
[boost_from_average: 1]
[reg_sqrt: 0]
[alpha: 0.9]
[fair_c: 1]
[poisson_max_delta_step: 0.7]
[tweedie_variance_power: 1.5]
[lambdarank_truncation_level: 30]
[lambdarank_norm: 1]
[label_gain: ]
[eval_at: 1,2,3,4,5]
[multi_error_top_k: 1]
[auc_mu_weights: ]
[num_machines: 1]
[local_listen_port: 12400]
[time_out: 120]
[machine_list_filename: ]
[machines: ]
[gpu_platform_id: -1]
[gpu_device_id: -1]
[gpu_use_dp: 0]
[num_gpu: 1]

end of parameters

pandas_categorical:null
