tree
version=v4
num_class=1
num_tree_per_iteration=1
label_index=0
max_feature_idx=0
objective=lambdarank
feature_names=off_dist
feature_infos=[0:0.81051306280000002]
tree_sizes=756 851 961 759 858 961 957 858 960 859 969 964 865 862 959 862 861 862 858 868 865 863 865 867 869 867 860 869 870 872 872 870 870 870 874 872 870 871 876 870 870 876 873 859 870 878 874 874 974 870 874 975 871 874 981 872 874 978 875 768 772 876 771 984 772 875 771 875 772 877 773 773 878 772 882 774 773 878 774 882 775 775 883 771 878 774 880 776 883 774 882 971 776 774 887 777 774 883 775 775

Tree=0
num_leaves=6
num_cat=0
split_feature=0 0 0 0 0
split_gain=0.54603 0.822619 0.687139 0.223705 0.17225
threshold=0.56040457765000007 0.63889320805000016 0.73810726100000001 0.69128128190000016 0.77832465235000015
decision_type=2 2 2 2 2
left_child=-1 -2 3 -3 -4
right_child=1 2 4 -5 -6
leaf_value=0.069030706867068234 -0.084221612194290224 0.0034880118538963474 -0.09713952649937331 0.080057238525586799 -0.0094047120908887696
leaf_weight=0.92196887731552113 1.2246224228292706 0.58793099597096476 0.46897951886057843 1.0870532616972921 0.42800150997936726
leaf_count=10 12 8 8 10 8
internal_value=0 -0.0167635 0.0153562 0.0531809 -0.0552762
internal_weight=0 3.79659 2.57197 1.67498 0.896981
internal_count=56 46 34 18 16
is_linear=0
shrinkage=0.1


Tree=1
num_leaves=7
num_cat=0
split_feature=0 0 0 0 0 0
split_gain=1.92159 1.47329 0.655438 0.33093 0.289881 0.0511438
threshold=0.44592917160000006 0.57607773460000011 0.66154767520000013 0.71163383855000006 0.63889320805000016 0.77832465235000015
decision_type=2 2 2 2 2 2
left_child=-1 -2 4 -4 -3 -5
right_child=1 2 3 5 -6 -7
leaf_value=0.067124899723905437 -0.081937104355191359 0.0099724761238192908 -0.029652794886275053 -0.001201544745078687 0.073019766134822847 0.019888744123875837
leaf_weight=3.5225945711135891 2.6897991672158268 1.4801043942570677 5.4998161345720273 3.998769611120224 1.4375836029648781 1.6138705760240553
leaf_count=6 8 8 10 12 4 8
internal_value=0 -0.014142 -0.00114464 -0.0122198 0.0410367 0.0048628
internal_weight=0 16.7199 14.0301 11.1125 2.91769 5.61264
internal_count=56 50 42 30 12 20
is_linear=0
shrinkage=0.1


Tree=2
num_leaves=8
num_cat=0
split_feature=0 0 0 0 0 0 0
split_gain=6.52808 0.820224 0.137605 0.408733 0.23138 0.205307 0.00127787
threshold=1.0000000180025095e-35 0.73810726100000001 0.63889320805000016 0.56040457765000007 0.66154767520000013 0.71163383855000006 0.77832465235000015
decision_type=2 2 2 2 2 2 2
left_child=-1 2 3 -2 -4 -6 -3
right_child=1 6 4 -5 5 -7 -8
leaf_value=0.18784760727094937 0.0050620145246631871 -0.063692926416863124 0.024131159096654115 -0.05389968820626824 -0.026107087495129203 0.017271807747483943 -0.059858281860333498
leaf_weight=1.6758997440338159 2.6897799298167246 1.4436718225479119 2.7539721429347992 2.0886717550456524 3.3551963269710541 1.6168152093887327 2.1832653731107712
leaf_count=2 8 8 4 12 10 4 8
internal_value=0 -0.0195156 -0.00737143 -0.0207103 0.000878523 -0.012001 -0.0613846
internal_weight=0 16.1314 12.5044 4.77845 7.72598 4.97201 3.62694
internal_count=56 54 38 20 18 14 16
is_linear=0
shrinkage=0.1


Tree=3
num_leaves=6
num_cat=0
split_feature=0 0 0 0 0
split_gain=0.852284 0.253491 0.366613 0.181386 0.0614156
threshold=0.56040457765000007 0.69128128190000016 0.73810726100000001 0.77832465235000015 0.58669358845000008
decision_type=2 2 2 2 2
left_child=-1 4 -3 -4 -2
right_child=1 2 3 -5 -6
leaf_value=0.040449677410650205 -0.010229560528501989 0.018834839314433624 -0.055244491383826366 -0.0066892515245893323 -0.035816158321298641
leaf_weight=3.9571857303380993 1.2305772639811019 4.1337883472442627 1.2887420207262041 1.9090254902839658 3.9471572190523148
leaf_count=10 8 10 8 8 12
internal_value=0 -0.0127958 -0.000832921 -0.0262576 -0.0297351
internal_weight=0 12.5093 7.33156 3.19777 5.17773
internal_count=56 46 26 16 20
is_linear=0
shrinkage=0.1


Tree=4
num_leaves=7
num_cat=0
split_feature=0 0 0 0 0 0
split_gain=1.12237 1.50562 0.624001 0.370229 0.457248 0.0153732
threshold=0.56040457765000007 0.57607773460000011 0.66154767520000013 0.71163383855000006 0.73810726100000001 0.77832465235000015
decision_type=2 2 2 2 2 2
left_child=-1 -2 -3 -4 -5 -6
right_child=1 2 3 4 5 -7
leaf_value=0.047988117778735989 -0.16993169203097908 0.028780716616423355 -0.045744308364328322 0.045141605237294199 -0.015902536889940786 -0.030414534580641906
leaf_weight=3.7236458137631425 0.59492435306310554 3.4506277926266185 3.6228155642747861 1.3786484301090238 1.2461605817079546 1.7623127102851865
leaf_count=10 4 12 10 4 8 8
internal_value=0 -0.0148224 -0.00677055 -0.0220858 -0.00254897 -0.0244034
internal_weight=0 12.0555 11.4606 8.00994 4.38712 3.00847
internal_count=56 46 42 30 20 16
is_linear=0
shrinkage=0.1


Tree=5
num_leaves=8
num_cat=0
split_feature=0 0 0 0 0 0 0
split_gain=2.60637 0.649928 0.475363 0.192229 0.315315 0.0771517 0.0537191
threshold=1.0000000180025095e-35 0.73810726100000001 0.69128128190000016 0.58669358845000008 0.44592917160000006 0.56040457765000007 0.77832465235000015
decision_type=2 2 2 2 2 2 2
left_child=-1 2 3 4 -2 -6 -3
right_child=1 6 -4 -5 5 -7 -8
leaf_value=0.16242715044232284 -0.035819858120048592 -0.06815774877186441 0.029222012751319432 -0.030741460981487053 0.042347915650352896 0.0061270153367388855 -0.040897145739232456
leaf_weight=0.92729353904724199 1.4134094417095169 1.2189484685659402 3.7959450408816338 3.6275628209114075 1.1569974198937418 1.1959150582551954 1.7761921361088751
leaf_count=2 4 8 10 12 4 8 8
internal_value=0 -0.0106181 0.000456152 -0.0143119 0.00151227 0.0239379 -0.0519915
internal_weight=0 14.185 11.1898 7.39388 3.76632 2.35291 2.99514
internal_count=56 54 38 28 16 12 16
is_linear=0
shrinkage=0.1


Tree=6
num_leaves=8
num_cat=0
split_feature=0 0 0 0 0 0 0
split_gain=0.59117 2.26837 0.124779 0.22129 0.474935 0.127936 0.0278985
threshold=0.73810726100000001 0.71163383855000006 0.58669358845000008 0.44592917160000006 0.57607773460000011 0.69128128190000016 0.77832465235000015
decision_type=2 2 2 2 2 2 2
left_child=1 2 3 -1 -5 -4 -2
right_child=6 -3 5 4 -6 -7 -8
leaf_value=-0.014490828482988362 -0.054972392945254904 0.11828451087452055 -0.029544971398142827 -0.0079854040800779024 0.085996152445125526 2.7818250413490288e-05 -0.034217593737906234
leaf_weight=2.8413853198289836 1.099065735936166 1.6522272527217872 3.4692535027861595 1.4336586296558382 0.86042182892560948 2.5294999629259109 1.5768666714429853
leaf_count=6 8 4 12 8 4 6 8
internal_value=0 0.00894501 -0.00728008 0.00416137 0.0272635 -0.017075 -0.0427421
internal_weight=0 12.7864 11.1342 5.13547 2.29408 5.99875 2.67593
internal_count=56 40 36 18 12 18 16
is_linear=0
shrinkage=0.1


Tree=7
num_leaves=7
num_cat=0
split_feature=0 0 0 0 0 0
split_gain=1.15353 0.81384 0.471562 0.0864278 0.111664 0.0639769
threshold=0.56040457765000007 0.63889320805000016 0.66154767520000013 0.71163383855000006 0.73810726100000001 0.77832465235000015
decision_type=2 2 2 2 2 2
left_child=-1 -2 -3 -4 -5 -6
right_child=1 2 3 4 5 -7
leaf_value=0.05301226871128089 -0.0766594972877961 0.036260622991632845 -0.027918377109574108 0.0092119408085642434 -0.040033294642852664 -0.0075543967581475071
leaf_weight=3.2351323142647752 1.7803268879652012 2.3184996992349607 3.1350527629256248 2.3183398842811584 1.0516183823347094 1.4328104630112646
leaf_count=10 12 4 10 4 8 8
internal_value=0 -0.0142483 -0.00341474 -0.0150032 -0.00657274 -0.0213022
internal_weight=0 12.0366 10.2563 7.93782 4.80277 2.48443
internal_count=56 46 34 30 20 16
is_linear=0
shrinkage=0.1


Tree=8
num_leaves=8
num_cat=0
split_feature=0 0 0 0 0 0 0
split_gain=0.869476 0.135388 0.20508 0.136293 0.126234 0.0195655 0.0172008
threshold=0.44592917160000006 0.63889320805000016 0.73810726100000001 0.56040457765000007 0.69128128190000016 0.77832465235000015 0.71163383855000006
decision_type=2 2 2 2 2 2 2
left_child=-1 3 4 -2 -3 -4 -6
right_child=1 2 5 -5 6 -7 -8
leaf_value=0.062021882194841164 -0.0032437911209556645 -0.013174640258897667 -0.039444851530010788 -0.050214653033076373 0.0080069514650288939 -0.02161771535229752 0.020124387345392823
leaf_weight=1.9543772786855704 1.0701739341020577 2.7253290228545648 1.0497355461120608 1.4612797908484934 2.4139852523803711 1.4887504130601881 2.2759215235710144
leaf_count=6 4 8 8 12 6 8 4
internal_value=0 -0.00970865 -0.00445714 -0.0303577 0.0039412 -0.0289897 0.0138873
internal_weight=0 12.4852 9.95372 2.53145 7.41524 2.53849 4.68991
internal_count=56 50 34 16 18 16 10
is_linear=0
shrinkage=0.1


Tree=9
num_leaves=7
num_cat=0
split_feature=0 0 0 0 0 0
split_gain=0.253803 0.242327 0.302569 0.0749103 0.148543 0.0019073
threshold=0.73810726100000001 0.71163383855000006 0.56040457765000007 0.63889320805000016 0.66154767520000013 0.77832465235000015
decision_type=2 2 2 2 2 2
left_child=1 2 -1 -4 -5 -2
right_child=5 -3 3 4 -6 -7
leaf_value=0.026759335023033168 -0.031604633944399524 0.035883938585993445 -0.032952346346692522 0.011715245849671589 -0.022366694021039319 -0.026086045973501976
leaf_weight=2.801595561206339 1.0720153898000728 2.2360949814319602 1.4063555523753164 2.3391407839953899 2.8210897445678711 1.5061887651681898
leaf_count=10 8 4 12 4 10 8
internal_value=0 0.00630553 -0.000754546 -0.0124932 -0.0069173 -0.0283807
internal_weight=0 11.6043 9.36818 6.56659 5.16023 2.5782
internal_count=56 40 36 26 14 16
is_linear=0
shrinkage=0.1


Tree=10
num_leaves=8
num_cat=0
split_feature=0 0 0 0 0 0 0
split_gain=1.54719 0.165624 0.205198 0.188786 0.104743 6.57072e-05 7.27911e-08
threshold=1.0000000180025095e-35 0.57607773460000011 0.73810726100000001 0.71163383855000006 0.66154767520000013 0.44592917160000006 0.77832465235000015
decision_type=2 2 2 2 2 2 2
left_child=-1 5 3 4 -3 -2 -4
right_child=1 2 6 -5 -6 -7 -8
leaf_value=0.14871439237030071 -0.032268886099618525 0.0079428317959072334 -0.026991087080675991 0.030054807265591774 -0.018366924468254057 -0.031204464765568873 -0.026957009027893782
leaf_weight=0.66614842414856035 1.119915455579757 3.3838430102914554 1.0725472420454019 2.2494888603687286 2.7371929362416267 1.2028168030083177 1.5081925243139265
leaf_count=2 4 12 8 4 10 8 8
internal_value=0 -0.00746315 -0.00231883 0.0052818 -0.00382231 -0.0317177 -0.0269712
internal_weight=0 13.274 10.9513 8.37052 6.12104 2.32273 2.58074
internal_count=56 54 42 26 22 12 16
is_linear=0
shrinkage=0.1


Tree=11
num_leaves=8
num_cat=0
split_feature=0 0 0 0 0 0 0
split_gain=0.46363 0.134413 0.153755 0.135062 0.035222 0.0194862 0.00685515
threshold=0.44592917160000006 0.69128128190000016 0.58669358845000008 0.73810726100000001 0.56040457765000007 0.77832465235000015 0.71163383855000006
decision_type=2 2 2 2 2 2 2
left_child=-1 2 4 6 -2 -5 -3
right_child=1 3 -4 5 -6 -7 -8
leaf_value=0.052159219382835464 0.018213119771519005 0.0087206271887398917 -0.03286126664501722 -0.026885873275240682 -0.0093273491190694023 -0.0089969606103914301 0.016461282317854833
leaf_weight=1.5140132606029517 0.86822877824306288 2.3390548378229141 3.0925816781818867 1.0317718833684923 0.99835201352834702 1.4857798889279363 2.2394872605800629
leaf_count=6 4 6 12 8 8 8 4
internal_value=0 -0.00655065 -0.0191817 0.00227664 0.00348293 -0.0163284 0.0125068
internal_weight=0 12.0553 4.95916 7.09609 1.86658 2.51755 4.57854
internal_count=56 50 24 26 12 16 10
is_linear=0
shrinkage=0.1


Tree=12
num_leaves=7
num_cat=0
split_feature=0 0 0 0 0 0
split_gain=0.197496 0.198593 0.0791602 0.12592 0.0768572 0.000560382
threshold=0.56040457765000007 0.63889320805000016 0.73810726100000001 0.71163383855000006 0.66154767520000013 0.77832465235000015
decision_type=2 2 2 2 2 2
left_child=-1 -2 3 4 -3 -4
right_child=1 2 5 -5 -6 -7
leaf_value=0.026710301645963871 -0.041981464704883016 0.0091882343344644127 -0.01765909487520477 0.024543703374935263 -0.015618154013623426 -0.014632289364319455
leaf_weight=2.2931441478431234 1.317050540819763 2.3371970094740373 1.0511393845081332 2.2177291512489319 2.6824976541101933 1.4629982262849806
leaf_count=10 12 4 8 4 10 8
internal_value=0 -0.00553372 -0.000611066 0.00469923 -0.00406817 -0.0158978
internal_weight=0 11.0686 9.75156 7.23742 5.01969 2.51414
internal_count=56 46 34 18 14 16
is_linear=0
shrinkage=0.1


Tree=13
num_leaves=7
num_cat=0
split_feature=0 0 0 0 0 0
split_gain=0.148036 0.094959 0.204718 0.0450907 0.0118687 0.000887204
threshold=0.56040457765000007 0.69128128190000016 0.73810726100000001 0.71163383855000006 0.63889320805000016 0.77832465235000015
decision_type=2 2 2 2 2 2
left_child=-1 4 3 -3 -2 -4
right_child=1 2 5 -5 -6 -7
leaf_value=0.023599564596572201 -0.025016222100870372 0.0051763813342404486 -0.018373134040910198 0.025102119878552622 -0.013334865119913797 -0.022175159291777075
leaf_weight=2.2136024311184892 1.2932253833860143 2.3306543380022049 1.0468484908342364 2.215029165148735 2.6564651690423489 1.4835185110568998
leaf_count=10 12 6 8 4 8 8
internal_value=0 -0.00473801 0.00219545 0.0148858 -0.0171596 -0.0206022
internal_weight=0 11.0257 7.07605 4.54568 3.94969 2.53037
internal_count=56 46 26 10 20 16
is_linear=0
shrinkage=0.1


Tree=14
num_leaves=8
num_cat=0
split_feature=0 0 0 0 0 0 0
split_gain=0.150958 0.128247 0.161871 0.059132 0.0254497 0.00173519 0.00122165
threshold=0.58669358845000008 0.69128128190000016 0.73810726100000001 0.71163383855000006 0.44592917160000006 0.56040457765000007 0.77832465235000015
decision_type=2 2 2 2 2 2 2
left_child=4 -2 3 -3 -1 -6 -4
right_child=1 2 6 -5 5 -7 -8
leaf_value=0.029187518014717202 -0.023498661087202 0.001481407478786833 -0.016379882361689475 0.024270152938279024 0.0073801079516235511 0.013818611518741964 -0.020847668580434346
leaf_weight=1.4084051698446285 2.9473959691822511 2.339054062962532 1.0444338917732241 2.2186348289251328 0.74080019071698167 0.96233059652149677 1.4782100766897199
leaf_count=6 12 6 8 4 4 8 8
internal_value=0 -0.00597075 0.00132575 0.0125747 0.0192423 0.0110181 -0.0189979
internal_weight=0 10.0277 7.08033 4.55769 3.11154 1.70313 2.52264
internal_count=56 38 26 10 18 12 16
is_linear=0
shrinkage=0.1


Tree=15
num_leaves=7
num_cat=0
split_feature=0 0 0 0 0 0
split_gain=0.0670159 0.140643 0.0553072 0.126657 0.14862 0.000251716
threshold=0.56040457765000007 0.63889320805000016 0.66154767520000013 0.71163383855000006 0.73810726100000001 0.77832465235000015
decision_type=2 2 2 2 2 2
left_child=-1 -2 -3 -4 -5 -6
right_child=1 2 3 4 5 -7
leaf_value=0.016392617237879558 -0.03526952420622062 0.014461937558568699 -0.02069295251241151 0.02539270729232028 -0.0090023295957132096 -0.011031005530039552
leaf_weight=2.0922035612165937 1.2114993482828129 2.2870446275919658 2.679771825671196 2.2155835628509521 1.0637565553188326 1.4390120878815649
leaf_count=10 12 4 10 4 8 8
internal_value=0 -0.00314745 0.000870644 -0.00333095 0.00652974 -0.0101688
internal_weight=0 10.8967 9.68517 7.39812 4.71835 2.50277
internal_count=56 46 34 30 20 16
is_linear=0
shrinkage=0.1


Tree=16
num_leaves=7
num_cat=0
split_feature=0 0 0 0 0 0
split_gain=0.0945597 0.143922 0.0836602 0.0867907 0.10489 0.00298547
threshold=0.44592917160000006 0.57607773460000011 0.73810726100000001 0.71163383855000006 0.66154767520000013 0.77832465235000015
decision_type=2 2 2 2 2 2
left_child=-1 -2 3 4 -3 -4
right_child=1 2 5 -5 -6 -7
leaf_value=0.025198690250346906 -0.038865671206631869 0.011258460009437025 -0.011328252784605633 0.022339757702553323 -0.015799152946905162 -0.018308386007778388
leaf_weight=1.3348190113902099 1.015535321086644 3.1876125335693342 1.0592975169420236 2.2235681861639023 2.6023677736520767 1.4535739645361898
leaf_count=6 8 12 8 4 10 8
internal_value=0 -0.00291421 0.000554205 0.0055464 -0.00090287 -0.0153659
internal_weight=0 11.542 10.5264 8.01355 5.78998 2.51287
internal_count=56 50 42 26 22 16
is_linear=0
shrinkage=0.1


Tree=17
num_leaves=7
num_cat=0
split_feature=0 0 0 0 0 0
split_gain=0.0804459 0.128228 0.103608 0.0334028 0.0329914 0.00156002
threshold=0.56040457765000007 0.69128128190000016 0.73810726100000001 0.71163383855000006 0.63889320805000016 0.77832465235000015
decision_type=2 2 2 2 2 2
left_child=-1 4 3 -3 -2 -4
right_child=1 2 5 -5 -6 -7
leaf_value=0.018602747413371153 -0.03228759511030501 0.0051674971199589482 -0.014711049507313279 0.022390496798401466 -0.012022936624050464 -0.0096370313483593473
leaf_weight=1.9654730670154101 1.1607917994260772 2.2839713841676712 1.0515099018812182 2.2211820930242538 2.6092293839901686 1.4299436807632444
leaf_count=10 12 6 8 4 8 8
internal_value=0 -0.00339913 0.00462121 0.013659 -0.0182624 -0.0117871
internal_weight=0 10.7566 6.98661 4.50515 3.77002 2.48145
internal_count=56 46 26 10 20 16
is_linear=0
shrinkage=0.1


Tree=18
num_leaves=7
num_cat=0
split_feature=0 0 0 0 0 0
split_gain=0.0977786 0.115131 0.105923 0.040186 0.00220103 0.000113537
threshold=0.58669358845000008 0.69128128190000016 0.73810726100000001 0.71163383855000006 0.56040457765000007 0.77832465235000015
decision_type=2 2 2 2 2 2
left_child=4 -2 3 -3 -1 -4
right_child=1 2 5 -5 -6 -7
leaf_value=0.0185025443887636 -0.02144938611674102 0.0021055175923758982 -0.013510140816849975 0.020966029297358257 0.012414600076444801 -0.014878517102717185
leaf_weight=1.9075484164059173 2.8883088026195747 2.2933137789368629 1.0486178100109103 2.226524755358696 0.8623182326555251 1.4376695603132246
leaf_count=10 12 6 8 4 8 8
internal_value=0 -0.00464906 0.00227695 0.0113964 0.0166072 -0.0143014
internal_weight=0 9.89443 7.00613 4.51984 2.76987 2.48629
internal_count=56 38 26 10 18 16
is_linear=0
shrinkage=0.1


Tree=19
num_leaves=7
num_cat=0
split_feature=0 0 0 0 0 0
split_gain=0.0558155 0.0915176 0.0326424 0.0737201 0.10272 3.1926e-06
threshold=0.56040457765000007 0.63889320805000016 0.66154767520000013 0.71163383855000006 0.73810726100000001 0.77832465235000015
decision_type=2 2 2 2 2 2
left_child=-1 -2 -3 -4 -5 -6
right_child=1 2 3 4 5 -7
leaf_value=0.01592122120974734 -0.030006186973639878 0.010743800941715826 -0.016515745015677163 0.020085320098039226 -0.0093946971884455617 -0.0096246292699833647
leaf_weight=1.8733714297413833 1.1075936760753382 2.2987499237060529 2.5775874257087708 2.2300543636083603 1.0542090535163882 1.4136266708374021
leaf_count=10 12 4 10 4 8 8
internal_value=0 -0.00279226 0.000355985 -0.00292613 0.00453007 -0.00952641
internal_weight=0 10.6818 9.57423 7.27548 4.69789 2.46784
internal_count=56 46 34 30 20 16
is_linear=0
shrinkage=0.1


Tree=20
num_leaves=7
num_cat=0
split_feature=0 0 0 0 0 0
split_gain=0.0626967 0.0950916 0.0833376 0.0183368 0.0062806 4.41035e-08
threshold=0.58669358845000008 0.69128128190000016 0.7601111906500001 0.71163383855000006 0.44592917160000006 0.56040457765000007
decision_type=2 2 2 2 2 2
left_child=4 -2 3 -3 -1 -6
right_child=1 2 -4 -5 5 -7
leaf_value=0.018947338828472427 -0.019052778402226675 0.0026794894103925231 -0.01509074082793355 0.014781886710945328 0.0091554199831537404 0.0091909026996807499
leaf_weight=1.2143357023596775 2.8550219368189556 2.2725025191903114 1.9268857464194296 2.7876870930194855 0.60712976753711678 0.82808589935302734
leaf_count=6 12 6 12 8 4 8
internal_value=0 -0.00367582 0.00260743 0.00934677 0.0136543 0.00917589
internal_weight=0 9.8421 6.98708 5.06019 2.64955 1.43522
internal_count=56 38 26 14 18 12
is_linear=0
shrinkage=0.1


Tree=21
num_leaves=7
num_cat=0
split_feature=0 0 0 0 0 0
split_gain=0.0282988 0.0787179 0.0442131 0.04069 0.00981331 0.00222996
threshold=0.69128128190000016 0.58669358845000008 0.73810726100000001 0.71163383855000006 0.56040457765000007 0.77832465235000015
decision_type=2 2 2 2 2 2
left_child=1 4 3 -2 -1 -4
right_child=2 -3 5 -5 -6 -7
leaf_value=0.011324318408072149 0.00072178708226605941 -0.01684379098612309 -0.0030764380889178131 0.0196947445225782 -0.0020078696759062999 -0.0091475642172436349
leaf_weight=1.7938295491039755 2.2898610085248947 2.8588445037603378 1.0583040416240694 2.2323203533887863 0.79756211489439 1.412477873265743
leaf_count=10 6 12 8 4 8 8
internal_value=0 -0.00540184 0.00421012 0.0100876 0.00722102 -0.00654713
internal_weight=0 5.45024 6.99296 4.52218 2.59139 2.47078
internal_count=56 30 26 10 18 16
is_linear=0
shrinkage=0.1


Tree=22
num_leaves=7
num_cat=0
split_feature=0 0 0 0 0 0
split_gain=0.0366264 0.105078 0.0653787 0.0362755 0.0800383 0.0659912
threshold=0.44592917160000006 0.63889320805000016 0.57607773460000011 0.66154767520000013 0.71163383855000006 0.7601111906500001
decision_type=2 2 2 2 2 2
left_child=-1 2 -2 -3 -5 -6
right_child=1 3 -4 4 5 -7
leaf_value=0.01676556840491011 -0.043959531163239342 0.013301628782121594 -0.0047414669724148532 -0.015445727948426052 0.016204347757705618 -0.0078455947880080174
leaf_weight=1.1796507611870772 0.86375588923692592 2.2871471624821407 0.83696121908724308 2.5438269786536694 2.8385497331619263 1.9077140912413595
leaf_count=6 8 4 8 10 8 12
internal_value=0 -0.00175364 -0.0246594 0.00231395 -0.00113326 0.00653771
internal_weight=0 11.278 1.70072 9.57724 7.29009 4.74626
internal_count=56 50 16 34 30 20
is_linear=0
shrinkage=0.1


Tree=23
num_leaves=7
num_cat=0
split_feature=0 0 0 0 0 0
split_gain=0.0397825 0.0571483 0.0508096 0.0380404 0.0523889 0.00351122
threshold=0.73810726100000001 0.71163383855000006 0.56040457765000007 0.63889320805000016 0.66154767520000013 0.77832465235000015
decision_type=2 2 2 2 2 2
left_child=1 2 -1 -4 -5 -2
right_child=5 -3 3 4 -6 -7
leaf_value=0.013872013809172332 -0.015377296047488408 0.016907975629848103 -0.022889558252858863 0.0089456572848614184 -0.011942253982648549 -0.0078685192042013425
leaf_weight=1.7148261144757251 1.119630202651025 2.2406755387783051 1.0553219076246021 2.3073190692812204 2.5036534070968628 1.4032944217324255
leaf_count=10 8 4 12 4 10 8
internal_value=0 0.00287715 -0.0012698 -0.00569604 -0.00192451 -0.0112008
internal_weight=0 9.8218 7.58112 5.86629 4.81097 2.52292
internal_count=56 40 36 26 14 16
is_linear=0
shrinkage=0.1


Tree=24
num_leaves=7
num_cat=0
split_feature=0 0 0 0 0 0
split_gain=0.0473559 0.0484136 0.0517801 0.0406337 0.00358152 0.000915107
threshold=0.73810726100000001 0.71163383855000006 0.58669358845000008 0.69128128190000016 0.56040457765000007 0.77832465235000015
decision_type=2 2 2 2 2 2
left_child=1 2 4 -4 -1 -2
right_child=5 -3 3 -5 -6 -7
leaf_value=0.013845197375905513 -0.014379390226040307 0.016045696921127311 -0.014457666997620897 0.0035581508656570408 0.0055784477480703499 -0.010538372699949512
leaf_weight=1.6808114685118183 1.108767293393613 2.2434691190719604 2.8186712525784969 2.2522862106561661 0.76152523607015599 1.4078486263751981
leaf_count=10 8 4 12 6 8 8
internal_value=0 0.00315472 -0.000694521 -0.00645587 0.0112676 -0.0122306
internal_weight=0 9.75676 7.51329 5.07096 2.44234 2.51662
internal_count=56 40 36 18 18 16
is_linear=0
shrinkage=0.1


Tree=25
num_leaves=7
num_cat=0
split_feature=0 0 0 0 0 0
split_gain=0.0307058 0.0333387 0.0536408 0.0231666 0.0209924 0.0007501
threshold=0.56040457765000007 0.69128128190000016 0.73810726100000001 0.63889320805000016 0.71163383855000006 0.77832465235000015
decision_type=2 2 2 2 2 2
left_child=-1 3 4 -2 -3 -4
right_child=1 2 5 -5 -6 -7
leaf_value=0.012656872196182559 -0.022613180692862347 0.0017267321983346015 -0.011666317579563872 -0.0047527300913223353 0.015374124198266337 -0.0081824541444348777
leaf_weight=1.6567543670535094 1.0196956600993856 2.2620044872164726 1.1085931584239008 2.5234732888638973 2.2464481145143509 1.3965547606348989
leaf_count=10 12 6 8 8 4 8
internal_value=0 -0.00198634 0.0020079 -0.00989282 0.00852688 -0.00972415
internal_weight=0 10.5568 7.0136 3.54317 4.50845 2.50515
internal_count=56 46 26 20 10 16
is_linear=0
shrinkage=0.1


Tree=26
num_leaves=7
num_cat=0
split_feature=0 0 0 0 0 0
split_gain=0.0349031 0.0413254 0.0593735 0.0402639 0.10681 8.69122e-05
threshold=0.73810726100000001 0.71163383855000006 0.66154767520000013 0.57607773460000011 0.44592917160000006 0.77832465235000015
decision_type=2 2 2 2 2 2
left_child=1 2 3 4 -1 -2
right_child=5 -3 -4 -5 -6 -7
leaf_value=0.014468862593426959 -0.01120614447069293 0.014594585349871151 -0.013460879765591316 0.012679398806184714 -0.033331371313172188 -0.010017451662397037
leaf_weight=1.0986815243959407 1.0971410274505626 2.249627947807312 2.4909559972584248 3.0159678673371673 0.8136647231876849 1.3999566808342931
leaf_count=6 8 4 10 12 8 8
internal_value=0 0.002722 -0.000877942 0.00548195 -0.00586917 -0.0105397
internal_weight=0 9.6689 7.41927 4.92831 1.91235 2.4971
internal_count=56 40 36 26 14 16
is_linear=0
shrinkage=0.1


Tree=27
num_leaves=7
num_cat=0
split_feature=0 0 0 0 0 0
split_gain=0.0290541 0.0350609 0.0534364 0.0137281 0.0136761 0.00283262
threshold=0.56040457765000007 0.69128128190000016 0.73810726100000001 0.71163383855000006 0.63889320805000016 0.77832465235000015
decision_type=2 2 2 2 2 2
left_child=-1 4 3 -3 -2 -4
right_child=1 2 5 -5 -6 -7
leaf_value=0.012564850771852288 -0.019789613858094874 0.0031862963944661164 -0.013258463345797514 0.014248004648933424 -0.0060631259749851681 -0.0064903089701202638
leaf_weight=1.5979524403810508 1.0185419116169199 2.2380257174372673 1.1145348623394968 2.2497261315584183 2.5258055385202169 1.3890450298786161
leaf_count=10 12 6 8 4 8 8
internal_value=0 -0.00190572 0.00220169 0.00873157 -0.0100077 -0.00950333
internal_weight=0 10.5357 6.99133 4.48775 3.54435 2.50358
internal_count=56 46 26 10 20 16
is_linear=0
shrinkage=0.1


Tree=28
num_leaves=7
num_cat=0
split_feature=0 0 0 0 0 0
split_gain=0.0361443 0.0387032 0.049488 0.0169866 0.000963326 0.000893663
threshold=0.58669358845000008 0.69128128190000016 0.73810726100000001 0.71163383855000006 0.77832465235000015 0.56040457765000007
decision_type=2 2 2 2 2 2
left_child=5 -2 3 -3 -4 -1
right_child=1 2 4 -5 -6 -7
leaf_value=0.012633981193356597 -0.012579151168450734 0.0014411664882822174 -0.012186589616003721 0.013733526471519633 -0.0082258571822353445 0.0083716884201960346
leaf_weight=1.5768840573728096 2.8006906751543266 2.2446900382637978 1.0993461906909945 2.2520402073860168 1.3911483585834501 0.71493768785148848
leaf_count=10 12 6 8 4 8 8
internal_value=0 -0.00264689 0.00133426 0.00759739 -0.00997419 0.0113044
internal_weight=0 9.78792 6.98722 4.49673 2.49049 2.29182
internal_count=56 38 26 10 16 18
is_linear=0
shrinkage=0.1


Tree=29
num_leaves=7
num_cat=0
split_feature=0 0 0 0 0 0
split_gain=0.0228482 0.0220136 0.0344826 0.0198231 0.0184182 0.000814218
threshold=0.56040457765000007 0.69128128190000016 0.73810726100000001 0.71163383855000006 0.63889320805000016 0.77832465235000015
decision_type=2 2 2 2 2 2
left_child=-1 4 3 -3 -2 -4
right_child=1 2 5 -5 -6 -7
leaf_value=0.011292544678965479 -0.019815954251073135 0.00013574976026705008 -0.0099422797439349606 0.013399479308330015 -0.0036339333004220351 -0.0062956477663517422
leaf_weight=1.5594940707087523 0.97769157961010789 2.2534986287355423 1.0992681384086611 2.2536342144012451 2.5068030785769224 1.3821370676159856
leaf_count=10 12 6 8 4 8 8
internal_value=0 -0.00168153 0.0015558 0.00676781 -0.00817434 -0.00791111
internal_weight=0 10.473 6.98854 4.50713 3.48449 2.48141
internal_count=56 46 26 10 20 16
is_linear=0
shrinkage=0.1


Tree=30
num_leaves=7
num_cat=0
split_feature=0 0 0 0 0 0
split_gain=0.0289447 0.0247024 0.0334546 0.0215162 0.000859215 0.000159451
threshold=0.58669358845000008 0.69128128190000016 0.73810726100000001 0.71163383855000006 0.56040457765000007 0.77832465235000015
decision_type=2 2 2 2 2 2
left_child=4 -2 3 -3 -1 -4
right_child=1 2 5 -5 -6 -7
leaf_value=0.01156203664781494 -0.010371103166245368 -0.00097524679026190315 -0.0094520620312421397 0.01283392683903725 0.0073456552085343942 -0.0078339555160298908
leaf_weight=1.5398155748844158 2.7582509201019985 2.2572632879018784 1.0869529619812968 2.2560040801763535 0.70439615659415711 1.3849460184574125
leaf_count=10 12 6 8 4 8 8
internal_value=0 -0.00235827 0.000805772 0.00592741 0.0102386 -0.00854548
internal_weight=0 9.74342 6.98517 4.51327 2.24421 2.4719
internal_count=56 38 26 10 18 16
is_linear=0
shrinkage=0.1


Tree=31
num_leaves=7
num_cat=0
split_feature=0 0 0 0 0 0
split_gain=0.0192155 0.0504345 0.0842293 0.0453101 0.0433586 0.000144221
threshold=0.66154767520000013 0.57607773460000011 0.44592917160000006 0.71163383855000006 0.73810726100000001 0.77832465235000015
decision_type=2 2 2 2 2 2
left_child=1 2 -1 -2 -5 -6
right_child=3 -3 -4 4 5 -7
leaf_value=0.010423448722757342 -0.014227230769309577 0.012963083276721427 -0.033335127870877113 0.012494914827624343 -0.0075477298406101991 -0.006007336339573538
leaf_weight=1.0293098315596578 2.4724549800157547 2.9570073895156384 0.76816232874989498 2.2574786990880966 1.0879839137196543 1.3771683573722837
leaf_count=6 10 12 8 4 8 8
internal_value=0 0.00493305 -0.00827709 -0.00325974 0.00248211 -0.00668718
internal_weight=0 4.75448 1.79747 7.19509 4.72263 2.46515
internal_count=56 26 14 30 20 16
is_linear=0
shrinkage=0.1


Tree=32
num_leaves=7
num_cat=0
split_feature=0 0 0 0 0 0
split_gain=0.0194155 0.0253957 0.0302033 0.0191167 0.0112368 0.00221233
threshold=0.56040457765000007 0.69128128190000016 0.73810726100000001 0.63889320805000016 0.71163383855000006 0.77832465235000015
decision_type=2 2 2 2 2 2
left_child=-1 3 4 -2 -3 -4
right_child=1 2 5 -5 -6 -7
leaf_value=0.010654988616747692 -0.020375823651538547 0.0018135878823587227 -0.010219128736520908 -0.0038738458182507041 0.011820601740219415 -0.0042128859701321235
leaf_weight=1.4959410578012473 0.97612224053591345 2.2294228449463844 1.1094149500131609 2.4998242612928152 2.2591884583234787 1.3712638616561887
leaf_count=10 12 6 8 8 4 8
internal_value=0 -0.00152598 0.0019563 -0.00850796 0.00685027 -0.00689901
internal_weight=0 10.4452 6.96929 3.47595 4.48861 2.48068
internal_count=56 46 26 20 10 16
is_linear=0
shrinkage=0.1


Tree=33
num_leaves=7
num_cat=0
split_feature=0 0 0 0 0 0
split_gain=0.0226134 0.025811 0.028323 0.0141369 0.00166425 0.000758767
threshold=0.58669358845000008 0.69128128190000016 0.73810726100000001 0.71163383855000006 0.56040457765000007 0.77832465235000015
decision_type=2 2 2 2 2 2
left_child=4 -2 3 -3 -1 -4
right_child=1 2 5 -5 -6 -7
leaf_value=0.011130865554522352 -0.010232382460016533 0.00027434285793894434 -0.0094093820182006987 0.011487100403746134 0.0051362515140304273 -0.0058729453830627318
leaf_weight=1.4846620485186588 2.7631467152386886 2.2370682433247566 1.0866092443466189 2.2607316970825195 0.67308463621884573 1.3737094178795812
leaf_count=10 12 6 8 4 8 8
internal_value=0 -0.00205556 0.00119155 0.00591022 0.00926091 -0.00743483
internal_weight=0 9.72127 6.95812 4.4978 2.15775 2.46032
internal_count=56 38 26 10 18 16
is_linear=0
shrinkage=0.1


Tree=34
num_leaves=7
num_cat=0
split_feature=0 0 0 0 0 0
split_gain=0.0166803 0.0151104 0.0212923 0.0201669 0.0164275 0.000492577
threshold=0.56040457765000007 0.69128128190000016 0.73810726100000001 0.63889320805000016 0.71163383855000006 0.77832465235000015
decision_type=2 2 2 2 2 2
left_child=-1 3 4 -2 -3 -4
right_child=1 2 5 -5 -6 -7
leaf_value=0.0099640187745357496 -0.019443754407345477 -0.00071851698760804265 -0.007824180745464494 -0.0021678946138636297 0.011357422509800194 -0.0049719736988340134
leaf_weight=1.4714250564575202 0.92777085863053654 2.2446238398551941 1.0859839767217638 2.4870944153517485 2.2614146023988724 1.3685276955366132
leaf_count=10 12 6 8 8 4 8
internal_value=0 -0.00141308 0.00125993 -0.0068615 0.00534195 -0.00623392
internal_weight=0 10.3754 6.96055 3.41487 4.50604 2.45451
internal_count=56 46 26 20 10 16
is_linear=0
shrinkage=0.1


Tree=35
num_leaves=7
num_cat=0
split_feature=0 0 0 0 0 0
split_gain=0.0214249 0.0414913 0.0587398 0.0365336 0.0375811 8.43313e-05
threshold=0.66154767520000013 0.57607773460000011 0.44592917160000006 0.71163383855000006 0.73810726100000001 0.77832465235000015
decision_type=2 2 2 2 2 2
left_child=1 2 -1 -2 -5 -6
right_child=3 -3 -4 4 5 -7
leaf_value=0.0088183962422002781 -0.01335198488442577 0.012485026418152183 -0.028674297697782732 0.011001956988269493 -0.0075433903944433396 -0.0063600968375336388
leaf_weight=0.98407152295112588 2.4451704062521458 2.9412490800023079 0.72626136429607868 2.2629418224096298 1.0739247202873232 1.3714156895875929
leaf_count=6 10 12 8 4 8 8
internal_value=0 0.00528304 -0.00710219 -0.00343533 0.00171473 -0.00687977
internal_weight=0 4.65158 1.71033 7.15345 4.70828 2.44534
internal_count=56 26 14 30 20 16
is_linear=0
shrinkage=0.1


Tree=36
num_leaves=7
num_cat=0
split_feature=0 0 0 0 0 0
split_gain=0.0177491 0.0272765 0.0258093 0.00853282 0.00174513 0.00151071
threshold=0.58669358845000008 0.69128128190000016 0.73810726100000001 0.71163383855000006 0.56040457765000007 0.77832465235000015
decision_type=2 2 2 2 2 2
left_child=4 -2 3 -3 -1 -4
right_child=1 2 5 -5 -6 -7
leaf_value=0.010322024090678084 -0.010170039920299896 0.0016623598852642486 -0.0094520775640125777 0.010389677127940295 0.004069065132889179 -0.0044621743982001779
leaf_weight=1.4349497817456733 2.7775810565799457 2.2170019000768661 1.0921002477407458 2.2646708339452744 0.6478342069312929 1.3651691898703573
leaf_count=10 12 6 8 4 8 8
internal_value=0 -0.00179567 0.00155649 0.00607243 0.00837709 -0.00667987
internal_weight=0 9.71652 6.93894 4.48167 2.08278 2.45727
internal_count=56 38 26 10 18 16
is_linear=0
shrinkage=0.1


Tree=37
num_leaves=7
num_cat=0
split_feature=0 0 0 0 0 0
split_gain=0.0139232 0.0164795 0.0203919 0.0180955 0.0105223 0.000981334
threshold=0.56040457765000007 0.69128128190000016 0.73810726100000001 0.63889320805000016 0.71163383855000006 0.77832465235000015
decision_type=2 2 2 2 2 2
left_child=-1 3 4 -2 -3 -4
right_child=1 2 5 -5 -6 -7
leaf_value=0.0092708511597023834 -0.01892835955638756 0.00063910633721049278 -0.0080517606854343723 -0.0025287527672362663 0.010322325833369166 -0.0040253469450434003
leaf_weight=1.4239564314484603 0.92299571819603299 2.2240281328558922 1.0899876579642298 2.4824072495102882 2.2651403099298477 1.3612925447523592
leaf_count=10 12 6 8 8 4 8
internal_value=0 -0.001276 0.00151963 -0.00697368 0.00552506 -0.00581573
internal_weight=0 10.3459 6.94045 3.4054 4.48917 2.45128
internal_count=56 46 26 20 10 16
is_linear=0
shrinkage=0.1


Tree=38
num_leaves=7
num_cat=0
split_feature=0 0 0 0 0 0
split_gain=0.0179864 0.0183081 0.0195631 0.012424 0.000628212 0.000278242
threshold=0.58669358845000008 0.69128128190000016 0.73810726100000001 0.71163383855000006 0.56040457765000007 0.77832465235000015
decision_type=2 2 2 2 2 2
left_child=4 -2 3 -3 -1 -4
right_child=1 2 5 -5 -6 -7
leaf_value=0.0096678802652037932 -0.0087444743416551143 -0.00046638147612309915 -0.0074990993021381959 0.010048139144756191 0.0058985730721940396 -0.0053459753579175977
leaf_weight=1.4142122715711605 2.7298860326409322 2.2290357872843742 1.072031654417515 2.2664034962654114 0.64329437166452397 1.3636119365692136
leaf_count=10 12 6 8 4 8 8
internal_value=0 -0.00180799 0.000924019 0.00483458 0.00848938 -0.00629366
internal_weight=0 9.66097 6.93108 4.49544 2.05751 2.43564
internal_count=56 38 26 10 18 16
is_linear=0
shrinkage=0.1


Tree=39
num_leaves=7
num_cat=0
split_feature=0 0 0 0 0 0
split_gain=0.0132939 0.0398567 0.0466424 0.0316606 0.0270071 0.000196743
threshold=0.66154767520000013 0.57607773460000011 0.44592917160000006 0.71163383855000006 0.73810726100000001 0.77832465235000015
decision_type=2 2 2 2 2 2
left_child=1 2 -1 -2 -5 -6
right_child=3 -3 -4 4 5 -7
leaf_value=0.0062446161917253593 -0.011998221845484136 0.01121945861801711 -0.027749040770899975 0.009933966570057632 -0.0062530755584433856 -0.0044409784357119569
leaf_weight=0.94896569848060586 2.4191206768155098 2.9240067210048437 0.7023820411413908 2.2669755518436432 1.0714624002575877 1.3592104315757749
leaf_count=6 10 12 8 4 8 8
internal_value=0 0.00420542 -0.0082142 -0.00270365 0.00208272 -0.00523977
internal_weight=0 4.57535 1.65135 7.11677 4.69765 2.43067
internal_count=56 26 14 30 20 16
is_linear=0
shrinkage=0.1


Tree=40
num_leaves=7
num_cat=0
split_feature=0 0 0 0 0 0
split_gain=0.0129187 0.016486 0.0194962 0.0157805 0.00585452 0.00159079
threshold=0.56040457765000007 0.69128128190000016 0.73810726100000001 0.63889320805000016 0.71163383855000006 0.77832465235000015
decision_type=2 2 2 2 2 2
left_child=-1 3 4 -2 -3 -4
right_child=1 2 5 -5 -6 -7
leaf_value=0.0090866878981378102 -0.018045178499721804 0.0018446083797287274 -0.008407430255482358 -0.0027487156631366455 0.0090778296368743926 -0.0032864825346065173
leaf_weight=1.3802785314619548 0.92661687452345942 2.206839345395565 1.0983149930834772 2.4781392272561789 2.2700258791446686 1.3549886271357534
leaf_count=10 12 6 8 8 4 8
internal_value=0 -0.00121357 0.00158589 -0.0069117 0.00551226 -0.00557907
internal_weight=0 10.3349 6.93017 3.40476 4.47687 2.4533
internal_count=56 46 26 20 10 16
is_linear=0
shrinkage=0.1


Tree=41
num_leaves=7
num_cat=0
split_feature=0 0 0 0 0 0
split_gain=0.0160768 0.0184604 0.0178478 0.00819328 0.000811124 0.000561386
threshold=0.58669358845000008 0.69128128190000016 0.73810726100000001 0.71163383855000006 0.56040457765000007 0.77832465235000015
decision_type=2 2 2 2 2 2
left_child=4 -2 3 -3 -1 -4
right_child=1 2 5 -5 -6 -7
leaf_value=0.0095153074455447354 -0.0086429761852520361 0.00047192916434452134 -0.0075512974285211519 0.009021251896575419 0.0051680055250227985 -0.0044902813926408734
leaf_weight=1.3764410112053167 2.7366069573909027 2.2142060250043869 1.072864040732384 2.2703823149204254 0.62364810612052668 1.3569140955805776
leaf_count=10 12 6 8 4 8 8
internal_value=0 -0.00169105 0.00106043 0.00480014 0.00815977 -0.00584187
internal_weight=0 9.65097 6.91437 4.48459 2.00009 2.42978
internal_count=56 38 26 10 18 16
is_linear=0
shrinkage=0.1


Tree=42
num_leaves=7
num_cat=0
split_feature=0 0 0 0 0 0
split_gain=0.0111874 0.0354749 0.0316355 0.0242766 0.0232409 0.000389687
threshold=0.57607773460000011 0.44592917160000006 0.66154767520000013 0.71163383855000006 0.73810726100000001 0.77832465235000015
decision_type=2 2 2 2 2 2
left_child=1 -1 -2 -4 -5 -6
right_child=2 -3 3 4 5 -7
leaf_value=0.0050029178647066153 0.0099824071265800889 -0.025075897512223517 -0.010561021503988228 0.0090810225306506495 -0.0064229367203340292 -0.0038701802249277266
leaf_weight=0.92482896149158544 2.9300133557990176 0.68070254474878311 2.3958592973649502 2.2702067047357559 1.0713382735848429 1.3534631542861459
leaf_count=6 12 8 10 4 8 8
internal_value=0 -0.0077497 0.00124165 -0.00237012 0.00180969 -0.00499805
internal_weight=0 1.60553 10.0209 7.09087 4.69501 2.4248
internal_count=56 14 42 30 20 16
is_linear=0
shrinkage=0.1


Tree=43
num_leaves=7
num_cat=0
split_feature=0 0 0 0 0 0
split_gain=0.0522291 0.136419 0.2887 0.0118316 0.0157845 0.012206
threshold=0.63889320805000016 0.56040457765000007 0.58669358845000008 0.69128128190000016 0.7601111906500001 0.71163383855000006
decision_type=2 2 2 2 2 2
left_child=1 -1 -3 -2 5 -5
right_child=3 2 -4 4 -6 -7
leaf_value=0.0075578739488566379 -0.0026001282639911034 0.0024439244333603074 -0.10723130299719526 0.0027037775938593064 -0.0025220494097078576 0.012604144086699135
leaf_weight=1.3340229261666547 2.4726984929293376 0.60201756190508582 0.39913589507341385 2.1919008269906044 1.8219556361436842 2.8835088983178139
leaf_count=10 8 8 4 6 12 8
internal_value=0 -0.0133807 -0.041281 0.00333468 0.0054623 0.0083285
internal_weight=0 2.33518 1.00115 9.37006 6.89737 5.07541
internal_count=56 22 12 34 26 14
is_linear=0
shrinkage=0.1


Tree=44
num_leaves=7
num_cat=0
split_feature=0 0 0 0 0 0
split_gain=0.0236942 0.0139355 0.0214606 0.010165 0.00585266 0.000745926
threshold=0.56040457765000007 0.69128128190000016 0.63889320805000016 0.73810726100000001 0.71163383855000006 0.77832465235000015
decision_type=2 2 2 2 2 2
left_child=-1 2 -2 4 -3 -5
right_child=1 3 -4 5 -6 -7
leaf_value=0.012383734678896492 -0.021406238458596603 2.9055303437934365e-05 -0.0024612565091706746 -0.006399812805591959 0.0072467865526377158 -0.0028350731655829844
leaf_weight=1.362052800133825 0.78930127713829135 2.2165085524320602 2.46620206348598 1.0389731079339983 2.2781192809343338 1.349378854036331
leaf_count=10 12 6 8 8 4 8
internal_value=0 -0.00166369 -0.00705449 0.000886044 0.00368739 -0.00438579
internal_weight=0 10.1385 3.2555 6.88298 4.49463 2.38835
internal_count=56 46 20 26 10 16
is_linear=0
shrinkage=0.1


Tree=45
num_leaves=7
num_cat=0
split_feature=0 0 0 0 0 0
split_gain=0.0150953 0.00886898 0.0123843 0.0102918 0.0086991 0.000269506
threshold=0.56040457765000007 0.69128128190000016 0.73810726100000001 0.63889320805000016 0.71163383855000006 0.77832465235000015
decision_type=2 2 2 2 2 2
left_child=-1 3 4 -2 -3 -4
right_child=1 2 5 -5 -6 -7
leaf_value=0.0099312686940828294 -0.015675715563429626 -0.00065501554818780516 -0.0063204288902863259 -0.002474945011159275 0.0081479925263774414 -0.0041780038412386599
leaf_weight=1.3503812346607453 0.77657390478998278 2.2171127572655678 1.0373110771179201 2.4661862086504698 2.2738717347383499 1.3530352488160131
leaf_count=10 12 6 8 8 4 8
internal_value=0 -0.00132466 0.000707132 -0.00563626 0.00380212 -0.00510773
internal_weight=0 10.1241 6.88133 3.24276 4.49098 2.39035
internal_count=56 46 26 20 10 16
is_linear=0
shrinkage=0.1


Tree=46
num_leaves=7
num_cat=0
split_feature=0 0 0 0 0 0
split_gain=0.0171758 0.0311495 0.0260503 0.0227109 0.0215961 6.55851e-05
threshold=0.66154767520000013 0.57607773460000011 0.71163383855000006 0.73810726100000001 0.44592917160000006 0.77832465235000015
decision_type=2 2 2 2 2 2
left_child=1 4 -2 -4 -1 -5
right_child=2 -3 3 5 -6 -7
leaf_value=0.0036752072491748333 -0.011551855049341043 0.011145853872424954 0.0084485842854247067 -0.0061113404951633806 -0.020095806806021417 -0.0050544986968968321
leaf_weight=0.89895926788449265 2.3885908983647823 2.8380465377122164 2.2724815756082535 1.0361920818686488 0.66485253348946571 1.3551450259983537
leaf_count=6 10 12 4 8 8 8
internal_value=0 0.00490147 -0.00305931 0.00129018 -0.00643101 -0.00551244
internal_weight=0 4.40186 7.05241 4.66382 1.56381 2.39134
internal_count=56 26 30 20 14 16
is_linear=0
shrinkage=0.1


Tree=47
num_leaves=7
num_cat=0
split_feature=0 0 0 0 0 0
split_gain=0.0165088 0.0118404 0.0135402 0.00858252 0.00496594 0.000529074
threshold=0.56040457765000007 0.69128128190000016 0.73810726100000001 0.63889320805000016 0.71163383855000006 0.77832465235000015
decision_type=2 2 2 2 2 2
left_child=-1 3 4 -2 -3 -4
right_child=1 2 5 -5 -6 -7
leaf_value=0.010466662527211816 -0.015593825200242065 0.0008265517607320427 -0.006819109317713002 -0.0034922644390975597 0.0074880676317165568 -0.0038128706694354735
leaf_weight=1.3314117100089795 0.76849113591015195 2.2011323571205139 1.0336065515875819 2.4685413157567382 2.2763936966657639 1.350107606500387
leaf_count=10 12 6 8 8 4 8
internal_value=0 -0.00137998 0.000971993 -0.00636525 0.0042133 -0.00511641
internal_weight=0 10.0983 6.86124 3.23703 4.47753 2.38371
internal_count=56 46 26 20 10 16
is_linear=0
shrinkage=0.1


Tree=48
num_leaves=8
num_cat=0
split_feature=0 0 0 0 0 0 0
split_gain=0.0149139 0.0145337 0.0144765 0.00683641 0.00414123 0.00490806 0.00018496
threshold=0.58669358845000008 0.69128128190000016 0.73810726100000001 0.71163383855000006 0.44592917160000006 0.56040457765000007 0.77832465235000015
decision_type=2 2 2 2 2 2 2
left_child=4 -2 3 -3 -1 -6 -4
right_child=1 2 6 -5 5 -7 -8
leaf_value=0.0030411079664776652 -0.0079365565469591368 0.00018246144805554069 -0.006500266582461907 0.0079997610612273177 0.020438191886856198 0.0064537123342966688 -0.004722763518626826
leaf_weight=0.88564046099782068 2.6345914751291257 2.2019341215491295 1.0323338359594347 2.2740383893251419 0.43502198532223679 0.59317427128553391 1.3521979041397569
leaf_count=6 12 6 8 4 4 8 8
internal_value=0 -0.00162322 0.00080125 0.00415408 0.00805323 0.0123704 -0.0054923
internal_weight=0 9.4951 6.8605 4.47597 1.91384 1.0282 2.38453
internal_count=56 38 26 10 18 12 16
is_linear=0
shrinkage=0.1


Tree=49
num_leaves=7
num_cat=0
split_feature=0 0 0 0 0 0
split_gain=0.0131243 0.0243154 0.0256523 0.0195777 0.0161926 0.000158012
threshold=0.66154767520000013 0.57607773460000011 0.44592917160000006 0.71163383855000006 0.73810726100000001 0.77832465235000015
decision_type=2 2 2 2 2 2
left_child=1 2 -1 -2 -5 -6
right_child=3 -3 -4 4 5 -7
leaf_value=0.0052772558983847319 -0.01008031045063827 0.0098008101697579491 -0.02092229794881385 0.007113664353124792 -0.0056114109860317249 -0.0039672872605072598
leaf_weight=0.88007321581244446 2.3669715113937855 2.8299172045662999 0.64952933602035046 2.2785922437906265 1.0321619063615801 1.3479319773614404
leaf_count=6 10 12 8 4 8 8
internal_value=0 0.00431016 -0.0058481 -0.00267451 0.00108821 -0.00468029
internal_weight=0 4.35952 1.5296 7.02566 4.65869 2.38009
internal_count=56 26 14 30 20 16
is_linear=0
shrinkage=0.1


Tree=50
num_leaves=7
num_cat=0
split_feature=0 0 0 0 0 0
split_gain=0.0145634 0.0128384 0.0115309 0.0104864 0.00305629 0.000604428
threshold=0.56040457765000007 0.69128128190000016 0.73810726100000001 0.63889320805000016 0.71163383855000006 0.77832465235000015
decision_type=2 2 2 2 2 2
left_child=-1 3 4 -2 -3 -4
right_child=1 2 5 -5 -6 -7
leaf_value=0.0099373322666347352 -0.016818636194985786 0.0014832848957024346 -0.0062961562041794483 -0.0033407632692108065 0.006713485433215283 -0.0030764939163110019
leaf_weight=1.3054051026701934 0.75398886855691527 2.1909018754959106 1.0296510830521586 2.4630623683333397 2.2799440920352936 1.3443685658276079
leaf_count=10 12 6 8 8 4 8
internal_value=0 -0.00128924 0.0011596 -0.00649961 0.00415047 -0.00447291
internal_weight=0 10.0619 6.84487 3.21705 4.47085 2.37402
internal_count=56 46 26 20 10 16
is_linear=0
shrinkage=0.1


Tree=51
num_leaves=8
num_cat=0
split_feature=0 0 0 0 0 0 0
split_gain=0.0121344 0.0141874 0.012464 0.00474978 0.00280566 0.00433309 0.000233069
threshold=0.58669358845000008 0.69128128190000016 0.73810726100000001 0.71163383855000006 0.44592917160000006 0.56040457765000007 0.77832465235000015
decision_type=2 2 2 2 2 2 2
left_child=4 -2 3 -3 -1 -6 -4
right_child=1 2 6 -5 5 -7 -8
leaf_value=0.0031947533748453195 -0.0077011885332641502 0.0007311180474507508 -0.0060448704174127189 0.007251976012512225 0.01861398958377038 0.0053213498770819344 -0.0040455287526954802
leaf_weight=0.87022409588098604 2.6275200862437469 2.1923283934593201 1.0282515883445742 2.2774067372083664 0.42544624209403969 0.57893235981464386 1.3466691970825193
leaf_count=6 12 6 8 4 4 8 8
internal_value=0 -0.0014548 0.000943059 0.00405361 0.00735095 0.010952 -0.00491117
internal_weight=0 9.47218 6.84466 4.46974 1.8746 1.00438 2.37492
internal_count=56 38 26 10 18 12 16
is_linear=0
shrinkage=0.1


Tree=52
num_leaves=7
num_cat=0
split_feature=0 0 0 0 0 0
split_gain=0.0105186 0.0220822 0.024472 0.0162635 0.0136107 0.000180436
threshold=0.66154767520000013 0.57607773460000011 0.44592917160000006 0.71163383855000006 0.73810726100000001 0.77832465235000015
decision_type=2 2 2 2 2 2
left_child=1 2 -1 -2 -5 -6
right_child=3 -3 -4 4 5 -7
leaf_value=0.0050073829874354532 -0.0091719287849798912 0.0090897582365781875 -0.020848185075306652 0.006546470975563868 -0.0052705737827835174 -0.0035102504202139634
leaf_weight=0.86573915928602196 2.351561700925231 2.8224610090255737 0.63425452634692192 2.2811412811279297 1.0278650522232058 1.34324299916625
leaf_count=6 10 12 8 4 8 8
internal_value=0 0.00387917 -0.00592534 -0.00239405 0.00103195 -0.00427334
internal_weight=0 4.32245 1.49999 7.00381 4.65225 2.37111
internal_count=56 26 14 30 20 16
is_linear=0
shrinkage=0.1


Tree=53
num_leaves=7
num_cat=0
split_feature=0 0 0 0 0 0
split_gain=0.012365 0.0123288 0.0107147 0.0103211 0.00218229 0.000578398
threshold=0.56040457765000007 0.69128128190000016 0.63889320805000016 0.73810726100000001 0.71163383855000006 0.77832465235000015
decision_type=2 2 2 2 2 2
left_child=-1 2 -2 4 -3 -5
right_child=1 3 -4 5 -6 -7
leaf_value=0.0092448942854909642 -0.016857404000699891 0.0017854425422372613 -0.0031311063051944459 -0.0059115189715365675 0.0062076708418667232 -0.0027562155844556681
leaf_weight=1.2826946955174214 0.73986858967691516 2.1835748478770256 2.4579668361693621 1.0255052596330645 2.2822631299495697 1.3401848673820493
leaf_count=10 12 6 8 8 4 8
internal_value=0 -0.00118236 -0.0063069 0.00121643 0.00404542 -0.00412401
internal_weight=0 10.0294 3.19784 6.83153 4.46584 2.36569
internal_count=56 46 20 26 10 16
is_linear=0
shrinkage=0.1


Tree=54
num_leaves=8
num_cat=0
split_feature=0 0 0 0 0 0 0
split_gain=0.0105192 0.0133641 0.0110794 0.00362475 0.00246877 0.00356436 0.000234621
threshold=0.58669358845000008 0.69128128190000016 0.73810726100000001 0.71163383855000006 0.44592917160000006 0.56040457765000007 0.77832465235000015
decision_type=2 2 2 2 2 2 2
left_child=4 -2 3 -3 -1 -6 -4
right_child=1 2 6 -5 5 -7 -8
leaf_value=0.0029931859885993671 -0.0074177918309049646 0.0010037222947904573 -0.0056894494207651129 0.0067034071300755074 0.017352951032615672 0.0051705702171023042 -0.0036797953977906494
leaf_weight=0.85671474039554663 2.6205410026013833 2.1852111294865608 1.0241243094205859 2.2798894643783569 0.41698571667075157 0.56638815067708492 1.3424097038805483
leaf_count=6 12 6 8 4 4 8 8
internal_value=0 -0.00134665 0.000982177 0.00391399 0.00691749 0.0103363 -0.00454948
internal_weight=0 9.45218 6.83163 4.4651 1.84009 0.983374 2.36653
internal_count=56 38 26 10 18 12 16
is_linear=0
shrinkage=0.1


Tree=55
num_leaves=7
num_cat=0
split_feature=0 0 0 0 0 0
split_gain=0.00905818 0.0204294 0.0226486 0.0140031 0.0117457 0.000183556
threshold=0.66154767520000013 0.57607773460000011 0.44592917160000006 0.71163383855000006 0.73810726100000001 0.77832465235000015
decision_type=2 2 2 2 2 2
left_child=1 2 -1 -2 -5 -6
right_child=3 -3 -4 4 5 -7
leaf_value=0.0046505842007775145 -0.0085310685318125048 0.0086103319864798255 -0.020463409480775081 0.0060707404545184461 -0.00499468192542467 -0.003216011646680414
leaf_weight=0.85282570868730523 2.3391489125788212 2.815330189652741 0.62026984989643097 2.2833015918731689 1.0236348956823351 1.3393424227833746
leaf_count=6 10 12 8 4 8 8
internal_value=0 0.0036177 -0.00592405 -0.00222093 0.000955875 -0.00398653
internal_weight=0 4.28843 1.4731 6.98543 4.64628 2.36298
internal_count=56 26 14 30 20 16
is_linear=0
shrinkage=0.1


Tree=56
num_leaves=7
num_cat=0
split_feature=0 0 0 0 0 0
split_gain=0.0106641 0.0113817 0.0104481 0.00927474 0.00163691 0.000535525
threshold=0.56040457765000007 0.69128128190000016 0.63889320805000016 0.73810726100000001 0.71163383855000006 0.77832465235000015
decision_type=2 2 2 2 2 2
left_child=-1 2 -2 4 -3 -5
right_child=1 3 -4 5 -6 -7
leaf_value=0.008660966815601804 -0.016567350032584579 0.0019294650921042455 -0.0029146942300567035 -0.0055863172589206561 0.0057612489776378622 -0.0025450314513957395
leaf_weight=1.2623077332973487 0.72653984185308074 2.1776832789182663 2.4532859828323126 1.0214472636580469 2.284339040517807 1.3366056382656095
leaf_count=10 12 6 8 8 4 8
internal_value=0 -0.00109329 -0.00603411 0.00121034 0.00389115 -0.00386244
internal_weight=0 9.9999 3.17983 6.82008 4.46202 2.35805
internal_count=56 46 20 26 10 16
is_linear=0
shrinkage=0.1


Tree=57
num_leaves=8
num_cat=0
split_feature=0 0 0 0 0 0 0
split_gain=0.00944195 0.0124153 0.00989324 0.00287242 0.00237075 0.00291118 0.000225184
threshold=0.58669358845000008 0.69128128190000016 0.73810726100000001 0.71163383855000006 0.44592917160000006 0.56040457765000007 0.77832465235000015
decision_type=2 2 2 2 2 2 2
left_child=4 -2 3 -3 -1 -6 -4
right_child=1 2 6 -5 5 -7 -8
leaf_value=0.0027488577576483177 -0.0071288584925611083 0.001149644389068288 -0.0053803552632692665 0.0062257511184782149 0.016401271027887365 0.0052864851133275353 -0.0034081839589398541
leaf_weight=0.84450589120388098 2.6138595994561893 2.1793765872716904 1.020142160356045 2.2820836752653122 0.40948395244777203 0.55509573221206665 1.3387249261140821
leaf_count=6 12 6 8 4 4 8 8
internal_value=0 -0.001269 0.000976763 0.00374613 0.0066177 0.0100049 -0.00426109
internal_weight=0 9.43419 6.82033 4.46146 1.80909 0.96458 2.35887
internal_count=56 38 26 10 18 12 16
is_linear=0
shrinkage=0.1


Tree=58
num_leaves=7
num_cat=0
split_feature=0 0 0 0 0 0
split_gain=0.00809644 0.0190339 0.0207695 0.0123159 0.0102213 0.00018118
threshold=0.66154767520000013 0.57607773460000011 0.44592917160000006 0.71163383855000006 0.73810726100000001 0.77832465235000015
decision_type=2 2 2 2 2 2
left_child=1 2 -1 -2 -5 -6
right_child=3 -3 -4 4 5 -7
leaf_value=0.0043029039392928296 -0.0080335542768017482 0.0082383084880630134 -0.019961480068475965 0.0056434487922150641 -0.004747693000452035 -0.0029776000476833524
leaf_weight=0.84108768776059128 2.3285154923796654 2.8085315730422735 0.60760927386581898 2.2852729558944702 1.0196002051234248 1.3358851261436937
leaf_count=6 10 12 8 4 8 8
internal_value=0 0.00343601 -0.00587401 -0.00209892 0.000878809 -0.00374381
internal_weight=0 4.25723 1.4487 6.96927 4.64076 2.35549
internal_count=56 26 14 30 20 16
is_linear=0
shrinkage=0.1


Tree=59
num_leaves=6
num_cat=0
split_feature=0 0 0 0 0
split_gain=0.00931902 0.0103828 0.00832819 0.00125544 0.000492677
threshold=0.56040457765000007 0.69128128190000016 0.73810726100000001 0.71163383855000006 0.77832465235000015
decision_type=2 2 2 2 2
left_child=-1 -2 3 -3 -4
right_child=1 2 4 -5 -6
leaf_value=0.008161488929025797 -0.0057522782178230335 0.0019991144474784208 -0.0052921316477597263 0.0053561490420609564 -0.002370391293927787
leaf_weight=1.2438965439796454 3.163105355575679 2.1726303994655609 1.0175777152180674 2.2862480282783508 1.3333960548043249
leaf_count=10 20 6 8 4 8
internal_value=0 -0.00101796 0.00118108 0.0037204 -0.00363502
internal_weight=0 9.97296 6.80985 4.45888 2.35097
internal_count=56 46 26 10 16
is_linear=0
shrinkage=0.1


Tree=60
num_leaves=6
num_cat=0
split_feature=0 0 0 0 0
split_gain=0.00624233 0.00841306 0.00814106 0.00215964 0.000302286
threshold=0.56040457765000007 0.69128128190000016 0.73810726100000001 0.71163383855000006 0.77832465235000015
decision_type=2 2 2 2 2
left_child=-1 -2 3 -3 -4
right_child=1 2 4 -5 -6
leaf_value=0.0066961086843139858 -0.0051012358541017884 0.001400704485757667 -0.0049155343751902027 0.0058035628891784635 -0.0026265384187602629
leaf_weight=1.2383058965206153 3.1547072399407607 2.1748732030391693 1.0168417021632197 2.2840681672096252 1.3335887491703031
leaf_count=10 20 6 8 4 8
internal_value=0 -0.000832175 0.00114563 0.00365604 -0.0036168
internal_weight=0 9.96408 6.80937 4.45894 2.35043
internal_count=56 46 26 10 16
is_linear=0
shrinkage=0.1


Tree=61
num_leaves=7
num_cat=0
split_feature=0 0 0 0 0 0
split_gain=0.00711184 0.0186248 0.0131903 0.0118396 0.0104677 0.000183866
threshold=0.57607773460000011 0.66154767520000013 0.44592917160000006 0.71163383855000006 0.73810726100000001 0.77832465235000015
decision_type=2 2 2 2 2 2
left_child=2 -2 -1 -3 -5 -6
right_child=1 3 -4 4 5 -7
leaf_value=0.0015562944699795784 0.0078400058215823461 -0.0076410843154664414 -0.017920124914469506 0.0059311423566058919 -0.0045897088913507663 -0.0028041103977997119
leaf_weight=0.83151992037892408 2.806979173794387 2.3205776549875736 0.59764986298978329 2.2834965139627457 1.0161624550819399 1.3333827480673788
leaf_count=6 12 10 8 4 8 8
internal_value=0 0.000964685 -0.00658835 -0.00181069 0.00110962 -0.00357637
internal_weight=0 9.7606 1.42917 6.95362 4.63304 2.34955
internal_count=56 42 14 30 20 16
is_linear=0
shrinkage=0.1


Tree=62
num_leaves=6
num_cat=0
split_feature=0 0 0 0 0
split_gain=0.00823229 0.00955646 0.00765607 0.00113112 0.000453671
threshold=0.56040457765000007 0.69128128190000016 0.73810726100000001 0.71163383855000006 0.77832465235000015
decision_type=2 2 2 2 2
left_child=-1 -2 3 -3 -4
right_child=1 2 4 -5 -6
leaf_value=0.0077248901699136568 -0.0055035129213729175 0.0019546032467731788 -0.0050615895351009341 0.0051420200645678205 -0.0022541034006568436
leaf_weight=1.2280482910573489 3.1531786043196899 2.1694090813398361 1.014357812702656 2.2870927006006241 1.3306119926273821
leaf_count=10 20 6 8 4 8
internal_value=0 -0.000952977 0.00115666 0.0035904 -0.00346853
internal_weight=0 9.95465 6.80147 4.4565 2.34497
internal_count=56 46 26 10 16
is_linear=0
shrinkage=0.1


Tree=63
num_leaves=8
num_cat=0
split_feature=0 0 0 0 0 0 0
split_gain=0.00557491 0.0106585 0.00745936 0.00232863 0.00474098 0.0019359 0.000284814
threshold=0.58669358845000008 0.69128128190000016 0.73810726100000001 0.44592917160000006 0.56040457765000007 0.71163383855000006 0.77832465235000015
decision_type=2 2 2 2 2 2 2
left_child=3 -2 5 -1 -5 -3 -4
right_child=1 2 6 4 -6 -7 -8
leaf_value=0.0012798744737870116 -0.0064043823024526715 0.0013808816887680155 -0.0047121051834180076 0.016819238088141779 0.0024468613217121047 0.0055506170698675734 -0.0024872752894171753
leaf_weight=0.82302760705351896 2.6061814734712225 2.1715571358799934 1.0136829391121867 0.39972270838916302 0.53900210652500391 2.2850927263498306 1.3308034986257551
leaf_count=6 12 6 8 4 8 4 8
internal_value=0 -0.000966832 0.00111683 0.00516262 0.00856683 0.00351886 -0.00344922
internal_weight=0 9.40732 6.80114 1.76175 0.938725 4.45665 2.34449
internal_count=56 38 26 18 12 10 16
is_linear=0
shrinkage=0.1


Tree=64
num_leaves=6
num_cat=0
split_feature=0 0 0 0 0
split_gain=0.00624128 0.00635069 0.0058334 0.00159995 0.000199768
threshold=0.56040457765000007 0.69128128190000016 0.73810726100000001 0.71163383855000006 0.77832465235000015
decision_type=2 2 2 2 2
left_child=-1 -2 3 -3 -4
right_child=1 2 4 -5 -6
leaf_value=0.0067648473552128401 -0.0045499063657817159 0.00106687419707704 -0.0042100717510815218 0.0048555933698368019 -0.0023459169776540675
leaf_weight=1.2152460813522346 3.1363523034378868 2.1725270375609398 1.0131795778870585 2.2889382243156433 1.3287936039268968
leaf_count=10 20 6 8 4 8
internal_value=0 -0.000827074 0.000889134 0.00301066 -0.00315238
internal_weight=0 9.93979 6.80344 4.46147 2.34197
internal_count=56 46 26 10 16
is_linear=0
shrinkage=0.1


Tree=65
num_leaves=7
num_cat=0
split_feature=0 0 0 0 0 0
split_gain=0.00695891 0.0185661 0.0153939 0.0108455 0.00790302 0.000119485
threshold=0.57607773460000011 0.66154767520000013 0.44592917160000006 0.71163383855000006 0.73810726100000001 0.77832465235000015
decision_type=2 2 2 2 2 2
left_child=2 -2 -1 -3 -5 -6
right_child=1 3 -4 4 5 -7
leaf_value=0.0022745548860585987 0.0078250549087827328 -0.0074156702575795853 -0.018963593805920626 0.0051509535748561763 -0.0039317248518950017 -0.0024898454697889682
leaf_weight=0.81836879625916548 2.7983708996325714 2.312594436109066 0.58542145043611526 2.2874596565961838 1.012734189629555 1.3288070410490034
leaf_count=6 12 10 8 4 8 8
internal_value=0 0.000948694 -0.00658237 -0.00182338 0.000970465 -0.00311347
internal_weight=0 9.73997 1.40379 6.9416 4.629 2.34154
internal_count=56 42 14 30 20 16
is_linear=0
shrinkage=0.1


Tree=66
num_leaves=6
num_cat=0
split_feature=0 0 0 0 0
split_gain=0.00674933 0.00790894 0.00603254 0.000937213 0.000348192
threshold=0.56040457765000007 0.69128128190000016 0.73810726100000001 0.71163383855000006 0.77832465235000015
decision_type=2 2 2 2 2
left_child=-1 -2 3 -3 -4
right_child=1 2 4 -5 -6
leaf_value=0.007059046864367158 -0.0050121054827009653 0.0017263494881145992 -0.0044529326242717512 0.004627859322604979 -0.0019895753375845414
leaf_weight=1.2076132539659745 3.1363081661984307 2.1666226610541344 1.011204317212105 2.2897560149431229 1.3265493288636205
leaf_count=10 20 6 8 4 8
internal_value=0 -0.00085843 0.00105899 0.00321719 -0.00305511
internal_weight=0 9.93044 6.79413 4.45638 2.33775
internal_count=56 46 26 10 16
is_linear=0
shrinkage=0.1


Tree=67
num_leaves=7
num_cat=0
split_feature=0 0 0 0 0 0
split_gain=0.00588156 0.0143027 0.0107642 0.00875817 0.00748249 0.000222028
threshold=0.57607773460000011 0.66154767520000013 0.44592917160000006 0.71163383855000006 0.73810726100000001 0.77832465235000015
decision_type=2 2 2 2 2 2
left_child=2 -2 -1 -3 -5 -6
right_child=1 3 -4 4 5 -7
leaf_value=0.0013630220197404404 0.0068956456319365887 -0.0066059926013602279 -0.01646519753840547 0.005005809754065174 -0.0041555829339611572 -0.0021882606433697776
leaf_weight=0.81137643754482336 2.8040965534746629 2.3040423542261124 0.58128641918301582 2.287861093878746 1.0106432437896731 1.3267559632658956
leaf_count=6 12 10 8 4 8 8
internal_value=0 0.000869693 -0.00607834 -0.00156884 0.000940379 -0.00303889
internal_weight=0 9.7334 1.39266 6.9293 4.62526 2.3374
internal_count=56 42 14 30 20 16
is_linear=0
shrinkage=0.1


Tree=68
num_leaves=6
num_cat=0
split_feature=0 0 0 0 0
split_gain=0.00727508 0.00878704 0.00602504 0.00054913 0.000441975
threshold=0.56040457765000007 0.69128128190000016 0.73810726100000001 0.71163383855000006 0.77832465235000015
decision_type=2 2 2 2 2
left_child=-1 -2 3 -3 -4
right_child=1 2 4 -5 -6
leaf_value=0.007354192129751286 -0.0052672601373865528 0.0021473745609032488 -0.0045586453626572628 0.0043692332226065054 -0.0017809510246567892
leaf_weight=1.2000176273286349 3.1358507052063924 2.1622920781373978 1.0093270689249041 2.2908270508050919 1.3245990537106989
leaf_count=10 20 6 8 4 8
internal_value=0 -0.000889372 0.00113336 0.00329037 -0.00298219
internal_weight=0 9.9229 6.78705 4.45312 2.33393
internal_count=56 46 26 10 16
is_linear=0
shrinkage=0.1


Tree=69
num_leaves=7
num_cat=0
split_feature=0 0 0 0 0 0
split_gain=0.0050511 0.011626 0.00782084 0.0072994 0.00704731 0.000289311
threshold=0.57607773460000011 0.66154767520000013 0.44592917160000006 0.71163383855000006 0.73810726100000001 0.77832465235000015
decision_type=2 2 2 2 2 2
left_child=2 -2 -1 -3 -5 -6
right_child=1 3 -4 4 5 -7
leaf_value=0.00071386818589640232 0.0062296994885566673 -0.0060059232347349344 -0.01453860294554165 0.0048340303933789826 -0.0042518314572036744 -0.002004252371917654
leaf_weight=0.80489477887749739 2.8087390530854446 2.2972413320094347 0.57730394601821899 2.2884815335273743 1.0087280422449114 1.3249642588198183
leaf_count=6 12 10 8 4 8 8
internal_value=0 0.000803712 -0.00565664 -0.00139881 0.000890941 -0.00297576
internal_weight=0 9.72815 1.3822 6.91942 4.62217 2.33369
internal_count=56 42 14 30 20 16
is_linear=0
shrinkage=0.1


Tree=70
num_leaves=6
num_cat=0
split_feature=0 0 0 0 0
split_gain=0.0076327 0.00921772 0.00591792 0.000488806 0.000324075
threshold=0.56040457765000007 0.69128128190000016 0.73810726100000001 0.77832465235000015 0.71163383855000006
decision_type=2 2 2 2 2
left_child=-1 -2 4 -4 -3
right_child=1 2 3 -5 -6
leaf_value=0.0075585500100574122 -0.0053929015901370021 0.0024225465724469612 -0.0045776415171855187 -0.0016543238911029155 0.0041299434688467475
leaf_weight=1.1925649531185634 3.1351990457624179 2.1587962880730629 1.0076885595917704 1.3228793777525423 2.2918667644262314
leaf_count=10 20 6 8 8 4
internal_value=0 -0.000909003 0.00116406 -0.0029183 0.00330177
internal_weight=0 9.91643 6.78123 2.33057 4.45066
internal_count=56 46 26 16 10
is_linear=0
shrinkage=0.1


Tree=71
num_leaves=6
num_cat=0
split_feature=0 0 0 0 0
split_gain=0.00475737 0.00748814 0.0058673 0.000904205 0.000325074
threshold=0.56040457765000007 0.69128128190000016 0.73810726100000001 0.71163383855000006 0.77832465235000015
decision_type=2 2 2 2 2
left_child=-1 -2 3 -3 -4
right_child=1 2 4 -5 -6
leaf_value=0.0059784304599774882 -0.0047656409658241739 0.0018113600692707434 -0.0042691288534474512 0.0046633419163285596 -0.0018849498854988144
leaf_weight=1.1884775757789618 3.1268004309385997 2.1611808016896248 1.007079888135195 2.2891515791416168 1.3233590871095655
leaf_count=10 20 6 8 4 8
internal_value=0 -0.000717154 0.00114971 0.00327836 -0.00291525
internal_weight=0 9.90757 6.78077 4.45033 2.33044
internal_count=56 46 26 10 16
is_linear=0
shrinkage=0.1


Tree=72
num_leaves=7
num_cat=0
split_feature=0 0 0 0 0 0
split_gain=0.00568108 0.011641 0.0073767 0.00694775 0.00560501 0.000216689
threshold=0.57607773460000011 0.66154767520000013 0.71163383855000006 0.73810726100000001 0.44592917160000006 0.77832465235000015
decision_type=2 2 2 2 2 2
left_child=4 -2 -3 -4 -1 -5
right_child=1 2 3 5 -6 -7
leaf_value=-0.00062477893815075835 0.0062798695551071803 -0.0059928951008578826 0.0048594672503339195 -0.0040041563694986392 -0.013613251954414738 -0.0020572935861701254
leaf_weight=0.79747988656163282 2.8069255128502828 2.2931356504559517 2.2882033288478851 1.0064954273402693 0.56952013447880745 1.3234044052660463
leaf_count=6 12 10 4 8 8 8
internal_value=0 0.000849055 -0.00135661 0.000945551 -0.00603604 -0.00289832
internal_weight=0 9.71816 6.91124 4.6181 1.367 2.3299
internal_count=56 42 30 20 14 16
is_linear=0
shrinkage=0.1


Tree=73
num_leaves=6
num_cat=0
split_feature=0 0 0 0 0
split_gain=0.00683069 0.00777902 0.00533902 0.00039384 0.000352426
threshold=0.56040457765000007 0.69128128190000016 0.73810726100000001 0.77832465235000015 0.71163383855000006
decision_type=2 2 2 2 2
left_child=-1 -2 4 -4 -3
right_child=1 2 3 -5 -6
leaf_value=0.0071918330806907006 -0.0049816429944506795 0.0021594280544704118 -0.0043252320532281086 -0.0016990969674693128 0.0039401418440509111
leaf_weight=1.1800549943000085 3.1281363982707244 2.1570672169327736 1.0058581344783308 1.321110315620899 2.2927614003419876
leaf_count=10 20 6 8 8 4
internal_value=0 -0.000856814 0.00104719 -0.00283427 0.00307694
internal_weight=0 9.90493 6.7768 2.32697 4.44983
internal_count=56 46 26 16 10
is_linear=0
shrinkage=0.1


Tree=74
num_leaves=7
num_cat=0
split_feature=0 0 0 0 0 0
split_gain=0.00438562 0.0098526 0.00597732 0.00609201 0.00479545 0.000263753
threshold=0.57607773460000011 0.66154767520000013 0.71163383855000006 0.73810726100000001 0.44592917160000006 0.77832465235000015
decision_type=2 2 2 2 2 2
left_child=4 -2 -3 -4 -1 -5
right_child=1 2 3 5 -6 -7
leaf_value=-0.00029690267133991778 0.0057336177085149402 -0.0054691429105763953 0.0044438168067989729 -0.0040419512979244596 -0.012353218028263908 -0.0018926891312663074
leaf_weight=0.79102421179413862 2.8118615131825191 2.287055803462863 2.2901735305786133 1.0053372755646708 0.56595914997160435 1.3215410858392713
leaf_count=6 12 10 4 8 8 8
internal_value=0 0.000743747 -0.0012885 0.000782387 -0.00532525 -0.00282129
internal_weight=0 9.71597 6.90411 4.61705 1.35698 2.32688
internal_count=56 42 30 20 14 16
is_linear=0
shrinkage=0.1


Tree=75
num_leaves=6
num_cat=0
split_feature=0 0 0 0 0
split_gain=0.00726528 0.00804353 0.00516195 0.000428409 0.000174487
threshold=0.56040457765000007 0.69128128190000016 0.73810726100000001 0.77832465235000015 0.71163383855000006
decision_type=2 2 2 2 2
left_child=-1 -2 4 -4 -3
right_child=1 2 3 -5 -6
leaf_value=0.0074418251488880972 -0.0050746884992216006 0.0024053052547792285 -0.0043184239755110106 -0.0015781646422368609 0.0036586282185371148
leaf_weight=1.1729309037327773 3.1290578395128232 2.153552271425724 1.0051259472966196 1.3194876350462434 2.2940972447395325
leaf_count=10 20 6 8 8 4
internal_value=0 -0.000881572 0.00105582 -0.00276301 0.00305177
internal_weight=0 9.90132 6.77226 2.32461 4.44765
internal_count=56 46 26 16 10
is_linear=0
shrinkage=0.1


Tree=76
num_leaves=6
num_cat=0
split_feature=0 0 0 0 0
split_gain=0.00435241 0.00660099 0.00517794 0.000648192 0.000289936
threshold=0.56040457765000007 0.69128128190000016 0.73810726100000001 0.71163383855000006 0.77832465235000015
decision_type=2 2 2 2 2
left_child=-1 -2 3 -3 -4
right_child=1 2 4 -5 -6
leaf_value=0.0057692830537938757 -0.0044869773117363855 0.0018264016371456239 -0.004033102058068381 0.0042421750563171878 -0.0017786526077946182
leaf_weight=1.1693953890353448 3.1209409097209555 2.1557850539684296 1.0045823790133002 2.2910752594470978 1.3200470842421053
leaf_count=10 20 6 8 4 8
internal_value=0 -0.000681997 0.0010717 0.00307104 -0.00275291
internal_weight=0 9.89243 6.77149 4.44686 2.32463
internal_count=56 46 26 10 16
is_linear=0
shrinkage=0.1


Tree=77
num_leaves=7
num_cat=0
split_feature=0 0 0 0 0 0
split_gain=0.00512094 0.0100438 0.00611997 0.0059871 0.00357067 0.000197741
threshold=0.57607773460000011 0.66154767520000013 0.71163383855000006 0.73810726100000001 0.44592917160000006 0.77832465235000015
decision_type=2 2 2 2 2 2
left_child=4 -2 -3 -4 -1 -5
right_child=1 2 3 5 -6 -7
leaf_value=-0.001437250688665291 0.0058393833016614728 -0.0054868105882643868 0.0044719128642669807 -0.0037902626293535935 -0.011898208218436207 -0.001928194958549693
leaf_weight=0.78471566364169187 2.8107325183227641 2.2834249716252089 2.2899332493543625 1.004054803401232 0.55853878334164619 1.3201441690325735
leaf_count=6 12 10 4 8 8 8
internal_value=0 0.000800705 -0.00125254 0.000842901 -0.00578702 -0.00273261
internal_weight=0 9.70829 6.89756 4.61413 1.34325 2.3242
internal_count=56 42 30 20 14 16
is_linear=0
shrinkage=0.1


Tree=78
num_leaves=6
num_cat=0
split_feature=0 0 0 0 0
split_gain=0.00634554 0.00673856 0.00465795 0.000351171 0.000204305
threshold=0.56040457765000007 0.69128128190000016 0.73810726100000001 0.77832465235000015 0.71163383855000006
decision_type=2 2 2 2 2
left_child=-1 -2 4 -4 -3
right_child=1 2 3 -5 -6
leaf_value=0.0069929020680139205 -0.0046624497195455281 0.002147977803251946 -0.0040862055353973192 -0.0016040991923001336 0.0035043740034198276
leaf_weight=1.1613139584660537 3.1241709478199464 2.1516347527503967 1.0044279620051386 1.3178988024592397 2.2948502749204636
leaf_count=10 20 6 8 8 4
internal_value=0 -0.00082088 0.000952211 -0.00267763 0.00284802
internal_weight=0 9.89298 6.76881 2.32233 4.44649
internal_count=56 46 26 16 10
is_linear=0
shrinkage=0.1


Tree=79
num_leaves=7
num_cat=0
split_feature=0 0 0 0 0 0
split_gain=0.00397054 0.0086535 0.00490164 0.00517679 0.00334532 0.000239965
threshold=0.57607773460000011 0.66154767520000013 0.71163383855000006 0.73810726100000001 0.44592917160000006 0.77832465235000015
decision_type=2 2 2 2 2 2
left_child=4 -2 -3 -4 -1 -5
right_child=1 2 3 5 -6 -7
leaf_value=-0.00088867117047588282 0.0053728670867878373 -0.0050013738427104049 0.0040394700597011822 -0.0038244401174626548 -0.01104868062905901 -0.0017725244135583119
leaf_weight=0.77895006164908476 2.8167147682979685 2.2778121437877417 2.2920601516962051 1.0039433203637602 0.55497127957642078 1.3183869831264017
leaf_count=6 12 10 4 8 8 8
internal_value=0 0.000702855 -0.00120569 0.000667979 -0.00511569 -0.00265957
internal_weight=0 9.70892 6.8922 4.61439 1.33392 2.32233
internal_count=56 42 30 20 14 16
is_linear=0
shrinkage=0.1


Tree=80
num_leaves=6
num_cat=0
split_feature=0 0 0 0 0
split_gain=0.00661897 0.00689897 0.00452273 0.00039096 8.11153e-05
threshold=0.56040457765000007 0.69128128190000016 0.73810726100000001 0.77832465235000015 0.71163383855000006
decision_type=2 2 2 2 2
left_child=-1 -2 4 -4 -3
right_child=1 2 3 -5 -6
leaf_value=0.0071654007514783185 -0.0047201800440381421 0.0023862679868228479 -0.0041032479127980021 -0.0014841133868525071 0.0032412012711864669
leaf_weight=1.1544509343802936 3.1274803150445205 2.1479341313242912 1.0050514675676825 1.3164004422724245 2.2961442768573761
leaf_count=10 20 6 8 8 4
internal_value=0 -0.000836158 0.000959296 -0.00261804 0.00282799
internal_weight=0 9.89301 6.76553 2.32145 4.44408
internal_count=56 46 26 16 10
is_linear=0
shrinkage=0.1


Tree=81
num_leaves=6
num_cat=0
split_feature=0 0 0 0 0
split_gain=0.00385815 0.00569948 0.00456711 0.000445168 0.000271105
threshold=0.56040457765000007 0.69128128190000016 0.73810726100000001 0.71163383855000006 0.77832465235000015
decision_type=2 2 2 2 2
left_child=-1 -2 3 -3 -4
right_child=1 2 4 -5 -6
leaf_value=0.0054783472735956146 -0.0041741176267266235 0.0018370833156559419 -0.0038394491367270455 0.0038400630122062546 -0.0016583042090416757
leaf_weight=1.1513988021761186 3.1197181940078718 2.1500500068068504 1.0045085586607458 2.2929910868406296 1.3169909007847307
leaf_count=10 20 6 8 4 8
internal_value=0 -0.000638161 0.000992576 0.00287079 -0.00260208
internal_weight=0 9.88426 6.76454 4.44304 2.3215
internal_count=56 46 26 10 16
is_linear=0
shrinkage=0.1


Tree=82
num_leaves=7
num_cat=0
split_feature=0 0 0 0 0 0
split_gain=0.00480073 0.00890857 0.00504318 0.00512156 0.00257921 0.000190266
threshold=0.57607773460000011 0.66154767520000013 0.71163383855000006 0.73810726100000001 0.44592917160000006 0.77832465235000015
decision_type=2 2 2 2 2 2
left_child=4 -2 -3 -4 -1 -5
right_child=1 2 3 5 -6 -7
leaf_value=-0.0019374787922868072 0.0055069510766721889 -0.0050215817739327406 0.0040855680888449587 -0.003615722454350235 -0.010905956286511122 -0.0017882529037446485
leaf_weight=0.77357292920351095 2.8174746818840486 2.2744445633143187 2.2917498201131821 1.0040040612220766 0.54769387282431126 1.3171159364283083
leaf_count=6 12 10 4 8 8 8
internal_value=0 0.000769924 -0.00116791 0.000732204 -0.00565511 -0.00257873
internal_weight=0 9.70479 6.88731 4.61287 1.32127 2.32112
internal_count=56 42 30 20 14 16
is_linear=0
shrinkage=0.1


Tree=83
num_leaves=6
num_cat=0
split_feature=0 0 0 0 0
split_gain=0.00560198 0.00569877 0.00413055 0.000341914 0.000102653
threshold=0.56040457765000007 0.69128128190000016 0.73810726100000001 0.77832465235000015 0.71163383855000006
decision_type=2 2 2 2 2
left_child=-1 -2 4 -4 -3
right_child=1 2 3 -5 -6
leaf_value=0.0066271150580160115 -0.004296888536378096 0.0021548502914141023 -0.0039403070898570616 -0.0014911982392155198 0.0031168148036710311
leaf_weight=1.1433532517403371 3.1263275872915965 2.1456147879362106 1.006246153265238 1.3149425908923147 2.2967672944068909
leaf_count=10 20 6 8 8 4
internal_value=0 -0.000766152 0.000865862 -0.0025529 0.0026522
internal_weight=0 9.8899 6.76357 2.32119 4.44238
internal_count=56 46 26 16 10
is_linear=0
shrinkage=0.1


Tree=84
num_leaves=7
num_cat=0
split_feature=0 0 0 0 0 0
split_gain=0.00378976 0.00780972 0.00393649 0.00440556 0.00266319 0.00024221
threshold=0.57607773460000011 0.66154767520000013 0.71163383855000006 0.73810726100000001 0.44592917160000006 0.77832465235000015
decision_type=2 2 2 2 2 2
left_child=4 -2 -3 -4 -1 -5
right_child=1 2 3 5 -6 -7
leaf_value=-0.0012545166222928819 0.0051076810609308023 -0.0045458599293292674 0.0036491359336160083 -0.0036984667397413165 -0.010400044104633325 -0.0016370342993089729
leaf_weight=0.76838372647762365 2.8262520488351566 2.2690325509756804 2.2939566820859909 1.0057660117745402 0.54371699504554272 1.3154363892972467
leaf_count=6 12 10 4 8 8 8
internal_value=0 0.0006816 -0.00113549 0.000541206 -0.0050443 -0.00253024
internal_weight=0 9.71044 6.88419 4.61516 1.3121 2.3212
internal_count=56 42 30 20 14 16
is_linear=0
shrinkage=0.1


Tree=85
num_leaves=6
num_cat=0
split_feature=0 0 0 0 0
split_gain=0.00563199 0.0056974 0.00409759 0.000410077 2.29098e-05
threshold=0.56040457765000007 0.69128128190000016 0.73810726100000001 0.77832465235000015 0.71163383855000006
decision_type=2 2 2 2 2
left_child=-1 -2 4 -4 -3
right_child=1 2 3 -5 -6
leaf_value=0.0066685744049849718 -0.0042894164721808794 0.0024134521517274392 -0.0040497782619251374 -0.0013696768607257281 0.0028680737632442149
leaf_weight=1.1360699757933623 3.1347811138257367 2.1413599997758865 1.0097969695925715 1.3135263137519357 2.2980200052261353
leaf_count=10 20 6 8 8 4
internal_value=0 -0.000765445 0.000868055 -0.00253454 0.00264878
internal_weight=0 9.89748 6.7627 2.32332 4.43938
internal_count=56 46 26 16 10
is_linear=0
shrinkage=0.1


Tree=86
num_leaves=7
num_cat=0
split_feature=0 0 0 0 0 0
split_gain=0.00357355 0.00697589 0.00318596 0.00409031 0.00250702 0.000298747
threshold=0.57607773460000011 0.66154767520000013 0.71163383855000006 0.73810726100000001 0.44592917160000006 0.77832465235000015
decision_type=2 2 2 2 2 2
left_child=4 -2 -3 -4 -1 -5
right_child=1 2 3 5 -6 -7
leaf_value=-0.0012343725808300222 0.0048318630848089225 -0.0041336842632694248 0.0034400220625414135 -0.0038060087757951938 -0.010140790103344392 -0.0015183437284817197
leaf_weight=0.76429782435298033 2.8371766963973624 2.2640623636543751 2.294973760843277 1.0092843286693098 0.53888220153748989 1.3140835165977476
leaf_count=6 12 10 4 8 8 8
internal_value=0 0.0006593 -0.00106078 0.000445655 -0.00491729 -0.00251212
internal_weight=0 9.71958 6.8824 4.61834 1.30318 2.32337
internal_count=56 42 30 20 14 16
is_linear=0
shrinkage=0.1


Tree=87
num_leaves=6
num_cat=0
split_feature=0 0 0 0 0
split_gain=0.00511476 0.00542291 0.00420386 0.000507608 2.80398e-07
threshold=0.56040457765000007 0.69128128190000016 0.73810726100000001 0.77832465235000015 0.71163383855000006
decision_type=2 2 2 2 2
left_child=-1 -2 4 -4 -3
right_child=1 2 3 -5 -6
leaf_value=0.0063810161429844652 -0.0041544885937956563 0.0026498872634880418 -0.0042479513395123339 -0.0012712320123998489 0.0027002056899293339
leaf_weight=1.1278398185968406 3.1482655163854343 2.1368409469723701 1.0167077369987967 1.3122602440416811 2.2988466620445251
leaf_count=10 20 6 8 8 4
internal_value=0 -0.000726002 0.000869613 -0.00257071 0.00267597
internal_weight=0 9.91292 6.76466 2.32897 4.43569
internal_count=56 46 26 16 10
is_linear=0
shrinkage=0.1


Tree=88
num_leaves=7
num_cat=0
split_feature=0 0 0 0 0 0
split_gain=0.00362045 0.00650784 0.00257257 0.00250667 0.00388836 0.000387178
threshold=0.57607773460000011 0.66154767520000013 0.44592917160000006 0.71163383855000006 0.73810726100000001 0.77832465235000015
decision_type=2 2 2 2 2 2
left_child=2 -2 -1 -3 -5 -6
right_child=1 3 -4 4 5 -7
leaf_value=-0.0012390013662743229 0.0046753498942672094 -0.0037347097714861932 -0.010301813286173063 0.0032497416148431699 -0.0040145970406996216 -0.0014149021864552969
leaf_weight=0.76047192513942785 2.8537188041955215 2.2589776162058115 0.53255673311650753 2.2959141135215759 1.016445826739073 1.3127893246710298
leaf_count=6 12 10 8 4 8 8
internal_value=0 0.000660161 -0.00497168 -0.00100428 0.000329295 -0.00254937
internal_weight=0 9.73785 1.29303 6.88413 4.62515 2.32924
internal_count=56 42 14 30 20 16
is_linear=0
shrinkage=0.1


Tree=89
num_leaves=6
num_cat=0
split_feature=0 0 0 0 0
split_gain=0.00397436 0.00468426 0.00461129 0.000720963 2.02812e-05
threshold=0.56040457765000007 0.69128128190000016 0.73810726100000001 0.77832465235000015 0.71163383855000006
decision_type=2 2 2 2 2
left_child=-1 -2 4 -4 -3
right_child=1 2 3 -5 -6
leaf_value=0.0056576746182580564 -0.0038039258778774579 0.002970565179968515 -0.0047130866334638638 -0.0011800996502805191 0.0025423506633539018
leaf_weight=1.1163681782782084 3.1754850829020125 2.1309517249464989 1.0324931666254999 1.3110203593969343 2.2996353805065155
leaf_count=10 20 6 8 8 4
internal_value=0 -0.000634807 0.000850777 -0.00273664 0.00274831
internal_weight=0 9.94959 6.7741 2.34351 4.43059
internal_count=56 46 26 16 10
is_linear=0
shrinkage=0.1


Tree=90
num_leaves=7
num_cat=0
split_feature=0 0 0 0 0 0
split_gain=0.00415187 0.00664718 0.00346065 0.00167366 0.00382744 0.000613171
threshold=0.57607773460000011 0.66154767520000013 0.44592917160000006 0.71163383855000006 0.73810726100000001 0.77832465235000015
decision_type=2 2 2 2 2 2
left_child=2 -2 -1 -3 -5 -6
right_child=1 3 -4 4 5 -7
leaf_value=-0.001039521613382855 0.0047278673825842943 -0.0032234952171612597 -0.011626406558719922 0.0029998969396472126 -0.0045623900250524206 -0.0013064267164391336
leaf_weight=0.7566120512783534 2.8881042962893826 2.2523424085229635 0.52162629924714565 2.297194242477417 1.0347868874669077 1.3113928511738775
leaf_count=6 12 10 8 4 8 8
internal_value=0 0.000700255 -0.00535984 -0.000986614 9.84211e-05 -0.00274248
internal_weight=0 9.78382 1.27824 6.89572 4.64337 2.34618
internal_count=56 42 14 30 20 16
is_linear=0
shrinkage=0.1


Tree=91
num_leaves=8
num_cat=0
split_feature=0 0 0 0 0 0 0
split_gain=0.0562416 0.104928 0.237392 0.00618021 0.0233817 0.00394967 0.00248507
threshold=0.63889320805000016 0.56040457765000007 0.58669358845000008 0.73810726100000001 0.77832465235000015 0.66154767520000013 0.71163383855000006
decision_type=2 2 2 2 2 2 2
left_child=1 -1 -3 5 -5 -2 -7
right_child=3 2 -4 4 -6 6 -8
leaf_value=0.0047629235090027189 0.0051354547099316796 0.002955184650408782 -0.10517215150305415 0.019196034647020913 -0.0010712766810992201 -0.0023143668013953351 0.0023624423418121075
leaf_weight=1.1031505148857839 2.3037519697099906 0.48589505441486824 0.34880466014146805 1.006818473339081 1.3096719942986963 2.2447697184979916 2.3005456626415253
leaf_count=10 4 8 4 8 8 10 4
internal_value=0 -0.0154782 -0.0422291 0.00327251 0.00773752 0.00176236 5.27325e-05
internal_weight=0 1.93785 0.8347 9.16556 2.31649 6.84907 4.54532
internal_count=56 22 12 34 16 18 14
is_linear=0
shrinkage=0.1


Tree=92
num_leaves=6
num_cat=0
split_feature=0 0 0 0 0
split_gain=0.00643787 0.00644784 0.00323439 0.000404104 3.83728e-05
threshold=0.56040457765000007 0.69128128190000016 0.73810726100000001 0.77832465235000015 0.71163383855000006
decision_type=2 2 2 2 2
left_child=-1 -2 4 -4 -3
right_child=1 2 3 -5 -6
leaf_value=0.0071368964703211442 -0.0046310930040383757 0.0021746281532431847 -0.0036703906472649248 -0.00099158935467427776 0.0027627705350547586
leaf_weight=1.1329716127365834 3.060925764963029 2.1444820389151573 0.9871020354330543 1.3111156448721883 2.2981257289648056
leaf_count=10 20 6 8 8 4
internal_value=0 -0.000824947 0.000903377 -0.00214215 0.00247887
internal_weight=0 9.80175 6.74083 2.29822 4.44261
internal_count=56 46 26 16 10
is_linear=0
shrinkage=0.1


Tree=93
num_leaves=6
num_cat=0
split_feature=0 0 0 0 0
split_gain=0.00353347 0.00542752 0.00338892 0.000334613 0.000287364
threshold=0.56040457765000007 0.69128128190000016 0.73810726100000001 0.71163383855000006 0.77832465235000015
decision_type=2 2 2 2 2
left_child=-1 -2 3 -3 -4
right_child=1 2 4 -5 -6
leaf_value=0.0052940807222122774 -0.0041084590016450427 0.0016894517594379659 -0.0034321052502502636 0.0034265130575137741 -0.0011733239605860311
leaf_weight=1.1302769724279649 3.0535825844854099 2.1461901068687439 0.98689964786171946 2.2945761233568192 1.3119777143001554
leaf_count=10 20 6 8 4 8
internal_value=0 -0.00061101 0.000973607 0.002587 -0.00214301
internal_weight=0 9.79323 6.73964 4.44077 2.29888
internal_count=56 46 26 10 16
is_linear=0
shrinkage=0.1


Tree=94
num_leaves=7
num_cat=0
split_feature=0 0 0 0 0 0
split_gain=0.00368763 0.00681809 0.00451781 0.00392385 0.000206264 0.000164609
threshold=0.57607773460000011 0.66154767520000013 0.71163383855000006 0.73810726100000001 0.77832465235000015 0.44592917160000006
decision_type=2 2 2 2 2 2
left_child=5 -2 -3 -4 -5 -1
right_child=1 2 3 4 -6 -7
leaf_value=-0.0040633892575596495 0.0048589058209347839 -0.0046811086596530212 0.0037084503729270589 -0.0032303244596560152 -0.0013165842650526155 -0.0063532518766515837
leaf_weight=0.75523020699620314 2.7713450761511904 2.2585892491042614 2.2931219041347504 0.98659985139966044 1.3123223334550855 0.53725850209593773
leaf_count=6 12 10 4 8 8 8
internal_value=0 0.000673678 -0.00101941 0.000781593 -0.00213788 -0.00501523
internal_weight=0 9.62198 6.85063 4.59204 2.29892 1.29249
internal_count=56 42 30 20 16 14
is_linear=0
shrinkage=0.1


Tree=95
num_leaves=6
num_cat=0
split_feature=0 0 0 0 0
split_gain=0.00608665 0.00528278 0.00279829 0.000272187 3.42543e-05
threshold=0.56040457765000007 0.69128128190000016 0.73810726100000001 0.77832465235000015 0.71163383855000006
decision_type=2 2 2 2 2
left_child=-1 -2 4 -4 -3
right_child=1 2 3 -5 -6
leaf_value=0.0069718008215202305 -0.0042497015489392819 0.0019411516932084682 -0.0033262003550370125 -0.0011264368309615821 0.0024968374582316874
leaf_weight=1.1233765780925757 3.0542263444513065 2.1431484371423721 0.98569298163056407 1.3101156987249849 2.2996369749307632
leaf_count=10 20 6 8 8 4
internal_value=0 -0.000799762 0.000763901 -0.00207089 0.00222878
internal_weight=0 9.79282 6.73859 2.29581 4.44279
internal_count=56 46 26 16 10
is_linear=0
shrinkage=0.1


Tree=96
num_leaves=6
num_cat=0
split_feature=0 0 0 0 0
split_gain=0.00327128 0.00449913 0.00297044 0.00030772 0.000189604
threshold=0.56040457765000007 0.69128128190000016 0.73810726100000001 0.71163383855000006 0.77832465235000015
decision_type=2 2 2 2 2
left_child=-1 -2 3 -3 -4
right_child=1 2 4 -5 -6
leaf_value=0.0051169102724900918 -0.0037745324461281519 0.0015046804119571251 -0.003111811932179845 0.0031705266413319419 -0.0012760299932676675
leaf_weight=1.1209765430539853 3.0474686902016384 2.144702821969986 0.98557756841182742 2.2959899753332138 1.3109531439840791
leaf_count=10 20 6 8 4 8
internal_value=0 -0.000586214 0.000855967 0.00236598 -0.00206387
internal_weight=0 9.78469 6.73722 4.44069 2.29653
internal_count=56 46 26 10 16
is_linear=0
shrinkage=0.1


Tree=97
num_leaves=7
num_cat=0
split_feature=0 0 0 0 0 0
split_gain=0.00374942 0.00718359 0.00434224 0.00349218 0.00028057 0.000133661
threshold=0.57607773460000011 0.66154767520000013 0.71163383855000006 0.73810726100000001 0.44592917160000006 0.77832465235000015
decision_type=2 2 2 2 2 2
left_child=4 -2 -3 -4 -1 -5
right_child=1 2 3 5 -6 -7
leaf_value=-0.0038347807843068676 0.0049756555426163501 -0.0046538134692769148 0.00346363751598425 -0.0029323725379219001 -0.0068375276753534168 -0.0013910087078665252
leaf_weight=0.75052793696522779 2.7686046510934812 2.2554849740117788 2.2944528162479401 0.98535588011145625 0.53156471066176891 1.3112730868160722
leaf_count=6 12 10 4 8 8 8
internal_value=0 0.000677341 -0.00106081 0.00070435 -0.00507974 -0.00205232
internal_weight=0 9.61517 6.84657 4.59108 1.28209 2.29663
internal_count=56 42 30 20 14 16
is_linear=0
shrinkage=0.1


Tree=98
num_leaves=6
num_cat=0
split_feature=0 0 0 0 0
split_gain=0.00549958 0.00455483 0.00249716 0.000196519 3.16546e-05
threshold=0.56040457765000007 0.69128128190000016 0.73810726100000001 0.77832465235000015 0.71163383855000006
decision_type=2 2 2 2 2
left_child=-1 -2 4 -4 -3
right_child=1 2 3 -5 -6
leaf_value=0.0066545416644665416 -0.0039652601598577563 0.0018002257930484506 -0.0030535525089451301 -0.0011834768163147731 0.0023344679158941077
leaf_weight=1.114883171394468 3.0487301107496005 2.1414380222558975 0.98454990610480342 1.3091162629425523 2.3005526065826416
leaf_count=10 20 6 8 8 4
internal_value=0 -0.000758254 0.000693318 -0.0019862 0.00207692
internal_weight=0 9.78439 6.73566 2.29367 4.44199
internal_count=56 46 26 16 10
is_linear=0
shrinkage=0.1


Tree=99
num_leaves=6
num_cat=0
split_feature=0 0 0 0 0
split_gain=0.00294347 0.00389833 0.00265623 0.000279031 0.000134923
threshold=0.56040457765000007 0.69128128190000016 0.73810726100000001 0.71163383855000006 0.77832465235000015
decision_type=2 2 2 2 2
left_child=-1 -2 3 -3 -4
right_child=1 2 4 -5 -6
leaf_value=0.0048734789565644723 -0.0035254778605766542 0.0013944315798303793 -0.0028598010535273825 0.0029808916992508159 -0.0013104353027379341
leaf_weight=1.1126793418079621 3.0424332208931428 2.1429081484675407 0.98447227478027377 2.2970307171344757 1.3098989091813562
leaf_count=10 20 6 8 4 8
internal_value=0 -0.000554645 0.00078752 0.0022152 -0.00197524
internal_weight=0 9.77674 6.73431 4.43994 2.29437
internal_count=56 46 26 10 16
is_linear=0
shrinkage=0.1


end of trees

feature_importances:
off_dist=587

parameters:
[boosting: gbdt]
[objective: lambdarank]
[metric: ndcg]
[tree_learner: serial]
[device_type: cpu]
[data: ]
[valid: ]
[num_iterations: 100]
[learning_rate: 0.1]
[num_leaves: 16]
[num_threads: 6]
[deterministic: 0]
[force_col_wise: 0]
[force_row_wise: 0]
[histogram_pool_size: -1]
[max_depth: -1]
[min_data_in_leaf: 5]
[min_sum_hessian_in_leaf: 0.001]
[bagging_fraction: 1]
[pos_bagging_fraction: 1]
[neg_bagging_fraction: 1]
[bagging_freq: 0]
[bagging_seed: 3]
[feature_fraction: 1]
[feature_fraction_bynode: 1]
[feature_fraction_seed: 2]
[extra_trees: 0]
[extra_seed: 6]
[early_stopping_round: 0]
[first_metric_only: 0]
[max_delta_step: 0]
[lambda_l1: 0]
[lambda_l2: 0]
[linear_lambda: 0]
[min_gain_to_split: 0]
[drop_rate: 0.1]
[max_drop: 50]
[skip_drop: 0.5]
[xgboost_dart_mode: 0]
[uniform_drop: 0]
[drop_seed: 4]
[top_rate: 0.2]
[other_rate: 0.1]
[min_data_per_group: 100]
[max_cat_threshold: 32]
[cat_l2: 10]
[cat_smooth: 10]
[max_cat_to_onehot: 4]
[top_k: 20]
[monotone_constraints: ]
[monotone_constraints_method: basic]
[monotone_penalty: 0]
[feature_contri: ]
[forcedsplits_filename: ]
[refit_decay_rate: 0.9]
[cegb_tradeoff: 1]
[cegb_penalty_split: 0]
[cegb_penalty_feature_lazy: ]
[cegb_penalty_feature_coupled: ]
[path_smooth: 0]
[interaction_constraints: ]
[verbosity: 1]
[saved_feature_importance_type: 0]
[linear_tree: 0]
[max_bin: 255]
[max_bin_by_feature: ]
[min_data_in_bin: 3]
[bin_construct_sample_cnt: 200000]
[data_random_seed: 1]
[is_enable_sparse: 1]
[enable_bundle: 1]
[use_missing: 1]
[zero_as_missing: 0]
[feature_pre_filter: 1]
[pre_partition: 0]
[two_round: 0]
[header: 0]
[label_column: ]
[weight_column: ]
[group_column: ]
[ignore_column: ]
[categorical_feature: ]
[forcedbins_filename: ]
[precise_float_parser: 0]
[parser_config_file: ]
[objective_seed: 5]
[num_class: 1]
[is_unbalance: 0]
[scale_pos_weight: 1]
[sigmoid: 1]
[boost_from_average: 1]
[reg_sqrt: 0]
[alpha: 0.9]
[fair_c: 1]
[poisson_max_delta_step: 0.7]
[tweedie_variance_power: 1.5]
[lambdarank_truncation_level: 30]
[lambdarank_norm: 1]
[label_gain: ]
[eval_at: 1,2,3,4,5]
[multi_error_top_k: 1]
[auc_mu_weights: ]
[num_machines: 1]
[local_listen_port: 12400]
[time_out: 120]
[machine_list_filename: ]
[machines: ]
[gpu_platform_id: -1]
[gpu_device_id: -1]
[gpu_use_dp: 0]
[num_gpu: 1]

end of parameters

pandas_categorical:null
