tree
version=v3
num_class=1
num_tree_per_iteration=1
label_index=0
max_feature_idx=0
objective=lambdarank
feature_names=off_dist
feature_infos=[0:0.87947164010000001]
tree_sizes=755 957 856 857 856 755 861 862 869 957 980 870 872 759 759 863 768 867 978 973 877 970 876 972 768 876 869 875 868 871 869 870 868 870 867 971 864 871 871 876 881 881 881 982 879 770 883 775 1086 773 885 772 885 872 777 662 985 994 874 887 874 981 872 871 876 977 658 866 882 889 982 882 985 878 882 888 980 879 882 986 877 886 984 880 886 984 877 985 878 884 988 885 980 882 883 887 984 986 878 887

Tree=0
num_leaves=6
num_cat=0
split_feature=0 0 0 0 0
split_gain=0.994135 1.29934 0.277393 0.138112 0.0481012
threshold=0.54462207660000017 0.62112804275000011 0.66154767520000013 0.74049241605000005 0.80233301090000009
decision_type=2 2 2 2 2
left_child=-1 -2 -3 -4 -5
right_child=1 2 3 4 -6
leaf_value=0.084206968920547312 -0.11455257060769829 0.097616517977610895 0.024319837087650009 -0.048500119131362034 -0.0038679422853434044
leaf_weight=1.080419737845659 1.1212984789162876 0.34928232058882747 1.1931568440049889 0.49084430374205101 0.47527848184108734
leaf_count=10 12 4 14 8 8
internal_value=0 -0.025064 0.0149363 0.00156211 -0.0265436
internal_weight=0 3.62986 2.50856 2.15928 0.966123
internal_count=56 46 34 30 16
is_linear=0
shrinkage=0.1


Tree=1
num_leaves=8
num_cat=0
split_feature=0 0 0 0 0 0 0
split_gain=6.55276 1.15878 0.22153 0.541318 0.105584 0.108874 0.0291369
threshold=1.0000000180025095e-35 0.66154767520000013 0.62112804275000011 0.54462207660000017 0.71163383855000006 0.84499235145000007 0.77832465235000015
decision_type=2 2 2 2 2 2 2
left_child=-1 2 3 -2 -3 6 -6
right_child=1 4 -4 -5 5 -7 -8
leaf_value=0.19114932824963626 0.014663779519147092 -0.030805147455476085 0.026425326481981756 -0.052954730803384281 -0.072254385744597679 -0.032253884170164449 -0.054095687982544799
leaf_weight=1.6369196772575403 3.8985336571931857 2.9923313185572606 3.422029435634613 1.7002539001405237 1.9566931426525118 1.5418976247310636 1.6112931519746778
leaf_count=2 8 10 4 12 8 4 8
internal_value=0 -0.0182734 0.00638069 -0.00587078 -0.0457227 -0.0544584 -0.064054
internal_weight=0 17.123 9.02082 5.59879 8.10222 5.10988 3.56799
internal_count=56 54 24 20 30 20 16
is_linear=0
shrinkage=0.1


Tree=2
num_leaves=7
num_cat=0
split_feature=0 0 0 0 0 0
split_gain=1.11669 0.271609 1.45504 0.122257 0.121035 0.0314685
threshold=0.54462207660000017 0.71163383855000006 0.6957178045500001 0.62112804275000011 0.84499235145000007 0.74049241605000005
decision_type=2 2 2 2 2 2
left_child=-1 2 3 -2 5 -3
right_child=1 4 -4 -5 -6 -7
leaf_value=0.043540174772130062 -0.052155843108924106 -0.031660617219608334 0.070930681405888416 -0.020014915919697771 -0.01131826702483877 -0.053373020303205954
leaf_weight=4.3421302735805538 1.6693665236234645 0.98715463280677829 1.9340558201074598 4.0659629628062248 1.4587911069393156 2.0615084618330002
leaf_count=10 12 4 6 8 4 12
internal_value=0 -0.015526 -0.00407637 -0.0293701 -0.0350073 -0.0463426
internal_weight=0 12.1768 7.66939 5.73533 4.50745 3.04866
internal_count=56 46 26 20 20 16
is_linear=0
shrinkage=0.1


Tree=3
num_leaves=7
num_cat=0
split_feature=0 0 0 0 0 0
split_gain=2.17611 0.549334 0.596325 0.174802 0.0943758 0.0760263
threshold=0.44592917160000006 0.66154767520000013 0.62112804275000011 0.84499235145000007 0.54462207660000017 0.74049241605000005
decision_type=2 2 2 2 2 2
left_child=-1 2 4 5 -2 -3
right_child=1 3 -4 -5 -6 -7
leaf_value=0.074419255315672686 -0.010680776700768026 -0.039354802666299239 0.037009549231571445 -0.0080568630728038784 -0.043422019856209908 -0.065452529625349712
leaf_weight=3.1392562985420236 2.0233573615550982 3.0461272671818733 2.7464472651481628 1.3383674770593641 1.5584944412112234 1.7618742659687994
leaf_count=6 4 14 4 4 12 12
internal_value=0 -0.0187276 0.00195325 -0.0400207 -0.0249268 -0.0489182
internal_weight=0 12.4747 6.3283 6.14637 3.58185 4.808
internal_count=56 50 20 30 16 26
is_linear=0
shrinkage=0.1


Tree=4
num_leaves=7
num_cat=0
split_feature=0 0 0 0 0 0
split_gain=1.64789 0.19172 0.359986 0.0472079 0.0839124 0.144707
threshold=0.54462207660000017 0.62112804275000011 0.66154767520000013 0.84499235145000007 0.74049241605000005 0.71163383855000006
decision_type=2 2 2 2 2 2
left_child=-1 -2 -3 4 5 -4
right_child=1 2 3 -5 -6 -7
leaf_value=0.059258179017374048 -0.049741564555852491 0.016799272337223906 -0.03698190074273517 -0.010541235642309604 -0.048067666722748502 0.010259086131768309
leaf_weight=3.5227019935846338 1.7681732401251782 2.6951819062232953 1.9160616993904116 1.3525770455598829 1.8934052288532255 0.98007784783840168
leaf_count=10 12 4 10 4 12 4
internal_value=0 -0.0196831 -0.013669 -0.0270386 -0.0316975 -0.0209952
internal_weight=0 10.6055 8.8373 6.14212 4.78954 2.89614
internal_count=56 46 34 30 26 14
is_linear=0
shrinkage=0.1


Tree=5
num_leaves=6
num_cat=0
split_feature=0 0 0 0 0
split_gain=1.09781 0.188964 0.206234 0.143004 0.0794231
threshold=0.54462207660000017 0.62112804275000011 0.74049241605000005 0.6957178045500001 0.80233301090000009
decision_type=2 2 2 2 2
left_child=-1 -2 3 -3 -4
right_child=1 2 4 -5 -6
leaf_value=0.053503480141129295 -0.045691374770437609 -0.012569809531504911 -0.047035469874935121 0.019472452812156749 -0.015392055076256765
leaf_weight=2.9866153895854959 1.7030295059084881 3.0059948563575727 1.4325208514928818 2.5954464301466942 1.7772936522960663
leaf_count=10 12 8 8 10 8
internal_value=0 -0.0151978 -0.00930407 0.00227708 -0.0295143
internal_weight=0 10.5143 8.81126 5.60144 3.20981
internal_count=56 46 34 18 16
is_linear=0
shrinkage=0.1


Tree=6
num_leaves=7
num_cat=0
split_feature=0 0 0 0 0 0
split_gain=0.854482 0.159778 0.162096 0.0426021 0.104032 0.00125684
threshold=0.54462207660000017 0.62112804275000011 0.66154767520000013 0.77832465235000015 0.84499235145000007 0.71163383855000006
decision_type=2 2 2 2 2 2
left_child=-1 -2 -3 5 -5 -4
right_child=1 2 3 4 -6 -7
leaf_value=0.049522755599376959 -0.04177329595863051 0.013473029694446963 -0.011566719392666444 -0.050200780187107753 -0.0087791744547764863 -0.0078171105190288134
leaf_weight=2.7462007030844697 1.6528858244419087 2.5233347117900831 1.8264374583959582 1.0739088319242001 1.3926033824682236 1.7509115338325498
leaf_count=10 12 4 10 8 4 8
internal_value=0 -0.0133071 -0.00781504 -0.0167029 -0.026814 -0.0097315
internal_weight=0 10.2201 8.5672 6.04386 2.46651 3.57735
internal_count=56 46 34 30 12 18
is_linear=0
shrinkage=0.1


Tree=7
num_leaves=7
num_cat=0
split_feature=0 0 0 0 0 0
split_gain=0.788556 0.166185 0.213601 0.146097 0.0506185 0.000889699
threshold=0.44592917160000006 0.74049241605000005 0.57627838765000006 0.80233301090000009 0.66154767520000013 0.71163383855000006
decision_type=2 2 2 2 2 2
left_child=-1 2 -2 -3 -4 -6
right_child=1 3 4 -5 5 -7
leaf_value=0.063591775439903186 -0.038820066779840061 -0.054414818735596282 0.013122624701200259 -0.010344296959634444 -0.003231163522567645 -0.0068473110657139907
leaf_weight=1.6886275783181197 1.3208121471106986 1.3372900038957596 3.6388469114899635 1.7193568646907806 1.8002613261342049 1.0937403738498688
leaf_count=6 8 8 12 8 10 4
internal_value=0 -0.00984233 -0.00214281 -0.0296253 0.0052726 -0.00459783
internal_weight=0 10.9103 7.85366 3.05665 6.53285 2.894
internal_count=56 50 34 16 26 14
is_linear=0
shrinkage=0.1


Tree=8
num_leaves=7
num_cat=0
split_feature=0 0 0 0 0 0
split_gain=0.758486 0.341191 0.0645884 0.00787304 0.0146625 0.00093718
threshold=0.54462207660000017 0.62112804275000011 0.66154767520000013 0.77832465235000015 0.84499235145000007 0.71163383855000006
decision_type=2 2 2 2 2 2
left_child=-1 -2 -3 5 -5 -4
right_child=1 2 3 4 -6 -7
leaf_value=0.052049813282904457 -0.051781295729429869 0.010143421594464165 -0.0045383578174704349 -0.024002188892220933 -0.0074400244584829816 -0.0078094772140293051
leaf_weight=2.2809218764305124 1.7626461759209622 2.4897462725639325 1.7766350694000723 0.86003471538424503 1.4123229086399078 1.7274591922760008
leaf_count=10 12 4 10 8 4 8
internal_value=0 -0.011838 -0.00332069 -0.00912394 -0.0137084 -0.00615096
internal_weight=0 10.0288 8.2662 5.77645 2.27236 3.50409
internal_count=56 46 34 30 12 18
is_linear=0
shrinkage=0.1


Tree=9
num_leaves=8
num_cat=0
split_feature=0 0 0 0 0 0 0
split_gain=0.918877 0.305206 0.251786 0.0348324 0.948645 0.0114431 0.0187793
threshold=0.58739679465000016 0.6957178045500001 0.71163383855000006 0.44592917160000006 0.57627838765000006 0.84499235145000007 0.74049241605000005
decision_type=2 2 2 2 2 2 2
left_child=3 -2 -3 -1 -5 6 -4
right_child=1 2 5 4 -6 -7 -8
leaf_value=0.05783940541281675 -0.040155892796197523 0.033411580521329746 -0.0085720102924883527 -0.02009663487601495 0.12647465798639254 -0.0075328434891912769 -0.025572952461191612
leaf_weight=1.369845710694791 3.3867780007421953 1.4703959599137304 1.0969351828098299 1.137066379189491 0.72193961590528477 1.414795249700546 1.5937028378248213
leaf_count=6 12 6 4 8 4 4 12
internal_value=0 -0.0164781 -0.00209616 0.0457398 0.0368239 -0.0148136 -0.0186419
internal_weight=0 8.96261 5.57583 3.22885 1.85901 4.10543 2.69064
internal_count=56 38 26 18 12 20 16
is_linear=0
shrinkage=0.1


Tree=10
num_leaves=8
num_cat=0
split_feature=0 0 0 0 0 0 0
split_gain=0.518461 0.41964 0.0776686 0.0177333 0.00264292 0.00232655 0.00938716
threshold=0.54462207660000017 0.62112804275000011 0.66154767520000013 0.71163383855000006 0.74049241605000005 0.84499235145000007 0.77832465235000015
decision_type=2 2 2 2 2 2 2
left_child=-1 -2 -3 -4 -5 6 -6
right_child=1 2 3 4 5 -7 -8
leaf_value=0.045069883149448133 -0.067033380357052114 0.012775903247971671 -0.017093737928184145 -0.00066890672774283944 -0.018923455453959251 -0.0035339719292228119 -0.0027534828189293599
leaf_weight=2.0826579406857499 1.1377081163227547 2.4315388351678831 1.7115685679018495 1.0715194940567019 0.59830828756093979 1.3860424757003784 0.89766648784279823
leaf_count=10 12 4 10 4 4 4 8
internal_value=0 -0.0101648 -0.00217383 -0.00859046 -0.00490921 -0.00648574 -0.00922059
internal_weight=0 9.23435 8.09664 5.66511 3.95354 2.88202 1.49597
internal_count=56 46 34 30 20 16 12
is_linear=0
shrinkage=0.1


Tree=11
num_leaves=7
num_cat=0
split_feature=0 0 0 0 0 0
split_gain=0.346839 0.125907 0.0769405 0.00847325 0.0259109 0.00062543
threshold=0.54462207660000017 0.62112804275000011 0.66154767520000013 0.74049241605000005 0.80233301090000009 0.71163383855000006
decision_type=2 2 2 2 2 2
left_child=-1 -2 -3 5 -5 -4
right_child=1 2 3 4 -6 -7
leaf_value=0.038286420722577624 -0.041826634689893158 0.010800988133874303 -0.0077658105474538762 -0.025772481983820386 -0.0063968200017751071 -0.0047013740549726023
leaf_weight=1.9480726830661304 0.99267994984984298 2.4279600158333761 1.7097626850008965 1.1669578850269318 1.6893502734601498 1.0909718722105026
leaf_count=10 12 4 10 8 8 4
internal_value=0 -0.00821627 -0.00408958 -0.0104805 -0.0143128 -0.00657212
internal_weight=0 9.07768 8.085 5.65704 2.85631 2.80073
internal_count=56 46 34 30 16 14
is_linear=0
shrinkage=0.1


Tree=12
num_leaves=7
num_cat=0
split_feature=0 0 0 0 0 0
split_gain=0.261904 0.0751305 0.0667215 0.0158332 0.0287038 0.000486999
threshold=0.54462207660000017 0.62112804275000011 0.66154767520000013 0.74049241605000005 0.80233301090000009 0.71163383855000006
decision_type=2 2 2 2 2 2
left_child=-1 -2 -3 5 -5 -4
right_child=1 2 3 4 -6 -7
leaf_value=0.034353385458853601 -0.03370961499937241 0.0099839315782381047 -0.0034506497454151984 -0.027331414228922008 -0.0068579294319763857 -0.0061504858812089598
leaf_weight=1.8424555175006396 0.9445056114345779 2.4218619987368566 1.6938279196619987 1.1471354588866234 1.6990254260599613 1.1033128052949905
leaf_count=10 12 4 10 8 8 4
internal_value=0 -0.00702518 -0.00390019 -0.00985865 -0.0151097 -0.00451558
internal_weight=0 9.00967 8.06516 5.6433 2.84616 2.79714
internal_count=56 46 34 30 16 14
is_linear=0
shrinkage=0.1


Tree=13
num_leaves=6
num_cat=0
split_feature=0 0 0 0 0
split_gain=0.207553 0.0634334 0.134723 0.030375 0.0145821
threshold=0.54462207660000017 0.74049241605000005 0.6957178045500001 0.62112804275000011 0.80233301090000009
decision_type=2 2 2 2 2
left_child=-1 2 3 -2 -3
right_child=1 4 -4 -5 -6
leaf_value=0.0313599349457718 -0.028564064865178332 -0.027277082739534754 0.017565712632714323 -0.0074085710412329121 -0.012690582315816226
leaf_weight=1.7623285949230201 0.91018966771662091 1.1309579387307167 2.4721685126423836 2.668378658592701 1.7394879013299942
leaf_count=10 12 8 10 8 8
internal_value=0 -0.00619498 -0.000387091 -0.0127894 -0.0184377
internal_weight=0 8.92118 6.05074 3.57857 2.87045
internal_count=56 46 30 20 16
is_linear=0
shrinkage=0.1


Tree=14
num_leaves=6
num_cat=0
split_feature=0 0 0 0 0
split_gain=0.191624 0.0596177 0.092558 0.0239065 0.0146913
threshold=0.54462207660000017 0.74049241605000005 0.6957178045500001 0.62112804275000011 0.80233301090000009
decision_type=2 2 2 2 2
left_child=-1 2 3 -2 -3
right_child=1 4 -4 -5 -6
leaf_value=0.030436669930631727 -0.024950738846180355 -0.026925706135433675 0.014781410632256006 -0.0059298847150435086 -0.0121134201997129
leaf_weight=1.7261457219719893 0.88055848143994664 1.1276329979300499 2.3991525173187256 2.6474617496132851 1.6484998688101768
leaf_count=10 12 8 10 8 8
internal_value=0 -0.00603657 -0.000372331 -0.0106773 -0.01813
internal_weight=0 8.70331 5.92717 3.52802 2.77613
internal_count=56 46 30 20 16
is_linear=0
shrinkage=0.1


Tree=15
num_leaves=7
num_cat=0
split_feature=0 0 0 0 0 0
split_gain=0.166816 0.0376639 0.0853797 0.0349332 0.0125135 0.000267302
threshold=0.58739679465000016 0.74049241605000005 0.6957178045500001 0.44592917160000006 0.80233301090000009 0.54462207660000017
decision_type=2 2 2 2 2 2
left_child=3 2 -2 -1 -3 -5
right_child=1 4 -4 5 -6 -7
leaf_value=0.036596892323486792 -0.013688078209541543 -0.024601029509925702 0.012025239658839171 0.013630173920985351 -0.010817442043624783 0.010700795945785005
leaf_weight=1.0866412706673148 2.8237789776176214 1.1119922325015068 2.3794890195131302 0.5896395146846769 1.6155812740325928 0.66034004464745522
leaf_count=6 12 8 10 4 8 8
internal_value=0 -0.00691866 -0.00192921 0.0234829 -0.0164368 0.0120826
internal_weight=0 7.93084 5.20327 2.33662 2.72757 1.24998
internal_count=56 38 22 18 16 12
is_linear=0
shrinkage=0.1


Tree=16
num_leaves=6
num_cat=0
split_feature=0 0 0 0 0
split_gain=0.136979 0.0745821 0.0786602 0.00312504 0.00140369
threshold=0.54462207660000017 0.62112804275000011 0.66154767520000013 0.77832465235000015 0.71163383855000006
decision_type=2 2 2 2 2
left_child=-1 -2 -3 4 -4
right_child=1 2 3 -5 -6
leaf_value=0.026723779694967489 -0.033259718784154756 0.01313802414452365 -0.0087707192026357291 -0.011682793752868443 -0.0045412167718652885
leaf_weight=1.6127565540373332 0.84479776211082747 2.3816715925931931 1.6306899189949038 2.1502473801374435 1.5124840959906576
leaf_count=10 12 4 10 12 8
internal_value=0 -0.00505863 -0.00195454 -0.00874515 -0.0067355
internal_weight=0 8.51989 7.67509 5.29342 3.14317
internal_count=56 46 34 30 18
is_linear=0
shrinkage=0.1


Tree=17
num_leaves=7
num_cat=0
split_feature=0 0 0 0 0 0
split_gain=0.11605 0.080575 0.0988628 0.0100075 0.00745533 2.75206e-05
threshold=0.44592917160000006 0.57627838765000006 0.66154767520000013 0.74049241605000005 0.80233301090000009 0.71163383855000006
decision_type=2 2 2 2 2 2
left_child=-1 -2 -3 5 -5 -4
right_child=1 2 3 4 -6 -7
leaf_value=0.032083160100719564 -0.033216679757007497 0.014188120231512114 -0.0045906905871124139 -0.01942066975497508 -0.0086781361956725627 -0.0039177989873010396
leaf_weight=1.0134559236466891 0.83404678106307883 2.9141957629472 1.612278711050749 1.090998962521553 1.5839757658541203 0.97560108453035344
leaf_count=6 8 12 10 8 8 4
internal_value=0 -0.00360831 -0.000588306 -0.00877044 -0.0130595 -0.00433702
internal_weight=0 9.0111 8.17705 5.26285 2.67497 2.58788
internal_count=56 50 42 30 16 14
is_linear=0
shrinkage=0.1


Tree=18
num_leaves=8
num_cat=0
split_feature=0 0 0 0 0 0 0
split_gain=0.108793 0.0598568 0.050882 0.00452879 0.00205227 9.73155e-05 2.53772e-07
threshold=0.54462207660000017 0.62112804275000011 0.66154767520000013 0.74049241605000005 0.84499235145000007 0.77832465235000015 0.71163383855000006
decision_type=2 2 2 2 2 2 2
left_child=-1 -2 -3 6 5 -5 -4
right_child=1 2 3 4 -6 -7 -8
leaf_value=0.024706572271303195 -0.030447126474345776 0.010392231438278009 -0.004220520403207249 -0.011897619309997018 -0.0073840031905584762 -0.013657877509400118 -0.0042852876440457382
leaf_weight=1.5108109638094909 0.8006600495427828 2.3870601654052734 1.600874796509743 0.52377767115831375 1.338926874101162 0.78445069119334221 0.97245752811431874
leaf_count=10 12 4 10 4 4 8 4
internal_value=0 -0.00443935 -0.00170215 -0.00723229 -0.0101363 -0.0129531 -0.004245
internal_weight=0 8.40821 7.60755 5.22049 2.64716 1.30823 2.57333
internal_count=56 46 34 30 16 12 14
is_linear=0
shrinkage=0.1


Tree=19
num_leaves=8
num_cat=0
split_feature=0 0 0 0 0 0 0
split_gain=0.0943475 0.0319656 0.112186 0.00805431 0.00300032 0.00506682 0.000857762
threshold=0.58739679465000016 0.6957178045500001 0.71163383855000006 0.44592917160000006 0.74049241605000005 0.80233301090000009 0.54462207660000017
decision_type=2 2 2 2 2 2 2
left_child=3 -2 -3 -1 -4 -6 -5
right_child=1 2 4 6 5 -7 -8
leaf_value=0.025851353261376855 -0.013629935626157866 0.024107431435585452 -0.0047474610786692991 0.01624343407287426 -0.016566813424385644 -0.0076370011828292526 0.010698842365648369
leaf_weight=0.93966516107320819 2.7843916546553373 1.3702787682414053 0.96897450834512744 0.52514105476438977 1.0681243762373924 1.5684350319206715 0.59531371667981148
leaf_count=6 12 6 4 4 8 8 8
internal_value=0 -0.00505024 -0.00024917 0.0190236 -0.00950587 -0.0112547 0.0132975
internal_weight=0 7.7602 4.97581 2.06012 3.60553 2.63656 1.12045
internal_count=56 38 26 18 20 16 12
is_linear=0
shrinkage=0.1


Tree=20
num_leaves=7
num_cat=0
split_feature=0 0 0 0 0 0
split_gain=0.0792775 0.0546034 0.0549601 0.0010465 0.00313185 0.00121226
threshold=0.54462207660000017 0.62112804275000011 0.66154767520000013 0.71163383855000006 0.74049241605000005 0.80233301090000009
decision_type=2 2 2 2 2 2
left_child=-1 -2 -3 -4 -5 -6
right_child=1 2 3 4 5 -7
leaf_value=0.021687503550618104 -0.029204906256948538 0.011407582751692654 -0.0091486119173762263 -0.0011294909127589363 -0.010441368258958207 -0.0060554598179296962
leaf_weight=1.4361182544380433 0.76565854251384546 2.3745943978428841 1.5653305687010286 0.95002098381519351 1.0599256977438927 1.5543893985450268
leaf_count=10 12 4 10 4 8 8
internal_value=0 -0.00376616 -0.00117065 -0.00699329 -0.00604675 -0.00783365
internal_weight=0 8.26992 7.50426 5.12967 3.56434 2.61432
internal_count=56 46 34 30 20 16
is_linear=0
shrinkage=0.1


Tree=21
num_leaves=8
num_cat=0
split_feature=0 0 0 0 0 0 0
split_gain=0.0667121 0.024581 0.0711309 0.00802742 0.00306186 0.00350903 0.000229955
threshold=0.58739679465000016 0.6957178045500001 0.71163383855000006 0.44592917160000006 0.74049241605000005 0.80233301090000009 0.54462207660000017
decision_type=2 2 2 2 2 2 2
left_child=3 -2 -3 -1 -4 -6 -5
right_child=1 2 4 6 5 -7 -8
leaf_value=0.023379436838906007 -0.011790874214493536 0.019582151352245315 -0.0025354308515096349 0.012143316697021296 -0.01361149611609456 -0.0061382313294050424 0.0092109865833359412
leaf_weight=0.89750745147466648 2.7510864734649658 1.3478916883468626 0.95145759731531176 0.49844565987586953 1.0554530024528503 1.5524568296968937 0.577036427333951
leaf_count=6 12 6 4 4 8 8 8
internal_value=0 -0.00422429 1.76535e-05 0.016397 -0.0073912 -0.00916275 0.01057
internal_weight=0 7.65835 4.90726 1.97299 3.55937 2.60791 1.07548
internal_count=56 38 26 18 20 16 12
is_linear=0
shrinkage=0.1


Tree=22
num_leaves=7
num_cat=0
split_feature=0 0 0 0 0 0
split_gain=0.0557677 0.046249 0.055555 0.00423407 0.00258687 0.000783605
threshold=0.54462207660000017 0.62112804275000011 0.66154767520000013 0.71163383855000006 0.74049241605000005 0.80233301090000009
decision_type=2 2 2 2 2 2
left_child=-1 -2 -3 -4 -5 -6
right_child=1 2 3 4 5 -7
leaf_value=0.018677891564352369 -0.026947729360842929 0.011904877110037496 -0.011013615818399292 -0.00024310662887677215 -0.0084775200076648363 -0.0049340381427722471
leaf_weight=1.3693686835467822 0.74117097444832136 2.3651553690433502 1.5470470190048216 0.93910306692123446 1.0491872727870941 1.5402297526597977
leaf_count=10 12 4 10 4 8 8
internal_value=0 -0.00312604 -0.00075316 -0.00665166 -0.0047392 -0.0063698
internal_weight=0 8.18189 7.44072 5.07557 3.52852 2.58942
internal_count=56 46 34 30 20 16
is_linear=0
shrinkage=0.1


Tree=23
num_leaves=8
num_cat=0
split_feature=0 0 0 0 0 0 0
split_gain=0.0471025 0.0199542 0.053443 0.00726971 0.00246056 0.00263696 4.87273e-06
threshold=0.58739679465000016 0.6957178045500001 0.71163383855000006 0.44592917160000006 0.74049241605000005 0.80233301090000009 0.54462207660000017
decision_type=2 2 2 2 2 2 2
left_child=3 -2 -3 -1 -4 -6 -5
right_child=1 2 4 6 5 -7 -8
leaf_value=0.020879858286985634 -0.01037194026801087 0.017348136224641261 -0.0017607156767204747 0.0086903428023788719 -0.011606375834232841 -0.0050992799697304435 0.008255877097471007
leaf_weight=0.8602616675198077 2.7271773051470518 1.3359425812959669 0.94170573353767428 0.47546773776411988 1.0457161739468575 1.5397798717021942 0.5647739116102457
leaf_count=6 12 6 4 4 8 8 8
internal_value=0 -0.00352512 0.000314466 0.0140788 -0.00613711 -0.00773111 0.00845446
internal_weight=0 7.59032 4.86314 1.9005 3.5272 2.5855 1.04024
internal_count=56 38 26 18 20 16 12
is_linear=0
shrinkage=0.1


Tree=24
num_leaves=6
num_cat=0
split_feature=0 0 0 0 0
split_gain=0.0430604 0.0376329 0.107414 0.0067095 0.00255508
threshold=0.66154767520000013 0.57627838765000006 0.44592917160000006 0.71163383855000006 0.77832465235000015
decision_type=2 2 2 2 2
left_child=1 2 -1 -2 -5
right_child=3 -3 -4 4 -6
leaf_value=0.019214145907812064 -0.011823076395151174 0.014167887424327114 -0.033149592072553351 -0.00067135286451965211 -0.0061571920783131777
leaf_weight=0.8423444516956804 1.5344014912843702 2.8141125086694956 0.73230635747313499 1.4455773755908015 2.0573495291173458
leaf_count=6 10 12 8 8 12
internal_value=0 0.00724106 -0.00513811 -0.00630877 -0.00389331
internal_weight=0 4.38876 1.57465 5.03733 3.50293
internal_count=56 26 14 30 20
is_linear=0
shrinkage=0.1


Tree=25
num_leaves=7
num_cat=0
split_feature=0 0 0 0 0 0
split_gain=0.0403549 0.0392242 0.040347 0.00297417 0.00108274 0.00074716
threshold=0.54462207660000017 0.62112804275000011 0.66154767520000013 0.71163383855000006 0.74049241605000005 0.80233301090000009
decision_type=2 2 2 2 2 2
left_child=-1 -2 -3 -4 -5 -6
right_child=1 2 3 4 5 -7
leaf_value=0.016408286330653509 -0.025123635459214474 0.010305205400914405 -0.0092157696322478413 -0.0010139641479657349 -0.007071483818085489 -0.0035879091087196399
leaf_weight=1.2924940455704934 0.70691327936947157 2.364277608692646 1.5288672000169752 0.93439609557390246 1.0309877097606659 1.5284797102212906
leaf_count=10 12 4 10 4 8 8
internal_value=0 -0.0026202 -0.000466688 -0.00553719 -0.00392749 -0.00499114
internal_weight=0 8.09392 7.38701 5.02273 3.49386 2.55947
internal_count=56 46 34 30 20 16
is_linear=0
shrinkage=0.1


Tree=26
num_leaves=7
num_cat=0
split_feature=0 0 0 0 0 0
split_gain=0.0397008 0.0274949 0.052022 0.00101044 0.00197049 0.000506496
threshold=0.58739679465000016 0.6957178045500001 0.71163383855000006 0.74049241605000005 0.80233301090000009 0.54462207660000017
decision_type=2 2 2 2 2 2
left_child=5 -2 -3 -4 -5 -1
right_child=1 2 3 4 -6 -7
leaf_value=0.014428447800606915 -0.011236399325162148 0.018227452625479878 -0.0022404792117084738 -0.0094649768484833686 -0.0038033450413826088 0.010765059202307307
leaf_weight=1.2637056875973938 2.7154948841780424 1.3238494768738744 0.93642678856849704 1.0282060950994492 1.5287201702594757 0.53811530210077752
leaf_count=10 12 6 4 8 8 8
internal_value=0 -0.00318959 0.00134646 -0.0050508 -0.00608003 0.0133344
internal_weight=0 7.5327 4.8172 3.49335 2.55693 1.80182
internal_count=56 38 26 20 16 18
is_linear=0
shrinkage=0.1


Tree=27
num_leaves=7
num_cat=0
split_feature=0 0 0 0 0 0
split_gain=0.0318906 0.035661 0.0703549 0.0062712 0.00108465 0.000628021
threshold=0.66154767520000013 0.57627838765000006 0.44592917160000006 0.71163383855000006 0.74049241605000005 0.80233301090000009
decision_type=2 2 2 2 2 2
left_child=1 2 -1 -2 -5 -6
right_child=3 -3 -4 4 5 -7
leaf_value=0.014299506309779273 -0.01079953344313811 0.012997020337818788 -0.029065192694264497 -0.00016376215019555193 -0.0060762834029536123 -0.0028719290042580892
leaf_weight=0.79486985132098176 1.5180021300911901 2.7934993393719196 0.70681116357445717 0.92634214460849795 1.0229176171123981 1.5212271623313427
leaf_count=6 10 12 8 4 8 8
internal_value=0 0.00631634 -0.00611139 -0.00543848 -0.00309354 -0.0041603
internal_weight=0 4.29518 1.50168 4.98849 3.47049 2.54414
internal_count=56 26 14 30 20 16
is_linear=0
shrinkage=0.1


Tree=28
num_leaves=7
num_cat=0
split_feature=0 0 0 0 0 0
split_gain=0.0315344 0.0322398 0.0334561 0.00215978 0.000422425 0.000415144
threshold=0.58739679465000016 0.6957178045500001 0.71163383855000006 0.54462207660000017 0.74049241605000005 0.80233301090000009
decision_type=2 2 2 2 2 2
left_child=3 -2 -3 -1 -4 -6
right_child=1 2 4 -5 5 -7
leaf_value=0.014294342685144817 -0.011539639475885448 0.015693304462372316 -0.0012212273427816235 0.0066833681843722903 -0.0052788875861408142 -0.0026678174975211751
leaf_weight=1.23736996948719 2.7144197970628738 1.3141127340495584 0.92950744926929507 0.53364395163953293 1.0155071094632149 1.520873136818409
leaf_count=10 12 6 4 8 8 8
internal_value=0 -0.00283597 0.00210658 0.012001 -0.00304491 -0.00371323
internal_weight=0 7.49442 4.78 1.77101 3.46589 2.53638
internal_count=56 38 26 18 20 16
is_linear=0
shrinkage=0.1


Tree=29
num_leaves=7
num_cat=0
split_feature=0 0 0 0 0 0
split_gain=0.0293276 0.0307227 0.0448089 0.0135374 0.000575893 0.00018521
threshold=0.66154767520000013 0.57627838765000006 0.44592917160000006 0.71163383855000006 0.74049241605000005 0.80233301090000009
decision_type=2 2 2 2 2 2
left_child=1 2 -1 -2 -5 -6
right_child=3 -3 -4 4 5 -7
leaf_value=0.011060445491078192 -0.013086601903550167 0.012252315898669781 -0.0239200221205066 0.00038390345896125632 -0.0035834637280183577 -0.0018366340228863033
leaf_weight=0.7679464705288408 1.518623538315296 2.7897707540541887 0.69998150877654552 0.92166286706924472 1.0123022422194481 1.515855897217989
leaf_count=6 10 12 8 4 8 8
internal_value=0 0.00609048 -0.00561999 -0.00521922 -0.00175597 -0.00253608
internal_weight=0 4.2577 1.46793 4.96844 3.44982 2.52816
internal_count=56 26 14 30 20 16
is_linear=0
shrinkage=0.1


Tree=30
num_leaves=7
num_cat=0
split_feature=0 0 0 0 0 0
split_gain=0.029106 0.0379417 0.0260333 0.00235135 0.000302477 0.000813619
threshold=0.58739679465000016 0.6957178045500001 0.71163383855000006 0.54462207660000017 0.84499235145000007 0.77832465235000015
decision_type=2 2 2 2 2 2
left_child=3 -2 -3 -1 5 -4
right_child=1 2 4 -5 -6 -7
leaf_value=0.014045328650990303 -0.012147193348288166 0.014665732721212139 -0.0025453431048870338 0.0060916294610705848 -0.0030962185862091415 0.0015769895906471111
leaf_weight=1.214041670784354 2.7164568938314915 1.3100225888192651 1.4290620237588885 0.53569485433399666 1.3009335398674013 0.72000130265951146
leaf_count=10 12 6 8 8 4 8
internal_value=0 -0.00271717 0.00266437 0.0116102 -0.00189275 -0.00116424
internal_weight=0 7.47648 4.76002 1.74974 3.45 2.14906
internal_count=56 38 26 18 20 16
is_linear=0
shrinkage=0.1


Tree=31
num_leaves=7
num_cat=0
split_feature=0 0 0 0 0 0
split_gain=0.0296015 0.0287835 0.0302382 0.0217014 0.00053079 0.00055238
threshold=0.66154767520000013 0.57627838765000006 0.44592917160000006 0.71163383855000006 0.84499235145000007 0.77832465235000015
decision_type=2 2 2 2 2 2
left_child=1 2 -1 -2 5 -5
right_child=3 -3 -4 4 -6 -7
leaf_value=0.0086397693641851996 -0.015156052674407694 0.012070311960778096 -0.02036451102786865 -0.00100641643983646 -0.0024275688023503114 0.002393881851011948
leaf_weight=0.7458430118858812 1.5272499844431875 2.791117774322629 0.69381427578628063 1.4221389144659045 1.2968949377536776 0.71944346278905857
leaf_count=6 10 12 8 8 4 8
internal_value=0 0.00614648 -0.00533827 -0.00523677 -0.000830979 0.00013588
internal_weight=0 4.23078 1.43966 4.96573 3.43848 2.14158
internal_count=56 26 14 30 20 16
is_linear=0
shrinkage=0.1


Tree=32
num_leaves=7
num_cat=0
split_feature=0 0 0 0 0 0
split_gain=0.0311022 0.0475282 0.0226129 0.00308772 0.0068072 0.000469931
threshold=0.58739679465000016 0.6957178045500001 0.71163383855000006 0.44592917160000006 0.54462207660000017 0.77832465235000015
decision_type=2 2 2 2 2 2
left_child=3 -2 -3 -1 -5 -4
right_child=1 2 5 4 -6 -7
leaf_value=0.0071114933280623282 -0.013338580035277499 0.014431417306453715 -0.0024071160251784018 0.024630077887954991 0.0081110444201775069 -3.5536843946130224e-05
leaf_weight=0.73457023501396168 2.7224328387528658 1.3070892021059988 1.4254325814545157 0.45837818086147286 0.54732531309127808 2.018931683152914
leaf_count=6 12 6 8 4 8 12
internal_value=0 -0.00280352 0.00323274 0.0120402 0.0156401 -0.001017
internal_weight=0 7.47389 4.75145 1.74027 1.0057 3.44436
internal_count=56 38 26 18 12 20
is_linear=0
shrinkage=0.1


Tree=33
num_leaves=7
num_cat=0
split_feature=0 0 0 0 0 0
split_gain=0.0331354 0.0342374 0.0304892 0.02676 0.000832259 0.00204252
threshold=0.66154767520000013 0.71163383855000006 0.57627838765000006 0.44592917160000006 0.84499235145000007 0.77832465235000015
decision_type=2 2 2 2 2 2
left_child=2 -2 3 -1 5 -3
right_child=1 4 -4 -5 -6 -7
leaf_value=0.0078562978955398124 -0.017849597856404952 -0.0009377291328651529 0.012582511864216429 -0.019635158693522725 -0.0019485020884948048 0.0056035114449109347
leaf_weight=0.73326995968818642 1.5510367900133131 1.4187269918620589 2.796925600618124 0.68467984721064568 1.2958138361573222 0.7194271832704543
leaf_count=6 10 8 12 8 4 8
internal_value=0 -0.00551842 0.00652673 -0.00541839 5.12646e-05 0.00126321
internal_weight=0 4.985 4.21488 1.41795 3.43397 2.13815
internal_count=56 30 26 14 20 16
is_linear=0
shrinkage=0.1


Tree=34
num_leaves=7
num_cat=0
split_feature=0 0 0 0 0 0
split_gain=0.0422496 0.0744087 0.0222177 0.00629205 0.00245655 0.00160142
threshold=0.58739679465000016 0.6957178045500001 0.71163383855000006 0.44592917160000006 0.54462207660000017 0.77832465235000015
decision_type=2 2 2 2 2 2
left_child=3 -2 -3 -1 -5 -4
right_child=1 2 5 4 -6 -7
leaf_value=0.0068223196230219468 -0.016377904549426163 0.015409188486601409 -0.0024757091635748212 0.024518134086711343 0.014677944787040036 0.0019020726720135423
leaf_weight=0.7220637835562228 2.7443473748862743 1.3061685934662817 1.4236322417855265 0.45214164629578568 0.57804054394364357 2.0229888595640659
leaf_count=6 12 6 8 4 8 12
internal_value=0 -0.00326742 0.00430281 0.0139799 0.0189968 9.3823e-05
internal_weight=0 7.49714 4.75279 1.75225 1.03018 3.44662
internal_count=56 38 26 18 12 20
is_linear=0
shrinkage=0.1


Tree=35
num_leaves=8
num_cat=0
split_feature=0 0 0 0 0 0 0
split_gain=0.0639867 0.0933078 0.00814961 0.00791329 0.00238858 0.0093798 1.9742e-06
threshold=0.58739679465000016 0.6957178045500001 0.44592917160000006 0.71163383855000006 0.84499235145000007 0.77832465235000015 0.54462207660000017
decision_type=2 2 2 2 2 2 2
left_child=2 -2 -1 -3 5 -5 -4
right_child=1 3 6 4 -6 -7 -8
leaf_value=0.0087649269065110218 -0.018638073844361034 0.011082313735916571 0.022688724219378956 -0.00073395048702653578 -0.0014447875990906273 0.013255690558735798 0.022413024514610455
leaf_weight=0.71968469768762577 2.7682179342955351 1.3082868307828901 0.44383252225816228 1.4180030599236491 1.2957830131053927 0.72396199405193318 0.62613878026604652
leaf_count=6 12 6 4 8 4 8 8
internal_value=0 -0.0040472 0.016993 0.00446322 0.00194422 0.0039944 0.0225274
internal_weight=0 7.51425 1.78966 4.74603 3.43775 2.14197 1.06997
internal_count=56 38 18 26 20 16 12
is_linear=0
shrinkage=0.1


Tree=36
num_leaves=7
num_cat=0
split_feature=0 0 0 0 0 0
split_gain=0.404866 0.674946 0.467197 0.0502241 0.0319336 0.00753168
threshold=0.58739679465000016 0.57627838765000006 0.6957178045500001 0.44592917160000006 0.80233301090000009 0.74049241605000005
decision_type=2 2 2 2 2 2
left_child=1 3 -2 -1 5 -4
right_child=2 -3 4 -5 -6 -7
leaf_value=0.017748032253123866 -0.041432298193278698 0.12096402975133771 0.0060217018733783106 -0.020505115675701222 0.019974673355923594 -0.0048782800629085686
leaf_weight=0.70637622289359592 2.9912239797413349 0.68013880215585221 2.2131141200661664 0.66761273890733719 1.6931861937046049 0.88840506970882405
leaf_count=6 12 4 10 8 8 8
internal_value=0 0.039491 -0.0104187 -0.000838936 0.00892936 0.00289949
internal_weight=0 2.05413 7.78593 1.37399 4.79471 3.10152
internal_count=56 18 38 14 26 18
is_linear=0
shrinkage=0.1


Tree=37
num_leaves=7
num_cat=0
split_feature=0 0 0 0 0 0
split_gain=0.0559256 0.0865112 0.0781768 0.120264 0.0020826 0.00299389
threshold=0.66154767520000013 0.71163383855000006 0.62112804275000011 0.54462207660000017 0.80233301090000009 0.74049241605000005
decision_type=2 2 2 2 2 2
left_child=2 -2 3 -1 5 -3
right_child=1 4 -4 -5 -6 -7
leaf_value=0.01392752409252513 -0.026012392426576721 0.0038535692890138726 0.021087000707467031 -0.037540399660051404 0.0046154170699808927 -0.0040153034571777961
leaf_weight=1.1502862609922884 1.6315235868096349 0.91580750793218624 2.2765664644539356 0.75003853254020203 1.5499904491007328 1.0243256390094755
leaf_count=10 10 4 4 12 8 8
internal_value=0 -0.00700357 0.00858769 -0.00638633 0.00188246 -0.000300933
internal_weight=0 5.12165 4.17689 1.90032 3.49012 1.94013
internal_count=56 30 26 22 20 12
is_linear=0
shrinkage=0.1


Tree=38
num_leaves=7
num_cat=0
split_feature=0 0 0 0 0 0
split_gain=0.0251081 0.032032 0.0154226 0.0105252 0.000966706 0.00209553
threshold=0.66154767520000013 0.57627838765000006 0.44592917160000006 0.71163383855000006 0.80233301090000009 0.74049241605000005
decision_type=2 2 2 2 2 2
left_child=1 2 -1 -2 5 -5
right_child=3 -3 -4 4 -6 -7
leaf_value=0.0035077381466825002 -0.011542104981957171 0.01186452401050641 -0.017915347498570613 0.00028589206118490642 0.0001840050500000398 -0.0062871851715845545
leaf_weight=0.69094929844140984 1.5647043921053407 2.7998573621734977 0.6542183943092823 0.92479935288429271 1.5539786480367184 1.019923750311136
leaf_count=6 10 12 8 4 8 8
internal_value=0 0.00577128 -0.00691132 -0.00472451 -0.00167551 -0.0031614
internal_weight=0 4.14503 1.34517 5.06341 3.4987 1.94472
internal_count=56 26 14 30 20 12
is_linear=0
shrinkage=0.1


Tree=39
num_leaves=7
num_cat=0
split_feature=0 0 0 0 0 0
split_gain=0.0152263 0.067115 0.0336301 0.00237876 0.000911107 0.00106014
threshold=0.54462207660000017 0.62112804275000011 0.66154767520000013 0.71163383855000006 0.80233301090000009 0.74049241605000005
decision_type=2 2 2 2 2 2
left_child=-1 -2 -3 -4 5 -5
right_child=1 2 3 4 -6 -7
leaf_value=0.010934679308105974 -0.030985562796321593 0.011260336821759065 -0.0065426320762240284 -0.00083417971720311016 -2.96718139607169e-05 -0.0055041606260377461
leaf_weight=1.1185892876237638 0.70524972956627419 2.3238286413252354 1.5465488545596597 0.93004924058914196 1.5557581894099712 1.0183943919837473
leaf_count=10 12 4 10 4 8 8
internal_value=0 -0.00151381 0.00130464 -0.00327593 -0.0018342 -0.00327504
internal_weight=0 8.07983 7.37458 5.05075 3.5042 1.94844
internal_count=56 46 34 30 20 12
is_linear=0
shrinkage=0.1


Tree=40
num_leaves=7
num_cat=0
split_feature=0 0 0 0 0 0
split_gain=0.0160748 0.0236736 0.00878334 0.00106805 0.000833586 0.000413822
threshold=0.66154767520000013 0.57627838765000006 0.44592917160000006 0.80233301090000009 0.74049241605000005 0.71163383855000006
decision_type=2 2 2 2 2 2
left_child=1 2 -1 4 5 -2
right_child=3 -3 -4 -5 -6 -7
leaf_value=0.0014637827975761046 -0.0047666233507401819 0.0098308376064443394 -0.01492567204593385 -0.001602264149825446 -0.0071687215743623999 -0.0020985619233195082
leaf_weight=0.67656512930989243 1.5468976870179183 2.8013372095301747 0.63284302689135075 1.5567280463874338 1.0130129642784593 0.93132420629262913
leaf_count=6 10 12 8 8 8 4
internal_value=0 0.00464252 -0.00645732 -0.00378058 -0.00475188 -0.00376396
internal_weight=0 4.11075 1.30941 5.04796 3.49123 2.47822
internal_count=56 26 14 30 22 14
is_linear=0
shrinkage=0.1


Tree=41
num_leaves=7
num_cat=0
split_feature=0 0 0 0 0 0
split_gain=0.011993 0.0427638 0.0245282 0.000618719 0.000985447 2.68031e-05
threshold=0.54462207660000017 0.62112804275000011 0.66154767520000013 0.80233301090000009 0.74049241605000005 0.71163383855000006
decision_type=2 2 2 2 2 2
left_child=-1 -2 -3 4 5 -4
right_child=1 2 3 -5 -6 -7
leaf_value=0.0097928903121644977 -0.025261090451866169 0.0093621561442099998 -0.0029653882667932479 -0.0013866611818328426 -0.0064158007825402541 -0.0022857653189250187
leaf_weight=1.1002097856253392 0.68376246374100258 2.3314460255205631 1.5363032855093486 1.5562336854636667 1.0105904601514337 0.93253100663423527
leaf_count=10 12 4 10 8 8 4
internal_value=0 -0.00133827 0.000882078 -0.00304409 -0.0037854 -0.00270868
internal_weight=0 8.05087 7.3671 5.03566 3.47942 2.46883
internal_count=56 46 34 30 22 14
is_linear=0
shrinkage=0.1


Tree=42
num_leaves=7
num_cat=0
split_feature=0 0 0 0 0 0
split_gain=0.0142986 0.0209637 0.00544232 0.000410638 0.00166559 1.38049e-07
threshold=0.66154767520000013 0.57627838765000006 0.44592917160000006 0.80233301090000009 0.74049241605000005 0.71163383855000006
decision_type=2 2 2 2 2 2
left_child=1 2 -1 4 5 -2
right_child=3 -3 -4 -5 -6 -7
leaf_value=9.9305944560825401e-05 -0.0027582401711710456 0.0092469227294000051 -0.012920526895341213 -0.002219089507405533 -0.0076048200489180363 -0.0028070215403247292
leaf_weight=0.6660555377602575 1.5379676576703794 2.8007788248360157 0.61980851925909519 1.5564128421247003 1.0053949467837808 0.93149220198392857
leaf_count=6 10 12 8 8 8 4
internal_value=0 0.00439394 -0.00617648 -0.00356898 -0.0041736 -0.00277664
internal_weight=0 4.08664 1.28586 5.03127 3.47485 2.46946
internal_count=56 26 14 30 22 14
is_linear=0
shrinkage=0.1


Tree=43
num_leaves=8
num_cat=0
split_feature=0 0 0 0 0 0 0
split_gain=0.0118101 0.0605175 0.0247259 0.00484299 0.0151711 0.000740566 0.000838664
threshold=0.6957178045500001 0.71163383855000006 0.58739679465000016 0.44592917160000006 0.54462207660000017 0.80233301090000009 0.74049241605000005
decision_type=2 2 2 2 2 2 2
left_child=2 -2 3 -1 -5 6 -3
right_child=1 5 -4 4 -6 -7 -8
leaf_value=-0.0007522915087788232 0.021547026276241985 -0.0026665867167764176 -0.00978828674166006 0.024588775871615304 -0.00057791357583985388 -0.0018966026757640795 -0.0068340835748372164
leaf_weight=0.66404853761196114 1.330089636147022 0.93128502368927013 2.6501472890377045 0.42244414985179901 0.55321807600557804 1.5554617010056973 1.0028762221336363
leaf_count=6 6 4 12 4 8 8 8
internal_value=0 0.00339694 -0.00381651 0.00583525 0.0103188 -0.00352106 -0.00482746
internal_weight=0 4.81971 4.28986 1.63971 0.975662 3.48962 1.93416
internal_count=56 26 30 18 12 20 12
is_linear=0
shrinkage=0.1


Tree=44
num_leaves=7
num_cat=0
split_feature=0 0 0 0 0 0
split_gain=0.0136221 0.019362 0.00597047 0.00158176 0.000684361 0.00141497
threshold=0.66154767520000013 0.57627838765000006 0.44592917160000006 0.71163383855000006 0.74049241605000005 0.80233301090000009
decision_type=2 2 2 2 2 2
left_child=1 2 -1 -2 -5 -6
right_child=3 -3 -4 4 5 -7
leaf_value=0.00066923539689140994 -0.0062092383702560434 0.0089600269793336951 -0.012965359285190603 5.2991881363506142e-06 -0.0061068954512839601 -0.0012828346302391491
leaf_weight=0.67016053199768044 1.5113454703241584 2.7931309249252081 0.61670736223459244 0.91979558020830188 1.0009668320417404 1.5488743893802166
leaf_count=6 10 12 8 4 8 8
internal_value=0 0.00428412 -0.00586489 -0.00350918 -0.00233306 -0.00317657
internal_weight=0 4.08 1.28687 4.98098 3.46964 2.54984
internal_count=56 26 14 30 20 16
is_linear=0
shrinkage=0.1


Tree=45
num_leaves=6
num_cat=0
split_feature=0 0 0 0 0
split_gain=0.0105177 0.0374566 0.022927 0.000364538 0.00109014
threshold=0.6957178045500001 0.71163383855000006 0.54462207660000017 0.74049241605000005 0.80233301090000009
decision_type=2 2 2 2 2
left_child=2 -2 -1 -3 -5
right_child=1 3 -4 4 -6
leaf_value=0.008924585898977851 0.017576539261248268 -0.00052736477398241082 -0.0078891686927348246 -0.0054222890296622001 -0.0011856290202756758
leaf_weight=1.0881397891789673 1.3170992210507391 0.92236267775297198 3.1841522576287389 0.99935210868716251 1.5483079552650452
leaf_count=10 6 4 20 8 8
internal_value=0 0.00321887 -0.00360676 -0.0022308 -0.00284751
internal_weight=0 4.78712 4.27229 3.47002 2.54766
internal_count=56 26 30 20 16
is_linear=0
shrinkage=0.1


Tree=46
num_leaves=7
num_cat=0
split_feature=0 0 0 0 0 0
split_gain=0.0143474 0.0173785 0.00460062 0.00346199 0.000871512 0.00104392
threshold=0.66154767520000013 0.57627838765000006 0.71163383855000006 0.44592917160000006 0.74049241605000005 0.80233301090000009
decision_type=2 2 2 2 2 2
left_child=1 3 -2 -1 -4 -6
right_child=2 -3 4 -5 5 -7
leaf_value=-0.00024633914993814864 -0.0082430138733218059 0.0088264489735280591 0.0010398381513404633 -0.010660868037582448 -0.0050816203478221038 -0.00092981068416189651
leaf_weight=0.66397547721862771 1.4980569221079347 2.7889060415327549 0.91438370198011432 0.61467559821903706 0.9973806105554105 1.5417844019830227
leaf_count=6 10 12 4 8 8 8
internal_value=0 0.00440058 -0.0036149 -0.00525283 -0.00160735 -0.00256064
internal_weight=0 4.06756 4.95161 1.27865 3.45355 2.53917
internal_count=56 26 30 14 20 16
is_linear=0
shrinkage=0.1


Tree=47
num_leaves=6
num_cat=0
split_feature=0 0 0 0 0
split_gain=0.00993126 0.0211217 0.0265797 0.000445133 0.000738234
threshold=0.54462207660000017 0.6957178045500001 0.71163383855000006 0.74049241605000005 0.80233301090000009
decision_type=2 2 2 2 2
left_child=-1 -2 -3 -4 -5
right_child=1 2 3 4 -6
leaf_value=0.0089818286346599538 -0.0075507497697754958 0.015103448757856342 0.00026905770051375422 -0.0044218758172651458 -0.00092951591358200476
leaf_weight=1.0832317918539045 3.1707248445600271 1.3112495094537733 0.91795836389064822 0.99647388979792606 1.5418024733662605
leaf_count=10 20 6 4 8 8
internal_value=0 -0.00122564 0.00298102 -0.00161807 -0.00230054
internal_weight=0 7.93821 4.76748 3.45623 2.53828
internal_count=56 46 26 20 16
is_linear=0
shrinkage=0.1


Tree=48
num_leaves=9
num_cat=0
split_feature=0 0 0 0 0 0 0 0
split_gain=0.013832 0.0184317 0.476703 0.0472367 0.133581 0.00655531 0.000834791 0.000693837
threshold=0.66154767520000013 0.62112804275000011 1.0000000180025095e-35 0.57627838765000006 0.44592917160000006 0.71163383855000006 0.74049241605000005 0.80233301090000009
decision_type=2 2 2 2 2 2 2 2
left_child=1 2 -1 4 -4 -2 -7 -8
right_child=5 -3 3 -5 -6 6 7 -9
leaf_value=0.11870995892826075 -0.0091022127736767357 0.010123358905180284 -0.084092299638180157 0.00060492306149241993 -0.0091375323406026592 0.0014342428156759175 -0.0041523178093478361 -0.00076245259004627643
leaf_weight=0.26927620172500599 1.4887123499065635 2.3314801566302776 0.38896792382001855 0.45439218915998925 0.61163772642612457 0.9117156341671947 0.99481717869639408 1.5361690744757652
leaf_count=2 10 4 4 8 8 4 8 8
internal_value=0 0.00432595 -0.00351303 -0.0261328 -0.0382749 -0.0035578 -0.00116026 -0.00209486
internal_weight=0 4.05575 1.72427 1.455 1.00061 4.93141 3.4427 2.53099
internal_count=56 26 22 20 12 30 20 16
is_linear=0
shrinkage=0.1


Tree=49
num_leaves=6
num_cat=0
split_feature=0 0 0 0 0
split_gain=0.0143494 0.0213947 0.00981613 0.000880675 0.000618828
threshold=0.6957178045500001 0.71163383855000006 0.54462207660000017 0.74049241605000005 0.80233301090000009
decision_type=2 2 2 2 2
left_child=2 -2 -1 -3 -5
right_child=1 3 -4 4 -6
leaf_value=0.0039953857760476842 0.014669577488435752 0.0022956548875860188 -0.007025961912435672 -0.0032961691393390831 -7.7419255886042795e-05
leaf_weight=1.0848820284008978 1.3078706860542295 0.90942846238613162 3.1676137102767825 0.98128503188490879 1.5264419354498386
leaf_count=10 6 4 20 8 8
internal_value=0 0.00379278 -0.00421423 -0.000370169 -0.00133693
internal_weight=0 4.72503 4.2525 3.41716 2.50773
internal_count=56 26 30 20 16
is_linear=0
shrinkage=0.1


Tree=50
num_leaves=7
num_cat=0
split_feature=0 0 0 0 0 0
split_gain=0.0110548 0.0231653 0.00815113 0.00131494 0.000564955 0.000537704
threshold=0.57627838765000006 0.66154767520000013 0.71163383855000006 0.74049241605000005 0.80233301090000009 0.44592917160000006
decision_type=2 2 2 2 2 2
left_child=5 -2 -3 -4 -5 -1
right_child=1 2 3 4 -6 -7
leaf_value=-0.0066234094521241543 0.0086989660309662199 -0.0089082773386052784 0.0032425410547816387 -0.0030787727709054862 -2.1806174773579224e-07 -0.010733055645886325
leaf_weight=0.65340339392423608 2.7915808893740177 1.4825287591665981 0.90452625602483783 0.98016596585512172 1.5212989188730717 0.62091067805886269
leaf_count=6 12 10 4 8 8 8
internal_value=0 0.00143123 -0.00271899 -2.49785e-05 -0.00120651 -0.00862584
internal_weight=0 7.6801 4.88852 3.40599 2.50146 1.27431
internal_count=56 42 30 20 16 14
is_linear=0
shrinkage=0.1


Tree=51
num_leaves=6
num_cat=0
split_feature=0 0 0 0 0
split_gain=0.0124647 0.0172666 0.0103844 0.000730814 0.000356133
threshold=0.6957178045500001 0.71163383855000006 0.54462207660000017 0.74049241605000005 0.80233301090000009
decision_type=2 2 2 2 2
left_child=2 -2 -1 -3 -5
right_child=1 3 -4 4 -6
leaf_value=0.0044881334755790536 0.013309487855623157 0.002220949893644224 -0.0068321545314750411 -0.0025761573446240523 -0.00013197892567381569
leaf_weight=1.0898741837590931 1.3073119334876535 0.90941537171602282 3.1594325881451368 0.97987588122487079 1.5222358703613281
leaf_count=10 6 4 20 8 8
internal_value=0 0.00353778 -0.0039287 -0.000206785 -0.00108917
internal_weight=0 4.71884 4.24931 3.41153 2.50211
internal_count=56 26 30 20 16
is_linear=0
shrinkage=0.1


Tree=52
num_leaves=7
num_cat=0
split_feature=0 0 0 0 0 0
split_gain=0.00922551 0.0221025 0.00907374 0.00109264 0.000323822 0.000159649
threshold=0.57627838765000006 0.66154767520000013 0.71163383855000006 0.74049241605000005 0.80233301090000009 0.44592917160000006
decision_type=2 2 2 2 2 2
left_child=5 -2 -3 -4 -5 -1
right_child=1 2 3 4 -6 -7
leaf_value=-0.0067856215235062092 0.0084066181083725221 -0.0092914360184609308 0.003069263393828021 -0.0024044963622091597 -7.1892601031617469e-05 -0.0090239459372741682
leaf_weight=0.65471571683883645 2.7913344632834196 1.4782554265111683 0.90495302528142962 0.97911234945058834 1.5176328085362911 0.62080190144479275
leaf_count=6 12 10 4 8 8 8
internal_value=0 0.00130939 -0.00275022 9.2354e-05 -0.000986636 -0.00787503
internal_weight=0 7.67129 4.87995 3.4017 2.49675 1.27552
internal_count=56 42 30 20 16 14
is_linear=0
shrinkage=0.1


Tree=53
num_leaves=7
num_cat=0
split_feature=0 0 0 0 0 0
split_gain=0.011399 0.0148528 0.0107875 0.000550839 0.00026154 0.0034479
threshold=0.6957178045500001 0.71163383855000006 0.54462207660000017 0.74049241605000005 0.84499235145000007 0.77832465235000015
decision_type=2 2 2 2 2 2
left_child=2 -2 -1 -3 5 -5
right_child=1 3 -4 4 -6 -7
leaf_value=0.0047996479264452475 0.012445310803366645 0.0020145251663119161 -0.0067266711485025046 -0.0086083894361835538 0.000131911078572675 0.0023450416496993039
leaf_weight=1.0936183054000137 1.3074852414429186 0.91003350168466601 3.152845336124301 0.47032388672232628 1.2888704314827919 0.73880687355995178
leaf_count=10 6 4 20 4 4 8
internal_value=0 0.00338439 -0.00375823 -9.18115e-05 -0.00085916 -0.00191559
internal_weight=0 4.71552 4.24646 3.40803 2.498 1.20913
internal_count=56 26 30 20 16 12
is_linear=0
shrinkage=0.1


Tree=54
num_leaves=6
num_cat=0
split_feature=0 0 0 0 0
split_gain=0.00810766 0.0211677 0.0096468 0.000930809 3.64296e-05
threshold=0.57627838765000006 0.66154767520000013 0.71163383855000006 0.77832465235000015 0.44592917160000006
decision_type=2 2 2 2 2
left_child=4 -2 -3 -4 -1
right_child=1 2 3 -5 -6
leaf_value=-0.0068590926244411904 0.0081727621513083912 -0.0094972848604404879 -0.0018119743517263889 0.0015561985068956201 -0.0079279025704005468
leaf_weight=0.65599301084876038 2.7914061015471816 1.4762275051325557 1.3844040818512442 2.0142800882458687 0.62058490887284279
leaf_count=6 12 10 8 12 8
internal_value=0 0.00122868 -0.00274754 0.000184223 -0.00737867
internal_weight=0 7.66632 4.87491 3.39868 1.27658
internal_count=56 42 30 20 14
is_linear=0
shrinkage=0.1


Tree=55
num_leaves=5
num_cat=0
split_feature=0 0 0 0
split_gain=0.0107527 0.0128121 0.0113565 0.00110844
threshold=0.6957178045500001 0.71163383855000006 0.54462207660000017 0.77832465235000015
decision_type=2 2 2 2
left_child=2 -2 -1 -3
right_child=1 3 -4 -5
leaf_value=0.0051148933129518351 0.011703305474799882 -0.0021199264380764716 -0.0067017860247470104 0.0015526104382285791
leaf_weight=1.0964783504605291 1.3074108250439165 1.3861323222517969 3.1491873050108552 2.0186958163976669
leaf_count=10 6 8 20 12
internal_value=0 0.00328862 -0.00365003 5.74918e-05
internal_weight=0 4.71224 4.24567 3.40483
internal_count=56 26 30 20
is_linear=0
shrinkage=0.1


Tree=56
num_leaves=8
num_cat=0
split_feature=0 0 0 0 0 0 0
split_gain=0.00836295 0.0241896 0.036099 0.0111223 0.00112291 0.000118101 0.00567309
threshold=0.66154767520000013 0.62112804275000011 0.54462207660000017 0.71163383855000006 0.74049241605000005 0.84499235145000007 0.77832465235000015
decision_type=2 2 2 2 2 2 2
left_child=1 2 -1 -2 -5 6 -6
right_child=3 -3 -4 4 5 -7 -8
leaf_value=0.0053103326474186465 -0.010048773887358807 0.0099508531827825573 -0.024783979886449224 0.003371054621262855 -0.0099599691915028404 -7.6836642214149394e-05 0.0040843210901710565
leaf_weight=1.0935784000903366 1.4741571582853792 2.3467263467609882 0.62718961481004942 0.90445024520158801 0.47491606324911118 1.2879381999373436 0.7293064072728157
leaf_count=10 10 4 12 4 4 4 8
internal_value=0 0.00334725 -0.00565851 -0.00279523 0.00035287 -0.000742484 -0.00145441
internal_weight=0 4.06749 1.72077 4.87077 3.39661 2.49216 1.20422
internal_count=56 26 22 30 20 16 12
is_linear=0
shrinkage=0.1


Tree=57
num_leaves=8
num_cat=0
split_feature=0 0 0 0 0 0 0
split_gain=0.00824551 0.0214586 0.00422531 0.000763146 6.74281e-05 4.44299e-05 0.0039262
threshold=0.66154767520000013 0.57627838765000006 0.71163383855000006 0.74049241605000005 0.44592917160000006 0.84499235145000007 0.77832465235000015
decision_type=2 2 2 2 2 2 2
left_child=1 4 -2 -4 -1 6 -5
right_child=2 -3 3 5 -6 -7 -8
leaf_value=-0.0067849018521509586 -0.0072374341936859536 0.0082384024692457661 0.0016508782692166751 -0.0093045134241877825 -0.0082490151898996118 -0.0013266570131827235 0.0024057268799694102
leaf_weight=0.65297970175743081 1.4755135551095007 2.7843811083585024 0.90878467261791263 0.47003867104649544 0.60690959356725216 1.2905253916978836 0.73249628022313118
leaf_count=6 10 12 4 4 8 4 8
internal_value=0 0.00333856 -0.00276831 -0.000829869 -0.00749019 -0.00173417 -0.00217149
internal_weight=0 4.04427 4.87736 3.40185 1.25989 2.49306 1.20253
internal_count=56 26 30 20 14 16 12
is_linear=0
shrinkage=0.1


Tree=58
num_leaves=7
num_cat=0
split_feature=0 0 0 0 0 0
split_gain=0.0106569 0.0205014 0.0119351 0.0112731 0.0099695 0.000578923
threshold=0.6957178045500001 0.71163383855000006 0.58739679465000016 0.44592917160000006 0.54462207660000017 0.77832465235000015
decision_type=2 2 2 2 2 2
left_child=2 -2 3 -1 -5 -3
right_child=1 5 -4 4 -6 -7
leaf_value=-0.0068326612782578181 0.013917161832284669 -0.002394850791762106 -0.0077695055562612735 0.021453650811976647 0.00069391241645350198 0.00026039154185622564
leaf_weight=0.65614613145589806 1.3068386167287824 1.3805846460163596 2.6379809873178601 0.42988893203437328 0.50083428062498569 2.0263369046151638
leaf_count=6 6 8 12 4 8 12
internal_value=0 0.0032689 -0.00364718 0.00320568 0.0102826 -0.000815591
internal_weight=0 4.71376 4.22485 1.58687 0.930723 3.40692
internal_count=56 26 30 18 12 20
is_linear=0
shrinkage=0.1


Tree=59
num_leaves=7
num_cat=0
split_feature=0 0 0 0 0 0
split_gain=0.00820097 0.0201115 0.00726531 0.000894067 0.000788346 0.000124859
threshold=0.57627838765000006 0.66154767520000013 0.71163383855000006 0.44592917160000006 0.74049241605000005 0.80233301090000009
decision_type=2 2 2 2 2 2
left_child=3 -2 -3 -1 -4 -6
right_child=1 2 4 -5 5 -7
leaf_value=-0.0049130650246331405 0.0080161193968145261 -0.0085063484114615128 0.0024269307156366336 -0.010226250752549335 -0.00013159154139967509 -0.0015825240187647205
leaf_weight=0.66509488224983193 2.7831555167213082 1.4727074224501846 0.90689631551504168 0.60462075471878052 0.97270864248275768 1.5197496153414249
leaf_count=6 12 10 4 8 8 8
internal_value=0 0.00123454 -0.00263942 -0.00744313 -9.7685e-05 -0.00101628
internal_weight=0 7.65522 4.87206 1.26972 3.39935 2.49246
internal_count=56 42 30 14 20 16
is_linear=0
shrinkage=0.1


Tree=60
num_leaves=7
num_cat=0
split_feature=0 0 0 0 0 0
split_gain=0.012099 0.0158939 0.0100233 0.00655807 0.0098147 0.000891066
threshold=0.6957178045500001 0.71163383855000006 0.58739679465000016 0.44592917160000006 0.54462207660000017 0.77832465235000015
decision_type=2 2 2 2 2 2
left_child=2 -2 3 -1 -5 -3
right_child=1 5 -4 4 -6 -7
leaf_value=-0.0051789955482359007 0.012874159078519687 -0.0020714896785354112 -0.007661788341778177 0.018916224593564637 -0.0017281837910235614 0.0012244015566314299
leaf_weight=0.66679786518216111 1.3041749149560926 1.3768036589026453 2.6389766065403819 0.42871464416384697 0.49755574949085712 2.0293428637087345
leaf_count=6 6 8 12 4 8 12
internal_value=0 0.00348657 -0.00388059 0.00238311 0.00782687 -0.000107836
internal_weight=0 4.71032 4.23204 1.59307 0.92627 3.40615
internal_count=56 26 30 18 12 20
is_linear=0
shrinkage=0.1


Tree=61
num_leaves=8
num_cat=0
split_feature=0 0 0 0 0 0 0
split_gain=0.00886219 0.00850857 0.00758318 0.00401402 0.00641033 0.00100463 0.000124928
threshold=0.6957178045500001 0.58739679465000016 0.71163383855000006 0.44592917160000006 0.54462207660000017 0.80233301090000009 0.74049241605000005
decision_type=2 2 2 2 2 2 2
left_child=1 3 -2 -1 -5 6 -4
right_child=2 -3 5 4 -6 -7 -8
leaf_value=-0.00341125819274105 0.0094652296103261268 -0.0068114096218889007 0.0028882062430353522 0.015737028137985245 -0.0010188286279254218 -0.001414562253816485 0.0012575175478056954
leaf_weight=0.67425031587481477 1.305072098970413 2.6346027785912156 0.90602986514568329 0.4256965909153223 0.49244299344718456 1.5190294459462166 0.97578136995434761
leaf_count=6 6 12 4 4 8 8 8
internal_value=0 -0.00332338 0.00298516 0.00244754 0.00675005 0.000498436 0.00204264
internal_weight=0 4.22699 4.70591 1.59239 0.91814 3.40084 1.88181
internal_count=56 30 26 18 12 20 12
is_linear=0
shrinkage=0.1


Tree=62
num_leaves=7
num_cat=0
split_feature=0 0 0 0 0 0
split_gain=0.0100907 0.0232808 0.0249377 0.0179237 0.00119637 0.000107439
threshold=0.66154767520000013 0.62112804275000011 0.54462207660000017 0.71163383855000006 0.80233301090000009 0.74049241605000005
decision_type=2 2 2 2 2 2
left_child=1 2 -1 -2 5 -5
right_child=3 -3 -4 4 -6 -7
leaf_value=0.0036921707992027182 -0.012239446066579947 0.010138000795365046 -0.021668059420245335 0.0034098511290314862 -0.0011506561561789427 0.0018974794937919117
leaf_weight=1.1031911130994556 1.4819939564913509 2.3503333814442158 0.59789496287703503 0.90399022400379181 1.5162347964942455 0.97780611366033554
leaf_count=10 10 4 12 4 8 8
internal_value=0 0.00368899 -0.0052214 -0.00306261 0.000939713 0.002624
internal_weight=0 4.05142 1.70109 4.88003 3.39803 1.8818
internal_count=56 26 22 30 20 12
is_linear=0
shrinkage=0.1


Tree=63
num_leaves=7
num_cat=0
split_feature=0 0 0 0 0 0
split_gain=0.0104123 0.0119846 0.011257 0.00329977 0.00144699 0.000840772
threshold=0.6957178045500001 0.58739679465000016 0.71163383855000006 0.44592917160000006 0.77832465235000015 0.54462207660000017
decision_type=2 2 2 2 2 2
left_child=1 3 -2 -1 -4 -5
right_child=2 -3 4 5 -6 -7
leaf_value=-0.0019596931423695812 0.011119626120890343 -0.0077247319968915349 -0.0023101604772412807 0.010589631684988252 0.0018906726883096106 0.0044375799573620955
leaf_weight=0.67672073096036889 1.3064580745995042 2.6426460659131408 1.3701668940484526 0.4152586217969656 2.0419504977762699 0.4776898380368948
leaf_count=6 6 12 8 4 12 8
internal_value=0 -0.00361385 0.00322612 0.0033071 0.00020379 0.00729854
internal_weight=0 4.21232 4.71858 1.56967 3.41212 0.892948
internal_count=56 30 26 18 20 12
is_linear=0
shrinkage=0.1


Tree=64
num_leaves=7
num_cat=0
split_feature=0 0 0 0 0 0
split_gain=0.0114582 0.0243502 0.0219342 0.00670714 0.00255004 7.68721e-05
threshold=0.66154767520000013 0.57627838765000006 0.71163383855000006 0.44592917160000006 0.80233301090000009 0.74049241605000005
decision_type=2 2 2 2 2 2
left_child=1 3 -2 -1 5 -4
right_child=2 -3 4 -5 -6 -7
leaf_value=-0.00076739720498334113 -0.013338263411877048 0.0092229013120341801 0.0029643355495558472 -0.01535761150014027 -0.0018712492022974134 0.0042397745836732009
leaf_weight=0.68059515208005883 1.496301097795367 2.7596460813656449 0.9043186753988266 0.58666633069515228 1.5170339792966843 0.98974091559648514
leaf_count=6 10 12 4 8 8 8
internal_value=0 0.00395337 -0.00324405 -0.00752179 0.00118385 0.00363082
internal_weight=0 4.02691 4.90739 1.26726 3.41109 1.89406
internal_count=56 26 30 14 20 12
is_linear=0
shrinkage=0.1


Tree=65
num_leaves=8
num_cat=0
split_feature=0 0 0 0 0 0 0
split_gain=0.0226713 0.014316 0.00969007 0.00335027 0.00219757 0.00136469 0.00363018
threshold=0.6957178045500001 0.58739679465000016 0.80233301090000009 0.71163383855000006 0.74049241605000005 0.44592917160000006 0.54462207660000017
decision_type=2 2 2 2 2 2 2
left_child=1 5 3 -2 -5 -1 -7
right_child=2 -3 -4 4 -6 6 -8
leaf_value=-0.0011114897093420018 0.011755871157175421 -0.0097693955873137811 -0.0018379614948026005 0.0016289495958423624 0.0084092696306170105 0.011658889695110725 -0.001141875389177608
leaf_weight=0.67726605758070924 1.3069616332650187 2.6697989609092474 1.5180149748921392 0.91016574949026097 1.0067702829837797 0.41622539237141609 0.47364796884357929
leaf_count=6 6 12 8 4 8 4 8
internal_value=0 -0.00531592 0.00474982 0.00785177 0.00518996 0.00227108 0.0048455
internal_weight=0 4.23694 4.74191 3.2239 1.91694 1.56714 0.889873
internal_count=56 30 26 18 12 18 12
is_linear=0
shrinkage=0.1


Tree=66
num_leaves=5
num_cat=0
split_feature=0 0 0 0
split_gain=0.0347865 0.0197428 0.0117379 0.00770725
threshold=0.6957178045500001 0.54462207660000017 0.80233301090000009 0.74049241605000005
decision_type=2 2 2 2
left_child=1 -1 3 -2
right_child=2 -3 -4 -5
leaf_value=0.0050187607341332166 0.0059146018400547465 -0.010561498784572325 -0.0014104663099114836 0.016346950520612562
leaf_weight=1.0939856898039577 2.219165120273829 3.1701471023261547 1.5146209895610807 1.0400661192834375
leaf_count=10 10 20 8 8
internal_value=0 -0.0065643 0.00586341 0.00924371
internal_weight=0 4.26413 4.77385 3.25923
internal_count=56 30 26 18
is_linear=0
shrinkage=0.1


Tree=67
num_leaves=7
num_cat=0
split_feature=0 0 0 0 0 0
split_gain=0.0379639 0.070871 0.0460551 0.0403236 0.0188799 0.0371122
threshold=0.77832465235000015 0.66154767520000013 0.84499235145000007 0.71163383855000006 0.62112804275000011 0.54462207660000017
decision_type=2 2 2 2 2 2
left_child=1 4 -2 -3 5 -1
right_child=2 3 -4 -5 -6 -7
leaf_value=0.0076639437357415895 0.028950411120909982 -0.0259648453524026 -0.00059986855962083875 -0.0026369634347033107 0.010867725802669743 -0.024096094810213894
leaf_weight=1.0844242181628945 0.89402997493743908 1.6143618058413269 1.2861737385392189 1.3696456328034399 2.3486218377947807 0.55684638302773226
leaf_count=10 8 10 4 8 4 12
internal_value=0 -0.00360072 0.0115177 -0.0152575 0.00511726 -0.00311153
internal_weight=0 6.9739 2.1802 2.98401 3.98989 1.64127
internal_count=56 44 12 18 26 22
is_linear=0
shrinkage=0.1


Tree=68
num_leaves=7
num_cat=0
split_feature=0 0 0 0 0 0
split_gain=0.0123905 0.0229772 0.00811342 0.000446869 1.25104e-05 6.85173e-06
threshold=0.66154767520000013 0.57627838765000006 0.44592917160000006 0.77832465235000015 0.71163383855000006 0.84499235145000007
decision_type=2 2 2 2 2 2
left_child=1 2 -1 4 -2 -5
right_child=3 -3 -4 5 -6 -7
leaf_value=0.00021706422603033767 -0.003936415224714415 0.0092117842508244539 -0.016058553549389797 -0.0024476878620506267 -0.0043547841703078707 -0.0020807186523056141
leaf_weight=0.67268446832895257 1.4874416980892422 2.7654289789497852 0.56232669949531555 0.83899850770831119 1.3758971914649007 1.292761005461216
leaf_count=6 10 12 8 8 8 4
internal_value=0 0.00414714 -0.00719357 -0.00332134 -0.00413745 -0.00222515
internal_weight=0 4.00044 1.23501 4.9951 2.86334 2.13176
internal_count=56 26 14 30 18 12
is_linear=0
shrinkage=0.1


Tree=69
num_leaves=7
num_cat=0
split_feature=0 0 0 0 0 0
split_gain=0.00900054 0.0180406 0.00468539 0.000481154 0.000988643 0.000455816
threshold=0.66154767520000013 0.57627838765000006 0.44592917160000006 0.74049241605000005 0.84499235145000007 0.71163383855000006
decision_type=2 2 2 2 2 2
left_child=1 2 -1 5 -5 -2
right_child=3 -3 -4 4 -6 -7
leaf_value=-0.00087165728758328463 -0.0029002537129821024 0.0080056184193942215 -0.013240554727029306 -0.0057301176816053918 -0.0018232614080876603 -6.0445990449077505e-05
leaf_weight=0.66952948272228219 1.4783058818429711 2.7725767213851213 0.56444242410361767 1.2983450405299664 1.2925320789217949 0.91508319973945607
leaf_count=6 10 12 8 12 4 4
internal_value=0 0.00352899 -0.00652943 -0.00283674 -0.00378107 -0.00181449
internal_weight=0 4.00655 1.23397 4.98427 2.59088 2.39339
internal_count=56 26 14 30 16 14
is_linear=0
shrinkage=0.1


Tree=70
num_leaves=8
num_cat=0
split_feature=0 0 0 0 0 0 0
split_gain=0.00655753 0.0319124 0.0141038 0.00474598 0.000846729 0.000316306 3.14905e-05
threshold=0.6957178045500001 0.71163383855000006 0.58739679465000016 0.44592917160000006 0.77832465235000015 0.54462207660000017 0.84499235145000007
decision_type=2 2 2 2 2 2 2
left_child=2 -2 3 -1 -3 -5 -6
right_child=1 4 -4 5 6 -7 -8
leaf_value=-0.0016618696733421087 0.015816379862021026 -0.0043997857866476383 -0.007351641432940698 0.011572189410472758 -0.00073861100370518321 0.0077615412526804558 -0.0015262276325113983
leaf_weight=0.66774452477693536 1.3121786974370477 1.3761150650680067 2.6316729737445712 0.40651676058769226 0.8362846039235593 0.46928487345576286 1.2917174845933914
leaf_count=6 6 8 12 4 8 8 4
internal_value=0 0.00251441 -0.00290048 0.00468853 -0.00246674 0.00953031 -0.0012167
internal_weight=0 4.8163 4.17522 1.54355 3.50412 0.875802 2.128
internal_count=56 26 30 18 20 12 12
is_linear=0
shrinkage=0.1


Tree=71
num_leaves=7
num_cat=0
split_feature=0 0 0 0 0 0
split_gain=0.00846433 0.0156454 0.00384901 0.00147693 0.00150725 0.00107073
threshold=0.66154767520000013 0.57627838765000006 0.44592917160000006 0.71163383855000006 0.74049241605000005 0.84499235145000007
decision_type=2 2 2 2 2 2
left_child=1 2 -1 -2 -5 -6
right_child=3 -3 -4 4 5 -7
leaf_value=-0.00079969205425879522 -0.005431971896585285 0.0075915672504991392 -0.011978933402545067 0.0018579926551052753 -0.0049130131455178555 -0.00084024374742669872
leaf_weight=0.67248982563614823 1.4634677711874244 2.771769791841507 0.56820047274231911 0.90766515582799945 1.2927945591509342 1.2892406806349754
leaf_count=6 10 12 8 4 12 4
internal_value=0 0.00341383 -0.00591946 -0.00276548 -0.00164724 -0.00287943
internal_weight=0 4.01246 1.24069 4.95317 3.4897 2.58204
internal_count=56 26 14 30 20 16
is_linear=0
shrinkage=0.1


Tree=72
num_leaves=8
num_cat=0
split_feature=0 0 0 0 0 0 0
split_gain=0.00593161 0.0204524 0.00971808 0.00316395 0.00194172 0.000993645 0.0010089
threshold=0.6957178045500001 0.71163383855000006 0.58739679465000016 0.44592917160000006 0.54462207660000017 0.74049241605000005 0.84499235145000007
decision_type=2 2 2 2 2 2 2
left_child=2 -2 3 -1 -5 -3 -7
right_child=1 5 -4 4 -6 6 -8
leaf_value=-0.0016568157788593757 0.01308153553217418 0.0012463810119348142 -0.0064677135138957358 0.012491552011890818 0.0030770805341717826 -0.0045731624957204278 -0.00061773498159840108
leaf_weight=0.67076599225401856 1.3046647682785986 0.91034701466560397 2.6224004067480564 0.40984920598566532 0.47065147571265697 1.2903492115437984 1.2890631929039955
leaf_count=6 6 4 12 4 8 12 4
internal_value=0 0.00239953 -0.00275642 0.00351748 0.00745926 -0.00159399 -0.00259643
internal_weight=0 4.79442 4.17367 1.55127 0.880501 3.48976 2.57941
internal_count=56 26 30 18 12 20 16
is_linear=0
shrinkage=0.1


Tree=73
num_leaves=7
num_cat=0
split_feature=0 0 0 0 0 0
split_gain=0.00751973 0.0167136 0.0205617 0.00307512 0.00139503 0.00106453
threshold=0.66154767520000013 0.62112804275000011 0.54462207660000017 0.71163383855000006 0.74049241605000005 0.84499235145000007
decision_type=2 2 2 2 2 2
left_child=1 2 -1 -2 -5 -6
right_child=3 -3 -4 4 5 -7
leaf_value=0.0036086354339508035 -0.0064730398239082375 0.0086198247198179239 -0.019817705701706198 0.0023751707414823163 -0.00422311477268816 -0.00015468004671805683
leaf_weight=1.084532683715224 1.4561916813254354 2.3589377403259277 0.57242694497108448 0.90587434172630343 1.2857100293040276 1.2868287488818169
leaf_count=10 10 4 12 4 12 4
internal_value=0 0.00321301 -0.00448442 -0.00261483 -0.000999634 -0.00218801
internal_weight=0 4.0159 1.65696 4.9346 3.47841 2.57254
internal_count=56 26 22 30 20 16
is_linear=0
shrinkage=0.1


Tree=74
num_leaves=7
num_cat=0
split_feature=0 0 0 0 0 0
split_gain=0.00751822 0.015746 0.00392594 0.000980714 0.000117124 2.38709e-07
threshold=0.66154767520000013 0.57627838765000006 0.44592917160000006 0.77832465235000015 0.71163383855000006 0.84499235145000007
decision_type=2 2 2 2 2 2
left_child=1 2 -1 4 -2 -5
right_child=3 -3 -4 5 -6 -7
leaf_value=-0.0010179509465405208 -0.0044584737529425201 0.007412013357289398 -0.012346434848940945 -0.00094275908130533057 -0.0031684511823100135 -0.001011612948223188
leaf_weight=0.67218893393874191 1.4536402691155674 2.7660488579422235 0.56141520850360394 0.8267401009798051 1.364388223737478 1.2878770604729652
leaf_count=6 10 12 8 8 8 4
internal_value=0 0.00322184 -0.00617356 -0.00261244 -0.00383389 -0.000984694
internal_weight=0 3.99965 1.2336 4.93265 2.81803 2.11462
internal_count=56 26 14 30 18 12
is_linear=0
shrinkage=0.1


Tree=75
num_leaves=7
num_cat=0
split_feature=0 0 0 0 0 0
split_gain=0.00539373 0.0126101 0.00226129 0.000676124 5.35099e-07 2.13359e-07
threshold=0.66154767520000013 0.57627838765000006 0.44592917160000006 0.77832465235000015 0.84499235145000007 0.71163383855000006
decision_type=2 2 2 2 2 2
left_child=1 2 -1 5 -5 -2
right_child=3 -3 -4 4 -6 -7
leaf_value=-0.0017621068294422272 -0.0032589401690792299 0.0064664902904287202 -0.010356422448251175 -0.00092801257651452739 -0.00082490371605098271 -0.0032038223420333884
leaf_weight=0.67066085711121537 1.4469326306134465 2.773119724355638 0.56328271515667439 0.82609849795699131 1.2881516218185425 1.3647041544318197
leaf_count=6 10 12 8 8 4 8
internal_value=0 0.00272443 -0.00568532 -0.00221624 -0.000865191 -0.00323219
internal_weight=0 4.00706 1.23394 4.92589 2.11425 2.81164
internal_count=56 26 14 30 12 18
is_linear=0
shrinkage=0.1


Tree=76
num_leaves=8
num_cat=0
split_feature=0 0 0 0 0 0 0
split_gain=0.00623109 0.0219095 0.0100538 0.0040222 0.00197184 0.00113361 0.00114172
threshold=0.6957178045500001 0.71163383855000006 0.58739679465000016 0.44592917160000006 0.54462207660000017 0.74049241605000005 0.84499235145000007
decision_type=2 2 2 2 2 2 2
left_child=2 -2 3 -1 -5 -3 -7
right_child=1 5 -4 4 -6 6 -8
leaf_value=-0.0022553549996025177 0.013568929272287616 0.0013678634037228763 -0.0066027083381688147 0.013101671530278778 0.0035805493743767945 -0.0048549455120045206 -0.00063937268535504228
leaf_weight=0.6701175123453138 1.2950398027896879 0.90866833925247226 2.617819014005363 0.40945525281131268 0.46402811072766781 1.2814649641513824 1.2883937284350395
leaf_count=6 6 4 12 4 8 12 4
internal_value=0 0.00246567 -0.00282837 0.0035726 0.00804368 -0.00166803 -0.00274148
internal_weight=0 4.77357 4.16142 1.5436 0.873483 3.47853 2.56986
internal_count=56 26 30 18 12 20 16
is_linear=0
shrinkage=0.1


Tree=77
num_leaves=7
num_cat=0
split_feature=0 0 0 0 0 0
split_gain=0.00532065 0.014065 0.0195784 0.00162165 0.00155246 0.00118997
threshold=0.66154767520000013 0.62112804275000011 0.54462207660000017 0.71163383855000006 0.74049241605000005 0.84499235145000007
decision_type=2 2 2 2 2 2
left_child=1 2 -1 -2 -5 -6
right_child=3 -3 -4 4 5 -7
leaf_value=0.0034774244579100486 -0.0050339262465975585 0.0076453857331033872 -0.019484451724283001 0.0025238734209753221 -0.0044580724619416824 -0.0001486009001606713
leaf_weight=1.0840239990502594 1.4371394813060758 2.3637163564562798 0.56480792444199313 0.9041538164019588 1.2769140154123306 1.2861098274588585
leaf_count=10 10 4 12 4 12 4
internal_value=0 0.00270057 -0.00438817 -0.00220952 -0.00103881 -0.00229561
internal_weight=0 4.01255 1.64883 4.90432 3.46718 2.56302
internal_count=56 26 22 30 20 16
is_linear=0
shrinkage=0.1


Tree=78
num_leaves=7
num_cat=0
split_feature=0 0 0 0 0 0
split_gain=0.00585577 0.0130805 0.00268951 0.000655623 3.37865e-05 1.28779e-07
threshold=0.66154767520000013 0.57627838765000006 0.44592917160000006 0.77832465235000015 0.71163383855000006 0.84499235145000007
decision_type=2 2 2 2 2 2
left_child=1 2 -1 4 -2 -5
right_child=3 -3 -4 5 -6 -7
leaf_value=-0.0014805084746654998 -0.0036575064308898442 0.0066562268196023629 -0.010874632159974838 -0.001014742160837259 -0.0029620045999712141 -0.00096405583986724575
leaf_weight=0.6722264848649504 1.4368000291287901 2.7662892090156674 0.55752124264836311 0.82108357921242725 1.359226021915674 1.2868880480527878
leaf_count=6 10 12 8 8 8 4
internal_value=0 0.00284156 -0.00573945 -0.00231545 -0.0033194 -0.000983799
internal_weight=0 3.99604 1.22975 4.904 2.79603 2.10797
internal_count=56 26 14 30 18 12
is_linear=0
shrinkage=0.1


Tree=79
num_leaves=8
num_cat=0
split_feature=0 0 0 0 0 0 0
split_gain=0.00514908 0.0195728 0.0103498 0.00428847 0.00130924 0.00107434 0.000750154
threshold=0.6957178045500001 0.71163383855000006 0.58739679465000016 0.44592917160000006 0.74049241605000005 0.84499235145000007 0.54462207660000017
decision_type=2 2 2 2 2 2 2
left_child=2 -2 3 -1 -3 -6 -5
right_child=1 4 -4 6 5 -7 -8
leaf_value=-0.0020468119295319908 0.012766631003238486 0.0016003515846960013 -0.0064035980318147574 0.011735146320511607 -0.0048813028232895343 -0.00078463105433894452 0.0058258768501492121
leaf_weight=0.67136736586689927 1.2889769598841665 0.90631484985351596 2.6126285931095481 0.40653800405561924 1.2735845297574997 1.2870848104357719 0.45554347895085812
leaf_count=6 6 4 12 4 12 4 8
internal_value=0 0.00224553 -0.00257585 0.00394572 -0.00166606 -0.00282217 0.00861255
internal_weight=0 4.75596 4.14608 1.53345 3.46698 2.56067 0.862081
internal_count=56 26 30 18 20 16 12
is_linear=0
shrinkage=0.1


Tree=80
num_leaves=7
num_cat=0
split_feature=0 0 0 0 0 0
split_gain=0.00532134 0.0125491 0.0161953 0.00170238 0.00164381 0.00111318
threshold=0.66154767520000013 0.62112804275000011 0.54462207660000017 0.71163383855000006 0.74049241605000005 0.84499235145000007
decision_type=2 2 2 2 2 2
left_child=1 2 -1 -2 -5 -6
right_child=3 -3 -4 4 5 -7
leaf_value=0.0030936068554111252 -0.005120519154411563 0.0073619552182166981 -0.0179187795684984 0.0026534815551952163 -0.0044120904730532784 -0.00023668131020150574
leaf_weight=1.08244520612061 1.4274347256869075 2.3651623353362083 0.55481962207704771 0.90234837681055102 1.2692978866398335 1.2848402857780457
leaf_count=10 10 4 12 4 12 4
internal_value=0 0.00270316 -0.00402686 -0.00221527 -0.00101548 -0.00231168
internal_weight=0 4.00243 1.63726 4.88392 3.45649 2.55414
internal_count=56 26 22 30 20 16
is_linear=0
shrinkage=0.1


Tree=81
num_leaves=7
num_cat=0
split_feature=0 0 0 0 0 0
split_gain=0.00564371 0.013063 0.00288541 0.000645644 6.10321e-05 1.12218e-08
threshold=0.66154767520000013 0.57627838765000006 0.44592917160000006 0.77832465235000015 0.71163383855000006 0.84499235145000007
decision_type=2 2 2 2 2 2
left_child=1 2 -1 4 -2 -5
right_child=3 -3 -4 5 -6 -7
leaf_value=-0.0014006841987572868 -0.0037348359295178105 0.0066057170695043273 -0.011148519552379126 -0.00094708344165674811 -0.0027977690567639207 -0.00096207606881092513
leaf_weight=0.67334989458322547 1.4271226860582831 2.7612585294991732 0.55309294909238815 0.81619985401630413 1.3549547828733919 1.2855750247836113
leaf_count=6 10 12 8 8 8 4
internal_value=0 0.00279128 -0.0057967 -0.00227909 -0.00327846 -0.000956254
internal_weight=0 3.9877 1.22644 4.88385 2.78208 2.10177
internal_count=56 26 14 30 18 12
is_linear=0
shrinkage=0.1


Tree=82
num_leaves=8
num_cat=0
split_feature=0 0 0 0 0 0 0
split_gain=0.00464036 0.0177857 0.0100724 0.00432034 0.0013516 0.00101945 0.000332675
threshold=0.6957178045500001 0.71163383855000006 0.58739679465000016 0.44592917160000006 0.74049241605000005 0.84499235145000007 0.54462207660000017
decision_type=2 2 2 2 2 2 2
left_child=2 -2 3 -1 -3 -6 -5
right_child=1 4 -4 6 5 -7 -8
leaf_value=-0.0019900670422650399 0.012187285600290707 0.0017238254366647888 -0.0062246380788094652 0.010808329907569305 -0.0047887087025696466 -0.00079119592735624525 0.0068540957991818224
leaf_weight=0.67238606885075547 1.2836055494844911 0.90469148755073581 2.607805410400033 0.40444820933043957 1.2662084400653839 1.2857449874281883 0.44892099127173424
leaf_count=6 6 4 12 4 12 4 8
internal_value=0 0.00213542 -0.00244883 0.00400475 -0.00159729 -0.00277465 0.00872818
internal_weight=0 4.74025 4.13356 1.52576 3.45664 2.55195 0.853369
internal_count=56 26 30 18 20 16 12
is_linear=0
shrinkage=0.1


Tree=83
num_leaves=7
num_cat=0
split_feature=0 0 0 0 0 0
split_gain=0.00497871 0.0115147 0.0142138 0.00168484 0.00163568 0.00105381
threshold=0.66154767520000013 0.62112804275000011 0.54462207660000017 0.71163383855000006 0.74049241605000005 0.84499235145000007
decision_type=2 2 2 2 2 2
left_child=1 2 -1 -2 -5 -6
right_child=3 -3 -4 4 5 -7
leaf_value=0.0027849004547444746 -0.0050491692644078082 0.007068783002225471 -0.017002139081589093 0.0027072576394311428 -0.0043021026612017682 -0.00023282286630157186
leaf_weight=1.0814470890909436 1.4182597659528253 2.3667706064879894 0.5464882981032132 0.90107145905494723 1.2621704041957855 1.2835948765277863
leaf_count=10 10 4 12 4 12 4
internal_value=0 0.00261607 -0.00385749 -0.00214804 -0.000954326 -0.00225034
internal_weight=0 3.99471 1.62794 4.8651 3.44684 2.54577
internal_count=56 26 22 30 20 16
is_linear=0
shrinkage=0.1


Tree=84
num_leaves=7
num_cat=0
split_feature=0 0 0 0 0 0
split_gain=0.0052333 0.0127929 0.00292723 0.000646694 7.40265e-05 4.51384e-07
threshold=0.66154767520000013 0.57627838765000006 0.44592917160000006 0.77832465235000015 0.71163383855000006 0.84499235145000007
decision_type=2 2 2 2 2 2
left_child=1 2 -1 4 -2 -5
right_child=3 -3 -4 5 -6 -7
leaf_value=-0.0014048563587977711 -0.0037077536887958522 0.0064656384679373236 -0.011237254625102722 -0.00081646211492362271 -0.0026734431092172058 -0.00091173225136465051
leaf_weight=0.674369025975466 1.4181203525513413 2.7571551762521267 0.54951603710651398 0.81158459186553966 1.3513564579188821 1.2842950820922852
leaf_count=6 10 12 8 8 8 4
internal_value=0 0.00268883 -0.00581954 -0.00220012 -0.00320307 -0.000874841
internal_weight=0 3.98104 1.22389 4.86536 2.76948 2.09588
internal_count=56 26 14 30 18 12
is_linear=0
shrinkage=0.1


Tree=85
num_leaves=8
num_cat=0
split_feature=0 0 0 0 0 0 0
split_gain=0.00432855 0.0162832 0.00961978 0.00427802 0.00133234 0.000967919 0.000166415
threshold=0.6957178045500001 0.71163383855000006 0.58739679465000016 0.44592917160000006 0.74049241605000005 0.84499235145000007 0.54462207660000017
decision_type=2 2 2 2 2 2 2
left_child=2 -2 3 -1 -3 -6 -5
right_child=1 4 -4 6 5 -7 -8
leaf_value=-0.0019933672267662735 0.011703029338599777 0.0017894194827823484 -0.0060583813329527902 0.010158582809675571 -0.0046509887040880361 -0.00074949114086663706 0.007350661479632533
leaf_weight=0.67340139672160126 1.2788059040904043 0.90348027646541629 2.6033421047031879 0.402920076623559 1.2593208514153957 1.2844535261392593 0.44327814131975174
leaf_count=6 6 4 12 4 12 4 8
internal_value=0 0.00206574 -0.00236794 0.00395443 -0.00150934 -0.00268097 0.00868766
internal_weight=0 4.72606 4.12294 1.5196 3.44725 2.54377 0.846198
internal_count=56 26 30 18 20 16 12
is_linear=0
shrinkage=0.1


Tree=86
num_leaves=7
num_cat=0
split_feature=0 0 0 0 0 0
split_gain=0.00456017 0.0111355 0.00255158 0.00163621 0.00158419 0.00100155
threshold=0.66154767520000013 0.57627838765000006 0.44592917160000006 0.71163383855000006 0.74049241605000005 0.84499235145000007
decision_type=2 2 2 2 2 2
left_child=1 2 -1 -2 -5 -6
right_child=3 -3 -4 4 5 -7
leaf_value=-0.0012955572107728273 -0.0049295750493170108 0.0060327857634942727 -0.01045225774628222 0.0027202949574534523 -0.0041702283924727589 -0.00019693378955948327
leaf_weight=0.6775312274694445 1.4097578208893535 2.758518566377461 0.55246558599174023 0.90011550486087832 1.2555115893483162 1.282414972782135
leaf_count=6 10 12 8 4 12 4
internal_value=0 0.00250451 -0.00540838 -0.00206057 -0.000884149 -0.00216252
internal_weight=0 3.98852 1.23 4.8478 3.43804 2.53793
internal_count=56 26 14 30 20 16
is_linear=0
shrinkage=0.1


Tree=87
num_leaves=8
num_cat=0
split_feature=0 0 0 0 0 0 0
split_gain=0.00469115 0.0119079 0.00716011 0.00297162 0.00116398 0.00110396 0.000959945
threshold=0.6957178045500001 0.71163383855000006 0.58739679465000016 0.44592917160000006 0.54462207660000017 0.74049241605000005 0.84499235145000007
decision_type=2 2 2 2 2 2 2
left_child=2 -2 3 -1 -5 -3 -7
right_child=1 5 -4 4 -6 6 -8
leaf_value=-0.0019720864522799258 0.010402535192718615 0.0020957975936502986 -0.0056546438149693967 0.010783127485911106 0.0033747287807702423 -0.0039438839926526255 -5.249247305287126e-05
leaf_weight=0.67654124274849869 1.2765768356621263 0.90286365896463427 2.5996012492105365 0.40558983944356441 0.4445033073425293 1.2536238841712475 1.2823932990431786
leaf_count=6 6 4 12 4 8 12 4
internal_value=0 0.0021547 -0.00246239 0.00297347 0.00690937 -0.000907052 -0.00197612
internal_weight=0 4.71546 4.12624 1.52663 0.850093 3.43888 2.53602
internal_count=56 26 30 18 12 20 16
is_linear=0
shrinkage=0.1


Tree=88
num_leaves=7
num_cat=0
split_feature=0 0 0 0 0 0
split_gain=0.00397899 0.0122279 0.0162047 0.00248288 0.00134267 0.000989341
threshold=0.66154767520000013 0.62112804275000011 0.54462207660000017 0.71163383855000006 0.74049241605000005 0.84499235145000007
decision_type=2 2 2 2 2 2
left_child=1 2 -1 -2 -5 -6
right_child=3 -3 -4 4 5 -7
leaf_value=0.0026908057356297881 -0.0054683305543769371 0.0069194396069705236 -0.018519091673444558 0.0028385436557966616 -0.0036595903051584926 0.00029489053931024611
leaf_weight=1.085982730612159 1.4058209229260681 2.3685700967907906 0.53900220803916443 0.90012601017951999 1.250084113329649 1.2809118628501892
leaf_count=10 10 4 12 4 12 4
internal_value=0 0.00233614 -0.00434445 -0.0019288 -0.000478566 -0.00165827
internal_weight=0 3.99356 1.62498 4.83694 3.43112 2.531
internal_count=56 26 22 30 20 16
is_linear=0
shrinkage=0.1


Tree=89
num_leaves=7
num_cat=0
split_feature=0 0 0 0 0 0
split_gain=0.00450689 0.0114178 0.00277193 0.000968727 0.000157886 6.34541e-06
threshold=0.57627838765000006 0.66154767520000013 0.44592917160000006 0.77832465235000015 0.71163383855000006 0.84499235145000007
decision_type=2 2 2 2 2 2
left_child=2 -2 -1 4 -3 -5
right_child=1 3 -4 5 -6 -7
leaf_value=-0.0013555187723167711 0.0060497878139777923 -0.0039900142726199701 -0.010922013980066717 -0.00017091367609629198 -0.0024750116629524135 -0.00052936384674510701
leaf_weight=0.67836129665374734 2.7529702987521887 1.4057557433843615 0.54720975644886494 0.80338937044143688 1.3470414653420446 1.2818097621202469
leaf_count=6 12 10 8 8 8 4
internal_value=0 0.000908462 -0.0056269 -0.00201711 -0.00324867 -0.00039126
internal_weight=0 7.59097 1.22557 4.838 2.7528 2.0852
internal_count=56 42 14 30 18 12
is_linear=0
shrinkage=0.1


Tree=90
num_leaves=8
num_cat=0
split_feature=0 0 0 0 0 0 0
split_gain=0.00397645 0.0127777 0.00766256 0.00344791 0.00110055 0.000902797 0.000319959
threshold=0.6957178045500001 0.71163383855000006 0.58739679465000016 0.44592917160000006 0.74049241605000005 0.84499235145000007 0.54462207660000017
decision_type=2 2 2 2 2 2 2
left_child=2 -2 3 -1 -3 -6 -5
right_child=1 4 -4 6 5 -7 -8
leaf_value=-0.0019347613090161548 0.010537946753001856 0.0018078645266243944 -0.0055714303220045025 0.0096856322976133936 -0.0041738580265813369 -0.00039531925084750091 0.0057793651502877613
leaf_weight=0.67738340049982049 1.2739228345453737 0.9029832482337955 2.5957490913569927 0.40314075164496899 1.2476758174598217 1.2821046411991119 0.43696686252951622
leaf_count=6 6 4 12 4 12 4 8
internal_value=0 0.00198495 -0.00227134 0.00337365 -0.00118913 -0.00225888 0.00765386
internal_weight=0 4.70669 4.11324 1.51749 3.43276 2.52978 0.840108
internal_count=56 26 30 18 20 16 12
is_linear=0
shrinkage=0.1


Tree=91
num_leaves=7
num_cat=0
split_feature=0 0 0 0 0 0
split_gain=0.00393636 0.010103 0.00243919 0.00180999 0.00132237 0.000934571
threshold=0.57627838765000006 0.66154767520000013 0.44592917160000006 0.71163383855000006 0.74049241605000005 0.84499235145000007
decision_type=2 2 2 2 2 2
left_child=2 -2 -1 -3 -5 -6
right_child=1 3 -4 4 5 -7
leaf_value=-0.0012466078761412805 0.0056834544767761751 -0.0049383476792543568 -0.010200851888698098 0.0026217199104054392 -0.0037942915335402272 5.4028003755944989e-05
leaf_weight=0.68129304796457268 2.7547427229583263 1.3988082017749546 0.54966099746525288 0.90005154907703433 1.2442906685173512 1.2804633006453514
leaf_count=6 12 10 8 4 12 4
internal_value=0 0.000851941 -0.00524497 -0.00190731 -0.000669334 -0.00184256
internal_weight=0 7.57836 1.23095 4.82361 3.42481 2.52475
internal_count=56 42 14 30 20 16
is_linear=0
shrinkage=0.1


Tree=92
num_leaves=8
num_cat=0
split_feature=0 0 0 0 0 0 0
split_gain=0.00422784 0.00970421 0.00588842 0.00248769 0.00125086 0.00090148 0.00090619
threshold=0.6957178045500001 0.71163383855000006 0.58739679465000016 0.44592917160000006 0.54462207660000017 0.74049241605000005 0.84499235145000007
decision_type=2 2 2 2 2 2 2
left_child=2 -2 3 -1 -5 -3 -7
right_child=1 5 -4 4 -6 6 -8
leaf_value=-0.0019058558253702942 0.0095069546137407316 0.0019919685105921313 -0.005239213921916311 0.010223907971603585 0.0025170315666830541 -0.0036138920006540845 0.00017676101288614365
leaf_weight=0.68029347434639909 1.2724961973726747 0.90284847468137774 2.5927251027897 0.40552525594830513 0.4381201695650816 1.242645263671875 1.2805390730500221
leaf_count=6 6 4 12 4 8 12 4
internal_value=0 0.00204991 -0.00233965 0.00259346 0.00622159 -0.00071978 -0.0016901
internal_weight=0 4.69853 4.11666 1.52394 0.843645 3.42603 2.52318
internal_count=56 26 30 18 12 20 16
is_linear=0
shrinkage=0.1


Tree=93
num_leaves=7
num_cat=0
split_feature=0 0 0 0 0 0
split_gain=0.00389456 0.0159847 0.0114091 0.00245508 0.00111481 0.000923883
threshold=0.62112804275000011 0.54462207660000017 0.66154767520000013 0.71163383855000006 0.74049241605000005 0.84499235145000007
decision_type=2 2 2 2 2 2
left_child=1 -1 -2 -4 -5 -6
right_child=2 -3 3 4 5 -7
leaf_value=0.0025015293392631685 0.0066770991322128315 -0.018667490298997606 -0.0053319218101766557 0.0026652649046328752 -0.0033801775294926765 0.00045067604230900982
leaf_weight=1.0894422270357607 2.3707672208547592 0.53034228365868319 1.3956664167344568 0.90037285536527667 1.2394764833152294 1.2793278992176056
leaf_count=10 4 12 10 4 12 4
internal_value=0 -0.00442953 0.00099851 -0.00179755 -0.000354868 -0.00143445
internal_weight=0 1.61978 7.18561 4.81484 3.41918 2.5188
internal_count=56 22 34 30 20 16
is_linear=0
shrinkage=0.1


Tree=94
num_leaves=7
num_cat=0
split_feature=0 0 0 0 0 0
split_gain=0.00423625 0.0102746 0.00266091 0.00106566 0.000141993 1.4334e-05
threshold=0.57627838765000006 0.66154767520000013 0.44592917160000006 0.77832465235000015 0.71163383855000006 0.84499235145000007
decision_type=2 2 2 2 2 2
left_child=2 -2 -1 4 -3 -5
right_child=1 3 -4 5 -6 -7
leaf_value=-0.0012904517392751402 0.00576166255958044 -0.0039019130831061928 -0.010665645536798924 0.00014116671081533085 -0.0024618000997825664 -0.00039914882625080925
leaf_weight=0.68202873319387414 2.7490797629579902 1.3957456611096861 0.54438017029315233 0.79642618820071232 1.3438700474798677 1.2802473977208138
leaf_count=6 12 10 8 8 8 4
internal_value=0 0.0008838 -0.00545193 -0.00190043 -0.00319549 -0.000191932
internal_weight=0 7.56537 1.22641 4.81629 2.73962 2.07667
internal_count=56 42 14 30 18 12
is_linear=0
shrinkage=0.1


Tree=95
num_leaves=7
num_cat=0
split_feature=0 0 0 0 0 0
split_gain=0.00356365 0.00807052 0.00151547 0.000844941 2.41226e-05 6.31653e-06
threshold=0.57627838765000006 0.66154767520000013 0.44592917160000006 0.77832465235000015 0.71163383855000006 0.84499235145000007
decision_type=2 2 2 2 2 2
left_child=2 -2 -1 4 -3 -5
right_child=1 3 -4 5 -6 -7
leaf_value=-0.0018521259805134066 0.0051268895298562404 -0.0031059455439696858 -0.0089235232021706492 8.2022891409280342e-05 -0.0025120516187584867 -0.0002766540588471769
leaf_weight=0.68103872239589669 2.7549482565373182 1.3922197557985785 0.54606932029128075 0.7963085100054742 1.344307594001293 1.2805573269724846
leaf_count=6 12 10 8 8 8 4
internal_value=0 0.000810512 -0.00499893 -0.00165997 -0.0028142 -0.000139131
internal_weight=0 7.56834 1.22711 4.81339 2.73653 2.07687
internal_count=56 42 14 30 18 12
is_linear=0
shrinkage=0.1


Tree=96
num_leaves=8
num_cat=0
split_feature=0 0 0 0 0 0 0
split_gain=0.0040627 0.0117051 0.00680631 0.00339749 0.000941798 0.000900487 0.000884544
threshold=0.6957178045500001 0.71163383855000006 0.58739679465000016 0.44592917160000006 0.54462207660000017 0.74049241605000005 0.84499235145000007
decision_type=2 2 2 2 2 2 2
left_child=2 -2 3 -1 -5 -3 -7
right_child=1 5 -4 4 -6 6 -8
leaf_value=-0.0022258632889249055 0.010215248632803722 0.0016779363909523893 -0.0054109975530266131 0.010747795998158151 0.0040379215996519972 -0.0039093184063427209 -0.0001603429736654593
leaf_weight=0.68084631487727143 1.268681153655052 0.90330968797206912 2.5910140164196491 0.40537936240434647 0.43221780844032764 1.2372848950326443 1.280882254242897
leaf_count=6 6 4 12 4 8 12 4
internal_value=0 0.00201129 -0.0022955 0.00302068 0.00728536 -0.00103073 -0.00200238
internal_weight=0 4.69016 4.10946 1.51844 0.837597 3.42148 2.51817
internal_count=56 26 30 18 12 20 16
is_linear=0
shrinkage=0.1


Tree=97
num_leaves=8
num_cat=0
split_feature=0 0 0 0 0 0 0
split_gain=0.00323054 0.00710581 0.00532726 0.00208099 0.00113868 0.000916379 0.000805433
threshold=0.6957178045500001 0.71163383855000006 0.58739679465000016 0.44592917160000006 0.74049241605000005 0.84499235145000007 0.54462207660000017
decision_type=2 2 2 2 2 2 2
left_child=2 -2 3 -1 -3 -6 -5
right_child=1 4 -4 6 5 -7 -8
leaf_value=-0.0014388774791525179 0.0081914716097276716 0.0024738470042300199 -0.004809074610048778 0.0091950133152055441 -0.0036147458326646095 0.00020460185122382594 0.002986792539248051
leaf_weight=0.68507164716720559 1.2670382671058176 0.90040564537048373 2.5860924627631903 0.40529357641935349 1.2341116070747375 1.2795000076293945 0.43142438028007746
leaf_count=6 6 4 12 4 12 4 8
internal_value=0 0.001796 -0.0020466 0.00264788 -0.000577544 -0.00167059 0.00599396
internal_weight=0 4.68106 4.10788 1.52179 3.41402 2.51361 0.836718
internal_count=56 26 30 18 20 16 12
is_linear=0
shrinkage=0.1


Tree=98
num_leaves=7
num_cat=0
split_feature=0 0 0 0 0 0
split_gain=0.00354404 0.014755 0.0108873 0.00276462 0.00126833 0.000922406
threshold=0.62112804275000011 0.54462207660000017 0.66154767520000013 0.71163383855000006 0.74049241605000005 0.84499235145000007
decision_type=2 2 2 2 2 2
left_child=1 -1 -2 -4 -5 -6
right_child=2 -3 3 4 5 -7
leaf_value=0.0023712337061936061 0.0064940856434646151 -0.018066283535866055 -0.0055557078674130476 0.0029661221295589914 -0.0033655593700607565 0.00046947893582715303
leaf_weight=1.0934310778975485 2.3725900389254093 0.5218378948047756 1.3851215308532117 0.89869040995836291 1.2311305068433285 1.2784262299537659
leaf_count=10 4 12 10 4 12 4
internal_value=0 -0.00423143 0.000953794 -0.0017885 -0.0002575 -0.0014119
internal_weight=0 1.61527 7.16596 4.79337 3.40825 2.50956
internal_count=56 22 34 30 20 16
is_linear=0
shrinkage=0.1


Tree=99
num_leaves=7
num_cat=0
split_feature=0 0 0 0 0 0
split_gain=0.00394377 0.00975853 0.00288144 0.00103102 0.000242009 1.00446e-05
threshold=0.57627838765000006 0.66154767520000013 0.44592917160000006 0.77832465235000015 0.71163383855000006 0.84499235145000007
decision_type=2 2 2 2 2 2
left_child=2 -2 -1 4 -3 -5
right_child=1 3 -4 5 -6 -7
leaf_value=-0.00095275461215592056 0.0056098955200709032 -0.0040714596728971706 -0.010709734828662837 9.5483685302374832e-05 -0.0021861382946147469 -0.00035774410394493909
leaf_weight=0.68631206080317475 2.7455552536994219 1.3852373445406558 0.54147988185286522 0.79152023792266857 1.339000880718231 1.2793425247073174
leaf_count=6 12 10 8 8 8 4
internal_value=0 0.000855761 -0.00525577 -0.00186634 -0.0031448 -0.000184512
internal_weight=0 7.54066 1.22779 4.7951 2.72424 2.07086
internal_count=56 42 14 30 18 12
is_linear=0
shrinkage=0.1


end of trees

feature_importances:
off_dist=611

parameters:
[boosting: gbdt]
[objective: lambdarank]
[metric: ndcg]
[tree_learner: serial]
[device_type: cpu]
[data: ]
[valid: ]
[num_iterations: 100]
[learning_rate: 0.1]
[num_leaves: 16]
[num_threads: -1]
[deterministic: 0]
[force_col_wise: 0]
[force_row_wise: 0]
[histogram_pool_size: -1]
[max_depth: -1]
[min_data_in_leaf: 5]
[min_sum_hessian_in_leaf: 0.001]
[bagging_fraction: 1]
[pos_bagging_fraction: 1]
[neg_bagging_fraction: 1]
[bagging_freq: 0]
[bagging_seed: 3]
[feature_fraction: 1]
[feature_fraction_bynode: 1]
[feature_fraction_seed: 2]
[extra_trees: 0]
[extra_seed: 6]
[early_stopping_round: 0]
[first_metric_only: 0]
[max_delta_step: 0]
[lambda_l1: 0]
[lambda_l2: 0]
[linear_lambda: 0]
[min_gain_to_split: 0]
[drop_rate: 0.1]
[max_drop: 50]
[skip_drop: 0.5]
[xgboost_dart_mode: 0]
[uniform_drop: 0]
[drop_seed: 4]
[top_rate: 0.2]
[other_rate: 0.1]
[min_data_per_group: 100]
[max_cat_threshold: 32]
[cat_l2: 10]
[cat_smooth: 10]
[max_cat_to_onehot: 4]
[top_k: 20]
[monotone_constraints: ]
[monotone_constraints_method: basic]
[monotone_penalty: 0]
[feature_contri: ]
[forcedsplits_filename: ]
[refit_decay_rate: 0.9]
[cegb_tradeoff: 1]
[cegb_penalty_split: 0]
[cegb_penalty_feature_lazy: ]
[cegb_penalty_feature_coupled: ]
[path_smooth: 0]
[interaction_constraints: ]
[verbosity: -1]
[saved_feature_importance_type: 0]
[linear_tree: 0]
[max_bin: 255]
[max_bin_by_feature: ]
[min_data_in_bin: 3]
[bin_construct_sample_cnt: 200000]
[data_random_seed: 1]
[is_enable_sparse: 1]
[enable_bundle: 1]
[use_missing: 1]
[zero_as_missing: 0]
[feature_pre_filter: 1]
[pre_partition: 0]
[two_round: 0]
[header: 0]
[label_column: ]
[weight_column: ]
[group_column: ]
[ignore_column: ]
[categorical_feature: ]
[forcedbins_filename: ]
[precise_float_parser: 0]
[objective_seed: 5]
[num_class: 1]
[is_unbalance: 0]
[scale_pos_weight: 1]
[sigmoid: 1]
[boost_from_average: 1]
[reg_sqrt: 0]
[alpha: 0.9]
[fair_c: 1]
[poisson_max_delta_step: 0.7]
[tweedie_variance_power: 1.5]
[lambdarank_truncation_level: 30]
[lambdarank_norm: 1]
[label_gain: ]
[eval_at: 1,2,3,4,5]
[multi_error_top_k: 1]
[auc_mu_weights: ]
[num_machines: 1]
[local_listen_port: 12400]
[time_out: 120]
[machine_list_filename: ]
[machines: ]
[gpu_platform_id: -1]
[gpu_device_id: -1]
[gpu_use_dp: 0]
[num_gpu: 1]

end of parameters

pandas_categorical:null
