tree
version=v4
num_class=1
num_tree_per_iteration=1
label_index=0
max_feature_idx=0
objective=lambdarank
feature_names=off_dist
feature_infos=[0.41731118880000001:0.87947164010000001]
tree_sizes=963 944 954 859 955 1059 966 960 959 963 968 1069 862 1068 961 1072 962 1070 965 1076 857 1074 1082 865 1077 866 1078 760 1075 760 970 864 979 870 977 863 980 866 980 766 876 869 983 872 981 767 873 871 979 984 767 986 870 981 984 872 980 661 876 874 989 660 877 987 766 771 878 880 876 767 883 770 874 774 871 773 771 874 771 876 973 974 864 768 769 771 879 769 776 878 881 777 879 881 776 771 663 773 771 665

Tree=0
num_leaves=8
num_cat=0
split_feature=0 0 0 0 0 0 0
split_gain=0.313894 1.00962 0.780344 0.0675703 0.0296867 0.0223275 0.000145122
threshold=0.69938644515000015 0.71163383855000006 0.6490310047500002 0.56677318590000014 0.59340111745000013 0.7601111906500001 0.57607773460000011
decision_type=2 2 2 2 2 2 2
left_child=2 -2 3 -1 6 -3 -5
right_child=1 5 -4 4 -6 -7 -8
leaf_value=0.02256776637151231 0.15174851990470281 -0.0045157034444548308 -0.14292730352267949 -0.019691036556791677 0.0070215162475132835 -0.036987469224978066 -0.017461654919797866
leaf_weight=1.0208336710929877 0.51228315755724885 0.34585066512227058 0.42603090405464161 0.45315693318843864 0.73140721581876267 0.54612611047923565 0.82097473740577698
leaf_count=12 4 4 8 4 8 8 8
internal_value=0 0.039862 -0.0162138 0.001624 -0.00903653 -0.024397 -0.0182546
internal_weight=0 1.40426 3.4524 3.02637 2.00554 0.891977 1.27413
internal_count=56 16 40 32 20 12 12
is_linear=0
shrinkage=0.1


Tree=1
num_leaves=8
num_cat=0
split_feature=0 0 0 0 0 0 0
split_gain=3.11304 0.672907 3.00812 0.92766 1.06793 1.10275 0.00212127
threshold=0.44592917160000006 0.58068926565000012 0.63889320805000016 0.80233301090000009 0.6490310047500002 0.69938644515000015 0.56677318590000014
decision_type=2 2 2 2 2 2 2
left_child=-1 6 -3 4 -4 -6 -2
right_child=1 2 3 -5 5 -7 -8
leaf_value=-0.099425517754181597 0.040702089777547107 -0.11012250806906765 0.087517851486717604 0.10357328472563093 -0.0990500201075417 0.015712434427868828 0.037104483716569991
leaf_weight=2.7047857046127346 4.5994064062833813 1.9980551078915576 1.4112039953470228 1.3383495956659315 1.1038378588855264 3.4674723893404007 2.546322762966156
leaf_count=4 8 8 4 4 8 12 8
internal_value=0 0.0163335 -0.00136934 0.0283122 0.0114756 -0.0119993 0.0394201
internal_weight=0 16.4646 9.31892 7.32086 5.98251 4.57131 7.14573
internal_count=56 52 36 28 24 20 16
is_linear=0
shrinkage=0.1


Tree=2
num_leaves=8
num_cat=0
split_feature=0 0 0 0 0 0 0
split_gain=1.07136 0.639067 0.435416 0.246529 0.637654 0.165477 0.0482365
threshold=0.56677318590000014 0.80233301090000009 0.71163383855000006 0.63889320805000016 0.6490310047500002 0.57607773460000011 0.5382534683500001
decision_type=2 2 2 2 2 2 2
left_child=6 2 3 5 -5 -2 -1
right_child=1 -3 -4 4 -6 -7 -8
leaf_value=-0.052192961863351976 0.020969645817044101 0.072430286389096557 -0.039970987381652605 0.07607208703056724 -0.00024777339277537702 -0.019732652274911344 -0.030916410688870161
leaf_weight=2.3974363803863552 1.7274722605943624 1.6863314211368567 1.7155525833368308 1.866906940937042 2.6467887535691261 2.3681376576423645 1.9180214703083036
leaf_count=8 4 4 8 4 12 12 4
internal_value=0 0.0153547 0.00603265 0.0151997 0.0313188 -0.00256498 -0.0427365
internal_weight=0 12.0112 10.3249 8.60931 4.5137 4.09561 4.31546
internal_count=56 44 40 32 16 16 12
is_linear=0
shrinkage=0.1


Tree=3
num_leaves=7
num_cat=0
split_feature=0 0 0 0 0 0
split_gain=0.674297 0.233462 0.251515 0.284923 0.0533145 5.64387e-05
threshold=0.5382534683500001 0.7601111906500001 0.63889320805000016 0.6490310047500002 0.56677318590000014 0.57607773460000011
decision_type=2 2 2 2 2 2
left_child=-1 2 4 -4 -2 -6
right_child=1 -3 3 -5 5 -7
leaf_value=-0.054683905787949197 -0.014774812835953855 -0.022061741677092059 0.054110546955546547 0.0099664504661750569 0.0043434785816145903 0.0050133381131307175
leaf_weight=1.9978204071521783 1.9593616127967814 2.3412887156009665 2.3721266537904739 3.8113125190138817 2.6243700459599495 2.4154621548950672
leaf_count=8 4 8 4 16 4 12
internal_value=0 0.00703744 0.0122056 0.0269013 -0.000777343 0.00466453
internal_weight=0 15.5239 13.1826 6.18344 6.99919 5.03983
internal_count=56 48 40 20 20 16
is_linear=0
shrinkage=0.1


Tree=4
num_leaves=8
num_cat=0
split_feature=0 0 0 0 0 0 0
split_gain=0.203073 0.676652 0.332197 1.00902 1.26878 0.0836089 0.0712276
threshold=0.69938644515000015 0.7601111906500001 0.58068926565000012 0.63889320805000016 0.6490310047500002 0.56677318590000014 0.5382534683500001
decision_type=2 2 2 2 2 2 2
left_child=2 -2 5 -4 -5 6 -1
right_child=1 -3 3 4 -6 -7 -8
leaf_value=-0.025346814526730696 0.050617081305641402 -0.024441810647156809 -0.11895621881855392 0.058447148617642601 -0.084970279871375606 0.013436333257619906 0.0044852633291492259
leaf_weight=1.3492784313857573 2.687439188361167 2.1715339571237564 0.98120647668838534 1.5219040364027026 1.0372826643288133 4.3412028476595879 1.9672909528017044
leaf_count=8 8 8 8 4 8 8 4
internal_value=0 0.0170724 -0.00740783 -0.0327387 0.000317583 0.00430331 -0.00765131
internal_weight=0 4.85897 11.1982 3.54039 2.55919 7.65777 3.31657
internal_count=56 16 40 20 12 20 12
is_linear=0
shrinkage=0.1


Tree=5
num_leaves=9
num_cat=0
split_feature=0 0 0 0 0 0 0 0
split_gain=0.530607 0.253964 0.0659953 0.485231 0.015717 0.00847284 0.111732 0.00276311
threshold=0.68036491340000016 0.7601111906500001 0.58068926565000012 0.63889320805000016 0.57607773460000011 0.56677318590000014 0.5382534683500001 0.71163383855000006
decision_type=2 2 2 2 2 2 2 2
left_child=2 7 4 -4 5 6 -1 -2
right_child=1 -3 3 -5 -6 -7 -8 -9
leaf_value=-0.03194732892975604 0.038638907682475403 -0.003799466330833483 -0.093838444482011826 0.00214281034470858 -0.00092877695044373042 -0.015813292163946665 0.008384709459728093 0.044319292120122734
leaf_weight=1.1576613262295705 2.0186856500804433 1.9733731262385843 0.77095522731542621 1.6626016553491352 1.7314269840717313 2.7319419682025909 1.688999317586422 1.487209737300873
leaf_count=8 8 8 8 8 4 4 4 4
internal_value=0 0.0248964 -0.0140004 -0.0282642 -0.00925188 -0.0118351 -0.00801726 0.0410485
internal_weight=0 5.47927 9.74359 2.43356 7.31003 5.5786 2.84666 3.5059
internal_count=56 20 36 16 20 16 12 12
is_linear=0
shrinkage=0.1


Tree=6
num_leaves=8
num_cat=0
split_feature=0 0 0 0 0 0 0
split_gain=0.793076 0.350331 1.02479 0.072218 0.00868379 0.00147978 0.00254949
threshold=0.80233301090000009 0.6490310047500002 0.63889320805000016 0.5382534683500001 0.71163383855000006 0.56677318590000014 0.57607773460000011
decision_type=2 2 2 2 2 2 2
left_child=1 2 3 -1 -3 -5 -7
right_child=-2 4 -4 5 -6 6 -8
leaf_value=-0.036228604554856068 0.070203458320410916 -0.028171229355092232 0.073533366877668288 -0.011229764064040661 -0.037524912470962242 -0.005662518702708336 -0.010288083510090059
leaf_weight=1.1105280257761458 1.4506168738007552 2.2793284654617301 1.6869512051343916 1.6204346120357511 1.7580867297947405 2.6576794385910034 2.1600504405796528
leaf_count=8 4 12 4 4 8 4 12
internal_value=0 -0.00767255 0.00306912 -0.0126779 -0.0322443 -0.00861566 -0.00773641
internal_weight=0 13.2731 9.23564 7.54869 4.03742 6.43816 4.81773
internal_count=56 52 32 28 20 20 16
is_linear=0
shrinkage=0.1


Tree=7
num_leaves=8
num_cat=0
split_feature=0 0 0 0 0 0 0
split_gain=0.427616 0.546901 0.0947488 0.484239 0.0435985 0.0313553 0.0129274
threshold=0.69938644515000015 0.7601111906500001 0.59340111745000013 0.6490310047500002 0.56677318590000014 0.5382534683500001 0.57607773460000011
decision_type=2 2 2 2 2 2 2
left_child=2 -2 4 -4 5 -1 -6
right_child=1 -3 3 -5 6 -7 -8
leaf_value=-0.030248278855325585 0.054359140387380912 -0.014965301477561156 0.003503616987609422 -0.090933600830292033 -0.0047563915923593278 -0.0080149360239741736 0.0062289907370498138
leaf_weight=1.01581923663616 2.672752022743226 1.9817638322710989 1.5604549869894984 0.83271235041320313 2.6121373847126961 1.6889365613460541 1.815918870270252
leaf_count=8 8 8 8 8 4 4 8
internal_value=0 0.0248427 -0.0121385 -0.0293562 -0.00636166 -0.0163651 -0.000251353
internal_weight=0 4.65452 9.52598 2.39317 7.13281 2.70476 4.42806
internal_count=56 16 40 16 24 12 12
is_linear=0
shrinkage=0.1


Tree=8
num_leaves=8
num_cat=0
split_feature=0 0 0 0 0 0 0
split_gain=0.262324 0.0950524 0.462937 0.041401 0.01621 0.107055 0.00189144
threshold=0.80233301090000009 0.63889320805000016 0.6490310047500002 0.71163383855000006 0.56677318590000014 0.5382534683500001 0.57607773460000011
decision_type=2 2 2 2 2 2 2
left_child=1 4 -3 -4 5 -1 -6
right_child=-2 2 3 -5 6 -7 -8
leaf_value=-0.042555471885861812 0.04075403886927987 0.056948317765581048 -0.0035005463654399459 -0.025449525645141243 -0.0067459214037226545 -0.00082309228045294135 -0.010754939620236827
leaf_weight=1.064978923648594 1.4142449200153357 1.3068906664848325 2.0439664423465733 1.482815273106098 2.6202453225851059 1.4538354426622391 2.13633943349123
leaf_count=8 4 4 12 8 4 4 12
internal_value=0 -0.00475975 0.00610991 -0.0127289 -0.0119814 -0.0184679 -0.0085465
internal_weight=0 12.1091 4.83367 3.52678 7.2754 2.51881 4.75658
internal_count=56 52 24 20 28 12 16
is_linear=0
shrinkage=0.1


Tree=9
num_leaves=8
num_cat=0
split_feature=0 0 0 0 0 0 0
split_gain=0.323558 0.330324 0.121511 0.308531 0.0237512 0.0586243 0.00397164
threshold=0.69938644515000015 0.7601111906500001 0.59340111745000013 0.6490310047500002 0.56677318590000014 0.5382534683500001 0.57607773460000011
decision_type=2 2 2 2 2 2 2
left_child=2 -2 4 -4 5 -1 -6
right_child=1 -3 3 -5 6 -7 -8
leaf_value=-0.0306484174811282 0.049143587547974529 -0.0078253068916338299 -0.0040612143144077495 -0.081475265472667285 -0.0018140369283944123 0.00032695402423112255 0.0042899123383249539
leaf_weight=0.98065373301505876 2.2498007714748391 1.8586531057953832 1.5204462334513666 0.77838728576898564 2.5829289928078651 1.6209547519683838 1.815052881836891
leaf_count=8 8 8 8 8 4 4 8
internal_value=0 0.023371 -0.0103264 -0.0302737 -0.00377517 -0.0113489 0.000705071
internal_weight=0 4.10845 9.29842 2.29883 6.99959 2.60161 4.39798
internal_count=56 16 40 16 24 12 12
is_linear=0
shrinkage=0.1


Tree=10
num_leaves=8
num_cat=0
split_feature=0 0 0 0 0 0 0
split_gain=0.207539 0.0930345 0.203613 0.0725933 0.31313 0.00934629 0.00291383
threshold=0.80233301090000009 0.71163383855000006 0.69938644515000015 0.59340111745000013 0.6490310047500002 0.56677318590000014 0.57607773460000011
decision_type=2 2 2 2 2 2 2
left_child=1 2 3 5 -5 -1 -7
right_child=-2 -3 -4 4 -6 6 -8
leaf_value=-0.0060444402938749702 0.036475606567084526 -0.029915232997941611 0.036719418002857329 0.0019730499453832844 -0.07949015601307996 -0.0006647857707885919 0.0045320054841722513
leaf_weight=2.5981107577681506 1.3953007161617286 1.266371902078389 1.2468062490224845 1.6165131181478503 0.66634913161396969 2.5796439126133919 1.8546227626502512
leaf_count=12 4 8 4 8 8 4 8
internal_value=0 -0.00430272 -0.00123183 -0.00631144 -0.0218054 -0.00128177 0.00150876
internal_weight=0 11.8284 10.562 9.31524 2.28286 7.03238 4.43427
internal_count=56 52 44 40 16 24 12
is_linear=0
shrinkage=0.1


Tree=11
num_leaves=9
num_cat=0
split_feature=0 0 0 0 0 0 0 0
split_gain=0.161108 0.346938 0.151537 0.0131622 0.0219068 0.00602723 0.498882 0.000479015
threshold=0.63889320805000016 0.6490310047500002 0.80233301090000009 0.56677318590000014 0.5382534683500001 0.57607773460000011 0.58068926565000012 0.71163383855000006
decision_type=2 2 2 2 2 2 2 2
left_child=3 -2 7 4 -1 -5 -7 -3
right_child=1 2 -4 5 -6 6 -8 -9
leaf_value=-0.027878828623587915 0.056616918051095366 -0.01182563968011411 0.026480761505170442 -0.0038763616252138486 -0.0084107985211280892 0.030244001940199328 -0.068463805602535455 -0.014300587183647011
leaf_weight=0.96344880014657985 1.3536761254072187 1.9088407699018719 1.406431511044502 2.5903632566332817 1.4447942227125168 1.2229984998703005 0.88078562915325154 1.3247430175542829
leaf_count=8 4 12 4 4 4 4 8 8
internal_value=0 0.0120738 -0.000921223 -0.010189 -0.0161992 -0.0071056 -0.0110817 -0.0128396
internal_weight=0 5.99369 4.64002 7.10239 2.40824 4.69415 2.10378 3.23358
internal_count=56 28 24 28 12 16 12 20
is_linear=0
shrinkage=0.1


Tree=12
num_leaves=7
num_cat=0
split_feature=0 0 0 0 0 0
split_gain=0.238091 0.241931 0.0886778 0.0797751 0.195839 0.0577121
threshold=0.69938644515000015 0.7601111906500001 0.5382534683500001 0.59340111745000013 0.6490310047500002 0.56677318590000014
decision_type=2 2 2 2 2 2
left_child=2 -2 -1 5 -5 -4
right_child=1 -3 3 4 -6 -7
leaf_value=-0.038681558554401529 0.041790157414229617 -0.0074096608347873783 -0.017606007163904425 -0.0024986700923660676 -0.069056266295278876 0.0063507999117560837
leaf_weight=0.92971534095704367 2.2508422285318384 1.7977020628750322 1.3331350684165952 1.4731937833130362 0.63162178732454766 4.092368945479393
leaf_count=8 8 8 4 8 8 12
internal_value=0 0.0199436 -0.00954401 -0.00594661 -0.0224715 0.000464221
internal_weight=0 4.04854 8.46003 7.53032 2.10482 5.4255
internal_count=56 16 40 32 16 16
is_linear=0
shrinkage=0.1


Tree=13
num_leaves=9
num_cat=0
split_feature=0 0 0 0 0 0 0 0
split_gain=0.152747 0.23324 0.126825 0.0104762 0.0072043 0.314902 0.00709302 0.00156184
threshold=0.63889320805000016 0.6490310047500002 0.80233301090000009 0.71163383855000006 0.57607773460000011 0.58068926565000012 0.56677318590000014 0.5382534683500001
decision_type=2 2 2 2 2 2 2 2
left_child=4 -2 3 -3 6 -6 7 -1
right_child=1 2 -4 -5 5 -7 -8 -9
leaf_value=-0.015869281430955604 0.050685951139823542 -0.0052749099386196719 0.026331277987828694 -0.017258982023344867 0.025627827427100791 -0.05531603219706191 -0.0047385683422239777 -0.010288038012934075
leaf_weight=0.86153667420148861 1.2240427136421201 1.7951370794326069 1.3920359537005422 1.2287451047450302 0.94502445310354211 0.9780457392334938 2.5589063130319118 1.1994112953543663
leaf_count=8 4 12 4 8 4 8 4 4
internal_value=0 0.0120603 0.00135374 -0.0101446 -0.0103959 -0.0155391 -0.00825505 -0.0126212
internal_weight=0 5.63996 4.41592 3.02388 6.54292 1.92307 4.61985 2.06095
internal_count=56 28 24 20 28 12 16 12
is_linear=0
shrinkage=0.1


Tree=14
num_leaves=8
num_cat=0
split_feature=0 0 0 0 0 0 0
split_gain=0.278503 0.238768 0.0618943 0.115035 0.0729192 0.0441852 0.0269788
threshold=0.69938644515000015 0.7601111906500001 0.59340111745000013 0.6490310047500002 0.56677318590000014 0.5382534683500001 0.57607773460000011
decision_type=2 2 2 2 2 2 2
left_child=2 -2 4 -4 5 -1 -6
right_child=1 -3 3 -5 6 -7 -8
leaf_value=-0.037626698976442885 0.044559258290094772 -0.0054867345223738075 -0.010047890972335832 -0.061959883996064648 -0.0040035655880713292 -0.0079832114362278824 0.012819096298424851
leaf_weight=0.88783433660864663 2.1286770850420007 1.726535886526108 1.4272502027451994 0.60901548899710167 2.5440173633396626 1.1595249027013779 1.5246219262480734
leaf_count=8 8 8 8 8 4 4 8
internal_value=0 0.0221464 -0.0104731 -0.025574 -0.00544537 -0.0208381 0.00230031
internal_weight=0 3.85521 8.15226 2.03627 6.116 2.04736 4.06864
internal_count=56 16 40 16 24 12 12
is_linear=0
shrinkage=0.1


Tree=15
num_leaves=9
num_cat=0
split_feature=0 0 0 0 0 0 0 0
split_gain=0.152181 0.210319 0.125218 0.0207851 0.177862 0.00797806 0.00269373 0.00167746
threshold=0.63889320805000016 0.6490310047500002 0.80233301090000009 0.57607773460000011 0.58068926565000012 0.56677318590000014 0.71163383855000006 0.5382534683500001
decision_type=2 2 2 2 2 2 2 2
left_child=3 -2 6 5 -5 7 -3 -1
right_child=1 2 -4 4 -6 -7 -8 -9
leaf_value=-0.015265413530532937 0.049524829331083854 -0.0072983871293983461 0.026823503032587365 0.011121485507013902 -0.053043354017530679 -0.0033897154646174883 -0.013481393513431916 -0.009369679183960691
leaf_weight=0.83732951059937444 1.1815402805805204 1.7462029894813897 1.3714041486382482 0.89066653698682763 0.83890663273632526 2.5322316959500313 1.1812894754111765 1.1390936225652695
leaf_count=8 4 12 4 4 8 4 8 4
internal_value=0 0.0121581 0.00188792 -0.0106812 -0.0200008 -0.00710604 -0.00979333 -0.0118675
internal_weight=0 5.48044 4.2989 6.23823 1.72957 4.50865 2.92749 1.97642
internal_count=56 28 24 28 12 16 20 12
is_linear=0
shrinkage=0.1


Tree=16
num_leaves=8
num_cat=0
split_feature=0 0 0 0 0 0 0
split_gain=0.229777 0.168667 0.0768299 0.092319 0.0693707 0.0224026 0.0329814
threshold=0.69938644515000015 0.7601111906500001 0.59340111745000013 0.6490310047500002 0.57607773460000011 0.56677318590000014 0.5382534683500001
decision_type=2 2 2 2 2 2 2
left_child=2 -2 4 -4 5 6 -1
right_child=1 -3 3 -5 -6 -7 -8
leaf_value=-0.032961331608018875 0.040177039257186069 -0.0027736949332378804 -0.012418347584772334 -0.059338157613882239 0.015341859591593008 -0.0037873448180930332 -0.0067612971141730793
leaf_weight=0.84280722029507127 2.007494643330574 1.6789865829050543 1.383273661136627 0.60178999975323666 1.4221888072788713 2.533111359924078 1.117583379149437
leaf_count=8 8 8 8 8 8 4 4
internal_value=0 0.0206154 -0.00961911 -0.0266425 -0.00390675 -0.00999891 -0.0180252
internal_weight=0 3.68648 7.90075 1.98506 5.91569 4.4935 1.96039
internal_count=56 16 40 16 24 16 12
is_linear=0
shrinkage=0.1


Tree=17
num_leaves=9
num_cat=0
split_feature=0 0 0 0 0 0 0 0
split_gain=0.136885 0.18401 0.119252 0.0273153 0.111945 0.00521159 0.00331022 0.00132917
threshold=0.63889320805000016 0.6490310047500002 0.80233301090000009 0.57607773460000011 0.58068926565000012 0.56677318590000014 0.71163383855000006 0.5382534683500001
decision_type=2 2 2 2 2 2 2 2
left_child=3 -2 6 5 -5 7 -3 -1
right_child=1 2 -4 4 -6 -7 -8 -9
leaf_value=-0.013293999293770419 0.047368951937570729 -0.0068802603411640337 0.026340705711534636 0.0035584623922869313 -0.049155129489427657 -0.0032592246856040143 -0.013854010916827475 -0.0079422668986769956
leaf_weight=0.79944273084402051 1.1367755681276319 1.6939369011670353 1.3604808077216146 0.84987013041973092 0.7659483440220356 2.5236344039440155 1.1378578599542377 1.1062762886285782
leaf_count=8 4 12 4 4 8 4 8 4
internal_value=0 0.0116841 0.00200784 -0.0103 -0.0214294 -0.00624001 -0.00968242 -0.0101873
internal_weight=0 5.32905 4.19228 6.04517 1.61582 4.42935 2.83179 1.90572
internal_count=56 28 24 28 12 16 20 12
is_linear=0
shrinkage=0.1


Tree=18
num_leaves=8
num_cat=0
split_feature=0 0 0 0 0 0 0
split_gain=0.179604 0.140959 0.0511506 0.0909802 0.0179439 0.00700993 0.00813337
threshold=0.69938644515000015 0.7601111906500001 0.59340111745000013 0.6490310047500002 0.57607773460000011 0.56677318590000014 0.5382534683500001
decision_type=2 2 2 2 2 2 2
left_child=2 -2 4 -4 5 6 -1
right_child=1 -3 3 -5 -6 -7 -8
leaf_value=-0.019641963851047953 0.036835659869972982 -0.0028981157865787407 -0.0082667800223399177 -0.055604372783516869 0.00633293811613031 -0.0036087005044399541 -0.006188747063796695
leaf_weight=0.7613208498805758 1.9268908053636551 1.6637593023478985 1.3102544788271187 0.58830576855689276 1.3015012070536611 2.5253717415034771 1.0967816039919853
leaf_count=8 8 8 8 8 8 4 4
internal_value=0 0.0184247 -0.0087237 -0.0229353 -0.00397759 -0.0070389 -0.0117009
internal_weight=0 3.59065 7.58354 1.89856 5.68498 4.38347 1.8581
internal_count=56 16 40 16 24 16 12
is_linear=0
shrinkage=0.1


Tree=19
num_leaves=9
num_cat=0
split_feature=0 0 0 0 0 0 0 0
split_gain=0.106778 0.149821 0.117407 0.0280224 0.119086 0.009616 0.00189592 0.000115857
threshold=0.63889320805000016 0.6490310047500002 0.80233301090000009 0.57607773460000011 0.58068926565000012 0.71163383855000006 0.56677318590000014 0.5382534683500001
decision_type=2 2 2 2 2 2 2 2
left_child=3 -2 5 6 -5 -3 7 -1
right_child=1 2 -4 4 -6 -7 -8 -9
leaf_value=-0.0085068219857743332 0.043606342338184487 -0.0054107475392411591 0.025793518240596842 0.0059355235609499565 -0.049661844487000652 -0.017556159006715019 -0.0033088030442294139 -0.0068843584174069529
leaf_weight=0.73750362545251813 1.0809767246246336 1.6379756499081852 1.3538391366600988 0.80198582261800744 0.74142437614500523 1.0828299000859258 2.5194652825593948 1.0914876461029053
leaf_count=8 4 12 4 4 8 8 4 4
internal_value=0 0.0105098 0.00172954 -0.00919653 -0.0207724 -0.0102444 -0.00508788 -0.00753858
internal_weight=0 5.15562 4.07464 5.89187 1.54341 2.72081 4.34846 1.82899
internal_count=56 28 24 28 12 20 16 12
is_linear=0
shrinkage=0.1


Tree=20
num_leaves=7
num_cat=0
split_feature=0 0 0 0 0 0
split_gain=0.172275 0.0390189 0.273382 0.272288 0.0284538 0.076895
threshold=0.58068926565000012 0.7601111906500001 0.59340111745000013 0.68036491340000016 0.56677318590000014 0.5382534683500001
decision_type=2 2 2 2 2 2
left_child=4 2 -2 -4 5 -1
right_child=1 -3 3 -5 -6 -7
leaf_value=-0.045585017649846599 0.084488753865011201 -0.0012550137122212905 -0.02649224984909514 0.029406908292922584 -0.0075450510787825166 -0.0052437045068149096
leaf_weight=0.83858860097825494 0.52458246797323216 1.6297413390129802 1.4424730539321902 2.2010650578886271 3.298276923596859 1.082320049405098
leaf_count=8 4 8 12 12 8 4
internal_value=0 0.0118644 0.0169941 0.00727649 -0.0131799 -0.022855
internal_weight=0 5.79786 4.16812 3.64354 5.21919 1.92091
internal_count=56 36 28 24 20 12
is_linear=0
shrinkage=0.1


Tree=21
num_leaves=9
num_cat=0
split_feature=0 0 0 0 0 0 0 0
split_gain=0.0812251 0.274436 0.087939 0.067699 0.0926217 0.00709404 0.000643193 0.0105719
threshold=0.63889320805000016 0.6490310047500002 0.80233301090000009 0.57607773460000011 0.58068926565000012 0.71163383855000006 0.56677318590000014 0.5382534683500001
decision_type=2 2 2 2 2 2 2 2
left_child=3 -2 5 6 -5 -3 7 -1
right_child=1 2 -4 4 -6 -7 -8 -9
leaf_value=0.007709942289353091 0.054320672583800911 -0.0091700454969860807 0.018269424858521111 0.0015567874477498437 -0.046298481576339992 -0.019824730259108456 -0.0024505726867943057 -0.0067743102714329321
leaf_weight=0.94003106281161319 1.0719106942415235 1.5788828181102874 1.3211904913187029 0.72620487213134743 0.91279304027557373 1.0342447329312561 2.5060908831655979 1.0861817672848701
leaf_count=8 4 12 4 4 8 8 4 4
internal_value=0 0.00946466 -0.00275643 -0.00767784 -0.0250948 -0.013387 -0.00137941 -5.45585e-05
internal_weight=0 5.00623 3.93432 6.1713 1.639 2.61313 4.5323 2.02621
internal_count=56 28 24 28 12 20 16 12
is_linear=0
shrinkage=0.1


Tree=22
num_leaves=9
num_cat=0
split_feature=0 0 0 0 0 0 0 0
split_gain=0.0995095 0.0691094 0.0401755 0.0889483 0.0350109 0.00970431 0.00040687 3.92296e-05
threshold=0.63889320805000016 0.6490310047500002 0.57607773460000011 0.58068926565000012 0.80233301090000009 0.71163383855000006 0.56677318590000014 0.5382534683500001
decision_type=2 2 2 2 2 2 2 2
left_child=2 -2 6 -4 5 -3 7 -1
right_child=1 4 3 -5 -6 -7 -8 -9
leaf_value=-0.0045912491301014647 0.035268516454641706 0.0029889169968399282 -0.00051644019325341789 -0.049936936656124684 0.017729500132208708 -0.0094748089345783968 -0.0031970288705506773 -0.0055471225811485744
leaf_weight=0.71130028925836053 0.915868580341339 1.5513742323964836 0.79418969899415948 0.67262852936983109 1.3695878237485888 1.045819593593478 2.5142294354736805 1.0831681191921234
leaf_count=8 4 12 4 8 4 8 4 4
internal_value=0 0.0105089 -0.00888431 -0.0231789 0.00479232 -0.00202989 -0.00401799 -0.00516823
internal_weight=0 4.88265 5.77552 1.46682 3.96678 2.59719 4.3087 1.79447
internal_count=56 28 28 12 24 20 16 12
is_linear=0
shrinkage=0.1


Tree=23
num_leaves=7
num_cat=0
split_feature=0 0 0 0 0 0
split_gain=0.13994 0.155631 0.0327641 0.0508311 0.00903534 0.00722655
threshold=0.69938644515000015 0.7601111906500001 0.59340111745000013 0.6490310047500002 0.56677318590000014 0.5382534683500001
decision_type=2 2 2 2 2 2
left_child=2 -2 4 -4 5 -1
right_child=1 -3 3 -5 -6 -7
leaf_value=-0.018008213642785455 0.037377514178963067 -0.0053958059175809002 -0.0076546804778805854 -0.044040044439544707 -0.0013238756996184291 -0.0049007653381277615
leaf_weight=0.69029900990426507 1.7585785835981369 1.647631099447608 1.1319589428603647 0.58103220351040352 3.6860379800200462 1.0766925252974033
leaf_count=8 8 8 8 8 12 4
internal_value=0 0.0166875 -0.00793202 -0.0199963 -0.0041422 -0.0100214
internal_weight=0 3.40621 7.16602 1.71299 5.45303 1.76699
internal_count=56 16 40 16 24 12
is_linear=0
shrinkage=0.1


Tree=24
num_leaves=9
num_cat=0
split_feature=0 0 0 0 0 0 0 0
split_gain=0.0671979 0.0256205 0.120715 0.0160587 0.00837221 0.0917046 0.00202596 0.00187329
threshold=0.80233301090000009 0.63889320805000016 0.6490310047500002 0.71163383855000006 0.57607773460000011 0.58068926565000012 0.56677318590000014 0.5382534683500001
decision_type=2 2 2 2 2 2 2 2
left_child=1 4 -3 -4 6 -6 7 -1
right_child=-2 2 3 -5 5 -7 -8 -9
leaf_value=-0.011741495971968014 0.020800908194223894 0.0346295253792741 -0.0012110914465486326 -0.017614472376572439 0.010077046168711662 -0.041764504722136199 -0.0032337502746517459 -0.0050542355606812452
leaf_weight=0.68580888770520476 1.3515613079071052 0.92302446067333255 1.5101674841716888 0.98681093007326115 0.73357006907463052 0.63797483034431934 2.5115031264722347 1.076330229640007
leaf_count=8 4 4 12 8 4 8 4 4
internal_value=0 -0.00310128 0.00372888 -0.00769374 -0.00723918 -0.0140371 -0.00505752 -0.00765686
internal_weight=0 9.06519 3.42 2.49698 5.64519 1.37154 4.27364 1.76214
internal_count=56 52 24 20 28 12 16 12
is_linear=0
shrinkage=0.1


Tree=25
num_leaves=7
num_cat=0
split_feature=0 0 0 0 0 0
split_gain=0.112481 0.0828921 0.0502672 0.0271385 0.00994491 0.0193208
threshold=0.68036491340000016 0.7601111906500001 0.59340111745000013 0.57607773460000011 0.56677318590000014 0.5382534683500001
decision_type=2 2 2 2 2 2
left_child=2 -2 3 4 5 -1
right_child=1 -3 -4 -5 -6 -7
leaf_value=-0.02588074432900574 0.027244199165180949 -0.0029567147562219189 -0.025377139674041694 0.010297130994885956 -0.0030780045971053136 -0.004442671226380885
leaf_weight=0.69330631382763352 2.0748001411557198 1.6171631645411255 1.2998410696163771 1.1314042247831819 2.5084186606109142 1.0679486244916916
leaf_count=8 12 8 12 8 4 4
internal_value=0 0.0140155 -0.00772204 -0.00347311 -0.00712203 -0.0128816
internal_weight=0 3.69196 6.70092 5.40108 4.26967 1.76125
internal_count=56 20 36 24 16 12
is_linear=0
shrinkage=0.1


Tree=26
num_leaves=9
num_cat=0
split_feature=0 0 0 0 0 0 0 0
split_gain=0.100917 0.0845725 0.0548744 0.0400536 0.0908024 0.0113144 0.0019571 0.000767307
threshold=0.63889320805000016 0.6490310047500002 0.80233301090000009 0.57607773460000011 0.58068926565000012 0.71163383855000006 0.56677318590000014 0.5382534683500001
decision_type=2 2 2 2 2 2 2 2
left_child=3 -2 5 6 -5 -3 7 -1
right_child=1 2 -4 4 -6 -7 -8 -9
leaf_value=-0.0095035224301257739 0.037341177224890269 0.00063684134809001425 0.02028783312223224 0.001354627423449376 -0.049465482372884104 -0.013155917942505969 -0.0024368388940530727 -0.0051530962149179856
leaf_weight=0.6582586336880919 0.95125649869441975 1.5333173554390671 1.3516505509614947 0.71285806596279122 0.69372862949967384 0.97161162085831154 2.5000778138637543 1.0555015727877617
leaf_count=8 4 12 4 4 8 8 4 4
internal_value=0 0.0106362 0.00404921 -0.00909845 -0.0237099 -0.00471309 -0.00422113 -0.0068241
internal_weight=0 4.80784 3.85658 5.62042 1.40659 2.50493 4.21384 1.71376
internal_count=56 28 24 28 12 20 16 12
is_linear=0
shrinkage=0.1


Tree=27
num_leaves=6
num_cat=0
split_feature=0 0 0 0 0
split_gain=0.0861284 0.0737238 0.0304994 0.0336582 0.0641388
threshold=0.69938644515000015 0.7601111906500001 0.5382534683500001 0.59340111745000013 0.6490310047500002
decision_type=2 2 2 2 2
left_child=2 -2 -1 -4 -5
right_child=1 -3 3 4 -6
leaf_value=-0.026199442213871601 0.028105966264728124 -0.0019199132383622868 0.00023289858691843133 -0.0030961061550369645 -0.045964479916596829
leaf_weight=0.69172306731343258 1.6684846132993698 1.6037647370249033 4.6735513918101788 1.1186289601027963 0.50729603599756945
leaf_count=8 8 8 16 8 8
internal_value=0 0.01339 -0.00626721 -0.00407852 -0.0164712
internal_weight=0 3.27225 6.9912 6.29948 1.62592
internal_count=56 16 40 32 16
is_linear=0
shrinkage=0.1


Tree=28
num_leaves=9
num_cat=0
split_feature=0 0 0 0 0 0 0 0
split_gain=0.0747763 0.0742143 0.0623801 0.0204121 0.0622112 0.0116094 0.00234046 0.00170111
threshold=0.63889320805000016 0.6490310047500002 0.80233301090000009 0.57607773460000011 0.58068926565000012 0.71163383855000006 0.56677318590000014 0.5382534683500001
decision_type=2 2 2 2 2 2 2 2
left_child=3 -2 5 6 -5 -3 7 -1
right_child=1 2 -4 4 -6 -7 -8 -9
leaf_value=-0.011352799296187108 0.034800283067981545 -0.0010269734405362661 0.020343140355981948 0.0026871539010767521 -0.040443866549047053 -0.015274137953203698 -0.002488195760824932 -0.0048294717599294337
leaf_weight=0.64318569377064672 0.91813327372074116 1.477808282710612 1.3443826362490656 0.67696140706539132 0.66090102866292 0.93304980732500542 2.4989338405430317 1.0562155693769455
leaf_count=8 4 12 4 4 8 8 4 4
internal_value=0 0.0093147 0.00308363 -0.00786299 -0.0186195 -0.00654091 -0.00443527 -0.00729841
internal_weight=0 4.67337 3.75524 5.5362 1.33786 2.41086 4.19834 1.6994
internal_count=56 28 24 28 12 20 16 12
is_linear=0
shrinkage=0.1


Tree=29
num_leaves=6
num_cat=0
split_feature=0 0 0 0 0
split_gain=0.0713684 0.0592556 0.0407725 0.0381218 0.0470599
threshold=0.69938644515000015 0.7601111906500001 0.5382534683500001 0.59340111745000013 0.6490310047500002
decision_type=2 2 2 2 2
left_child=2 -2 -1 -4 -5
right_child=1 -3 3 4 -6
leaf_value=-0.028863329398221615 0.025844110146615973 -0.0013783498639090839 0.0014080706468955649 -0.0048890192535331126 -0.042006827031026761
leaf_weight=0.68560594134032715 1.6129642277956009 1.5856828708201647 4.6365136951208115 1.0865138210356233 0.49819760862737883
leaf_count=8 8 8 16 8 8
internal_value=0 0.012349 -0.00571898 -0.00316837 -0.016558
internal_weight=0 3.19865 6.90683 6.22123 1.58471
internal_count=56 16 40 32 16
is_linear=0
shrinkage=0.1


Tree=30
num_leaves=8
num_cat=0
split_feature=0 0 0 0 0 0 0
split_gain=0.063803 0.0640648 0.0593853 0.0197033 0.0501967 0.0109856 0.00139981
threshold=0.63889320805000016 0.6490310047500002 0.80233301090000009 0.57607773460000011 0.58068926565000012 0.71163383855000006 0.56677318590000014
decision_type=2 2 2 2 2 2 2
left_child=3 -2 5 6 -5 -3 -1
right_child=1 2 -4 4 -6 -7 -8
leaf_value=-0.0061734456024401 0.032821107571696394 -0.0012637257489752484 0.019700283239771084 0.0015344242809960911 -0.037805554355512999 -0.015320531443024693 -0.0024394744930325901
leaf_weight=1.67929948028177 0.88841699063777912 1.4416451472789051 1.3402191177010538 0.65153820440173127 0.64586658030748367 0.90497345849871624 2.4965857081115246
leaf_count=12 4 12 4 4 8 8 4
internal_value=0 0.00871536 0.0029066 -0.00728539 -0.0180496 -0.00668473 -0.00394106
internal_weight=0 4.57525 3.68684 5.47329 1.2974 2.34662 4.17589
internal_count=56 28 24 28 12 20 16
is_linear=0
shrinkage=0.1


Tree=31
num_leaves=7
num_cat=0
split_feature=0 0 0 0 0 0
split_gain=0.0624972 0.0405324 0.0397885 0.0623875 0.013367 0.02972
threshold=0.68036491340000016 0.7601111906500001 0.59340111745000013 0.57607773460000011 0.56677318590000014 0.5382534683500001
decision_type=2 2 2 2 2 2
left_child=2 -2 3 4 5 -1
right_child=1 -3 -4 -5 -6 -7
leaf_value=-0.030553544989575861 0.020627825029646114 -0.0010647951027349817 -0.022134209288481442 0.019789666851735641 -0.0027728965531076347 -0.0037192181484554058
leaf_weight=0.67722034733742442 1.9049669560045004 1.5722558032721281 1.2119386773556469 1.0488788112998007 2.4995327740907669 1.0567937530577183
leaf_count=8 12 8 12 8 4 4
internal_value=0 0.0108193 -0.0057929 -0.00204374 -0.00745306 -0.0141994
internal_weight=0 3.47722 6.49436 5.28243 4.23355 1.73401
internal_count=56 20 36 24 16 12
is_linear=0
shrinkage=0.1


Tree=32
num_leaves=8
num_cat=0
split_feature=0 0 0 0 0 0 0
split_gain=0.0530272 0.0186953 0.125303 0.0313893 0.0129032 4.78378e-05 4.24629e-05
threshold=0.80233301090000009 0.63889320805000016 0.6490310047500002 0.57607773460000011 0.58068926565000012 0.71163383855000006 0.56677318590000014
decision_type=2 2 2 2 2 2 2
left_child=1 3 -3 6 -5 -4 -1
right_child=-2 2 5 4 -6 -7 -8
leaf_value=-0.001928117653357878 0.018485132112908084 0.034780983498878315 -0.0088596960862992857 -0.010820281918081981 -0.031285581600083816 -0.0097942988530715508 -0.0025803173271594657
leaf_weight=1.6635346850380281 1.3422184064984328 0.90079569071531329 1.3945142030715945 0.6535627059638498 0.58280294388532639 0.90185307152569283 2.4962469488382339
leaf_count=12 4 4 12 4 8 8 4
internal_value=0 -0.00288726 0.00317237 -0.00647752 -0.0204673 -0.00922674 -0.0023195
internal_weight=0 8.59331 3.19716 5.39615 1.23637 2.29637 4.15978
internal_count=56 52 24 28 12 20 16
is_linear=0
shrinkage=0.1


Tree=33
num_leaves=7
num_cat=0
split_feature=0 0 0 0 0 0
split_gain=0.0557757 0.0555567 0.0262786 0.0629842 0.0106233 0.00111714
threshold=0.69938644515000015 0.7601111906500001 0.59340111745000013 0.6490310047500002 0.57607773460000011 0.56677318590000014
decision_type=2 2 2 2 2 2
left_child=2 -2 4 -4 5 -1
right_child=1 -3 3 -5 -6 -7
leaf_value=-0.0060128291243361776 0.024341394596688111 -0.0022528650626478645 -0.0030361511024241633 -0.047265961439387161 0.0074778427840114046 -0.0026724826606338674
leaf_weight=1.6710927272215483 1.5639340057969093 1.5782383605837822 1.0325669925659893 0.46783212386071671 0.99728556349873532 2.4975885413587093
leaf_count=12 8 8 8 8 8 4
internal_value=0 0.0109837 -0.00517715 -0.0168272 -0.00179351 -0.00401152
internal_weight=0 3.14217 6.66637 1.5004 5.16597 4.16868
internal_count=56 16 40 16 24 16
is_linear=0
shrinkage=0.1


Tree=34
num_leaves=8
num_cat=0
split_feature=0 0 0 0 0 0 0
split_gain=0.0511529 0.0134537 0.0907192 0.013238 0.012485 0.00437172 0.000280284
threshold=0.80233301090000009 0.63889320805000016 0.6490310047500002 0.57607773460000011 0.58068926565000012 0.71163383855000006 0.56677318590000014
decision_type=2 2 2 2 2 2 2
left_child=1 3 -3 6 -5 -4 -1
right_child=-2 2 5 4 -6 -7 -8
leaf_value=-0.004254935359017646 0.018145579321545296 0.030084999689632859 -0.0046949017152376343 -0.0053751426326382962 -0.025810363705788014 -0.013769387670479133 -0.0025761689298217632
leaf_weight=1.6537339733913521 1.3404495269060142 0.85424297302961383 1.3594657983630898 0.62314794585108735 0.57469974644482136 0.87105660326778878 2.4949515163898468
leaf_count=12 4 4 12 4 8 8 4
internal_value=0 -0.00288487 0.00237406 -0.0059191 -0.0151795 -0.00823864 -0.00324535
internal_weight=0 8.4313 3.08477 5.34653 1.19785 2.23052 4.14869
internal_count=56 52 24 28 12 20 16
is_linear=0
shrinkage=0.1


Tree=35
num_leaves=7
num_cat=0
split_feature=0 0 0 0 0 0
split_gain=0.0503383 0.0488354 0.0249667 0.0404698 0.0234094 0.00310388
threshold=0.69938644515000015 0.7601111906500001 0.59340111745000013 0.6490310047500002 0.57607773460000011 0.56677318590000014
decision_type=2 2 2 2 2 2
left_child=2 -2 4 -4 5 -1
right_child=1 -3 3 -5 -6 -7
leaf_value=-0.0082602748987159764 0.023271897833437 -0.0018612555627737723 -0.0052199865595225665 -0.041087836321001381 0.012247423876761657 -0.0026910341879449232
leaf_weight=1.6705496646463869 1.524842768907547 1.5682022236287594 1.0038136616349218 0.4581445027142762 0.98080856353044499 2.4957919381558895
leaf_count=12 8 8 8 8 8 4
internal_value=0 0.0105292 -0.00492762 -0.0164602 -0.001652 -0.00492409
internal_weight=0 3.09304 6.60911 1.46196 5.14715 4.16634
internal_count=56 16 40 16 24 16
is_linear=0
shrinkage=0.1


Tree=36
num_leaves=8
num_cat=0
split_feature=0 0 0 0 0 0 0
split_gain=0.0482046 0.0143342 0.074098 0.0131775 0.00898802 0.00537058 0.000280018
threshold=0.80233301090000009 0.63889320805000016 0.6490310047500002 0.57607773460000011 0.58068926565000012 0.71163383855000006 0.56677318590000014
decision_type=2 2 2 2 2 2 2
left_child=1 3 -3 6 -5 -4 -1
right_child=-2 2 5 4 -6 -7 -8
leaf_value=-0.0043127104210392026 0.017614340079889199 0.028136892472621362 -0.0030076106082003225 -0.0068141743511731245 -0.024282643660821307 -0.01315967696589695 -0.0026296701692549284
leaf_weight=1.6380435107275824 1.3385640606284148 0.82891424000263247 1.3367432057857516 0.60762894153594948 0.57165589556097984 0.85399318486452092 2.4931304715573788
leaf_count=12 4 4 12 4 8 8 4
internal_value=0 -0.00283045 0.00267064 -0.00595849 -0.015282 -0.00696509 -0.00329701
internal_weight=0 8.33011 3.01965 5.31046 1.17928 2.19074 4.13117
internal_count=56 52 24 28 12 20 16
is_linear=0
shrinkage=0.1


Tree=37
num_leaves=7
num_cat=0
split_feature=0 0 0 0 0 0
split_gain=0.0454662 0.0438134 0.0225275 0.0279731 0.0236607 0.00283612
threshold=0.69938644515000015 0.7601111906500001 0.59340111745000013 0.6490310047500002 0.57607773460000011 0.56677318590000014
decision_type=2 2 2 2 2 2
left_child=2 -2 4 -4 5 -1
right_child=1 -3 3 -5 -6 -7
leaf_value=-0.0080766771357456534 0.022302032064306331 -0.0016486708003580629 -0.0063224059903836827 -0.036390970493769152 0.012537815147494 -0.0027378391532375374
leaf_weight=1.6555348895490167 1.4955470934510231 1.5609900336712599 0.9849985036998985 0.45108749764040112 0.96205751597881306 2.4939346127212048
leaf_count=12 8 8 8 8 8 4
internal_value=0 0.0100703 -0.00470098 -0.0157672 -0.00159191 -0.0048679
internal_weight=0 3.05654 6.54761 1.43609 5.11153 4.14947
internal_count=56 16 40 16 24 16
is_linear=0
shrinkage=0.1


Tree=38
num_leaves=8
num_cat=0
split_feature=0 0 0 0 0 0 0
split_gain=0.0459116 0.0142222 0.0655407 0.0132755 0.00706987 0.00552254 0.000214169
threshold=0.80233301090000009 0.63889320805000016 0.6490310047500002 0.57607773460000011 0.58068926565000012 0.71163383855000006 0.56677318590000014
decision_type=2 2 2 2 2 2 2
left_child=1 3 -3 6 -5 -4 -1
right_child=-2 2 5 4 -6 -7 -8
leaf_value=-0.0041317916218762754 0.01719059331198728 0.026951660734880558 -0.0023377337607804623 -0.0077103116231483628 -0.023320195230434361 -0.012720324255757332 -0.0026557959213949749
leaf_weight=1.6238785488530973 1.3368535339832313 0.81265483051538501 1.3186316140927377 0.59316274523735024 0.56795676611363888 0.83779665082693089 2.4912475980818272
leaf_count=12 4 4 12 4 8 8 4
internal_value=0 -0.0027872 0.00274925 -0.0059027 -0.0153458 -0.00637149 -0.00323824
internal_weight=0 8.24533 2.96908 5.27625 1.16112 2.15643 4.11513
internal_count=56 52 24 28 12 20 16
is_linear=0
shrinkage=0.1


Tree=39
num_leaves=6
num_cat=0
split_feature=0 0 0 0 0
split_gain=0.0426025 0.0334753 0.0324603 0.0226997 0.00235462
threshold=0.68036491340000016 0.59340111745000013 0.7601111906500001 0.57607773460000011 0.56677318590000014
decision_type=2 2 2 2 2
left_child=1 3 -2 4 -1
right_child=2 -3 -4 -5 -6
leaf_value=-0.007636631249501237 0.018284139422297493 -0.020758568578629719 -0.0014721981559445865 0.012493547247469939 -0.0027580624905461336
leaf_weight=1.6406253343448041 1.7876172233372927 1.0976157533004878 1.5551403500139713 0.94380671158432949 2.4920671135187149
leaf_count=12 12 12 8 8 4
internal_value=0 -0.00492306 0.00909296 -0.00149919 -0.00469479
internal_weight=0 6.17411 3.34276 5.0765 4.13269
internal_count=56 36 20 24 16
is_linear=0
shrinkage=0.1


Tree=40
num_leaves=7
num_cat=0
split_feature=0 0 0 0 0 0
split_gain=0.043187 0.00991121 0.0222934 0.0664924 0.00118077 4.63814e-05
threshold=0.80233301090000009 0.6490310047500002 0.58068926565000012 0.63889320805000016 0.71163383855000006 0.56677318590000014
decision_type=2 2 2 2 2 2
left_child=1 2 5 -4 -3 -1
right_child=-2 4 3 -5 -6 -7
leaf_value=-0.0035050140264632577 0.016634899617983673 -0.0067216225745594937 -0.016809382256343364 0.028321413442766424 -0.011556907214049228 -0.0041666136996531978
leaf_weight=1.6165127092972378 1.3410141095519073 1.3008342790417375 0.53813949413597562 0.82991864532232285 0.82554371468722809 3.0758646130561829
leaf_count=12 4 12 8 4 8 8
internal_value=0 -0.00272482 -0.000663841 0.0105688 -0.00859887 -0.00393869
internal_weight=0 8.18681 6.06044 1.36806 2.12638 4.69238
internal_count=56 52 32 12 20 20
is_linear=0
shrinkage=0.1


Tree=41
num_leaves=7
num_cat=0
split_feature=0 0 0 0 0 0
split_gain=0.0376699 0.0391832 0.0167479 0.0325963 0.011356 0.000824092
threshold=0.69938644515000015 0.7601111906500001 0.59340111745000013 0.6490310047500002 0.57607773460000011 0.56677318590000014
decision_type=2 2 2 2 2 2
left_child=2 -2 4 -4 5 -1
right_child=1 -3 3 -5 -6 -7
leaf_value=-0.0056663224502533768 0.02091119670666838 -0.0018495018763148409 -0.0038368008538731571 -0.03707487911052048 0.0083227712113022965 -0.0027708175188206389
leaf_weight=1.6236392008140681 1.4695001989603043 1.558561434969306 0.95786118321120717 0.42639180272817612 0.92986867204308499 2.4909327905625105
leaf_count=12 8 8 8 8 8 4
internal_value=0 0.00919613 -0.00433159 -0.0140751 -0.00165784 -0.0039134
internal_weight=0 3.02806 6.42869 1.38425 5.04444 4.11457
internal_count=56 16 40 16 24 16
is_linear=0
shrinkage=0.1


Tree=42
num_leaves=8
num_cat=0
split_feature=0 0 0 0 0 0 0
split_gain=0.0402957 0.00946947 0.0624677 0.00928181 0.00297421 0.00129197 6.93124e-05
threshold=0.80233301090000009 0.63889320805000016 0.6490310047500002 0.57607773460000011 0.71163383855000006 0.58068926565000012 0.56677318590000014
decision_type=2 2 2 2 2 2 2
left_child=1 3 -3 6 -4 -5 -1
right_child=-2 2 4 5 -6 -7 -8
leaf_value=-0.0035202546248683875 0.016065983343115885 0.025699145033399224 -0.0041565155062049134 -0.010005655809932632 -0.011895790805451599 -0.016832964217515806 -0.0026779223333308669
leaf_weight=1.6080803070217351 1.3395456150174148 0.79985412210226092 1.2793636349961164 0.57116889953613259 0.81154344417154778 0.53849382698535919 2.4887957647442818
leaf_count=12 4 4 12 4 8 8 4
internal_value=0 -0.00265781 0.00193164 -0.00520596 -0.00716036 -0.0133188 -0.00300855
internal_weight=0 8.0973 2.89076 5.20654 2.09091 1.10966 4.09688
internal_count=56 52 24 28 20 12 16
is_linear=0
shrinkage=0.1


Tree=43
num_leaves=7
num_cat=0
split_feature=0 0 0 0 0 0
split_gain=0.032351 0.0349479 0.0174308 0.0213396 0.0153006 0.000858855
threshold=0.69938644515000015 0.7601111906500001 0.59340111745000013 0.6490310047500002 0.57607773460000011 0.56677318590000014
decision_type=2 2 2 2 2 2
left_child=2 -2 4 -4 5 -1
right_child=1 -3 3 -5 -6 -7
leaf_value=-0.0056959252591228075 0.019805019717749894 -0.0018231798241514809 -0.0056675455140728463 -0.032725855103104565 0.010418020493015418 -0.0027359170055216552
leaf_weight=1.6170177916064856 1.4392748475074768 1.5534983389079571 0.94062815606594063 0.42232622997835279 0.91189940646290768 2.4892221707850695
leaf_count=12 8 8 8 8 8 4
internal_value=0 0.00857818 -0.00402322 -0.0140519 -0.00129939 -0.00390155
internal_weight=0 2.99277 6.38109 1.36295 5.01814 4.10624
internal_count=56 16 40 16 24 16
is_linear=0
shrinkage=0.1


Tree=44
num_leaves=8
num_cat=0
split_feature=0 0 0 0 0 0 0
split_gain=0.0381077 0.00864425 0.0225952 0.0361962 0.00889524 0.00210065 3.78849e-05
threshold=0.80233301090000009 0.71163383855000006 0.63889320805000016 0.6490310047500002 0.57607773460000011 0.58068926565000012 0.56677318590000014
decision_type=2 2 2 2 2 2 2
left_child=1 2 4 -4 6 -6 -1
right_child=-2 -3 3 -5 5 -7 -8
leaf_value=-0.0032616852578350717 0.015622584035144433 -0.012486916678171894 0.024278494672438151 -0.0030846282908581898 -0.0087274407211342612 -0.017483922637895288 -0.0026379633895796846
leaf_weight=1.6005382305011133 1.3382752686738975 0.7971997745335101 0.78287107497453723 1.2638817271217702 0.55802372097969033 0.53819176182150841 2.487063879147172
leaf_count=12 4 8 4 12 4 8 4
internal_value=0 -0.00260437 -0.00151478 0.00738161 -0.00502739 -0.0130265 -0.00288219
internal_weight=0 8.02777 7.23057 2.04675 5.18382 1.09622 4.0876
internal_count=56 52 44 16 28 12 16
is_linear=0
shrinkage=0.1


Tree=45
num_leaves=6
num_cat=0
split_feature=0 0 0 0 0
split_gain=0.0307965 0.027343 0.0270058 0.0153911 0.000730301
threshold=0.68036491340000016 0.59340111745000013 0.7601111906500001 0.57607773460000011 0.56677318590000014
decision_type=2 2 2 2 2
left_child=1 3 -2 4 -1
right_child=2 -3 -4 -5 -6
leaf_value=-0.0054257485779350013 0.016420990802108962 -0.018990941485873998 -0.0017704771469627862 0.010691238326445932 -0.0026913001886302041
leaf_weight=1.6081368718296287 1.7238839287310839 1.0396882025524972 1.5496304593980312 0.89794924855232228 2.4874644558876753
leaf_count=12 12 12 8 8 4
internal_value=0 -0.00423725 0.00780943 -0.00116544 -0.00376498
internal_weight=0 6.03324 3.27351 4.99355 4.0956
internal_count=56 36 20 24 16
is_linear=0
shrinkage=0.1


Tree=46
num_leaves=7
num_cat=0
split_feature=0 0 0 0 0 0
split_gain=0.0358595 0.00916162 0.0194576 0.0469389 0.00143619 0.000133833
threshold=0.80233301090000009 0.6490310047500002 0.58068926565000012 0.63889320805000016 0.71163383855000006 0.56677318590000014
decision_type=2 2 2 2 2 2
left_child=1 2 5 -4 -3 -1
right_child=-2 4 3 -5 -6 -7
leaf_value=-0.0028641007974179698 0.015123149696068889 -0.0062196991643421601 -0.013211225643728064 0.025426492091285488 -0.011669424513538296 -0.0039950438508653072
leaf_weight=1.5963288182392714 1.3423755988478658 1.2530249073170128 0.51950894948095061 0.79645191878080368 0.7874795477837323 3.0371747687458992
leaf_count=12 4 12 8 4 8 8
internal_value=0 -0.0025408 -0.000557708 0.0101733 -0.00832288 -0.00360541
internal_weight=0 7.98997 5.94946 1.31596 2.0405 4.6335
internal_count=56 52 32 12 20 20
is_linear=0
shrinkage=0.1


Tree=47
num_leaves=7
num_cat=0
split_feature=0 0 0 0 0 0
split_gain=0.0270755 0.0322418 0.0135813 0.0224159 0.00888933 0.000259253
threshold=0.69938644515000015 0.7601111906500001 0.59340111745000013 0.6490310047500002 0.57607773460000011 0.56677318590000014
decision_type=2 2 2 2 2 2
left_child=2 -2 4 -4 5 -1
right_child=1 -3 3 -5 -6 -7
leaf_value=-0.0042818750462536494 0.018777700028691745 -0.0020819357770105618 -0.004082693458715681 -0.032332262744207481 0.0077413837309236681 -0.0026497237366227802
leaf_weight=1.5991685679182408 1.417133592069149 1.5529969409108162 0.91947797685861565 0.40443654684349895 0.88980585709214199 2.486248591914773
leaf_count=12 8 8 8 8 8 4
internal_value=0 0.00787079 -0.00371119 -0.0127125 -0.00131592 -0.0032886
internal_weight=0 2.97013 6.29914 1.32391 4.97522 4.08542
internal_count=56 16 40 16 24 16
is_linear=0
shrinkage=0.1


Tree=48
num_leaves=8
num_cat=0
split_feature=0 0 0 0 0 0 0
split_gain=0.0335246 0.00709732 0.0172304 0.035816 0.0071772 0.000242335 5.5892e-06
threshold=0.80233301090000009 0.71163383855000006 0.63889320805000016 0.6490310047500002 0.57607773460000011 0.58068926565000012 0.56677318590000014
decision_type=2 2 2 2 2 2 2
left_child=1 2 4 -4 6 -6 -1
right_child=-2 -3 3 -5 5 -7 -8
leaf_value=-0.0027969333202893347 0.014620760752515369 -0.011548221432107646 0.023269259587960001 -0.0041894423385817631 -0.010400565097833334 -0.013423403674326621 -0.002556862047580267
leaf_weight=1.590664656832814 1.3411907628178594 0.77759162336587895 0.77176948636770282 1.2354457536712287 0.54065237939357735 0.52055761311203241 2.4844479691237211
leaf_count=12 4 8 4 12 4 8 4
internal_value=0 -0.00247556 -0.00148798 0.00636836 -0.00455815 -0.0118834 -0.00265057
internal_weight=0 7.92113 7.14354 2.00722 5.13632 1.06121 4.07511
internal_count=56 52 44 16 28 12 16
is_linear=0
shrinkage=0.1


Tree=49
num_leaves=8
num_cat=0
split_feature=0 0 0 0 0 0 0
split_gain=0.0254046 0.00764341 0.0233688 0.00419289 0.00287542 0.000268876 0.000135391
threshold=0.80233301090000009 0.63889320805000016 0.6490310047500002 0.71163383855000006 0.57607773460000011 0.56677318590000014 0.58068926565000012
decision_type=2 2 2 2 2 2 2
left_child=1 4 -3 -4 5 -1 -6
right_child=-2 2 3 -5 6 -7 -8
leaf_value=-0.0042578646636179714 0.01266178324487535 0.017485612284707488 0.00014634977617342891 -0.009282366499180815 -0.010206772172103522 -0.0025941605279027084 -0.0079422673941146691
leaf_weight=1.5949442991986869 1.3518770039081571 0.72476946562528644 1.2246334673836825 0.76704725064337242 0.53926618397235848 2.484730614349246 0.51728408969938755
leaf_count=12 4 4 12 8 4 4 8
internal_value=0 -0.00217979 0.0021102 -0.00348489 -0.00444868 -0.00324458 -0.00909808
internal_weight=0 7.85268 2.71645 1.99168 5.13623 4.07967 1.05655
internal_count=56 52 24 20 28 16 12
is_linear=0
shrinkage=0.1


Tree=50
num_leaves=6
num_cat=0
split_feature=0 0 0 0 0
split_gain=0.0286482 0.0343868 0.0314341 0.015543 0.000463373
threshold=0.68036491340000016 0.7601111906500001 0.59340111745000013 0.57607773460000011 0.56677318590000014
decision_type=2 2 2 2 2
left_child=2 -2 3 4 -1
right_child=1 -3 -4 -5 -6
leaf_value=-0.0048118947756744046 0.017498217096872323 -0.003136181976334008 -0.020491775855521314 0.011194862704416622 -0.0026293507583957437
leaf_weight=1.5986009771004317 1.6787805631756783 1.5563388261944056 0.97979339072480787 0.87616382539272297 2.4847300127148628
leaf_count=12 12 8 12 8 4
internal_value=0 0.0075715 -0.00412418 -0.000890613 -0.0034838
internal_weight=0 3.23512 5.93929 4.95949 4.08333
internal_count=56 20 36 24 16
is_linear=0
shrinkage=0.1


Tree=51
num_leaves=8
num_cat=0
split_feature=0 0 0 0 0 0 0
split_gain=0.0264835 0.00532752 0.0122682 0.0307142 0.00390258 1.06937e-06 3.98333e-07
threshold=0.80233301090000009 0.71163383855000006 0.63889320805000016 0.6490310047500002 0.57607773460000011 0.58068926565000012 0.56677318590000014
decision_type=2 2 2 2 2 2 2
left_child=1 2 4 -4 6 -6 -1
right_child=-2 -3 3 -5 5 -7 -8
leaf_value=-0.0025265699448689524 0.012929949060468293 -0.01018366433971672 0.021158003823201838 -0.0044986610277017057 -0.0093363115906138754 -0.0095394100397665823 -0.0025906786089600203
leaf_weight=1.5894849114120004 1.3513406366109846 0.76000759005546559 0.75583834946155537 1.2192772324196992 0.53106526285409905 0.50650645513087511 2.4835798218846321
leaf_count=12 4 8 4 12 4 8 4
internal_value=0 -0.00222704 -0.00137362 0.00531965 -0.00396038 -0.00943546 -0.00256566
internal_weight=0 7.84576 7.08575 1.97512 5.11064 1.03757 4.07306
internal_count=56 52 44 16 28 12 16
is_linear=0
shrinkage=0.1


Tree=52
num_leaves=7
num_cat=0
split_feature=0 0 0 0 0 0
split_gain=0.0217841 0.0344681 0.0159029 0.0186496 0.0107949 6.79029e-05
threshold=0.69938644515000015 0.7601111906500001 0.59340111745000013 0.6490310047500002 0.57607773460000011 0.56677318590000014
decision_type=2 2 2 2 2 2
left_child=2 -2 4 -4 5 -1
right_child=1 -3 3 -5 -6 -7
leaf_value=-0.0034469452968621064 0.018642116297994504 -0.0030815385215915854 -0.005235861623182245 -0.031426335564881842 0.0093539088911195629 -0.0026103323193735631
leaf_weight=1.5919913016259668 1.375153798609972 1.5577502269297838 0.88215944543480851 0.39300852594897151 0.86647800728678692 2.4837056193500757
leaf_count=12 8 8 8 8 8 4
internal_value=0 0.00710405 -0.0033512 -0.0133078 -0.000782216 -0.00293712
internal_weight=0 2.9329 6.21734 1.27517 4.94217 4.0757
internal_count=56 16 40 16 24 16
is_linear=0
shrinkage=0.1


Tree=53
num_leaves=8
num_cat=0
split_feature=0 0 0 0 0 0 0
split_gain=0.0261468 0.00677123 0.011706 0.0280877 0.00408988 0.000208046 1.61518e-05
threshold=0.80233301090000009 0.71163383855000006 0.63889320805000016 0.6490310047500002 0.57607773460000011 0.58068926565000012 0.56677318590000014
decision_type=2 2 2 2 2 2 2
left_child=1 2 4 -4 6 -6 -1
right_child=-2 -3 3 -5 5 -7 -8
leaf_value=-0.0021060252406421478 0.012863562837145018 -0.011246644831779784 0.02059312880314576 -0.0041094039126767746 -0.0080028007503560421 -0.01084556123333812 -0.0025144681783527017
leaf_weight=1.5873884633183477 1.3473921269178388 0.75132451206445683 0.74499399214982975 1.2044629007577894 0.52029426768422105 0.50958447065204382 2.4820155166089535
leaf_count=12 4 8 4 12 4 8 4
internal_value=0 -0.00222207 -0.00126015 0.00533078 -0.00377986 -0.0094094 -0.00235514
internal_weight=0 7.80006 7.04874 1.94946 5.09928 1.02988 4.0694
internal_count=56 52 44 16 28 12 16
is_linear=0
shrinkage=0.1


Tree=54
num_leaves=8
num_cat=0
split_feature=0 0 0 0 0 0 0
split_gain=0.0199062 0.00492822 0.0186637 0.00348673 0.0020526 3.666e-05 2.97137e-05
threshold=0.80233301090000009 0.63889320805000016 0.6490310047500002 0.71163383855000006 0.57607773460000011 0.56677318590000014 0.58068926565000012
decision_type=2 2 2 2 2 2 2
left_child=1 4 -3 -4 5 -1 -6
right_child=-2 2 3 -5 6 -7 -8
leaf_value=-0.0031443775832519626 0.011170255307272746 0.015476436078691751 -0.0001771645184018486 -0.0088922398427287667 -0.0083046624663053164 -0.0025291120037676577 -0.0072280038154080217
leaf_weight=1.5880094608291981 1.3574089631438253 0.70516594499349627 1.197686767671257 0.74438523873686779 0.52092934399843194 2.4821147806942463 0.50465304125100374
leaf_count=12 4 4 12 8 4 4 8
internal_value=0 -0.00195825 0.00154199 -0.0035176 -0.00377664 -0.00276917 -0.00777488
internal_weight=0 7.74294 2.64724 1.94207 5.09571 4.07012 1.02558
internal_count=56 52 24 20 28 16 12
is_linear=0
shrinkage=0.1


Tree=55
num_leaves=7
num_cat=0
split_feature=0 0 0 0 0 0
split_gain=0.0233709 0.0422108 0.0201931 0.0131874 0.0106948 0.000126045
threshold=0.69938644515000015 0.7601111906500001 0.59340111745000013 0.57607773460000011 0.6490310047500002 0.56677318590000014
decision_type=2 2 2 2 2 2
left_child=2 -2 3 5 -4 -1
right_child=1 -3 4 -5 -6 -7
leaf_value=-0.0036815275805482418 0.020365408888370479 -0.003801100357541401 -0.0085750270452867594 0.010660279351789771 -0.028546373774671247 -0.0025411067899403072
leaf_weight=1.5900162858888505 1.3464103192090988 1.5603908039629459 0.84823492355644681 0.85717773810029019 0.39207625761628151 2.4820110201835632
leaf_count=12 8 8 8 8 8 4
internal_value=0 0.00739266 -0.00348309 -0.000613281 -0.0148882 -0.00298641
internal_weight=0 2.9068 6.16952 4.92921 1.24031 4.07203
internal_count=56 16 40 24 16 16
is_linear=0
shrinkage=0.1


Tree=56
num_leaves=8
num_cat=0
split_feature=0 0 0 0 0 0 0
split_gain=0.0221131 0.00553836 0.0102723 0.0186257 0.00295479 0.000139415 8.68292e-06
threshold=0.80233301090000009 0.71163383855000006 0.63889320805000016 0.6490310047500002 0.57607773460000011 0.58068926565000012 0.56677318590000014
decision_type=2 2 2 2 2 2 2
left_child=1 2 4 -4 6 -6 -1
right_child=-2 -3 3 -5 5 -7 -8
leaf_value=-0.00214972558264256 0.011807238558428882 -0.010301891421522831 0.017793557664720929 -0.0026209896678751395 -0.0071872695585893992 -0.0095271220261758036 -0.0024493500482048198
leaf_weight=1.5854153037071226 1.3502002283930776 0.73807119205594052 0.717291660606861 1.1856880732811985 0.5100135952234266 0.50856033619493246 2.4803141560405493
leaf_count=12 4 8 4 12 4 8 4
internal_value=0 -0.00206361 -0.0011934 0.00507388 -0.00353915 -0.00835553 -0.00233251
internal_weight=0 7.72535 6.98728 1.90298 5.0843 1.01857 4.06573
internal_count=56 52 44 16 28 12 16
is_linear=0
shrinkage=0.1


Tree=57
num_leaves=5
num_cat=0
split_feature=0 0 0 0
split_gain=0.018282 0.027087 0.0243801 0.00148092
threshold=0.68036491340000016 0.7601111906500001 0.59340111745000013 0.56677318590000014
decision_type=2 2 2 2
left_child=2 -2 3 -1
right_child=1 -3 -4 -5
leaf_value=-0.0030016318581788976 0.015129934498363241 -0.0033319665081972942 -0.018031036059461179 0.00071172027722860183
leaf_weight=1.5853760493919251 1.625517244450748 1.5548876244574785 0.94415504857897747 3.3295200895518064
leaf_count=12 12 8 12 12
internal_value=0 0.00610398 -0.00331336 -0.000486079
internal_weight=0 3.1804 5.85905 4.9149
internal_count=56 20 36 24
is_linear=0
shrinkage=0.1


Tree=58
num_leaves=7
num_cat=0
split_feature=0 0 0 0 0 0
split_gain=0.0229874 0.00833395 0.0145372 0.0189911 0.00132221 1.4587e-05
threshold=0.80233301090000009 0.6490310047500002 0.58068926565000012 0.63889320805000016 0.71163383855000006 0.56677318590000014
decision_type=2 2 2 2 2 2
left_child=1 2 5 -4 -3 -1
right_child=-2 4 3 -5 -6 -7
leaf_value=-0.0025806114061863558 0.012026632895947098 -0.0057698442689209078 -0.005688039438159629 0.01958915269306084 -0.011184322494073098 -0.0029561903421759703
leaf_weight=1.5831469334661958 1.3521923646330831 1.1823441199958322 0.49789430201053597 0.73749978840351105 0.72914597671478976 2.9818157963454723
leaf_count=12 4 12 8 4 8 8
internal_value=0 -0.00210874 -0.000221598 0.00940182 -0.00783522 -0.00282594
internal_weight=0 7.71185 5.80036 1.23539 1.91149 4.56496
internal_count=56 52 32 12 20 20
is_linear=0
shrinkage=0.1


Tree=59
num_leaves=7
num_cat=0
split_feature=0 0 0 0 0 0
split_gain=0.0169021 0.00357192 0.0136337 0.0133878 0.0131574 0.00153532
threshold=0.80233301090000009 0.71163383855000006 0.69938644515000015 0.59340111745000013 0.6490310047500002 0.56677318590000014
decision_type=2 2 2 2 2 2
left_child=1 2 3 5 -5 -1
right_child=-2 -3 -4 4 -6 -7
leaf_value=-0.0029479717763535472 0.010265337313086761 -0.0084968274812491969 0.011156634788949231 -0.0051844048082629367 -0.027611858641583595 0.00083582941059942356
leaf_weight=1.583475832827389 1.3619282022118566 0.72624589502811421 0.79957839846611012 0.85499910265207268 0.3768901894800365 3.3223120830953121
leaf_count=12 4 8 4 8 8 12
internal_value=0 -0.00182431 -0.00112578 -0.00272586 -0.012046 -0.000385495
internal_weight=0 7.6635 6.93726 6.13768 1.23189 4.90579
internal_count=56 52 44 40 16 24
is_linear=0
shrinkage=0.1


Tree=60
num_leaves=8
num_cat=0
split_feature=0 0 0 0 0 0 0
split_gain=0.0159269 0.00483282 0.0237873 0.00186156 0.000555249 0.000226278 4.65299e-06
threshold=0.80233301090000009 0.63889320805000016 0.6490310047500002 0.57607773460000011 0.58068926565000012 0.71163383855000006 0.56677318590000014
decision_type=2 2 2 2 2 2 2
left_child=1 3 -3 6 -5 -4 -1
right_child=-2 2 5 4 -6 -7 -8
leaf_value=-0.0027534661652175558 0.0099389652908792332 0.017206077738303627 -0.0032792259978886001 -0.0097608617416143975 -0.0050608777228611113 -0.0055223486542194016 -0.0025339227803256423
leaf_weight=1.5809128945693371 1.3687295094132421 0.71944717317819629 1.1788082979619501 0.50587907060980775 0.49959675967693329 0.72710518911480893 2.4793481305241585
leaf_count=12 4 4 12 4 8 8 4
internal_value=0 -0.00176876 0.00171327 -0.00357336 -0.00742555 -0.00413498 -0.0026194
internal_weight=0 7.6911 2.62536 5.06574 1.00548 1.90591 4.06026
internal_count=56 52 24 28 12 20 16
is_linear=0
shrinkage=0.1


Tree=61
num_leaves=5
num_cat=0
split_feature=0 0 0 0
split_gain=0.0158324 0.03172 0.0207209 0.00150775
threshold=0.68036491340000016 0.7601111906500001 0.59340111745000013 0.56677318590000014
decision_type=2 2 2 2
left_child=2 -2 3 -1
right_child=1 -3 -4 -5
leaf_value=-0.0030347347203816856 0.015520939038676553 -0.0044400081661834893 -0.016747591547945567 0.00071544159281456223
leaf_weight=1.5827560294419525 1.61338303796947 1.5715892082080245 0.9337054295465349 3.3227043207734823
leaf_count=12 12 8 12 12
internal_value=0 0.00567143 -0.00309348 -0.00049456
internal_weight=0 3.18497 5.83917 4.90546
internal_count=56 20 36 24
is_linear=0
shrinkage=0.1


Tree=62
num_leaves=7
num_cat=0
split_feature=0 0 0 0 0 0
split_gain=0.0175202 0.0068767 0.0162248 0.0151964 0.000222433 2.00965e-05
threshold=0.80233301090000009 0.6490310047500002 0.58068926565000012 0.63889320805000016 0.71163383855000006 0.56677318590000014
decision_type=2 2 2 2 2 2
left_child=1 2 5 -4 -3 -1
right_child=-2 4 3 -5 -6 -7
leaf_value=-0.0026114177031830322 0.010433953533493112 -0.0062435221979434347 -0.0035320458083395894 0.019124967911424984 -0.0084786958083934057 -0.0030526531984345234
leaf_weight=1.5810105660930274 1.3662313446402548 1.1747434083372352 0.49438354000449158 0.73783527314662933 0.71693761739879835 2.9738639183342457
leaf_count=12 4 12 8 4 8 8
internal_value=0 -0.00185644 -0.00014549 0.0100347 -0.00709064 -0.0028995
internal_weight=0 7.67877 5.78709 1.23222 1.89168 4.55487
internal_count=56 52 32 12 20 20
is_linear=0
shrinkage=0.1


Tree=63
num_leaves=8
num_cat=0
split_feature=0 0 0 0 0 0 0
split_gain=0.0125202 0.00318265 0.0156768 0.00121633 0.00033568 0.000301175 1.35417e-06
threshold=0.80233301090000009 0.63889320805000016 0.6490310047500002 0.71163383855000006 0.57607773460000011 0.58068926565000012 0.56677318590000014
decision_type=2 2 2 2 2 2 2
left_child=1 4 -3 -4 6 -6 -1
right_child=-2 2 3 -5 5 -7 -8
leaf_value=-0.0027118061856195724 0.0087843524020992311 0.014094112842622856 -0.00147842585570196 -0.006715431427570414 -0.0064350597825640777 -0.0029474405937177997 -0.0025933839265019588
leaf_weight=1.5816914886236189 1.3748453333973882 0.69646044075489077 1.1692646499723194 0.71448831073939789 0.49564425647258747 0.49477813113480806 2.4791173413395882
leaf_count=12 4 4 12 8 4 8 4
internal_value=0 -0.00158255 0.00127479 -0.00346477 -0.0030421 -0.00469278 -0.00263951
internal_weight=0 7.63144 2.58021 1.88375 5.05123 0.990422 4.06081
internal_count=56 52 24 20 28 12 16
is_linear=0
shrinkage=0.1


Tree=64
num_leaves=6
num_cat=0
split_feature=0 0 0 0 0
split_gain=0.0149786 0.0424033 0.0166621 0.0084723 0.00150181
threshold=0.69938644515000015 0.7601111906500001 0.59340111745000013 0.6490310047500002 0.56677318590000014
decision_type=2 2 2 2 2
left_child=2 -2 4 -4 -1
right_child=1 -3 3 -5 -6
leaf_value=-0.0027597636793237662 0.019217103899191505 -0.005114668167444247 -0.0077522813914625167 -0.025945396839183961 0.00098387416250957896
leaf_weight=1.5832104273140428 1.3116317838430405 1.5778044778853655 0.82689346093684413 0.37073027715086937 3.315973311662674
leaf_count=12 8 8 8 8 12
internal_value=0 0.00593051 -0.00281063 -0.013384 -0.000225912
internal_weight=0 2.88944 6.09681 1.19762 4.89918
internal_count=56 16 40 16 24
is_linear=0
shrinkage=0.1


Tree=65
num_leaves=6
num_cat=0
split_feature=0 0 0 0 0
split_gain=0.0153778 0.00476984 0.0079792 0.00792724 0.00151923
threshold=0.80233301090000009 0.59340111745000013 0.68036491340000016 0.71163383855000006 0.56677318590000014
decision_type=2 2 2 2 2
left_child=1 4 -3 -4 -1
right_child=-2 2 3 -5 -6
leaf_value=-0.0024338864091820716 0.0097726877032850278 -0.012551720294347349 0.0042332369348711167 -0.009396256078156728 0.001335230097557363
leaf_weight=1.5805538455024359 1.3652828931808469 0.94168385118246112 1.0758882788941262 0.70727072935551394 3.3068061172962189
leaf_count=12 4 12 8 8 12
internal_value=0 -0.00175278 -0.00510523 -0.00117275 0.000116312
internal_weight=0 7.6122 2.72484 1.78316 4.88736
internal_count=56 52 28 16 24
is_linear=0
shrinkage=0.1


Tree=66
num_leaves=7
num_cat=0
split_feature=0 0 0 0 0 0
split_gain=0.0135275 0.00594706 0.0171261 0.0136594 9.08332e-05 7.61512e-06
threshold=0.80233301090000009 0.6490310047500002 0.58068926565000012 0.63889320805000016 0.56677318590000014 0.71163383855000006
decision_type=2 2 2 2 2 2
left_child=1 2 4 -4 -1 -3
right_child=-2 5 3 -5 -6 -7
leaf_value=-0.002278033782065265 0.0091240591620756067 -0.0063702143694665848 -0.0024254799487367701 0.019009774074873528 -0.0032167237222024548 -0.0067854064604562338
leaf_weight=1.5803664997220037 1.3773297816514967 1.1696255905553696 0.49746863543987252 0.73877993226051331 2.9647359494119883 0.70985476579517115
leaf_count=12 4 12 8 4 8 8
internal_value=0 -0.0016404 -5.17916e-05 0.0103842 -0.00289033 -0.00652703
internal_weight=0 7.66083 5.78135 1.23625 4.5451 1.87948
internal_count=56 52 32 12 20 20
is_linear=0
shrinkage=0.1


Tree=67
num_leaves=7
num_cat=0
split_feature=0 0 0 0 0 0
split_gain=0.0095423 0.0205511 0.0140959 0.000283695 0.000486139 1.19005e-05
threshold=0.63889320805000016 0.7601111906500001 0.69938644515000015 0.57607773460000011 0.58068926565000012 0.56677318590000014
decision_type=2 2 2 2 2 2
left_child=3 2 -2 5 -5 -1
right_child=1 -3 -4 4 -6 -7
leaf_value=-0.0022987076829947004 0.00097062987571948877 -0.0051357253972124728 0.016492793847425594 -0.0066516951135406751 -0.0022096235293089708 -0.0026498056404932451
leaf_weight=1.5815414125099776 1.0551575818099084 1.5846387846395376 1.3131124712526796 0.4869762286543845 0.49864619132131338 2.4780315980315208
leaf_count=12 12 8 8 4 8 4
internal_value=0 0.00367901 0.00957706 -0.00288251 -0.00440436 -0.00251302
internal_weight=0 3.95291 2.36827 5.0452 0.985622 4.05957
internal_count=56 28 20 28 12 16
is_linear=0
shrinkage=0.1


Tree=68
num_leaves=7
num_cat=0
split_feature=0 0 0 0 0 0
split_gain=0.014369 0.00720791 0.0126333 0.0106604 0.000588219 4.02714e-06
threshold=0.80233301090000009 0.6490310047500002 0.58068926565000012 0.63889320805000016 0.71163383855000006 0.56677318590000014
decision_type=2 2 2 2 2 2
left_child=1 2 5 -4 -3 -1
right_child=-2 4 3 -5 -6 -7
leaf_value=-0.0022452619797627932 0.0094331863768360343 -0.0057291787591373716 -0.0020970482434481547 0.016945656445433204 -0.0094013974793161967 -0.0024429505539449352
leaf_weight=1.5824153590947387 1.3685056045651434 1.1522425124421714 0.49947084020823218 0.71455299109220505 0.70191559195518483 2.9543019197881222
leaf_count=12 4 12 8 4 8 8
internal_value=0 -0.00169751 5.0603e-05 0.00911115 -0.00711934 -0.002374
internal_weight=0 7.6049 5.75074 1.21402 1.85416 4.53672
internal_count=56 52 32 12 20 20
is_linear=0
shrinkage=0.1


Tree=69
num_leaves=6
num_cat=0
split_feature=0 0 0 0 0
split_gain=0.0101916 0.00397057 0.0158357 0.00860623 0.001515
threshold=0.80233301090000009 0.59340111745000013 0.68036491340000016 0.71163383855000006 0.56677318590000014
decision_type=2 2 2 2 2
left_child=1 4 -3 -4 -1
right_child=-2 2 3 -5 -6
leaf_value=-0.0022868009114063773 0.0079149514620196742 -0.015263004883469301 0.0066192218092363106 -0.0076339727132398285 0.001474748100084494
leaf_weight=1.5837384127080438 1.3765205740928648 0.90893048653379116 1.069580423645675 0.70146131794899691 3.3054926730692387
leaf_count=12 4 12 8 8 12
internal_value=0 -0.0014394 -0.00453294 0.00097392 0.000256293
internal_weight=0 7.5692 2.67997 1.77104 4.88923
internal_count=56 52 28 16 24
is_linear=0
shrinkage=0.1


Tree=70
num_leaves=7
num_cat=0
split_feature=0 0 0 0 0 0
split_gain=0.00959761 0.00329888 0.0146627 0.00820603 0.000106114 3.09388e-05
threshold=0.80233301090000009 0.6490310047500002 0.58068926565000012 0.63889320805000016 0.56677318590000014 0.71163383855000006
decision_type=2 2 2 2 2 2
left_child=1 2 4 -4 -1 -3
right_child=-2 5 3 -5 -6 -7
leaf_value=-0.0021605579996888061 0.0076527345084859951 -0.0047313430072897442 -0.00027958584412379446 0.016409732563672348 -0.0031748943590394008 -0.0055715414317744818
leaf_weight=1.5839861733838914 1.3865341693162916 1.15899724047631 0.50066552590578772 0.71586509048938751 2.9561284128576517 0.70477427076548327
leaf_count=12 4 12 8 4 8 8
internal_value=0 -0.00139242 -0.000208544 0.00954121 -0.00282101 -0.00504906
internal_weight=0 7.62042 5.75665 1.21653 4.54011 1.86377
internal_count=56 52 32 12 20 20
is_linear=0
shrinkage=0.1


Tree=71
num_leaves=6
num_cat=0
split_feature=0 0 0 0 0
split_gain=0.00862557 0.0404309 0.0117685 0.00857707 0.000971117
threshold=0.69938644515000015 0.7601111906500001 0.59340111745000013 0.6490310047500002 0.56677318590000014
decision_type=2 2 2 2 2
left_child=2 -2 4 -4 -1
right_child=1 -3 3 -5 -6
leaf_value=-0.0020091729105320326 0.017598543657358981 -0.0061602638037932247 -0.0055060753006609606 -0.024063231408279685 0.00099943210065087844
leaf_weight=1.5867089238017795 1.2984105981886387 1.5974718881770968 0.82932110130786874 0.35597572801634669 3.3128292188048363
leaf_count=12 8 8 8 8 12
internal_value=0 0.00449234 -0.00213798 -0.0110793 2.50994e-05
internal_weight=0 2.89588 6.08483 1.1853 4.89954
internal_count=56 16 40 16 24
is_linear=0
shrinkage=0.1


Tree=72
num_leaves=7
num_cat=0
split_feature=0 0 0 0 0 0
split_gain=0.0113661 0.00617708 0.01415 0.00923489 0.00026521 0.000107396
threshold=0.80233301090000009 0.6490310047500002 0.58068926565000012 0.63889320805000016 0.71163383855000006 0.56677318590000014
decision_type=2 2 2 2 2 2
left_child=1 2 5 -4 -3 -1
right_child=-2 4 3 -5 -6 -7
leaf_value=-0.0018101611473076004 0.008366155090919215 -0.0056073557793931035 -0.00061710585380107558 0.017016789116805021 -0.0080759977866907973 -0.0028308239192097115
leaf_weight=1.5862345946952698 1.3750696405768392 1.144073848146945 0.50983141548931576 0.71137195080518723 0.70234382152557362 2.944719584658742
leaf_count=12 4 12 8 4 8 8
internal_value=0 -0.00151397 0.00010141 0.00965494 -0.00654638 -0.0024735
internal_weight=0 7.59858 5.75216 1.2212 1.84642 4.53095
internal_count=56 52 32 12 20 20
is_linear=0
shrinkage=0.1


Tree=73
num_leaves=6
num_cat=0
split_feature=0 0 0 0 0
split_gain=0.00783152 0.00336376 0.0139349 0.00720762 0.00101256
threshold=0.80233301090000009 0.59340111745000013 0.68036491340000016 0.71163383855000006 0.56677318590000014
decision_type=2 2 2 2 2
left_child=1 4 -3 -4 -1
right_child=-2 2 3 -5 -6
leaf_value=-0.0017837027514434022 0.0069227014612965477 -0.014269904322005958 0.0062116688444797266 -0.0068328559138564129 0.0012872286383178897
leaf_weight=1.5891154455021022 1.3817986547946928 0.89769284101203117 1.0658336626365779 0.70293973945081223 3.3103690203279257
leaf_count=12 4 12 8 8 12
internal_value=0 -0.00126432 -0.00412249 0.00102756 0.000291192
internal_weight=0 7.56595 2.66647 1.76877 4.89948
internal_count=56 52 28 16 24
is_linear=0
shrinkage=0.1


Tree=74
num_leaves=7
num_cat=0
split_feature=0 0 0 0 0 0
split_gain=0.00748423 0.0197257 0.0318737 0.0124101 0.00668518 0.00029517
threshold=0.58068926565000012 0.7601111906500001 0.71163383855000006 0.6490310047500002 0.63889320805000016 0.56677318590000014
decision_type=2 2 2 2 2 2
left_child=5 2 3 4 -2 -1
right_child=1 -3 -4 -5 -6 -7
leaf_value=-0.0017642747251257022 0.0013835608396764484 -0.005981074269480296 0.030961278876405197 -0.0044062880370785594 0.016353914920678444 -0.0034548230650597051
leaf_weight=1.5905488654971121 0.51454383227974243 1.6031028721481559 0.49463545531034459 1.1493181209079919 0.70977714657783508 2.9452784359455109
leaf_count=12 8 8 4 12 4 8
internal_value=0 0.00290326 0.00786879 0.00305662 0.0100623 -0.00286201
internal_weight=0 4.47138 2.86827 2.37364 1.22432 4.53583
internal_count=56 36 28 24 12 20
is_linear=0
shrinkage=0.1


Tree=75
num_leaves=6
num_cat=0
split_feature=0 0 0 0 0
split_gain=0.00810894 0.00605141 0.00945451 0.0141628 0.00105321
threshold=0.80233301090000009 0.59340111745000013 0.68036491340000016 0.71163383855000006 0.56677318590000014
decision_type=2 2 2 2 2
left_child=1 4 -3 -4 -1
right_child=-2 2 3 -5 -6
leaf_value=-0.0013124944199516513 0.0070591129343736863 -0.013510615431411613 0.0063799027027474798 -0.01191619172700927 0.0018161313907813352
leaf_weight=1.5946048740297554 1.3766937032341955 0.89313403051346574 1.0652521457523105 0.70183908566832531 3.3084104415029287
leaf_count=12 4 12 8 8 12
internal_value=0 -0.00128493 -0.00512507 -0.000886793 0.00079861
internal_weight=0 7.56324 2.66023 1.76709 4.90302
internal_count=56 52 28 16 24
is_linear=0
shrinkage=0.1


Tree=76
num_leaves=6
num_cat=0
split_feature=0 0 0 0 0
split_gain=0.00777936 0.0184124 0.00547594 0.011527 0.000933056
threshold=0.7601111906500001 0.69938644515000015 0.59340111745000013 0.6490310047500002 0.56677318590000014
decision_type=2 2 2 2 2
left_child=1 2 4 -4 -1
right_child=-2 -3 3 -5 -6
leaf_value=-0.0014364893006766342 -0.0063034211019166774 0.012210423525472257 -0.00078038698199433035 -0.022553063348455873 0.0015047937266643404
leaf_weight=1.5982979154214261 1.6082826331257818 1.2930370792746542 0.84970114566385724 0.3406429523602128 3.3165421411395073
leaf_count=12 8 8 8 8 12
internal_value=0 0.00137028 -0.000925585 -0.00701111 0.000548293
internal_weight=0 7.39822 6.10518 1.19034 4.91484
internal_count=56 48 40 16 24
is_linear=0
shrinkage=0.1


Tree=77
num_leaves=7
num_cat=0
split_feature=0 0 0 0 0 0
split_gain=0.0109199 0.0138148 0.0230786 0.00742864 0.000894319 0.000342145
threshold=0.80233301090000009 0.6490310047500002 0.58068926565000012 0.63889320805000016 0.71163383855000006 0.56677318590000014
decision_type=2 2 2 2 2 2
left_child=1 2 5 -4 -3 -1
right_child=-2 4 3 -5 -6 -7
leaf_value=-0.0012310940664941093 0.0082175367047024571 -0.0072544591087205417 0.0039848708819136816 0.019502583818638602 -0.011770850679485011 -0.003050066898617114
leaf_weight=1.6005924139171837 1.3709017038345335 1.1356362272053955 0.53758038394153096 0.72394939512014389 0.71415560226887453 2.9217028375715017
leaf_count=12 4 12 8 4 8 8
internal_value=0 -0.00147577 0.000930043 0.01289 -0.00899812 -0.00240627
internal_weight=0 7.63362 5.78383 1.26153 1.84979 4.5223
internal_count=56 52 32 12 20 20
is_linear=0
shrinkage=0.1


Tree=78
num_leaves=6
num_cat=0
split_feature=0 0 0 0 0
split_gain=0.0105235 0.0220831 0.00731224 0.00632703 0.000766383
threshold=0.7601111906500001 0.69938644515000015 0.59340111745000013 0.6490310047500002 0.56677318590000014
decision_type=2 2 2 2 2
left_child=1 2 4 -4 -1
right_child=-2 -3 3 -5 -6
leaf_value=-0.0010040887511935269 -0.0073137646161998918 0.013602368531106305 -0.0032573585569548678 -0.019426571313744399 0.0016508294708085212
leaf_weight=1.6136939255520699 1.6142417117953298 1.269250053912401 0.82086210418492533 0.34317825362086296 3.3330460526049137
leaf_count=12 8 8 8 8 12
internal_value=0 0.00159975 -0.000893277 -0.00802431 0.000784759
internal_weight=0 7.38003 6.11078 1.16404 4.94674
internal_count=56 48 40 16 24
is_linear=0
shrinkage=0.1


Tree=79
num_leaves=7
num_cat=0
split_feature=0 0 0 0 0 0
split_gain=0.0103064 0.0131144 0.0234432 0.00472271 0.00272386 0.00061526
threshold=0.80233301090000009 0.6490310047500002 0.58068926565000012 0.63889320805000016 0.71163383855000006 0.56677318590000014
decision_type=2 2 2 2 2 2
left_child=1 2 5 -4 -3 -1
right_child=-2 4 3 -5 -6 -7
leaf_value=-0.00089062727615147382 0.0080161326540994001 -0.0056588092198422372 0.0061784654371650595 0.018451917459785819 -0.013511910050248732 -0.0033234753709630253
leaf_weight=1.6174694392830131 1.361352279782295 1.1167072383686898 0.56951948907226302 0.69745774567127228 0.73066178150475014 2.9091618973761797
leaf_count=12 4 12 8 4 8 8
internal_value=0 -0.00142819 0.000911194 0.0129349 -0.00876483 -0.00245416
internal_weight=0 7.64098 5.79361 1.26698 1.84737 4.52663
internal_count=56 52 32 12 20 20
is_linear=0
shrinkage=0.1


Tree=80
num_leaves=8
num_cat=0
split_feature=0 0 0 0 0 0 0
split_gain=0.0155458 0.0252723 0.0499766 0.0313074 0.0137279 0.00112186 0.000970459
threshold=0.7601111906500001 0.58068926565000012 0.59340111745000013 0.71163383855000006 0.68036491340000016 0.56677318590000014 0.5382534683500001
decision_type=2 2 2 2 2 2 2
left_child=1 5 -3 4 -4 6 -1
right_child=-2 2 3 -5 -6 -7 -8
leaf_value=-0.003702475485893239 -0.0088348068704635126 0.039487798000748094 -0.01155626158854503 0.02622118281738884 0.0054781808847175015 -0.003865544015809816 0.0013090771079277454
leaf_weight=0.62293408811092343 1.6317278910428283 0.46061223745346103 0.86532533029094372 0.48446936905384053 1.0437324838712809 2.902421623468399 1.0175908990204334
leaf_count=8 8 4 12 4 8 8 4
internal_value=0 0.00194888 0.00932321 0.00351832 -0.00224308 -0.0026841 -0.000593891
internal_weight=0 7.39709 2.85414 2.39353 1.90906 4.54295 1.64052
internal_count=56 48 28 24 20 20 12
is_linear=0
shrinkage=0.1


Tree=81
num_leaves=8
num_cat=0
split_feature=0 0 0 0 0 0 0
split_gain=0.0307873 0.0403621 0.0457296 0.0136349 0.00548707 0.00275613 0.000457817
threshold=0.7601111906500001 0.58068926565000012 0.59340111745000013 0.71163383855000006 0.6490310047500002 0.56677318590000014 0.5382534683500001
decision_type=2 2 2 2 2 2 2
left_child=1 5 -3 4 -4 6 -1
right_child=-2 2 3 -5 -6 -7 -8
leaf_value=-0.001938328103711743 -0.01257528249578826 0.033300259423496126 0.0071807879566126599 0.01970590963373977 -0.0037361597447834204 -0.0051774619988521932 0.0011897575175894703
leaf_weight=0.86621819250285592 1.6143863666802643 0.73218587413430247 0.79673969931900535 0.4827168509364127 1.0906369341537354 2.8529249504208565 1.0174419768154621
leaf_count=8 8 4 8 4 12 8 4
internal_value=0 0.00258983 0.0114563 0.00470817 0.000872335 -0.00321738 -0.000248721
internal_weight=0 7.83886 3.10228 2.37009 1.88738 4.73659 1.88366
internal_count=56 48 28 24 20 20 12
is_linear=0
shrinkage=0.1


Tree=82
num_leaves=7
num_cat=0
split_feature=0 0 0 0 0 0
split_gain=0.0556 0.137483 0.448511 0.0182172 0.00540628 0.0413295
threshold=0.7601111906500001 0.58068926565000012 0.59340111745000013 0.68036491340000016 0.56677318590000014 0.5382534683500001
decision_type=2 2 2 2 2 2
left_child=1 4 -3 -4 5 -1
right_child=-2 2 3 -5 -6 -7
leaf_value=-0.030532732351671296 -0.016666971812780429 0.093536466060723369 -0.011483105131978817 0.0066386766033952396 -0.0046999318068644208 0.0010528961485265201
leaf_weight=0.69864982180297341 1.6456868704408405 0.65272599086165461 0.87445504637435112 1.5171865653246639 2.8501721881330013 1.0177435502409935
leaf_count=8 8 4 12 12 8 4
internal_value=0 0.00360384 0.0200647 1.28162e-05 -0.00737003 -0.0118039
internal_weight=0 7.61093 3.04437 2.39164 4.56657 1.71639
internal_count=56 48 28 24 20 12
is_linear=0
shrinkage=0.1


Tree=83
num_leaves=6
num_cat=0
split_feature=0 0 0 0 0
split_gain=0.0256161 0.0184339 0.0264172 0.00233063 0.000943554
threshold=0.80233301090000009 0.5382534683500001 0.59340111745000013 0.6490310047500002 0.71163383855000006
decision_type=2 2 2 2 2
left_child=1 -1 -3 -4 -5
right_child=-2 2 3 4 -6
leaf_value=-0.019914644680691609 0.012726278495906443 0.0039426534056345927 -0.0044639573752314025 -0.009002875567902734 -0.013732968193333648
leaf_weight=0.54907400626689185 1.3418279290199278 4.3132751248776913 0.85743582341820035 1.1065352079458532 0.68143052235245694
leaf_count=8 4 16 8 12 8
internal_value=0 -0.00227451 -0.00088262 -0.00875013 -0.0108056
internal_weight=0 7.50775 6.95868 2.6454 1.78797
internal_count=56 52 44 28 20
is_linear=0
shrinkage=0.1


Tree=84
num_leaves=6
num_cat=0
split_feature=0 0 0 0 0
split_gain=0.0199596 0.0122249 0.00866384 0.00618537 0.00469422
threshold=0.80233301090000009 0.59340111745000013 0.56677318590000014 0.68036491340000016 0.71163383855000006
decision_type=2 2 2 2 2
left_child=1 2 -1 -3 -5
right_child=-2 3 -4 4 -6
leaf_value=-0.0051948771728830417 0.011145990994908669 -0.0140428751837575 0.0038779699093420212 0.00026163782900505037 -0.010444871395549789
leaf_weight=1.5492322491481898 1.3596025779843328 0.9317849483340982 3.2826193645596504 1.0470107346773145 0.67257285583764304
leaf_count=12 4 12 12 8 8
internal_value=0 -0.00202508 0.000968951 -0.0074814 -0.00392595
internal_weight=0 7.48322 4.83185 2.65137 1.71958
internal_count=56 52 24 28 16
is_linear=0
shrinkage=0.1


Tree=85
num_leaves=6
num_cat=0
split_feature=0 0 0 0 0
split_gain=0.0172181 0.0132906 0.0120155 0.00335442 0.000685016
threshold=0.80233301090000009 0.5382534683500001 0.59340111745000013 0.68036491340000016 0.71163383855000006
decision_type=2 2 2 2 2
left_child=1 -1 -3 -4 -5
right_child=-2 2 3 4 -6
leaf_value=-0.017219035564439093 0.010287103479660378 0.0025548884308283851 -0.010713122439532877 -0.001767906907936841 -0.0058486240899860093
leaf_weight=0.52555884141474951 1.3753124997019766 4.2941926587373018 0.95837604394182596 1.0660465676337478 0.66984487604349841
leaf_count=8 4 16 12 8 8
internal_value=0 -0.00188288 -0.00072954 -0.00596435 -0.00334257
internal_weight=0 7.51402 6.98846 2.69427 1.73589
internal_count=56 52 44 28 16
is_linear=0
shrinkage=0.1


Tree=86
num_leaves=7
num_cat=0
split_feature=0 0 0 0 0 0
split_gain=0.0146986 0.00813013 0.0165942 0.00977721 0.000515389 0.000337259
threshold=0.80233301090000009 0.6490310047500002 0.58068926565000012 0.63889320805000016 0.71163383855000006 0.56677318590000014
decision_type=2 2 2 2 2 2
left_child=1 2 5 -4 -3 -1
right_child=-2 4 3 -5 -6 -7
leaf_value=-0.0039528129442633429 0.0094441630560311851 -0.0088466738270784814 -0.00064455136240227934 0.017434631419852992 -0.0053485704036738847 -0.0021197374236971806
leaf_weight=1.5265455348417161 1.3908999785780904 1.1543677691370247 0.49479194078594424 0.7564324364066124 0.6631316179409622 2.9304654411971569
leaf_count=12 4 12 8 4 8 8
internal_value=0 -0.00174546 0.000109182 0.0102853 -0.00757036 -0.00274757
internal_weight=0 7.52573 5.70824 1.25122 1.8175 4.45701
internal_count=56 52 32 12 20 20
is_linear=0
shrinkage=0.1


Tree=87
num_leaves=6
num_cat=0
split_feature=0 0 0 0 0
split_gain=0.00988037 0.00796124 0.00726697 0.014943 0.00253541
threshold=0.80233301090000009 0.5382534683500001 0.59340111745000013 0.68036491340000016 0.71163383855000006
decision_type=2 2 2 2 2
left_child=1 -1 -3 -4 -5
right_child=-2 2 3 4 -6
leaf_value=-0.013541769495933649 0.0077054272121267423 0.001988321164478825 -0.014826526870677051 0.0038200003819783973 -0.0040539169013538373
leaf_weight=0.50716255512088526 1.401215612888336 4.2859920170158148 0.93782059289515052 1.0792737239971755 0.6584308398887514
leaf_count=8 4 16 12 8 8
internal_value=0 -0.00144563 -0.000564402 -0.00465367 0.000836507
internal_weight=0 7.46868 6.96152 2.67553 1.7377
internal_count=56 52 44 28 16
is_linear=0
shrinkage=0.1


Tree=88
num_leaves=6
num_cat=0
split_feature=0 0 0 0 0
split_gain=0.00938817 0.00504059 0.00607866 0.00636118 0.000694117
threshold=0.80233301090000009 0.5382534683500001 0.59340111745000013 0.68036491340000016 0.71163383855000006
decision_type=2 2 2 2 2
left_child=1 -1 -3 -4 -5
right_child=-2 2 3 4 -6
leaf_value=-0.011162277934355629 0.0074748530855324059 0.0016300082706557075 -0.010899273092220161 0.00072487825216867785 -0.0033900971640590514
leaf_weight=0.49492575041949738 1.4137441068887708 4.2805056571960449 0.97226886940188739 1.0971825569868086 0.65441646520048369
leaf_count=8 4 16 12 8 8
internal_value=0 -0.00140913 -0.000719975 -0.00441293 -0.000812521
internal_weight=0 7.4993 7.00437 2.72387 1.7516
internal_count=56 52 44 28 16
is_linear=0
shrinkage=0.1


Tree=89
num_leaves=7
num_cat=0
split_feature=0 0 0 0 0 0
split_gain=0.0082689 0.00402396 0.0123827 0.0129608 0.000749992 1.11671e-06
threshold=0.80233301090000009 0.6490310047500002 0.58068926565000012 0.63889320805000016 0.71163383855000006 0.56677318590000014
decision_type=2 2 2 2 2 2
left_child=1 2 5 -4 -3 -1
right_child=-2 4 3 -5 -6 -7
leaf_value=-0.0024215447402773562 0.0069791678489828481 -0.0068970242143587216 -0.0042165199660167399 0.016713004395595244 -0.0026712237985707966 -0.0025275211434736752
leaf_weight=1.5041635101661084 1.4270683974027631 1.1829264936968682 0.47734181117266394 0.7783048003911972 0.6511907661333679 2.9334310237318277
leaf_count=12 4 12 8 4 8 8
internal_value=0 -0.00132314 -1.0823e-05 0.00875652 -0.00539668 -0.0024916
internal_weight=0 7.52736 5.69324 1.25565 1.83412 4.43759
internal_count=56 52 32 12 20 20
is_linear=0
shrinkage=0.1


Tree=90
num_leaves=7
num_cat=0
split_feature=0 0 0 0 0 0
split_gain=0.00750898 0.0131377 0.00934524 8.55451e-05 0.000397641 3.63117e-05
threshold=0.63889320805000016 0.7601111906500001 0.69938644515000015 0.57607773460000011 0.58068926565000012 0.56677318590000014
decision_type=2 2 2 2 2 2
left_child=3 2 -2 5 -5 -1
right_child=1 -3 -4 4 -6 -7
leaf_value=-0.0024318411880808431 0.00095686949576193547 -0.0037787570609823041 0.01353516210134258 0.00035475743054468479 -0.0037721952861655104 -0.0030547121200714964
leaf_weight=1.5047281151637437 1.0671330881305041 1.6046465365216138 1.3229381032288072 0.456470027565956 0.47790292091667652 2.4760567452758551
leaf_count=12 12 8 8 4 8 4
internal_value=0 0.00322018 0.00791913 -0.00261715 -0.00175605 -0.00281927
internal_weight=0 3.99472 2.39007 4.91516 0.934373 3.98078
internal_count=56 28 20 28 12 16
is_linear=0
shrinkage=0.1


Tree=91
num_leaves=6
num_cat=0
split_feature=0 0 0 0 0
split_gain=0.00865375 0.00464555 0.00572814 0.00185263 0.00104227
threshold=0.80233301090000009 0.59340111745000013 0.68036491340000016 0.56677318590000014 0.71163383855000006
decision_type=2 2 2 2 2
left_child=1 3 -3 -1 -4
right_child=-2 2 4 -5 -6
leaf_value=-0.0023771290126228754 0.0071618128479044273 -0.010817283045641085 0.00064053233550517895 0.0018676746435095086 -0.0044208233965019163
leaf_weight=1.5038309236988423 1.4180001989006994 0.97062298259697888 1.0987018933519719 3.2508462127298117 0.64612751826643933
leaf_count=12 4 12 8 12 8
internal_value=0 -0.00135947 -0.00465932 0.000525109 -0.00123374
internal_weight=0 7.47013 2.71545 4.75468 1.74483
internal_count=56 52 28 24 16
is_linear=0
shrinkage=0.1


Tree=92
num_leaves=7
num_cat=0
split_feature=0 0 0 0 0 0
split_gain=0.00751182 0.00391763 0.012522 0.011503 0.000784306 5.86737e-07
threshold=0.80233301090000009 0.6490310047500002 0.58068926565000012 0.63889320805000016 0.71163383855000006 0.56677318590000014
decision_type=2 2 2 2 2 2
left_child=1 2 5 -4 -3 -1
right_child=-2 4 3 -5 -6 -7
leaf_value=-0.0024150345490730708 0.0066391899408882963 -0.0068221458063449014 -0.0034579137532997845 0.016327029542265944 -0.0024866171716572522 -0.0024919397972776956
leaf_weight=1.5006450125947592 1.4312694519758222 1.1829809299670158 0.47181894071400143 0.77911635488271713 0.64462312217801798 2.9270795863121748
leaf_count=12 4 12 8 4 8 8
internal_value=0 -0.00126594 3.01006e-05 0.00886468 -0.00529294 -0.00246588
internal_weight=0 7.50626 5.67866 1.25094 1.8276 4.42772
internal_count=56 52 32 12 20 20
is_linear=0
shrinkage=0.1


Tree=93
num_leaves=7
num_cat=0
split_feature=0 0 0 0 0 0
split_gain=0.00694806 0.012318 0.00903215 0.000174675 0.000362263 4.1727e-05
threshold=0.63889320805000016 0.7601111906500001 0.69938644515000015 0.57607773460000011 0.58068926565000012 0.56677318590000014
decision_type=2 2 2 2 2 2
left_child=3 2 -2 5 -5 -1
right_child=1 -3 -4 4 -6 -7
leaf_value=-0.0023952875523009249 0.00080461893721003744 -0.0036715325320339173 0.013179085940879093 0.00074261689674282331 -0.0032201418964950485 -0.0030635473675446976
leaf_weight=1.5009680166840556 1.0657643927261236 1.6072857277467849 1.3208899870514867 0.45098062604665745 0.47227083798497915 2.4753413107246161
leaf_count=12 12 8 8 4 8 4
internal_value=0 0.0030958 0.00765325 -0.00252358 -0.00128445 -0.00281129
internal_weight=0 3.99394 2.38665 4.89956 0.923251 3.97631
internal_count=56 28 20 28 12 16
is_linear=0
shrinkage=0.1


Tree=94
num_leaves=6
num_cat=0
split_feature=0 0 0 0 0
split_gain=0.00790442 0.00434208 0.00547888 0.0017782 0.000878384
threshold=0.80233301090000009 0.59340111745000013 0.68036491340000016 0.56677318590000014 0.71163383855000006
decision_type=2 2 2 2 2
left_child=1 3 -3 -1 -4
right_child=-2 2 4 -5 -6
leaf_value=-0.0023266262072928257 0.0068315657028973258 -0.010528352028940972 0.00056982836536475362 0.0018375485533950867 -0.0040895292315221363
leaf_weight=1.4998951237648723 1.4221908599138258 0.96818570187315378 1.1002525081858037 3.2420366313308477 0.63993565645068873
leaf_count=12 4 12 8 12 8
internal_value=0 -0.00130408 -0.00449845 0.000520401 -0.0011436
internal_weight=0 7.45031 2.70837 4.74193 1.74019
internal_count=56 52 28 24 16
is_linear=0
shrinkage=0.1


Tree=95
num_leaves=6
num_cat=0
split_feature=0 0 0 0 0
split_gain=0.00685086 0.00399616 0.00509157 0.0101155 0.000803872
threshold=0.80233301090000009 0.5382534683500001 0.6490310047500002 0.58068926565000012 0.71163383855000006
decision_type=2 2 2 2 2
left_child=1 -1 3 -3 -4
right_child=-2 2 4 -5 -6
leaf_value=-0.010024354621556153 0.00632886933659948 -0.0014949007249466127 -0.0066983308296436651 0.008842770755205516 -0.0022955407137727492
leaf_weight=0.48163222521543492 1.4352147579193113 3.9362805187702179 1.1831649644300339 1.2462184978649018 0.63848480023443688
leaf_count=8 4 12 12 12 8
internal_value=0 -0.0012134 -0.000607529 0.000990965 -0.00515516
internal_weight=0 7.48578 7.00415 5.1825 1.82165
internal_count=56 52 44 24 20
is_linear=0
shrinkage=0.1


Tree=96
num_leaves=5
num_cat=0
split_feature=0 0 0 0
split_gain=0.00677389 0.0113288 0.00626034 0.000257441
threshold=0.63889320805000016 0.7601111906500001 0.69938644515000015 0.56677318590000014
decision_type=2 2 2 2
left_child=3 2 -2 -1
right_child=1 -3 -4 -5
leaf_value=-0.0014091474837798982 0.0017224624881556204 -0.0034523739050252101 0.01197782796292815 -0.0029870674813308939
leaf_weight=1.4883247343823311 1.0782672076020392 1.6101627172902224 1.3287835158407686 3.3869451535865664
leaf_count=12 12 8 8 16
internal_value=0 0.0030405 0.00738381 -0.00250536
internal_weight=0 4.01721 2.40705 4.87527
internal_count=56 28 20 28
is_linear=0
shrinkage=0.1


Tree=97
num_leaves=6
num_cat=0
split_feature=0 0 0 0 0
split_gain=0.0073428 0.00452006 0.00416227 0.000918248 0.00058151
threshold=0.80233301090000009 0.59340111745000013 0.68036491340000016 0.56677318590000014 0.71163383855000006
decision_type=2 2 2 2 2
left_child=1 3 -3 -1 -4
right_child=-2 2 4 -5 -6
leaf_value=-0.0014437292165731894 0.0065635238204624462 -0.0097114463256285453 -0.00018992214563355781 0.00155779846513736 -0.0039914380390528885
leaf_weight=1.4890080979093907 1.4297785386443136 0.98195733991451595 1.1092050615698097 3.2306268885731697 0.63146221078932274
leaf_count=12 4 12 8 12 8
internal_value=0 -0.00126096 -0.0045057 0.00061084 -0.001569
internal_weight=0 7.44226 2.72262 4.71963 1.74067
internal_count=56 52 28 24 16
is_linear=0
shrinkage=0.1


Tree=98
num_leaves=6
num_cat=0
split_feature=0 0 0 0 0
split_gain=0.0063126 0.0174968 0.0103336 0.000900663 0.000155324
threshold=0.63889320805000016 0.6490310047500002 0.80233301090000009 0.71163383855000006 0.56677318590000014
decision_type=2 2 2 2 2
left_child=4 -2 3 -3 -1
right_child=1 2 -4 -5 -6
leaf_value=-0.0015774604792998127 0.016250679153810475 -0.0069465515485487147 0.0059996539700279267 -0.0022718802544749637 -0.002803989611097968
leaf_weight=1.4870615014806388 0.79162317514419545 1.1911790515296159 1.4431342780590057 0.63021101616323005 3.3775387424975634
leaf_count=12 4 12 4 8 16
internal_value=0 0.0029132 -0.00032104 -0.00532909 -0.00242905
internal_weight=0 4.05615 3.26452 1.82139 4.8646
internal_count=56 28 24 20 28
is_linear=0
shrinkage=0.1


Tree=99
num_leaves=5
num_cat=0
split_feature=0 0 0 0
split_gain=0.00620724 0.0111753 0.00768084 0.000129362
threshold=0.63889320805000016 0.7601111906500001 0.69938644515000015 0.56677318590000014
decision_type=2 2 2 2
left_child=3 2 -2 -1
right_child=1 -3 -4 -5
leaf_value=-0.0016239386890920964 0.00095038877785271608 -0.0035181363843413017 0.012339617745859118 -0.0027430062411009926
leaf_weight=1.4881466748192904 1.0710160664748403 1.6140709072351453 1.3243027217686174 3.3773498795926571
leaf_count=12 12 8 8 16
internal_value=0 0.00291335 0.00724717 -0.00240073
internal_weight=0 4.00939 2.39532 4.8655
internal_count=56 28 20 28
is_linear=0
shrinkage=0.1


end of trees

feature_importances:
off_dist=620

parameters:
[boosting: gbdt]
[objective: lambdarank]
[metric: ndcg]
[tree_learner: serial]
[device_type: cpu]
[data: ]
[valid: ]
[num_iterations: 100]
[learning_rate: 0.1]
[num_leaves: 16]
[num_threads: 6]
[deterministic: 0]
[force_col_wise: 0]
[force_row_wise: 0]
[histogram_pool_size: -1]
[max_depth: -1]
[min_data_in_leaf: 5]
[min_sum_hessian_in_leaf: 0.001]
[bagging_fraction: 1]
[pos_bagging_fraction: 1]
[neg_bagging_fraction: 1]
[bagging_freq: 0]
[bagging_seed: 3]
[feature_fraction: 1]
[feature_fraction_bynode: 1]
[feature_fraction_seed: 2]
[extra_trees: 0]
[extra_seed: 6]
[early_stopping_round: 0]
[first_metric_only: 0]
[max_delta_step: 0]
[lambda_l1: 0]
[lambda_l2: 0]
[linear_lambda: 0]
[min_gain_to_split: 0]
[drop_rate: 0.1]
[max_drop: 50]
[skip_drop: 0.5]
[xgboost_dart_mode: 0]
[uniform_drop: 0]
[drop_seed: 4]
[top_rate: 0.2]
[other_rate: 0.1]
[min_data_per_group: 100]
[max_cat_threshold: 32]
[cat_l2: 10]
[cat_smooth: 10]
[max_cat_to_onehot: 4]
[top_k: 20]
[monotone_constraints: ]
[monotone_constraints_method: basic]
[monotone_penalty: 0]
[feature_contri: ]
[forcedsplits_filename: ]
[refit_decay_rate: 0.9]
[cegb_tradeoff: 1]
[cegb_penalty_split: 0]
[cegb_penalty_feature_lazy: ]
[cegb_penalty_feature_coupled: ]
[path_smooth: 0]
[interaction_constraints: ]
[verbosity: 1]
[saved_feature_importance_type: 0]
[linear_tree: 0]
[max_bin: 255]
[max_bin_by_feature: ]
[min_data_in_bin: 3]
[bin_construct_sample_cnt: 200000]
[data_random_seed: 1]
[is_enable_sparse: 1]
[enable_bundle: 1]
[use_missing: 1]
[zero_as_missing: 0]
[feature_pre_filter: 1]
[pre_partition: 0]
[two_round: 0]
[header: 0]
[label_column: ]
[weight_column: ]
[group_column: ]
[ignore_column: ]
[categorical_feature: ]
[forcedbins_filename: ]
[precise_float_parser: 0]
[parser_config_file: ]
[objective_seed: 5]
[num_class: 1]
[is_unbalance: 0]
[scale_pos_weight: 1]
[sigmoid: 1]
[boost_from_average: 1]
[reg_sqrt: 0]
[alpha: 0.9]
[fair_c: 1]
[poisson_max_delta_step: 0.7]
[tweedie_variance_power: 1.5]
[lambdarank_truncation_level: 30]
[lambdarank_norm: 1]
[label_gain: ]
[eval_at: 1,2,3,4,5]
[multi_error_top_k: 1]
[auc_mu_weights: ]
[num_machines: 1]
[local_listen_port: 12400]
[time_out: 120]
[machine_list_filename: ]
[machines: ]
[gpu_platform_id: -1]
[gpu_device_id: -1]
[gpu_use_dp: 0]
[num_gpu: 1]

end of parameters

pandas_categorical:null
