tree
version=v4
num_class=1
num_tree_per_iteration=1
label_index=0
max_feature_idx=0
objective=lambdarank
feature_names=off_dist
feature_infos=[0:0.87947164010000001]
tree_sizes=755 751 858 957 860 857 855 865 867 872 867 759 759 763 866 866 768 859 975 767 756 858 654 969 763 763 764 874 769 872 765 772 972 768 876 763 878 765 878 765 876 768 878 665 981 878 877 766 880 772 880 880 662 666 880 668 873 667 877 669 882 669 878 665 877 667 880 668 877 669 880 668 878 668 879 665 878 668 883 666 878 666 883 670 878 670 666 882 668 881 669 887 668 879 667 669 886 666 879 669

Tree=0
num_leaves=6
num_cat=0
split_feature=0 0 0 0 0
split_gain=1.51565 0.533846 0.795657 0.403232 0.293561
threshold=0.56677318590000014 0.69938644515000015 0.73810726100000001 0.64717139750000008 0.78650470425000008
decision_type=2 2 2 2 2
left_child=-1 3 -3 -2 -4
right_child=1 2 4 -5 -6
leaf_value=0.10482331480953828 -0.043011354134355383 0.069559483385054729 -0.1207007867026344 -0.15425430755612771 -0.0075304726582272989
leaf_weight=1.0647927578538654 1.2871365472674372 0.96017033979296662 0.43130330927670002 0.43629391491413105 0.48917431756854057
leaf_count=10 12 10 8 8 8
internal_value=0 -0.0309691 0.00587382 -0.071173 -0.0605581
internal_weight=0 3.60408 1.88065 1.72343 0.920478
internal_count=56 46 26 20 16
is_linear=0
shrinkage=0.1


Tree=1
num_leaves=6
num_cat=0
split_feature=0 0 0 0 0
split_gain=7.77686 0.256263 0.426616 0.0309449 0.0210918
threshold=0.5382534683500001 0.64717139750000008 0.78650470425000008 0.57627838765000006 0.71163383855000006
decision_type=2 2 2 2 2
left_child=-1 3 4 -2 -3
right_child=1 2 -4 -5 -6
leaf_value=0.11704800271441276 -0.024447823965983228 -0.06882850451983101 -0.013533183325538441 -0.0076020532951106253 -0.056716061605364576
leaf_weight=4.3261032402515438 4.0832316577434531 2.8670123144984228 2.5380126982927322 1.4877755939960478 2.8835901953279972
leaf_count=6 8 14 8 8 12
internal_value=0 -0.036535 -0.0476829 -0.019949 -0.0627548
internal_weight=0 13.8596 8.28862 5.57101 5.7506
internal_count=56 50 34 16 26
is_linear=0
shrinkage=0.1


Tree=2
num_leaves=7
num_cat=0
split_feature=0 0 0 0 0 0
split_gain=3.23762 0.183165 0.146223 0.0295766 0.0150762 0.00184772
threshold=0.5382534683500001 0.78650470425000008 0.64717139750000008 0.71163383855000006 0.56677318590000014 0.57627838765000006
decision_type=2 2 2 2 2 2
left_child=-1 2 4 -4 -2 -6
right_child=1 -3 3 -5 5 -7
leaf_value=0.11333245843464822 -0.0063907018478000267 0.0049164949515624135 -0.028705404860097924 -0.043690242841514793 -0.014270383017885462 -0.018922433962933347
leaf_weight=2.181250378489497 2.3963700681924802 2.8652201294898978 2.9488161467015743 2.3804987296462059 1.6144852638244629 1.812028631567955
leaf_count=6 4 8 14 12 4 8
internal_value=0 -0.0176357 -0.0234298 -0.0353988 -0.0124752 -0.0167305
internal_weight=0 14.0174 11.1522 5.32931 5.82288 3.42651
internal_count=56 50 42 26 16 12
is_linear=0
shrinkage=0.1


Tree=3
num_leaves=8
num_cat=0
split_feature=0 0 0 0 0 0 0
split_gain=0.740602 0.819809 0.35605 0.922981 1.04827 0.148289 0.246921
threshold=0.56677318590000014 0.69938644515000015 0.57627838765000006 0.61116628275000007 0.64717139750000008 0.78650470425000008 0.71163383855000006
decision_type=2 2 2 2 2 2 2
left_child=-1 2 -2 -4 -5 6 -3
right_child=1 5 3 4 -6 -7 -8
leaf_value=0.038718273737486625 -0.01443676414201641 0.016120882916011065 -0.16458544660026111 0.040833065351986067 -0.13234751104663151 0.018560117751903537 -0.030947238089457371
leaf_weight=3.7940131500363377 1.6097018122673028 2.2191428244113904 0.77133266627788577 0.86419776082038857 0.58688767626881599 4.2671578824520111 2.2391935959458351
leaf_count=10 4 6 4 4 8 8 12
internal_value=0 -0.0116979 -0.0502527 -0.0761942 -0.0292094 0.00523485 -0.00751902
internal_weight=0 12.5576 3.83212 2.22242 1.45109 8.72549 4.45834
internal_count=56 46 20 16 12 26 18
is_linear=0
shrinkage=0.1


Tree=4
num_leaves=7
num_cat=0
split_feature=0 0 0 0 0 0
split_gain=0.560799 0.0673306 0.281339 0.0697486 0.0300091 0.588765
threshold=0.56677318590000014 0.61116628275000007 0.64717139750000008 0.78650470425000008 0.71163383855000006 0.73810726100000001
decision_type=2 2 2 2 2 2
left_child=-1 -2 -3 4 -4 -6
right_child=1 2 3 -5 5 -7
leaf_value=0.032918415809836739 -0.028765918665878035 0.042247514074036832 -0.015652438570681267 -0.0046121393079405987 0.012755478852690164 -0.10563359745335835
leaf_weight=3.8652544692158708 1.8240293636918057 1.0052169561386097 2.5295801386237127 4.2688069939613342 1.0962942242622373 0.68100929260253895
leaf_count=10 8 4 14 8 4 8
internal_value=0 -0.0111564 -0.00780388 -0.0136708 -0.0226493 -0.0326077
internal_weight=0 11.4049 9.58091 8.57569 4.30688 1.7773
internal_count=56 46 38 34 26 12
is_linear=0
shrinkage=0.1


Tree=5
num_leaves=7
num_cat=0
split_feature=0 0 0 0 0 0
split_gain=1.43694 0.880075 0.365571 0.0796375 0.0886221 0.0422508
threshold=0.64717139750000008 0.61116628275000007 0.56677318590000014 0.73810726100000001 0.84499235145000007 0.71163383855000006
decision_type=2 2 2 2 2 2
left_child=1 2 -1 5 -5 -2
right_child=3 -3 -4 4 -6 -7
leaf_value=0.031264609451856627 -0.026219363627969658 0.098996655630577191 -0.023982828091423648 -0.052307797640074011 -0.023875415743973449 -0.002661275303111704
leaf_weight=3.8063389658927917 2.2315340861678123 1.5548606514930723 1.7475920766592024 2.2723569273948669 2.1181192100048065 1.1555033028125765
leaf_count=10 14 4 8 12 4 4
internal_value=0 0.0324974 0.0138805 -0.0297033 -0.038591 -0.0181824
internal_weight=0 7.10879 5.55393 7.77751 4.39048 3.38704
internal_count=56 22 18 34 16 18
is_linear=0
shrinkage=0.1


Tree=6
num_leaves=7
num_cat=0
split_feature=0 0 0 0 0 0
split_gain=1.01538 0.166384 0.26633 0.0578358 0.081053 0.50134
threshold=0.5382534683500001 0.78650470425000008 0.71163383855000006 0.69938644515000015 0.57627838765000006 0.64717139750000008
decision_type=2 2 2 2 2 2
left_child=-1 2 3 4 -2 -6
right_child=1 -3 -4 -5 5 -7
leaf_value=0.083291989653617865 -0.0040827340900695917 0.010296630005305528 -0.048524691882953566 0.0070603197888188685 0.0065603860660332263 -0.10851414174540855
leaf_weight=1.3282772749662406 3.7712598070502263 3.463465988636016 1.9252349883317945 2.1352675408124924 1.1863961964845655 0.55603105574846257
leaf_count=6 8 8 12 6 8 8
internal_value=0 -0.00848579 -0.0152803 -0.00691276 -0.0123241 -0.0301614
internal_weight=0 13.0377 9.57419 7.64895 5.51369 1.74243
internal_count=56 50 42 30 24 16
is_linear=0
shrinkage=0.1


Tree=7
num_leaves=7
num_cat=0
split_feature=0 0 0 0 0 0
split_gain=0.412117 0.0500788 0.0681917 0.190466 0.135129 0.000321811
threshold=0.56677318590000014 0.61116628275000007 0.84499235145000007 0.64717139750000008 0.78650470425000008 0.71163383855000006
decision_type=2 2 2 2 2 2
left_child=-1 -2 3 -3 5 -5
right_child=1 2 -4 4 -6 -7
leaf_value=0.029093964751745402 -0.025689712965798202 0.040475646575601071 -0.022699868425586859 -0.019115842695250625 0.017851983626420122 -0.017262030575006027
leaf_weight=3.5935618877410898 1.7537007778882969 0.9078793227672558 2.1006795465946198 2.4727267175912861 1.3849789798259733 1.5071874596178529
leaf_count=10 8 4 4 14 4 12
internal_value=0 -0.0103238 -0.00710566 -0.00188334 -0.00905158 -0.0184138
internal_weight=0 10.1272 8.37345 6.27277 5.36489 3.97991
internal_count=56 46 38 34 30 26
is_linear=0
shrinkage=0.1


Tree=8
num_leaves=7
num_cat=0
split_feature=0 0 0 0 0 0
split_gain=1.01969 0.0778832 0.0663302 0.000455419 0.00664465 0.000120375
threshold=0.5382534683500001 0.64717139750000008 0.78650470425000008 0.56677318590000014 0.57627838765000006 0.71163383855000006
decision_type=2 2 2 2 2 2
left_child=-1 3 5 -2 -5 -3
right_child=1 2 -4 4 -6 -7
leaf_value=0.086147330475732878 0.0015049015036151137 -0.024820493954075727 -0.005734938694722044 -0.0050079073554796568 0.0048938748885108616 -0.025993428968043332
leaf_weight=1.244679972529412 2.3358529582619649 2.0388086512684827 3.3498930931091309 1.4557376727461817 1.268046151846647 1.532730385661125
leaf_count=6 4 14 8 4 8 12
internal_value=0 -0.00894961 -0.015843 0.000480408 -0.000398174 -0.0253239
internal_weight=0 11.9811 6.92143 5.05964 2.72378 3.57154
internal_count=56 50 34 16 12 26
is_linear=0
shrinkage=0.1


Tree=9
num_leaves=7
num_cat=0
split_feature=0 0 0 0 0 0
split_gain=0.833285 0.0467286 0.0477519 0.00405957 0.00360828 0.000711463
threshold=0.5382534683500001 0.64717139750000008 0.78650470425000008 0.56677318590000014 0.57627838765000006 0.71163383855000006
decision_type=2 2 2 2 2 2
left_child=-1 3 5 -2 -5 -3
right_child=1 2 -4 4 -6 -7
leaf_value=0.082750007579405149 0.0024596976468535137 -0.020403499470264139 -0.0047699388304287167 -0.0065986896939819921 0.00068341636453236377 -0.023324601289111381
leaf_weight=1.1115310117602355 2.3303246572613698 1.8663165718317034 3.2850189656019211 1.4665254503488543 1.2694099694490431 1.5071094967424867
leaf_count=6 4 14 8 4 8 12
internal_value=0 -0.0078449 -0.0133517 -0.000607493 -0.00321996 -0.0217085
internal_weight=0 11.7247 6.65845 5.06626 2.73594 3.37343
internal_count=56 50 34 16 12 26
is_linear=0
shrinkage=0.1


Tree=10
num_leaves=7
num_cat=0
split_feature=0 0 0 0 0 0
split_gain=0.668146 0.0291483 0.0767811 0.0801148 0.300653 0.000789342
threshold=0.5382534683500001 0.73810726100000001 0.69938644515000015 0.57627838765000006 0.64717139750000008 0.84499235145000007
decision_type=2 2 2 2 2 2
left_child=-1 2 3 -2 -5 -3
right_child=1 5 -4 4 -6 -7
leaf_value=0.078716226531337072 -0.0014884972382609482 -0.012467714802630002 0.01221706061665742 -0.0014806000589068205 -0.094211656253555001 -0.015366635961795242
leaf_weight=0.99303631857037622 3.7946745827794057 1.7947501800954342 2.2694235146045685 1.2495036050677297 0.48548220843076695 1.9705559909343719
leaf_count=6 8 12 10 8 8 4
internal_value=0 -0.00675937 -0.003271 -0.00962744 -0.0274285 -0.0139849
internal_weight=0 11.5644 7.79908 5.52966 1.73499 3.76531
internal_count=56 50 34 24 16 16
is_linear=0
shrinkage=0.1


Tree=11
num_leaves=6
num_cat=0
split_feature=0 0 0 0 0
split_gain=0.193205 0.0987002 0.179391 0.019416 0.007986
threshold=0.56677318590000014 0.61116628275000007 0.64717139750000008 0.78650470425000008 0.71163383855000006
decision_type=2 2 2 2 2
left_child=-1 -2 -3 4 -4
right_child=1 2 3 -5 -6
leaf_value=0.02118255912966166 -0.028573318603122674 0.039280378489310208 -0.0091215542946854935 -0.0025595832551828269 -0.01897204948817895
leaf_weight=3.2049231305718431 1.7645838260650615 0.91208863258361805 1.9107541609555485 3.2964116930961609 1.4457648210227487
leaf_count=10 8 4 14 8 12
internal_value=0 -0.00727667 -0.0023091 -0.00801085 -0.0133645
internal_weight=0 9.3296 7.56502 6.65293 3.35652
internal_count=56 46 38 34 26
is_linear=0
shrinkage=0.1


Tree=12
num_leaves=6
num_cat=0
split_feature=0 0 0 0 0
split_gain=0.262502 0.0588204 0.0583715 0.0234323 0.007336
threshold=0.56677318590000014 0.61116628275000007 0.64717139750000008 0.78650470425000008 0.71163383855000006
decision_type=2 2 2 2 2
left_child=-1 -2 -3 4 -4
right_child=1 2 3 -5 -6
leaf_value=0.024693945286065357 -0.025222614247584471 0.017569245888613132 -0.010127780232921789 -0.0022657123426445005 -0.019772100394644384
leaf_weight=3.1974475681781778 1.7218090072274188 1.01517928391695 1.8325852639973166 3.2785102128982544 1.3846194073557851
leaf_count=10 8 4 14 8 12
internal_value=0 -0.00855195 -0.00473034 -0.00821542 -0.0142785
internal_weight=0 9.2327 7.51089 6.49571 3.2172
internal_count=56 46 38 34 26
is_linear=0
shrinkage=0.1


Tree=13
num_leaves=6
num_cat=0
split_feature=0 0 0 0 0
split_gain=0.219076 0.0500148 0.0743832 0.0204944 0.0038813
threshold=0.56677318590000014 0.61116628275000007 0.64717139750000008 0.78650470425000008 0.71163383855000006
decision_type=2 2 2 2 2
left_child=-1 -2 -3 4 -4
right_child=1 2 3 -5 -6
leaf_value=0.022665963460863713 -0.023382608917595731 0.022159554664416568 -0.0108199587534622 -0.0026113051495824002 -0.017893306874569945
leaf_weight=3.1594707518816003 1.6996490582823733 0.92531460523605336 1.7691673859953883 3.2595672309398651 1.3815587684512136
leaf_count=10 8 4 14 8 12
internal_value=0 -0.00792588 -0.00434458 -0.00817041 -0.0139215
internal_weight=0 9.03526 7.33561 6.41029 3.15073
internal_count=56 46 38 34 26
is_linear=0
shrinkage=0.1


Tree=14
num_leaves=7
num_cat=0
split_feature=0 0 0 0 0 0
split_gain=0.208447 0.0465972 0.0782859 0.0650424 0.146697 0.00859865
threshold=0.56677318590000014 0.69938644515000015 0.73810726100000001 0.57627838765000006 0.64717139750000008 0.84499235145000007
decision_type=2 2 2 2 2 2
left_child=-1 3 -3 -2 -5 -4
right_child=1 2 5 4 -6 -7
leaf_value=0.02218640065177898 -0.0023793975917827288 0.012366824709209013 -0.006371171707996154 -0.013334543576528496 -0.081738418009671479 -0.016023170390199598
leaf_weight=3.1324905678629884 1.4204345569014534 2.1871546283364296 1.7400483638048172 1.1597381532192228 0.42967144027352322 1.9656339287757874
leaf_count=10 4 10 12 8 8 4
internal_value=0 -0.00780649 -0.00263603 -0.0179295 -0.0318264 -0.011491
internal_weight=0 8.90268 5.89284 3.00984 1.58941 3.70568
internal_count=56 46 26 20 16 16
is_linear=0
shrinkage=0.1


Tree=15
num_leaves=7
num_cat=0
split_feature=0 0 0 0 0 0
split_gain=0.110719 0.0447711 0.068953 0.0110477 0.00627566 0.00168749
threshold=0.56677318590000014 0.61116628275000007 0.73810726100000001 0.66879540310000019 0.71163383855000006 0.84499235145000007
decision_type=2 2 2 2 2 2
left_child=-1 -2 3 -3 -5 -4
right_child=1 2 5 4 -6 -7
leaf_value=0.016341971273591244 -0.020436147883794772 0.017473436745464557 -0.014124925074661891 0.00096411213930339883 0.011112329681366023 -0.009835005837354284
leaf_weight=3.0800862610340127 1.6656614132225493 0.87120319716632399 1.7188401930034161 1.7435618974268439 0.93676316738128651 1.9654324501752853
leaf_count=10 8 8 12 10 4 4
internal_value=0 -0.00565466 -0.002252 0.00769064 0.00451087 -0.0118364
internal_weight=0 8.90146 7.2358 3.55153 2.68033 3.68427
internal_count=56 46 38 22 14 16
is_linear=0
shrinkage=0.1


Tree=16
num_leaves=6
num_cat=0
split_feature=0 0 0 0 0
split_gain=0.0889369 0.0312817 0.0401304 0.0129069 0.000355416
threshold=0.56677318590000014 0.61116628275000007 0.73810726100000001 0.69938644515000015 0.84499235145000007
decision_type=2 2 2 2 2
left_child=-1 -2 3 -3 -4
right_child=1 2 4 -5 -6
leaf_value=0.014789882030356775 -0.017483530958711298 -0.0041617670735993534 -0.0083806983588442571 0.0090182665732947056 -0.010320336798129291
leaf_weight=3.0449434593319902 1.6351003795862178 1.0379485916346314 1.7772236354649069 2.6147103309631348 2.0167081654071808
leaf_count=10 8 12 12 10 4
internal_value=0 -0.00495881 -0.00220867 0.005273 -0.00941174
internal_weight=0 9.08169 7.44659 3.65266 3.79393
internal_count=56 46 38 22 16
is_linear=0
shrinkage=0.1


Tree=17
num_leaves=7
num_cat=0
split_feature=0 0 0 0 0 0
split_gain=0.337915 0.0983034 0.101483 0.071472 0.0833314 0.205848
threshold=0.84499235145000007 0.78650470425000008 0.71163383855000006 0.69938644515000015 0.57627838765000006 0.64717139750000008
decision_type=2 2 2 2 2 2
left_child=1 2 3 4 -1 -6
right_child=-2 -3 -4 -5 5 -7
leaf_value=0.0080037490541424068 -0.038173817929831502 0.032288566290742456 -0.021586344674833689 0.022634694070274852 0.0030346387306038635 -0.092232708973089939
leaf_weight=4.3502216823399031 1.9560476839542396 1.349112510681153 1.3829604797065256 2.294630378484726 0.86054385825991608 0.30797972530126572
leaf_count=14 4 4 12 6 8 8
internal_value=0 0.00708076 0.00338275 0.00780226 0.0016351 -0.0220743
internal_weight=0 10.5454 9.19634 7.81338 5.51875 1.16852
internal_count=56 52 48 36 30 16
is_linear=0
shrinkage=0.1


Tree=18
num_leaves=8
num_cat=0
split_feature=0 0 0 0 0 0 0
split_gain=0.310534 0.0418522 0.059357 0.0288946 0.0161091 0.00480748 0.00450237
threshold=0.5382534683500001 0.73810726100000001 0.61116628275000007 0.56677318590000014 0.66879540310000019 0.71163383855000006 0.84499235145000007
decision_type=2 2 2 2 2 2 2
left_child=-1 2 3 -2 -4 -6 -3
right_child=1 6 4 -5 5 -7 -8
leaf_value=0.06104620590960276 -0.001505304823449646 -0.017538535622904573 0.021914020307322077 -0.018846452203202232 0.0087747632857049767 -1.8970761210020923e-05 -0.0099799278718102676
leaf_weight=0.7763213478028782 2.3082238510251032 1.7238878011703491 0.77548611536622081 1.6460984647274015 1.6926863286644223 0.98255743831396092 1.4516735523939133
leaf_count=6 4 12 8 8 10 4 4
internal_value=0 -0.00447908 -0.000360483 -0.00872405 0.00922364 0.00554502 -0.0140832
internal_weight=0 10.5806 7.40505 3.95432 3.45073 2.67524 3.17556
internal_count=56 50 34 12 22 14 16
is_linear=0
shrinkage=0.1


Tree=19
num_leaves=6
num_cat=0
split_feature=0 0 0 0 0
split_gain=0.0559441 0.0394629 0.0840849 0.0591413 0.00648289
threshold=0.56677318590000014 0.69938644515000015 0.73810726100000001 0.57627838765000006 0.84499235145000007
decision_type=2 2 2 2 2
left_child=-1 3 -3 -2 -4
right_child=1 2 4 -5 -6
leaf_value=0.011844535012125443 -0.0010430936361299368 0.012859642448912323 -0.013906345636060009 -0.032057309507503788 -0.0050721754506490623
leaf_weight=2.9796888157725343 1.4016041159629806 2.8657781854271889 2.0480762496590614 1.0953581575304268 1.3975054770708086
leaf_count=10 4 10 12 16 4
internal_value=0 -0.00400678 0.000203321 -0.0146483 -0.0103233
internal_weight=0 8.80832 6.31136 2.49696 3.44558
internal_count=56 46 26 20 16
is_linear=0
shrinkage=0.1


Tree=20
num_leaves=6
num_cat=0
split_feature=0 0 0 0 0
split_gain=0.245256 0.156744 0.0344858 0.0423255 0.0205345
threshold=0.71163383855000006 0.69938644515000015 0.56677318590000014 0.61116628275000007 0.78650470425000008
decision_type=2 2 2 2 2
left_child=1 2 -1 -4 -2
right_child=4 -3 3 -5 -6
leaf_value=0.010080293894235566 -0.029092180613257142 0.037447488044031273 -0.015538948557426942 0.011409901074845998 -0.01430250865668866
leaf_weight=2.9893971085548401 1.4903509467840192 1.7124913930892942 1.6115416027605536 0.91297271009534586 2.5366322249174118
leaf_count=10 12 6 8 12 8
internal_value=0 0.0110204 0.00281275 -0.00579309 -0.019776
internal_weight=0 7.2264 5.51391 2.52451 4.02698
internal_count=56 36 30 20 20
is_linear=0
shrinkage=0.1


Tree=21
num_leaves=7
num_cat=0
split_feature=0 0 0 0 0 0
split_gain=0.207639 0.040435 0.0345909 0.075754 0.0593188 0.101284
threshold=0.73810726100000001 0.84499235145000007 0.61116628275000007 0.56677318590000014 0.71163383855000006 0.64717139750000008
decision_type=2 2 2 2 2 2
left_child=2 -2 3 -1 5 -4
right_child=1 -3 4 -5 -6 -7
leaf_value=0.011911212709679833 -0.035991121879110584 -0.011895192480918249 0.056885317758704423 -0.014979379356373749 -0.004485443667650889 0.011305746215857797
leaf_weight=3.0208207331597805 1.3422393165528774 1.4473949521780014 0.68716704100370418 1.6038319431245325 1.0017848759889605 1.6781079825013876
leaf_count=10 12 4 4 8 4 14
internal_value=0 -0.023489 0.00819921 0.00258554 0.0159096 0.0245477
internal_weight=0 2.78963 7.99171 4.62465 3.36706 2.36528
internal_count=56 16 40 18 22 18
is_linear=0
shrinkage=0.1


Tree=22
num_leaves=5
num_cat=0
split_feature=0 0 0 0
split_gain=0.139523 0.0756284 0.07365 0.0283186
threshold=0.71163383855000006 0.69938644515000015 0.57627838765000006 0.78650470425000008
decision_type=2 2 2 2
left_child=1 2 -1 -2
right_child=3 -3 -4 -5
leaf_value=0.0095400538534540155 -0.026465950269980866 0.030500333812811215 -0.017946740701907382 -0.0086196675839176461
leaf_weight=4.4093180559575558 1.4552227817475798 1.2659474611282346 1.2515052817761896 2.2857790887355804
leaf_count=14 12 6 16 8
internal_value=0 0.00840457 0.00346322 -0.0155617
internal_weight=0 6.92677 5.66082 3.741
internal_count=56 36 30 20
is_linear=0
shrinkage=0.1


Tree=23
num_leaves=8
num_cat=0
split_feature=0 0 0 0 0 0 0
split_gain=0.256412 0.0706594 0.0530493 0.127905 0.0178726 0.0171858 0.000375624
threshold=0.5382534683500001 0.73810726100000001 0.61116628275000007 0.64717139750000008 0.84499235145000007 0.56677318590000014 0.71163383855000006
decision_type=2 2 2 2 2 2 2
left_child=-1 2 5 -4 -3 -2 -5
right_child=1 4 3 6 -6 -7 -8
leaf_value=0.057750837730653065 -0.0012840940084542344 -0.026658455033111574 0.048332947835079916 0.0009460516733315015 -0.010355422516207476 -0.014798870137625073 -0.00157012566297795
leaf_weight=0.71636730059981424 2.2963729538023459 1.2649192176759243 0.70025467127561603 1.5202106889337303 1.4356214627623558 1.5940803699195383 0.97304672002792347
leaf_count=6 4 12 4 14 4 8 4
internal_value=0 -0.0042282 0.0010187 0.0105701 -0.0179917 -0.00682166 -3.594e-05
internal_weight=0 9.78451 7.08397 3.19351 2.70054 3.89045 2.49326
internal_count=56 50 34 22 16 12 18
is_linear=0
shrinkage=0.1


Tree=24
num_leaves=6
num_cat=0
split_feature=0 0 0 0 0
split_gain=0.214068 0.0363195 0.0353526 0.0588954 0.000834023
threshold=0.5382534683500001 0.73810726100000001 0.69938644515000015 0.57627838765000006 0.84499235145000007
decision_type=2 2 2 2 2
left_child=-1 2 3 -2 -3
right_child=1 4 -4 -5 -6
leaf_value=0.055068206360402765 0.0019316595676370592 -0.015453501874769902 0.010881883289410317 -0.022706255720432601 -0.011933027764015213
leaf_weight=0.66141584143042642 3.6963490881025773 1.2577885091304779 2.1149722412228584 1.3155320361256597 1.4472369179129601
leaf_count=6 8 12 10 16 4
internal_value=0 -0.00370458 3.98721e-05 -0.00453537 -0.01357
internal_weight=0 9.83188 7.12685 5.01188 2.70503
internal_count=56 50 34 24 16
is_linear=0
shrinkage=0.1


Tree=25
num_leaves=6
num_cat=0
split_feature=0 0 0 0 0
split_gain=0.0535309 0.0496247 0.0387935 0.047482 0.0120593
threshold=0.71163383855000006 0.78650470425000008 0.69938644515000015 0.56677318590000014 0.57627838765000006
decision_type=2 2 2 2 2
left_child=2 -2 3 -1 -5
right_child=1 -3 -4 4 -6
leaf_value=0.010664988455430298 -0.024192473755482408 -0.00045081213680338056 0.022086445453256432 -0.0015626195454113549 -0.015194274014216981
leaf_weight=2.9089212454855442 1.4344348832964899 2.2793601378798485 1.1479265540838239 1.392119709402323 1.2157065514475105
leaf_count=10 12 8 6 4 16
internal_value=0 -0.00962091 0.00536112 0.00188091 -0.00791737
internal_weight=0 3.7138 6.66467 5.51675 2.60783
internal_count=56 20 36 30 20
is_linear=0
shrinkage=0.1


Tree=26
num_leaves=6
num_cat=0
split_feature=0 0 0 0 0
split_gain=0.0593656 0.0105505 0.017281 0.00209235 0.016491
threshold=0.64717139750000008 0.78650470425000008 0.71163383855000006 0.56677318590000014 0.57627838765000006
decision_type=2 2 2 2 2
left_child=3 2 -2 -1 -5
right_child=1 -3 -4 4 -6
leaf_value=0.0093372038818269228 -0.0040391710502946159 -0.002529984906051946 -0.019619976404809652 -0.0014844274581818312 0.016068055706881117
leaf_weight=2.8991171531379223 1.4473996721208098 2.2407893240451813 1.4007736369967458 1.3892817161977293 0.87074919417500485
leaf_count=10 14 8 12 4 8
internal_value=0 -0.00766337 -0.011702 0.00755912 0.00527823
internal_weight=0 5.08896 2.84817 5.15915 2.26003
internal_count=56 34 26 22 12
is_linear=0
shrinkage=0.1


Tree=27
num_leaves=7
num_cat=0
split_feature=0 0 0 0 0 0
split_gain=0.0486203 0.0112579 0.00522174 0.00873788 0.00100025 0.000132145
threshold=0.64717139750000008 0.73810726100000001 0.56677318590000014 0.57627838765000006 0.71163383855000006 0.84499235145000007
decision_type=2 2 2 2 2 2
left_child=2 4 -1 -4 -2 -3
right_child=1 5 3 -5 -6 -7
leaf_value=0.0096531833792951102 -0.0036422667213752351 -0.012199086888684117 -0.0016918952562254034 0.0110742962997783 0.00054248900284498017 -0.010786518507120826
leaf_weight=2.8893158100545406 1.4388126321136954 1.2275754436850548 1.3884628973901274 0.87340732291340817 0.94717820733785618 1.4381233602762222
leaf_count=10 14 12 4 8 4 4
internal_value=0 -0.00697081 0.00683616 0.00323769 -0.00198102 -0.011437
internal_weight=0 5.05169 5.15119 2.26187 2.38599 2.6657
internal_count=56 34 22 12 18 16
is_linear=0
shrinkage=0.1


Tree=28
num_leaves=6
num_cat=0
split_feature=0 0 0 0 0
split_gain=0.0373359 0.0107822 0.0129308 0.0075515 0.00582344
threshold=0.64717139750000008 0.78650470425000008 0.71163383855000006 0.56677318590000014 0.57627838765000006
decision_type=2 2 2 2 2
left_child=3 2 -2 -1 -5
right_child=1 -3 -4 4 -6
leaf_value=0.0094037342525063305 -0.0035446018730161469 -0.00092604346946648152 -0.017103980453123717 -0.0023315706851196353 0.0081078780694219862
leaf_weight=2.8764776438474655 1.428072849288583 2.2413890808820724 1.3857992291450498 1.3911906927824023 0.86758187040686596
leaf_count=10 14 8 12 4 8
internal_value=0 -0.00610063 -0.0102224 0.00600559 0.00167816
internal_weight=0 5.05526 2.81387 5.13525 2.25877
internal_count=56 34 26 22 12
is_linear=0
shrinkage=0.1


Tree=29
num_leaves=7
num_cat=0
split_feature=0 0 0 0 0 0
split_gain=0.0344149 0.0324408 0.130773 0.00910792 0.00195493 9.55039e-05
threshold=0.56677318590000014 0.61116628275000007 0.64717139750000008 0.73810726100000001 0.71163383855000006 0.84499235145000007
decision_type=2 2 2 2 2 2
left_child=-1 -2 -3 4 -4 -5
right_child=1 2 3 5 -6 -7
leaf_value=0.009287693923720074 -0.016280645266554105 0.04167128501636036 -0.0034418918530396813 -0.0089807772345211877 0.002426897983677487 -0.010181854741289392
leaf_weight=2.8638882860541344 1.5899262726306913 0.66162319481372822 1.4269167091697457 1.2266660667955875 0.94248034805059422 1.438262976706028
leaf_count=10 8 4 14 12 4 4
internal_value=0 -0.00365075 -0.000125335 -0.00561835 -0.00110745 -0.009629
internal_weight=0 7.28588 5.69595 5.03433 2.3694 2.66493
internal_count=56 46 38 34 18 16
is_linear=0
shrinkage=0.1


Tree=30
num_leaves=6
num_cat=0
split_feature=0 0 0 0 0
split_gain=0.0523314 0.0254023 0.0580669 0.0323169 0.0222134
threshold=0.56677318590000014 0.69938644515000015 0.71163383855000006 0.57627838765000006 0.78650470425000008
decision_type=2 2 2 2 2
left_child=-1 3 -3 -2 -4
right_child=1 2 4 -5 -6
leaf_value=0.011456159474452901 -0.0019143913549588814 0.02011609935829179 -0.016320578923857607 -0.024195938700162612 -0.00010058910875855333
leaf_weight=2.8635565564036369 1.3837943635880949 1.0910328589379785 1.3565170839428904 1.2291093766689298 2.2362235486507416
leaf_count=10 4 6 12 16 8
internal_value=0 -0.00449593 -8.89792e-05 -0.0123956 -0.0062248
internal_weight=0 7.29668 4.68377 2.6129 3.59274
internal_count=56 46 26 20 20
is_linear=0
shrinkage=0.1


Tree=31
num_leaves=6
num_cat=0
split_feature=0 0 0 0 0
split_gain=0.0327539 0.00813098 0.00617205 0.00476072 0.00448102
threshold=0.64717139750000008 0.78650470425000008 0.56677318590000014 0.71163383855000006 0.57627838765000006
decision_type=2 2 2 2 2
left_child=2 3 -1 -2 -4
right_child=1 -3 4 -5 -6
leaf_value=0.0087370772892527079 -0.0053032220219327271 -0.0012648134058985607 -0.0017919512308960479 -0.013625889924181279 0.0074841032313290833
leaf_weight=2.8484821058809757 1.3950649518519642 2.2173860371112823 1.3826429508626463 1.3547335118055341 0.83544840291142453
leaf_count=10 14 8 4 12 8
internal_value=0 -0.00577035 0.00565715 -0.00940352 0.00170189
internal_weight=0 4.96718 5.06657 2.7498 2.21809
internal_count=56 34 22 26 12
is_linear=0
shrinkage=0.1


Tree=32
num_leaves=8
num_cat=0
split_feature=0 0 0 0 0 0 0
split_gain=0.0291277 0.0175509 0.0477283 0.164713 0.010132 0.00698245 0.000397473
threshold=0.73810726100000001 0.69938644515000015 0.57627838765000006 0.64717139750000008 0.56677318590000014 0.71163383855000006 0.84499235145000007
decision_type=2 2 2 2 2 2 2
left_child=1 2 4 -4 -1 -3 -2
right_child=6 5 3 -5 -6 -7 -8
leaf_value=0.0085663148274375683 -0.0076795921840497232 0.016645636852580695 0.0052984263821920057 -0.080176404537851964 -0.0018779351144898337 0.0048154913768438546 -0.010142984635417664
leaf_weight=2.8369350228458643 1.2082037888467312 1.084232032299042 0.83002060651779153 0.30952226929366589 1.3809959664940832 0.92418618500232685 1.430519811809063
leaf_count=10 12 6 8 8 4 4 4
internal_value=0 0.00322951 0.0002408 -0.0179182 0.00514676 0.0112019 -0.00901506
internal_weight=0 7.36589 5.35747 1.13954 4.21793 2.00842 2.63872
internal_count=56 40 30 16 14 10 16
is_linear=0
shrinkage=0.1


Tree=33
num_leaves=6
num_cat=0
split_feature=0 0 0 0 0
split_gain=0.0269393 0.0319448 0.112325 0.00840851 0.00568685
threshold=0.56677318590000014 0.61116628275000007 0.64717139750000008 0.78650470425000008 0.71163383855000006
decision_type=2 2 2 2 2
left_child=-1 -2 -3 4 -4
right_child=1 2 3 -5 -6
leaf_value=0.0082222137932291012 -0.015810642252881583 0.040129103611758428 -0.003984144334994371 -0.00023381395306572598 -0.013190093243229232
leaf_weight=2.8446605317294598 1.5842662528157232 0.62750254571437825 1.346528588794172 2.2015024349093437 1.3375778086483476
leaf_count=10 8 4 14 8 12
internal_value=0 -0.0032955 0.000300889 -0.00481461 -0.00857177
internal_weight=0 7.09738 5.51311 4.88561 2.68411
internal_count=56 46 38 34 26
is_linear=0
shrinkage=0.1


Tree=34
num_leaves=7
num_cat=0
split_feature=0 0 0 0 0 0
split_gain=0.0414132 0.0222992 0.0499082 0.00953822 0.00310506 0.000159235
threshold=0.56677318590000014 0.61116628275000007 0.64717139750000008 0.73810726100000001 0.71163383855000006 0.84499235145000007
decision_type=2 2 2 2 2 2
left_child=-1 -2 -3 4 -4 -5
right_child=1 2 3 5 -6 -7
leaf_value=0.010190936662310612 -0.01460395827743736 0.024398598165249565 -0.0029350759461826571 -0.0079059211104747992 0.0046542721803637171 -0.0094771269021268409
leaf_weight=2.8449947088956833 1.5707830712199209 0.67388400435447682 1.3303477363660934 1.1805068347603083 0.9063763990998267 1.4219710826873779
leaf_count=10 8 4 14 12 4 4
internal_value=0 -0.00409284 -0.00109803 -0.00464856 0.000140317 -0.00876441
internal_weight=0 7.08387 5.51309 4.8392 2.23672 2.60248
internal_count=56 46 38 34 18 16
is_linear=0
shrinkage=0.1


Tree=35
num_leaves=6
num_cat=0
split_feature=0 0 0 0 0
split_gain=0.0519941 0.0223994 0.0364976 0.0356826 0.0179773
threshold=0.56677318590000014 0.69938644515000015 0.71163383855000006 0.57627838765000006 0.78650470425000008
decision_type=2 2 2 2 2
left_child=-1 3 -3 -2 -4
right_child=1 2 4 -5 -6
leaf_value=0.011428079395625809 -0.0011744173000864174 0.016032539836567137 -0.014603008519372161 -0.024915071378734541 0.00023740142419249869
leaf_weight=2.8421174846589565 1.3779174461960795 1.0446190051734445 1.2977161146700384 1.1712328149005768 2.2002085298299789
leaf_count=10 4 6 12 16 8
internal_value=0 -0.00458 -0.00036991 -0.0120823 -0.00526833
internal_weight=0 7.09169 4.54254 2.54915 3.49792
internal_count=56 46 26 20 20
is_linear=0
shrinkage=0.1


Tree=36
num_leaves=7
num_cat=0
split_feature=0 0 0 0 0 0
split_gain=0.0263943 0.0193027 0.0801565 0.00722692 0.00439516 0.000212395
threshold=0.56677318590000014 0.61116628275000007 0.64717139750000008 0.73810726100000001 0.71163383855000006 0.84499235145000007
decision_type=2 2 2 2 2 2
left_child=-1 -2 -3 4 -4 -5
right_child=1 2 3 5 -6 -7
leaf_value=0.0081590125801523153 -0.01311821513159387 0.033371812825717009 -0.0043661841590040473 -0.0074451509564870781 0.0046765809646137904 -0.0092667173833256879
leaf_weight=2.8233557809144258 1.5558973606675861 0.61949580907821644 1.3137770723551514 1.1685811206698418 0.909645415842533 1.415439136326313
leaf_count=10 8 4 14 12 4 4
internal_value=0 -0.00329892 -0.000483735 -0.00484642 -0.000666613 -0.00844294
internal_weight=0 6.98284 5.42694 4.80744 2.22342 2.58402
internal_count=56 46 38 34 18 16
is_linear=0
shrinkage=0.1


Tree=37
num_leaves=6
num_cat=0
split_feature=0 0 0 0 0
split_gain=0.037832 0.0142987 0.0288346 0.0257637 0.0165506
threshold=0.56677318590000014 0.69938644515000015 0.71163383855000006 0.57627838765000006 0.78650470425000008
decision_type=2 2 2 2 2
left_child=-1 3 -3 -2 -4
right_child=1 2 4 -5 -6
leaf_value=0.0097695646421290198 -0.00090410214581722629 0.014094130728742322 -0.013899186143345014 -0.021410692020699004 0.0003644705071915477
leaf_weight=2.8236369770020247 1.3744393177330496 1.0312814675271509 1.2955779470503332 1.1053999019786713 2.1862058565020561
leaf_count=10 4 6 12 16 8
internal_value=0 -0.00394481 -0.000592869 -0.010045 -0.00494306
internal_weight=0 6.9929 4.51307 2.47984 3.48178
internal_count=56 46 26 20 20
is_linear=0
shrinkage=0.1


Tree=38
num_leaves=7
num_cat=0
split_feature=0 0 0 0 0 0
split_gain=0.0223813 0.00978717 0.033714 0.0591251 0.00486654 0.000288316
threshold=0.73810726100000001 0.56677318590000014 0.61116628275000007 0.64717139750000008 0.71163383855000006 0.84499235145000007
decision_type=2 2 2 2 2 2
left_child=1 -1 -3 -4 -5 -2
right_child=5 2 3 4 -6 -7
leaf_value=0.0074733776436929763 -0.0068416904678422112 -0.011967646253577512 0.034209530557612382 -0.0050894714495348416 0.0044649675844576813 -0.0089717988610724091
leaf_weight=2.8093891963362694 1.1570146270096302 1.5436522364616392 0.60189351439476046 1.2956968676298859 0.90577340871095646 1.4095406085252762
leaf_count=10 12 8 4 14 4 4
internal_value=0 0.00287324 -9.97357e-05 0.00643524 -0.00115839 -0.00801154
internal_weight=0 7.15641 4.34702 2.80336 2.20147 2.56656
internal_count=56 40 30 22 18 16
is_linear=0
shrinkage=0.1


Tree=39
num_leaves=6
num_cat=0
split_feature=0 0 0 0 0
split_gain=0.0321676 0.0116839 0.0358207 0.0100451 0.00575751
threshold=0.56677318590000014 0.61116628275000007 0.64717139750000008 0.78650470425000008 0.71163383855000006
decision_type=2 2 2 2 2
left_child=-1 -2 -3 4 -4
right_child=1 2 3 -5 -6
leaf_value=0.00902294673239727 -0.011355084361505301 0.020667746212270924 -0.0039605449202787654 0.00052991331311978121 -0.013429556484767097
leaf_weight=2.8102417197078466 1.53643337264657 0.64363763481378544 1.2810018593445422 2.1735506951808929 1.2875500377267597
leaf_count=10 8 4 14 8 12
internal_value=0 -0.00366311 -0.00146876 -0.00447331 -0.00870712
internal_weight=0 6.92217 5.38574 4.7421 2.56855
internal_count=56 46 38 34 26
is_linear=0
shrinkage=0.1


Tree=40
num_leaves=7
num_cat=0
split_feature=0 0 0 0 0 0
split_gain=0.0401843 0.0151075 0.0317173 0.0283435 0.00496279 0.000922017
threshold=0.56677318590000014 0.69938644515000015 0.57627838765000006 0.73810726100000001 0.71163383855000006 0.84499235145000007
decision_type=2 2 2 2 2 2
left_child=-1 2 -2 4 -3 -5
right_child=1 3 -4 5 -6 -7
leaf_value=0.010090603503535011 -0.00020742705552366308 0.013428871977112386 -0.023025948592243994 -0.0053870696434860756 0.0031662592260721365 -0.0092056102903754003
leaf_weight=2.8070722352713346 1.3671001940965655 1.0127965807914732 1.0986987464129923 1.1491434462368488 0.88117104023694981 1.4060002639889717
leaf_count=10 4 6 16 12 4 4
internal_value=0 -0.00409623 -0.0103748 -0.000616499 0.00865418 -0.00748827
internal_weight=0 6.91491 2.4658 4.44911 1.89397 2.55514
internal_count=56 46 20 26 10 16
is_linear=0
shrinkage=0.1


Tree=41
num_leaves=6
num_cat=0
split_feature=0 0 0 0 0
split_gain=0.0202194 0.0114011 0.0602219 0.00965451 0.00386479
threshold=0.56677318590000014 0.61116628275000007 0.64717139750000008 0.78650470425000008 0.71163383855000006
decision_type=2 2 2 2 2
left_child=-1 -2 -3 4 -4
right_child=1 2 3 -5 -6
leaf_value=0.0071708041229440415 -0.010540200405697807 0.029340938222573849 -0.0047478641620604502 0.00041958518371349525 -0.012520935805435311
leaf_weight=2.7917236350476742 1.528138482943177 0.59145180135965336 1.2694628238677981 2.155543640255928 1.289280531927943
leaf_count=10 8 4 14 8 12
internal_value=0 -0.00292937 -0.000737324 -0.00451093 -0.0086645
internal_weight=0 6.83388 5.30574 4.71429 2.55874
internal_count=56 46 38 34 26
is_linear=0
shrinkage=0.1


Tree=42
num_leaves=7
num_cat=0
split_feature=0 0 0 0 0 0
split_gain=0.0294179 0.00991262 0.0255408 0.0230857 0.00349876 0.000435455
threshold=0.56677318590000014 0.69938644515000015 0.73810726100000001 0.57627838765000006 0.71163383855000006 0.84499235145000007
decision_type=2 2 2 2 2 2
left_child=-1 3 4 -2 -3 -4
right_child=1 2 5 -5 -6 -7
leaf_value=0.0086488068536867153 -0.00014252781887878489 0.012123187417550507 -0.0058265678935390331 -0.019904359385100222 0.0034944941844240515 -0.0084611729905019126
leaf_weight=2.7918295040726662 1.3655085042119028 1.003914415836334 1.1378746405243874 1.0423982432112096 0.88345654308795918 1.3982765823602676
leaf_count=10 4 6 12 16 4 4
internal_value=0 -0.00353454 -0.000724103 -0.00869755 0.0080842 -0.00727913
internal_weight=0 6.83143 4.42352 2.40791 1.88737 2.53615
internal_count=56 46 26 20 10 16
is_linear=0
shrinkage=0.1


Tree=43
num_leaves=5
num_cat=0
split_feature=0 0 0 0
split_gain=0.0180424 0.00974556 0.00336632 0.00304148
threshold=0.64717139750000008 0.78650470425000008 0.56677318590000014 0.71163383855000006
decision_type=2 2 2 2
left_child=2 3 -1 -2
right_child=1 -3 -4 -5
leaf_value=0.006539341865458609 -0.0051285699302941121 0.00053041062926214026 0.0012309897791686812 -0.012052722819805368
leaf_weight=2.7798783294856548 1.2554898997768762 2.143688827753067 2.0949142687022686 1.2823298815637825
leaf_count=10 14 8 12 12
internal_value=0 -0.00443391 0.00425811 -0.00862726
internal_weight=0 4.68151 4.87479 2.53782
internal_count=56 34 22 26
is_linear=0
shrinkage=0.1


Tree=44
num_leaves=8
num_cat=0
split_feature=0 0 0 0 0 0 0
split_gain=0.0167505 0.00681787 0.0240894 0.0915873 0.0042307 0.00182099 8.30928e-05
threshold=0.73810726100000001 0.69938644515000015 0.57627838765000006 0.64717139750000008 0.56677318590000014 0.71163383855000006 0.84499235145000007
decision_type=2 2 2 2 2 2 2
left_child=1 2 4 -4 -1 -3 -2
right_child=6 5 3 -5 -6 -7 -8
leaf_value=0.0061798905929864797 -0.0063510758851619336 0.010556807100693915 0.0046172543595216359 -0.065542453678481216 -0.00061664232484845123 0.0043520322880510288 -0.0075053933701621518
leaf_weight=2.7727665919810534 1.1292193084955215 1.003637410700321 0.7171942926943301 0.25124332215636969 1.3676181212067602 0.89459991455078114 1.3927574977278709
leaf_count=10 12 6 8 8 4 4 4
internal_value=0 0.00251531 0.000613924 -0.0135844 0.00393492 0.00763263 -0.00698855
internal_weight=0 7.00706 5.10882 0.968438 4.14038 1.89824 2.52198
internal_count=56 40 30 16 14 10 16
is_linear=0
shrinkage=0.1


Tree=45
num_leaves=7
num_cat=0
split_feature=0 0 0 0 0 0
split_gain=0.0139506 0.0129866 0.0192533 0.0459988 0.00335227 2.53169e-05
threshold=0.56677318590000014 0.61116628275000007 0.73810726100000001 0.64717139750000008 0.71163383855000006 0.84499235145000007
decision_type=2 2 2 2 2 2
left_child=-1 -2 3 -3 -5 -4
right_child=1 2 5 4 -6 -7
leaf_value=0.0059695613138102208 -0.010572690333818833 0.031398909789746736 -0.0060223335022787858 -0.0042680362664698273 0.0037594615511335979 -0.0066608811615733723
leaf_weight=2.7723201308399439 1.5256877876818178 0.55663692206144366 1.1222550347447395 1.233140988275409 0.89979458600282658 1.3898637741804123
leaf_count=10 8 4 12 14 4 4
internal_value=0 -0.00246002 -8.0525e-05 0.00579923 -0.000881577 -0.00637562
internal_weight=0 6.72738 5.20169 2.68957 2.13294 2.51212
internal_count=56 46 38 22 18 16
is_linear=0
shrinkage=0.1


Tree=46
num_leaves=7
num_cat=0
split_feature=0 0 0 0 0 0
split_gain=0.0204525 0.0098523 0.0108285 0.0199792 0.00148215 0.000297901
threshold=0.56677318590000014 0.61116628275000007 0.73810726100000001 0.64717139750000008 0.71163383855000006 0.84499235145000007
decision_type=2 2 2 2 2 2
left_child=-1 -2 3 -3 -5 -4
right_child=1 2 5 4 -6 -7
leaf_value=0.0072282117372503537 -0.010060335572428636 0.019752122910677589 -0.0044276253147425906 -0.0033251406424939945 0.0020314073387600875 -0.0066180102228864737
leaf_weight=2.7732035480439663 1.5198296215385196 0.58990427106618915 1.1224180553108454 1.2208828786388042 0.89541505277156819 1.3896700590848923
leaf_count=10 8 4 12 14 4 4
internal_value=0 -0.00297491 -0.000911274 0.00347764 -0.00105876 -0.00563933
internal_weight=0 6.73812 5.21829 2.7062 2.1163 2.51209
internal_count=56 46 38 22 18 16
is_linear=0
shrinkage=0.1


Tree=47
num_leaves=6
num_cat=0
split_feature=0 0 0 0 0
split_gain=0.0256274 0.0111888 0.0219637 0.016232 0.019592
threshold=0.56677318590000014 0.69938644515000015 0.57627838765000006 0.71163383855000006 0.78650470425000008
decision_type=2 2 2 2 2
left_child=-1 2 -2 -3 -5
right_child=1 3 -4 4 -6
leaf_value=0.0080951231104007659 -0.00062889895294321752 0.011014817453434163 -0.020134414042496312 -0.013486056399119081 0.002226999986542565
leaf_weight=2.7718734722584486 1.3668882325291636 0.97886053100228299 0.99934747256338585 1.2610333021730187 2.140374168753624
leaf_count=10 4 6 16 12 8
internal_value=0 -0.00332597 -0.00886679 -0.000332807 -0.00359844
internal_weight=0 6.7465 2.36624 4.38027 3.40141
internal_count=56 46 20 26 20
is_linear=0
shrinkage=0.1


Tree=48
num_leaves=7
num_cat=0
split_feature=0 0 0 0 0 0
split_gain=0.0141254 0.0091223 0.0139881 0.0309313 0.00243191 0.000163999
threshold=0.56677318590000014 0.61116628275000007 0.73810726100000001 0.64717139750000008 0.71163383855000006 0.84499235145000007
decision_type=2 2 2 2 2 2
left_child=-1 -2 3 -3 -5 -4
right_child=1 2 5 4 -6 -7
leaf_value=0.0060174760957373077 -0.0093186792238586901 0.025533766277232903 -0.0049582464201903655 -0.0038984153175224755 0.0029772329246935173 -0.0065884889147557928
leaf_weight=2.7596373446285725 1.5123248789459465 0.55607692897319827 1.1129550598561764 1.2129054134711625 0.89328850805759419 1.3849500864744186
leaf_count=10 8 4 12 14 4 4
internal_value=0 -0.00248873 -0.000487033 0.00455621 -0.000982284 -0.00586213
internal_weight=0 6.6725 5.16018 2.66227 2.10619 2.49791
internal_count=56 46 38 22 18 16
is_linear=0
shrinkage=0.1


Tree=49
num_leaves=6
num_cat=0
split_feature=0 0 0 0 0
split_gain=0.0197485 0.00770906 0.0169696 0.0137704 0.0163696
threshold=0.56677318590000014 0.69938644515000015 0.57627838765000006 0.71163383855000006 0.78650470425000008
decision_type=2 2 2 2 2
left_child=-1 2 -2 -3 -5
right_child=1 3 -4 4 -6
leaf_value=0.0071161050498838412 -0.00041696140842992078 0.010027065076269347 -0.017763213870550555 -0.012529282615493895 0.0018670912766040435
leaf_weight=2.7601032946258783 1.3642927259206774 0.97299793735146511 0.96139963716268528 1.2553030643612149 2.1300324201583862
leaf_count=10 4 6 16 12 8
internal_value=0 -0.00293852 -0.00758759 -0.000457691 -0.00347117
internal_weight=0 6.68403 2.32569 4.35833 3.38534
internal_count=56 46 20 26 20
is_linear=0
shrinkage=0.1


Tree=50
num_leaves=7
num_cat=0
split_feature=0 0 0 0 0 0
split_gain=0.0119018 0.0079899 0.0142814 0.0327096 0.00297532 0.000156267
threshold=0.56677318590000014 0.61116628275000007 0.73810726100000001 0.64717139750000008 0.71163383855000006 0.84499235145000007
decision_type=2 2 2 2 2 2
left_child=-1 -2 3 -3 -5 -4
right_child=1 2 5 4 -6 -7
leaf_value=0.0055302978534019775 -0.0086990281192697149 0.026587950419462575 -0.0049623602642454578 -0.0042003094226721839 0.0034289697740110996 -0.006557896228247425
leaf_weight=2.7501474227756262 1.5056297481060026 0.54293015599250827 1.1047558188438416 1.2031231112778189 0.88879474252462376 1.3813838139176369
leaf_count=10 8 4 12 14 4 4
internal_value=0 -0.00229516 -0.000412344 0.00471737 -0.000958852 -0.00584889
internal_weight=0 6.62662 5.12099 2.63485 2.09192 2.48614
internal_count=56 46 38 22 18 16
is_linear=0
shrinkage=0.1


Tree=51
num_leaves=7
num_cat=0
split_feature=0 0 0 0 0 0
split_gain=0.0170771 0.0062061 0.0148843 0.0130284 0.00241882 0.000355111
threshold=0.56677318590000014 0.69938644515000015 0.57627838765000006 0.73810726100000001 0.71163383855000006 0.84499235145000007
decision_type=2 2 2 2 2 2
left_child=-1 2 -2 4 -3 -5
right_child=1 3 -4 5 -6 -7
leaf_value=0.0066246325147357749 -0.00026416510310739997 0.0092897569319126943 -0.016625517928322203 -0.0039131846091167112 0.0020542507304816145 -0.0063192888010107397
leaf_weight=2.7510629687458277 1.3622148707509043 0.96663821488618829 0.93949894327670325 1.1038800701498985 0.88506047427654266 1.380464643239975
leaf_count=10 4 6 16 12 4 4
internal_value=0 -0.00274562 -0.00694244 -0.000517816 0.00583139 -0.00525017
internal_weight=0 6.63776 2.30171 4.33604 1.8517 2.48434
internal_count=56 46 20 26 10 16
is_linear=0
shrinkage=0.1


Tree=52
num_leaves=5
num_cat=0
split_feature=0 0 0 0
split_gain=0.0104291 0.0118754 0.00340987 0.00224312
threshold=0.64717139750000008 0.78650470425000008 0.71163383855000006 0.56677318590000014
decision_type=2 2 2 2
left_child=3 2 -2 -1
right_child=1 -3 -4 -5
leaf_value=0.0051335904605329385 -0.0043159215622386093 0.002074236432699971 -0.011775783982102099 0.0007515190672328241
leaf_weight=2.74198386259377 1.1919177798554303 2.1153361275792122 1.2609897796064613 2.0351443495601416
leaf_count=10 14 8 12 12
internal_value=0 -0.00341612 -0.00815088 0.00326675
internal_weight=0 4.56824 2.45291 4.77713
internal_count=56 34 26 22
is_linear=0
shrinkage=0.1


Tree=53
num_leaves=5
num_cat=0
split_feature=0 0 0 0
split_gain=0.00967873 0.00877872 0.00275382 0.00192299
threshold=0.64717139750000008 0.78650470425000008 0.71163383855000006 0.56677318590000014
decision_type=2 2 2 2
left_child=3 2 -2 -1
right_child=1 -3 -4 -5
leaf_value=0.0048798786118874971 -0.0039358691899370945 0.0014279790404041505 -0.010651687451531356 0.0008164017936223277
leaf_weight=2.7372283786535263 1.1918364418670537 2.1105968058109283 1.2519358508288858 2.0270722899585962
leaf_count=10 14 8 12 12
internal_value=0 -0.00329623 -0.00737636 0.00315099
internal_weight=0 4.55437 2.44377 4.7643
internal_count=56 34 26 22
is_linear=0
shrinkage=0.1


Tree=54
num_leaves=7
num_cat=0
split_feature=0 0 0 0 0 0
split_gain=0.0105926 0.00511947 0.0150255 0.00247589 0.000838306 3.82539e-05
threshold=0.73810726100000001 0.69938644515000015 0.57627838765000006 0.56677318590000014 0.71163383855000006 0.84499235145000007
decision_type=2 2 2 2 2 2
left_child=1 2 3 -1 -3 -2
right_child=5 4 -4 -5 -6 -7
leaf_value=0.0046441555163238618 -0.0051718932581893895 0.0085516024090696811 -0.011488710830903387 -0.00057377970031424383 0.0042920013230126836 -0.0059643615773975894
leaf_weight=2.7325614802539349 1.0931532718241215 0.96785407140850999 0.88090423680841912 1.3629143144935367 0.88403698056936264 1.3757165223360062
leaf_count=10 12 6 16 4 4 4
internal_value=0 0.00202964 0.000359292 0.0029077 0.0065182 -0.00561348
internal_weight=0 6.82827 4.97638 4.09548 1.85189 2.46887
internal_count=56 40 30 14 10 16
is_linear=0
shrinkage=0.1


Tree=55
num_leaves=5
num_cat=0
split_feature=0 0 0 0
split_gain=0.00929947 0.00868429 0.00177573 0.000461289
threshold=0.64717139750000008 0.78650470425000008 0.71163383855000006 0.56677318590000014
decision_type=2 2 2 2
left_child=3 2 -2 -1
right_child=1 -3 -4 -5
leaf_value=0.0039491240182305881 -0.0045208664028995836 0.0014778546603280865 -0.0099159863539195203 0.0019513739611714291
leaf_weight=2.7273736819624901 1.1896561617031696 2.104402631521225 1.2521921936422584 2.0058913249522448
leaf_count=10 14 8 12 12
internal_value=0 -0.00323013 -0.00728751 0.00310251
internal_weight=0 4.54625 2.44185 4.73327
internal_count=56 34 26 22
is_linear=0
shrinkage=0.1


Tree=56
num_leaves=7
num_cat=0
split_feature=0 0 0 0 0 0
split_gain=0.0096021 0.00760608 0.0155265 0.00423184 5.94247e-05 1.18364e-05
threshold=0.73810726100000001 0.61116628275000007 0.56677318590000014 0.66879540310000019 0.71163383855000006 0.84499235145000007
decision_type=2 2 2 2 2 2
left_child=1 2 -1 -3 -5 -2
right_child=5 3 -4 4 -6 -7
leaf_value=0.0038302504148226323 -0.0051056585441591924 0.01374765179201003 -0.0088293321667131577 0.0035497292954804818 0.0046482001329743198 -0.005547238263420122
leaf_weight=2.7238037586212158 1.0876058153808117 0.5791719397529963 1.5036041177809236 1.1085243113338945 0.88618516176939 1.3737349733710289
leaf_count=10 12 8 8 10 4 4
internal_value=0 0.0019369 -0.000672509 0.00622266 0.00403774 -0.00535212
internal_weight=0 6.80129 4.22741 2.57388 1.99471 2.46134
internal_count=56 40 18 22 14 16
is_linear=0
shrinkage=0.1


Tree=57
num_leaves=5
num_cat=0
split_feature=0 0 0 0
split_gain=0.00829476 0.00867499 0.00150481 0.000857782
threshold=0.64717139750000008 0.78650470425000008 0.71163383855000006 0.56677318590000014
decision_type=2 2 2 2
left_child=3 2 -2 -1
right_child=1 -3 -4 -5
leaf_value=0.0040847069399665556 -0.0045744226184045184 0.0016367541605563159 -0.0095613284552121119 0.0013595040612466663
leaf_weight=2.7234349343925714 1.1761778173968198 2.1046226397156715 1.2462010830640791 2.0055227428674698
leaf_count=10 14 8 12 12
internal_value=0 -0.00305962 -0.00713995 0.00292896
internal_weight=0 4.527 2.42238 4.72896
internal_count=56 34 26 22
is_linear=0
shrinkage=0.1


Tree=58
num_leaves=7
num_cat=0
split_feature=0 0 0 0 0 0
split_gain=0.00853473 0.0062245 0.0152043 0.00309012 0.000103084 8.85042e-05
threshold=0.73810726100000001 0.61116628275000007 0.56677318590000014 0.66879540310000019 0.71163383855000006 0.84499235145000007
decision_type=2 2 2 2 2 2
left_child=1 2 -1 -3 -5 -2
right_child=5 3 -4 4 -6 -7
leaf_value=0.003929723359817363 -0.0043718513502218224 0.012157303142491622 -0.0086093177857932048 0.0031988934714895466 0.0046501433757139034 -0.0055797454093112868
leaf_weight=2.7196479085832834 1.0869483053684235 0.57772660814225707 1.5005886647850273 1.0983641799539325 0.88287186622619618 1.3726625293493271
leaf_count=10 12 8 8 10 4 4
internal_value=0 0.00183075 -0.000528781 0.0057221 0.00384559 -0.00504595
internal_weight=0 6.7792 4.22024 2.55896 1.98124 2.45961
internal_count=56 40 18 22 14 16
is_linear=0
shrinkage=0.1


Tree=59
num_leaves=5
num_cat=0
split_feature=0 0 0 0
split_gain=0.00748066 0.00845084 0.00129917 0.00121196
threshold=0.64717139750000008 0.78650470425000008 0.71163383855000006 0.56677318590000014
decision_type=2 2 2 2
left_child=3 2 -2 -1
right_child=1 -3 -4 -5
leaf_value=0.0041572490196845162 -0.0045614058002164037 0.0017197237438088587 -0.0092087663801684004 0.00091586804912691165
leaf_weight=2.7187140509486198 1.1671851202845576 2.1028608381748199 1.2411914803087709 2.0036734994500875
leaf_count=10 14 8 12 12
internal_value=0 -0.00291217 -0.00695649 0.00278196
internal_weight=0 4.51124 2.40838 4.72239
internal_count=56 34 26 22
is_linear=0
shrinkage=0.1


Tree=60
num_leaves=7
num_cat=0
split_feature=0 0 0 0 0 0
split_gain=0.00774038 0.00562934 0.0144492 0.00186844 0.000553028 0.000164586
threshold=0.73810726100000001 0.69938644515000015 0.57627838765000006 0.56677318590000014 0.71163383855000006 0.84499235145000007
decision_type=2 2 2 2 2 2
left_child=1 2 3 -1 -3 -2
right_child=5 4 -4 -5 -6 -7
leaf_value=0.0039725926147555889 -0.0038875352046615543 0.0081374434971958117 -0.01188589249567407 -0.00056803906919743327 0.0046635115687966031 -0.0055358237618672191
leaf_weight=2.7147762179374695 1.0853497684001923 0.95613978430628754 0.84866854082792986 1.3603693284094331 0.88002441823482513 1.3710620477795601
leaf_count=10 12 6 16 4 4 4
internal_value=0 0.00174695 -1.5278e-05 0.00245683 0.00647248 -0.00480754
internal_weight=0 6.75998 4.92381 4.07515 1.83616 2.45641
internal_count=56 40 30 14 10 16
is_linear=0
shrinkage=0.1


Tree=61
num_leaves=5
num_cat=0
split_feature=0 0 0 0
split_gain=0.00732786 0.00823842 0.000838873 0.000222408
threshold=0.64717139750000008 0.78650470425000008 0.71163383855000006 0.56677318590000014
decision_type=2 2 2 2
left_child=3 2 -2 -1
right_child=1 -3 -4 -5
leaf_value=0.003352868803248644 -0.0049460045100696414 0.0017011778319751818 -0.0086812478049366811 0.0019597930909162199
leaf_weight=2.7106503378599882 1.1654984923079612 2.0965666994452477 1.2419485952705143 1.9854979589581487
leaf_count=10 14 8 12 12
internal_value=0 -0.00288178 -0.00687293 0.00276389
internal_weight=0 4.50401 2.40745 4.69615
internal_count=56 34 26 22
is_linear=0
shrinkage=0.1


Tree=62
num_leaves=7
num_cat=0
split_feature=0 0 0 0 0 0
split_gain=0.00724686 0.00770462 0.0133503 0.00522851 0.000257249 5.73221e-05
threshold=0.73810726100000001 0.61116628275000007 0.56677318590000014 0.66879540310000019 0.71163383855000006 0.84499235145000007
decision_type=2 2 2 2 2 2
left_child=1 2 -1 -3 -5 -2
right_child=5 3 -4 4 -6 -7
leaf_value=0.003260177555332307 -0.0041140516594225249 0.014581837558971217 -0.0085054511060365986 0.0026031734045743344 0.004900144069204017 -0.0050884649418155466
leaf_weight=2.7076371759176254 1.0801152866333723 0.55970931705087457 1.4979402627795932 1.089891606941819 0.88227318227291096 1.3687980026006699
leaf_count=10 12 8 8 10 4 4
internal_value=0 0.00169333 -0.000930498 0.00605166 0.00363075 -0.00465869
internal_weight=0 6.73745 4.20558 2.53187 1.97216 2.44891
internal_count=56 40 18 22 14 16
is_linear=0
shrinkage=0.1


Tree=63
num_leaves=5
num_cat=0
split_feature=0 0 0 0
split_gain=0.00646093 0.00805997 0.000794783 0.000590537
threshold=0.64717139750000008 0.78650470425000008 0.71163383855000006 0.56677318590000014
decision_type=2 2 2 2
left_child=3 2 -2 -1
right_child=1 -3 -4 -5
leaf_value=0.0035551554051382675 -0.004792074535661957 0.0018158035210203479 -0.0084384073891888688 0.0012847106892985398
leaf_weight=2.7072659283876419 1.1566318515688183 2.0962029173970222 1.2371680885553358 1.9859219025820491
leaf_count=10 14 8 12 12
internal_value=0 -0.00271182 -0.00667658 0.00259442
internal_weight=0 4.49 2.3938 4.69319
internal_count=56 34 26 22
is_linear=0
shrinkage=0.1


Tree=64
num_leaves=7
num_cat=0
split_feature=0 0 0 0 0 0
split_gain=0.00650426 0.00614163 0.0131501 0.00311526 0.000223522 0.000148507
threshold=0.73810726100000001 0.61116628275000007 0.56677318590000014 0.66879540310000019 0.71163383855000006 0.84499235145000007
decision_type=2 2 2 2 2 2
left_child=1 2 -1 -3 -5 -2
right_child=5 3 -4 4 -6 -7
leaf_value=0.0034247716837752041 -0.0035372404579882195 0.012073047006036317 -0.0082633974935288537 0.0026638613697006369 0.0048104906881186885 -0.0051061190938406636
leaf_weight=2.7039810493588448 1.0796329956501722 0.56165640335530076 1.4946530200541017 1.0820461539551613 0.87921652197837818 1.367665022611618
leaf_count=10 12 8 8 10 4 4
internal_value=0 0.00160713 -0.000736048 0.00550663 0.00362618 -0.004414
internal_weight=0 6.72155 4.19863 2.52292 1.96126 2.4473
internal_count=56 40 18 22 14 16
is_linear=0
shrinkage=0.1


Tree=65
num_leaves=5
num_cat=0
split_feature=0 0 0 0
split_gain=0.00583733 0.00774881 0.000922206 0.0007225
threshold=0.64717139750000008 0.78650470425000008 0.56677318590000014 0.71163383855000006
decision_type=2 2 2 2
left_child=2 3 -1 -2
right_child=1 -3 -4 -5
leaf_value=0.0036685187440572242 -0.0046779800070473341 0.001856657668008643 0.00082977147483474377 -0.0081614522629388994
leaf_weight=2.7029948346316814 1.1510550538077953 2.0942317172884941 1.9846522081643341 1.2334124278277157
leaf_count=10 14 8 12 12
internal_value=0 -0.00258173 0.00246665 -0.00647987
internal_weight=0 4.4787 4.68765 2.38447
internal_count=56 34 22 26
is_linear=0
shrinkage=0.1


Tree=66
num_leaves=7
num_cat=0
split_feature=0 0 0 0 0 0
split_gain=0.00595077 0.00625197 0.0148961 0.00145072 0.000535532 0.000220402
threshold=0.73810726100000001 0.69938644515000015 0.57627838765000006 0.56677318590000014 0.71163383855000006 0.84499235145000007
decision_type=2 2 2 2 2 2
left_child=1 2 3 -1 -3 -2
right_child=5 4 -4 -5 -6 -7
leaf_value=0.003508143232050473 -0.0031550667509776041 0.0081852557976608373 -0.012559538971334877 -0.00049960546311832133 0.0047551904988059352 -0.0050673622265604238
leaf_weight=2.6995115522295237 1.0785296931862831 0.94671152532100655 0.8268271991983055 1.3573330044746397 0.87668793648481369 1.3661270812153816
leaf_count=10 12 6 16 4 4 4
internal_value=0 0.00153949 -0.000326072 0.00216724 0.00653609 -0.0042237
internal_weight=0 6.70707 4.88367 4.05684 1.8234 2.44466
internal_count=56 40 30 14 10 16
is_linear=0
shrinkage=0.1


Tree=67
num_leaves=5
num_cat=0
split_feature=0 0 0 0
split_gain=0.0058599 0.00751594 0.000461497 0.000118817
threshold=0.64717139750000008 0.78650470425000008 0.71163383855000006 0.56677318590000014
decision_type=2 2 2 2
left_child=3 2 -2 -1
right_child=1 -3 -4 -5
leaf_value=0.0029113323700724753 -0.0049813823540179143 0.0017936411141646241 -0.0077659455389584645 0.0018892584086075083
leaf_weight=2.6961155105382204 1.1493577249348166 2.0883601307868958 1.2344328016042707 1.9673820715397594
leaf_count=10 14 8 12 12
internal_value=0 -0.00258626 -0.00642335 0.00248015
internal_weight=0 4.47215 2.38379 4.6635
internal_count=56 34 26 22
is_linear=0
shrinkage=0.1


Tree=68
num_leaves=7
num_cat=0
split_feature=0 0 0 0 0 0
split_gain=0.00573106 0.00740476 0.0114651 0.00475264 0.000321406 7.90956e-05
threshold=0.73810726100000001 0.61116628275000007 0.56677318590000014 0.66879540310000019 0.71163383855000006 0.84499235145000007
decision_type=2 2 2 2 2 2
left_child=1 2 -1 -3 -5 -2
right_child=5 3 -4 4 -6 -7
leaf_value=0.0028353638943213219 -0.0035089170120599141 0.014060308574575376 -0.0080931317155825775 0.0023534061876342473 0.0049309930152691408 -0.0046563878775118467
leaf_weight=2.6935004461556673 1.073510903865099 0.54664404969662461 1.4915634784847496 1.0757069000974295 0.87909571826457966 1.3639633432030678
leaf_count=10 12 8 8 10 4 4
internal_value=0 0.0015132 -0.00105957 0.00581758 0.00351257 -0.00415102
internal_weight=0 6.68651 4.18506 2.50145 1.9548 2.43747
internal_count=56 40 18 22 14 16
is_linear=0
shrinkage=0.1


Tree=69
num_leaves=5
num_cat=0
split_feature=0 0 0 0
split_gain=0.00517661 0.00730031 0.000446527 0.000406141
threshold=0.64717139750000008 0.78650470425000008 0.71163383855000006 0.56677318590000014
decision_type=2 2 2 2
left_child=3 2 -2 -1
right_child=1 -3 -4 -5
leaf_value=0.0031288336432863614 -0.0048041924276425382 0.0018793908944154454 -0.0075484884176085301 0.0012388619551171286
leaf_weight=2.6928285341709852 1.1438782028853896 2.0877536609768867 1.2309396769851444 1.9679670594632623
leaf_count=10 14 8 12 12
internal_value=0 -0.00243435 -0.00622664 0.00233081
internal_weight=0 4.46257 2.37482 4.6608
internal_count=56 34 26 22
is_linear=0
shrinkage=0.1


Tree=70
num_leaves=7
num_cat=0
split_feature=0 0 0 0 0 0
split_gain=0.005137 0.00627032 0.012356 0.00116194 0.000454398 0.000174118
threshold=0.73810726100000001 0.69938644515000015 0.57627838765000006 0.56677318590000014 0.71163383855000006 0.84499235145000007
decision_type=2 2 2 2 2 2
left_child=1 2 3 -1 -3 -2
right_child=5 4 -4 -5 -6 -7
leaf_value=0.0030179167609927851 -0.0029775521362757737 0.0079658114693564441 -0.011721056050468338 -0.00057189137211641173 0.0048027831814362945 -0.0046803117559116305
leaf_weight=2.6899179518222809 1.0735633075237274 0.94278194010257699 0.80928837880492199 1.3562814742326734 0.87637101858854294 1.3629426211118698
leaf_count=10 12 6 16 4 4 4
internal_value=0 0.00143463 -0.000441441 0.00181462 0.00644203 -0.00393005
internal_weight=0 6.67464 4.85549 4.0462 1.81915 2.43651
internal_count=56 40 30 14 10 16
is_linear=0
shrinkage=0.1


Tree=71
num_leaves=5
num_cat=0
split_feature=0 0 0 0
split_gain=0.0051856 0.00712669 0.000285269 2.04486e-05
threshold=0.64717139750000008 0.78650470425000008 0.71163383855000006 0.56677318590000014
decision_type=2 2 2 2
left_child=3 2 -2 -1
right_child=1 -3 -4 -5
leaf_value=0.0025180931249632454 -0.0050447369677936371 0.0018322056956508995 -0.0072390074821463346 0.0020930021261685865
leaf_weight=2.6872328668832779 1.1420217799022796 2.0828134566545486 1.2312585487961767 1.9548067208379505
leaf_count=10 14 8 12 12
internal_value=0 -0.0024367 -0.00618313 0.00233908
internal_weight=0 4.45609 2.37328 4.64204
internal_count=56 34 26 22
is_linear=0
shrinkage=0.1


Tree=72
num_leaves=7
num_cat=0
split_feature=0 0 0 0 0 0
split_gain=0.00496017 0.00787457 0.0103462 0.00534657 0.000359938 6.34588e-05
threshold=0.73810726100000001 0.61116628275000007 0.56677318590000014 0.66879540310000019 0.71163383855000006 0.84499235145000007
decision_type=2 2 2 2 2 2
left_child=1 2 -1 -3 -5 -2
right_child=5 3 -4 4 -6 -7
leaf_value=0.0024650540201997806 -0.0032903873452338425 0.014701413852969121 -0.0079293475648697931 0.002199979079109579 0.0049322019433228051 -0.0043199063365041909
leaf_weight=2.6850051209330559 1.0688901115208864 0.53714734315872226 1.4884433001279829 1.0689966231584547 0.87833159416913975 1.3611319288611412
leaf_count=10 12 8 8 10 4 4
internal_value=0 0.0014114 -0.00124207 0.00586873 0.00343233 -0.00386705
internal_weight=0 6.65792 4.17345 2.48448 1.94733 2.43002
internal_count=56 40 18 22 14 16
is_linear=0
shrinkage=0.1


Tree=73
num_leaves=5
num_cat=0
split_feature=0 0 0 0
split_gain=0.00454714 0.00691816 0.000281333 0.000215916
threshold=0.64717139750000008 0.78650470425000008 0.71163383855000006 0.56677318590000014
decision_type=2 2 2 2
left_child=3 2 -2 -1
right_child=1 -3 -4 -5
leaf_value=0.0027724039480532155 -0.0048511263009113894 0.0019187802726438323 -0.007033656383933321 0.0013909607437690367
leaf_weight=2.6842777915298939 1.1375278253108265 2.0826501175761223 1.228402344509959 1.9557458292692897
leaf_count=10 14 8 12 12
internal_value=0 -0.00228439 -0.00598431 0.00219013
internal_weight=0 4.44858 2.36593 4.64002
internal_count=56 34 26 22
is_linear=0
shrinkage=0.1


Tree=74
num_leaves=7
num_cat=0
split_feature=0 0 0 0 0 0
split_gain=0.00440224 0.00633339 0.0111441 0.000987794 0.000430261 0.000165288
threshold=0.73810726100000001 0.69938644515000015 0.57627838765000006 0.56677318590000014 0.71163383855000006 0.84499235145000007
decision_type=2 2 2 2 2 2
left_child=1 2 3 -1 -3 -2
right_child=5 4 -4 -5 -6 -7
leaf_value=0.0026852190497405428 -0.0027122684720096886 0.0078562115120733075 -0.011369142545522506 -0.00062737541600687544 0.0047745530365506878 -0.004373655878686984
leaf_weight=2.681722316890955 1.0697237476706505 0.93884018063545205 0.79657636582851399 1.355026204138994 0.87563066184520721 1.360332302749157
leaf_count=10 12 6 16 4 4 4
internal_value=0 0.00133142 -0.000559757 0.00157327 0.00636906 -0.0036423
internal_weight=0 6.6478 4.83332 4.03675 1.81447 2.43006
internal_count=56 40 30 14 10 16
is_linear=0
shrinkage=0.1


Tree=75
num_leaves=5
num_cat=0
split_feature=0 0 0 0
split_gain=0.00457956 0.00675872 0.000179775 6.32509e-07
threshold=0.64717139750000008 0.78650470425000008 0.71163383855000006 0.56677318590000014
decision_type=2 2 2 2
left_child=3 2 -2 -1
right_child=1 -3 -4 -5
leaf_value=0.0022343204157442139 -0.0050434691190686526 0.001867043255214745 -0.0067889673214481311 0.00215939884732686
leaf_weight=2.6795771773904562 1.1355029242113235 2.0781935378909111 1.2283533755689857 1.9445285648107526
leaf_count=10 14 8 12 12
internal_value=0 -0.0022931 -0.0059505 0.00220281
internal_weight=0 4.44205 2.36386 4.62411
internal_count=56 34 26 22
is_linear=0
shrinkage=0.1


Tree=76
num_leaves=7
num_cat=0
split_feature=0 0 0 0 0 0
split_gain=0.00430034 0.00798592 0.00945802 0.00535582 0.000358089 6.00376e-05
threshold=0.73810726100000001 0.61116628275000007 0.56677318590000014 0.66879540310000019 0.71163383855000006 0.84499235145000007
decision_type=2 2 2 2 2 2
left_child=1 2 -1 -3 -5 -2
right_child=5 3 -4 4 -6 -7
leaf_value=0.0021942165752934033 -0.0030425785310249968 0.014726720432978424 -0.0077559016731338559 0.0021523093291355103 0.0048819876871352228 -0.0040453413894009985
leaf_weight=2.6776149421930313 1.0651435684412718 0.5303542343899611 1.4851889237761495 1.0626173028722403 0.87739552557468403 1.3586997464299202
leaf_count=10 12 8 8 10 4 4
internal_value=0 0.0013172 -0.00135575 0.00582136 0.00338684 -0.00360468
internal_weight=0 6.63317 4.1628 2.47037 1.94001 2.42384
internal_count=56 40 18 22 14 16
is_linear=0
shrinkage=0.1


Tree=77
num_leaves=5
num_cat=0
split_feature=0 0 0 0
split_gain=0.0040127 0.00654501 0.00017065 0.000123876
threshold=0.64717139750000008 0.78650470425000008 0.71163383855000006 0.56677318590000014
decision_type=2 2 2 2
left_child=3 2 -2 -1
right_child=1 -3 -4 -5
leaf_value=0.0025033960649093519 -0.0048682365033348683 0.0019435428500709007 -0.0065708091577188809 0.0014547978505119635
leaf_weight=2.6766387540847063 1.1322549972683194 2.0781808346509933 1.2263046056032179 1.9454258792102335
leaf_count=10 14 8 12 12
internal_value=0 -0.00214817 -0.00575347 0.00206204
internal_weight=0 4.43674 2.35856 4.62206
internal_count=56 34 26 22
is_linear=0
shrinkage=0.1


Tree=78
num_leaves=7
num_cat=0
split_feature=0 0 0 0 0 0
split_gain=0.00378059 0.00639795 0.0104574 0.000861142 0.000430352 0.000167873
threshold=0.73810726100000001 0.69938644515000015 0.57627838765000006 0.56677318590000014 0.71163383855000006 0.84499235145000007
decision_type=2 2 2 2 2 2
left_child=1 2 3 -1 -3 -2
right_child=5 4 -4 -5 -6 -7
leaf_value=0.0024309231198778244 -0.0024396163510782593 0.0077966046525196238 -0.011215148811052584 -0.00066459291425752676 0.0047109239697643085 -0.0041158888948604573
leaf_weight=2.6743406858295202 1.0667134877294302 0.93515273556113221 0.78659917693585146 1.3535268567502496 0.87479040771722794 1.3580249845981598
leaf_count=10 12 6 16 4 4 4
internal_value=0 0.00123661 -0.00066887 0.0013907 0.00630522 -0.00337845
internal_weight=0 6.62441 4.81447 4.02787 1.80994 2.42474
internal_count=56 40 30 14 10 16
is_linear=0
shrinkage=0.1


Tree=79
num_leaves=5
num_cat=0
split_feature=0 0 0 0
split_gain=0.0040713 0.00638893 0.00011059 3.26995e-06
threshold=0.64717139750000008 0.78650470425000008 0.71163383855000006 0.56677318590000014
decision_type=2 2 2 2
left_child=3 2 -2 -1
right_child=1 -3 -4 -5
leaf_value=0.002009288565192403 -0.0050143126141625194 0.0018827807525727388 -0.0063857418403898414 0.0021799638802663069
leaf_weight=2.6727018654346466 1.1299541741609576 2.0740492716431618 1.225913733243942 1.9354088101536033
leaf_count=10 14 8 12 12
internal_value=0 -0.00216468 -0.00572796 0.00208097
internal_weight=0 4.42992 2.35587 4.60811
internal_count=56 34 26 22
is_linear=0
shrinkage=0.1


Tree=80
num_leaves=7
num_cat=0
split_feature=0 0 0 0 0 0
split_gain=0.00375323 0.00791759 0.0086938 0.00506921 0.000333186 5.98917e-05
threshold=0.73810726100000001 0.61116628275000007 0.56677318590000014 0.66879540310000019 0.71163383855000006 0.84499235145000007
decision_type=2 2 2 2 2 2
left_child=1 2 -1 -3 -5 -2
right_child=5 3 -4 4 -6 -7
leaf_value=0.0019784243633208885 -0.0028083543986734513 0.014442468004264028 -0.0075724962972423052 0.0021683445426091542 0.0048054730071356438 -0.0038110734779991046
leaf_weight=2.6709513887763023 1.0620391238480806 0.5252423528581861 1.4817964714020488 1.0567383300513027 0.87646158039569844 1.3565063923597336
leaf_count=10 12 8 8 10 4 4
internal_value=0 0.00123312 -0.00142956 0.00573086 0.00336395 -0.00337076
internal_weight=0 6.61119 4.15275 2.45844 1.9332 2.41855
internal_count=56 40 18 22 14 16
is_linear=0
shrinkage=0.1


Tree=81
num_leaves=5
num_cat=0
split_feature=0 0 0 0
split_gain=0.00357538 0.00617417 9.26718e-05 7.0162e-05
threshold=0.64717139750000008 0.78650470425000008 0.71163383855000006 0.56677318590000014
decision_type=2 2 2 2
left_child=3 2 -2 -1
right_child=1 -3 -4 -5
leaf_value=0.0022829710352842147 -0.0048816478110623035 0.0019483167645591795 -0.0061378843507645013 0.0014922658321782484
leaf_weight=2.6695634350180626 1.1280547985807063 2.0740887224674225 1.2248270474374292 1.936074301600456
leaf_count=10 14 8 12 12
internal_value=0 -0.0020293 -0.0055356 0.00195058
internal_weight=0 4.42697 2.35288 4.60564
internal_count=56 34 26 22
is_linear=0
shrinkage=0.1


Tree=82
num_leaves=7
num_cat=0
split_feature=0 0 0 0 0 0
split_gain=0.00325741 0.00644675 0.0100016 0.000759229 0.000442631 0.00017488
threshold=0.73810726100000001 0.69938644515000015 0.57627838765000006 0.56677318590000014 0.71163383855000006 0.84499235145000007
decision_type=2 2 2 2 2 2
left_child=1 2 3 -1 -3 -2
right_child=5 4 -4 -5 -6 -7
leaf_value=0.0022211412133440957 -0.0021788794094827284 0.0077594778169899521 -0.01114118457512602 -0.00068793219181621963 0.0046266156226514648 -0.0038913958421395185
leaf_weight=2.6674835253506899 1.0644210185855627 0.93179119378328301 0.77846879046410311 1.3517892975360153 0.87398867309093475 1.3559200018644333
leaf_count=10 12 6 16 4 4 4
internal_value=0 0.00115025 -0.000766641 0.00124274 0.00624319 -0.00313826
internal_weight=0 6.60352 4.79774 4.01927 1.80578 2.42034
internal_count=56 40 30 14 10 16
is_linear=0
shrinkage=0.1


Tree=83
num_leaves=5
num_cat=0
split_feature=0 0 0 0
split_gain=0.00365561 0.00602261 6.32998e-05 1.53051e-05
threshold=0.64717139750000008 0.78650470425000008 0.71163383855000006 0.56677318590000014
decision_type=2 2 2 2
left_child=3 2 -2 -1
right_child=1 -3 -4 -5
leaf_value=0.0018202859268119773 -0.0049771070811360611 0.0018793163766467704 -0.0060161726979884329 0.0021901839790693309
leaf_weight=2.6663872711360455 1.1253207745030525 2.0702167451381683 1.2240049559623001 1.9270039312541483
leaf_count=10 14 8 12 12
internal_value=0 -0.00205317 -0.00551846 0.00197546
internal_weight=0 4.41954 2.34933 4.59339
internal_count=56 34 26 22
is_linear=0
shrinkage=0.1


Tree=84
num_leaves=7
num_cat=0
split_feature=0 0 0 0 0 0
split_gain=0.0033009 0.00775934 0.00801358 0.00465079 0.000296218 6.01484e-05
threshold=0.73810726100000001 0.61116628275000007 0.56677318590000014 0.66879540310000019 0.71163383855000006 0.84499235145000007
decision_type=2 2 2 2 2 2
left_child=1 2 -1 -3 -5 -2
right_child=5 3 -4 4 -6 -7
leaf_value=0.0017967947382674038 -0.0025992496694699804 0.014001575582803126 -0.007383599500349617 0.0022235208684049214 0.0047135901396597795 -0.0036051249611516144
leaf_weight=2.6648158896714449 1.0594755262136459 0.52130398433655534 1.4783065002411602 1.0513682551681993 0.87560675293207157 1.3544894754886627
leaf_count=10 12 8 8 10 4 4
internal_value=0 0.00115863 -0.00147886 0.00562194 0.00335499 -0.00316365
internal_weight=0 6.5914 4.14312 2.44828 1.92698 2.41397
internal_count=56 40 18 22 14 16
is_linear=0
shrinkage=0.1


Tree=85
num_leaves=5
num_cat=0
split_feature=0 0 0 0
split_gain=0.00322054 0.00581181 3.93326e-05 3.60229e-05
threshold=0.64717139750000008 0.78650470425000008 0.71163383855000006 0.56677318590000014
decision_type=2 2 2 2
left_child=3 2 -2 -1
right_child=1 -3 -4 -5
leaf_value=0.0020934494688331622 -0.0049046821215666201 0.0019358728714698671 -0.0057238325944220314 0.0015258348420808209
leaf_weight=2.6628804262727499 1.1248416732996704 2.0702813044190407 1.2240337487310169 1.9273023605346677
leaf_count=10 14 8 12 12
internal_value=0 -0.00192692 -0.00533155 0.00185512
internal_weight=0 4.41916 2.34888 4.59018
internal_count=56 34 26 22
is_linear=0
shrinkage=0.1


Tree=86
num_leaves=5
num_cat=0
split_feature=0 0 0 0
split_gain=0.00291875 0.00471588 4.75647e-05 4.47912e-05
threshold=0.64717139750000008 0.78650470425000008 0.56677318590000014 0.71163383855000006
decision_type=2 2 2 2
left_child=2 3 -1 -2
right_child=1 -3 -4 -5
leaf_value=0.0020407042030638569 -0.0044501386473989957 0.0016439644527303432 0.0013881724725687209 -0.0053248613500852353
leaf_weight=2.6610088832676411 1.125020823441446 2.0695869475603104 1.925301184877753 1.2204601932317016
leaf_count=10 14 8 12 12
internal_value=0 -0.0018353 0.00176678 -0.0049053
internal_weight=0 4.41507 4.58631 2.34548
internal_count=56 34 22 26
is_linear=0
shrinkage=0.1


Tree=87
num_leaves=7
num_cat=0
split_feature=0 0 0 0 0 0
split_gain=0.00314581 0.00738785 0.00987438 0.000664 0.000458994 0.000159495
threshold=0.73810726100000001 0.69938644515000015 0.57627838765000006 0.56677318590000014 0.71163383855000006 0.84499235145000007
decision_type=2 2 2 2 2 2
left_child=1 2 3 -1 -3 -2
right_child=5 4 -4 -5 -6 -7
leaf_value=0.0019852088306924051 -0.0021685994837102466 0.0081392973679357914 -0.011298787252509551 -0.00073810765038994904 0.0049438107091249097 -0.0038055428508310049
leaf_weight=2.6591332070529461 1.0622043125331402 0.92931836843490578 0.76955118961632241 1.3497589714825151 0.87061046808958054 1.3538984656333923
leaf_count=10 12 6 16 4 4 4
internal_value=0 0.00113338 -0.000923382 0.00106829 0.00659367 -0.00308588
internal_weight=0 6.57837 4.77844 4.00889 1.79993 2.4161
internal_count=56 40 30 14 10 16
is_linear=0
shrinkage=0.1


Tree=88
num_leaves=5
num_cat=0
split_feature=0 0 0 0
split_gain=0.00303921 0.00476755 3.43961e-05 2.65097e-05
threshold=0.64717139750000008 0.78650470425000008 0.71163383855000006 0.56677318590000014
decision_type=2 2 2 2
left_child=3 2 -2 -1
right_child=1 -3 -4 -5
leaf_value=0.0016007086729437382 -0.0045645299521698251 0.0016267282256459581 -0.0053318403128170587 0.002088538871248886
leaf_weight=2.6587697546929121 1.1214160779491069 2.0660930052399635 1.2195230182260273 1.9172237198799846
leaf_count=10 14 8 12 12
internal_value=0 -0.00187429 -0.00496426 0.0018051
internal_weight=0 4.40703 2.34094 4.57599
internal_count=56 34 26 22
is_linear=0
shrinkage=0.1


Tree=89
num_leaves=7
num_cat=0
split_feature=0 0 0 0 0 0
split_gain=0.00317501 0.00825241 0.00745198 0.00388515 0.000256478 5.18832e-05
threshold=0.73810726100000001 0.61116628275000007 0.56677318590000014 0.66879540310000019 0.71163383855000006 0.84499235145000007
decision_type=2 2 2 2 2 2
left_child=1 2 -1 -3 -5 -2
right_child=5 3 -4 4 -6 -7
leaf_value=0.0015819468714117829 -0.0025800089139835672 0.013460920867931565 -0.0072813697329981086 0.0026303131314999997 0.0049519196912466961 -0.0035151734818084611
leaf_weight=2.6573728397488594 1.0568159036338329 0.51591104455292258 1.4751794189214704 1.0465456275269387 0.87262970209121693 1.3525548875331879
leaf_count=10 12 8 8 10 4 4
internal_value=0 0.00113908 -0.00158195 0.00575691 0.00368592 -0.00310498
internal_weight=0 6.56764 4.13255 2.43509 1.91918 2.40937
internal_count=56 40 18 22 14 16
is_linear=0
shrinkage=0.1


Tree=90
num_leaves=5
num_cat=0
split_feature=0 0 0 0
split_gain=0.00269878 0.00472677 1.75235e-05 7.17378e-06
threshold=0.64717139750000008 0.78650470425000008 0.56677318590000014 0.71163383855000006
decision_type=2 2 2 2
left_child=2 3 -1 -2
right_child=1 -3 -4 -5
leaf_value=0.0018689168641277704 -0.0046558167452468054 0.0017221892361977389 0.0014721539414907878 -0.0050059977920732489
leaf_weight=2.6546475328505039 1.1227024877443912 2.0662412196397781 1.9170101117342708 1.2214987631887195
leaf_count=10 14 8 12 12
internal_value=0 -0.00176478 0.00170254 -0.00483829
internal_weight=0 4.41044 4.57166 2.3442
internal_count=56 34 22 26
is_linear=0
shrinkage=0.1


Tree=91
num_leaves=7
num_cat=0
split_feature=0 0 0 0 0 0
split_gain=0.00258475 0.00710956 0.00946278 0.000591946 0.000478457 0.000192939
threshold=0.73810726100000001 0.69938644515000015 0.57627838765000006 0.56677318590000014 0.71163383855000006 0.84499235145000007
decision_type=2 2 2 2 2 2
left_child=1 2 3 -1 -3 -2
right_child=5 4 -4 -5 -6 -7
leaf_value=0.0018224484283407992 -0.0017890119474852622 0.0079709842852659762 -0.011187987455206688 -0.00075121203293009985 0.0047060845144096201 -0.0035903218781090738
leaf_weight=2.6530416328459978 1.0613903794437647 0.92626602575182893 0.76428893394768227 1.3476190399378536 0.87085258215665817 1.3521369397640228
leaf_count=10 12 6 16 4 4 4
internal_value=0 0.00102916 -0.000992281 0.000955513 0.00638887 -0.00279816
internal_weight=0 6.56207 4.76495 4.00066 1.79712 2.41353
internal_count=56 40 30 14 10 16
is_linear=0
shrinkage=0.1


Tree=92
num_leaves=5
num_cat=0
split_feature=0 0 0 0
split_gain=0.00282219 0.00471763 5.25375e-05 1.09759e-05
threshold=0.64717139750000008 0.78650470425000008 0.56677318590000014 0.71163383855000006
decision_type=2 2 2 2
left_child=2 3 -1 -2
right_child=1 -3 -4 -5
leaf_value=0.001454529507216226 -0.0046563738584765486 0.0016785950343790809 0.0021423238768936001 -0.0050901499379335767
leaf_weight=2.6534370258450508 1.1181889818981292 2.0628679618239403 1.9100154992192981 1.2194907348603008
leaf_count=10 14 8 12 12
internal_value=0 -0.00180691 0.0017424 -0.00488266
internal_weight=0 4.40055 4.56345 2.33768
internal_count=56 34 22 26
is_linear=0
shrinkage=0.1


Tree=93
num_leaves=7
num_cat=0
split_feature=0 0 0 0 0 0
split_gain=0.00272364 0.00784357 0.00687195 0.00356314 0.000213803 5.84324e-05
threshold=0.73810726100000001 0.61116628275000007 0.56677318590000014 0.66879540310000019 0.71163383855000006 0.84499235145000007
decision_type=2 2 2 2 2 2
left_child=1 2 -1 -3 -5 -2
right_child=5 3 -4 4 -6 -7
leaf_value=0.0014421759712934658 -0.0023198610367224544 0.012958756744400949 -0.0070789653778966458 0.002613616431071145 0.0047353817805339104 -0.0033130004142352914
leaf_weight=2.6522224098443985 1.0551973674446344 0.51388560887426171 1.4715183619409797 1.0419271942228077 0.8727029189467429 1.3508287742733955
leaf_count=10 12 8 8 10 4 4
internal_value=0 0.00105662 -0.00159851 0.00556517 0.00358073 -0.00287744
internal_weight=0 6.55226 4.12374 2.42852 1.91463 2.40603
internal_count=56 40 18 22 14 16
is_linear=0
shrinkage=0.1


Tree=94
num_leaves=5
num_cat=0
split_feature=0 0 0 0
split_gain=0.00251178 0.00462861 3.49134e-06 8.13403e-07
threshold=0.64717139750000008 0.78650470425000008 0.56677318590000014 0.71163383855000006
decision_type=2 2 2 2
left_child=2 3 -1 -2
right_child=1 -3 -4 -5
leaf_value=0.0017202031931705783 -0.0048044754942171801 0.0017520490863026546 0.0015428098338823087 -0.0046865421639530657
leaf_weight=2.6486835237592459 1.1210328396409752 2.063006691634655 1.909191623330116 1.2227159589529035
leaf_count=10 14 8 12 12
internal_value=0 -0.00170234 0.0016459 -0.00474295
internal_weight=0 4.40676 4.55788 2.34375
internal_count=56 34 22 26
is_linear=0
shrinkage=0.1


Tree=95
num_leaves=5
num_cat=0
split_feature=0 0 0 0
split_gain=0.00226493 0.00380316 8.80837e-06 2.75382e-07
threshold=0.64717139750000008 0.78650470425000008 0.56677318590000014 0.71163383855000006
decision_type=2 2 2 2
left_child=2 3 -1 -2
right_child=1 -3 -4 -5
leaf_value=0.0016813532482452213 -0.0043404601760991136 0.0015133131662415176 0.0013994991465412223 -0.0044091238755077271
leaf_weight=2.6473790220916271 1.1209545582532885 2.0627181008458138 1.9078248739242551 1.2195701189339159
leaf_count=10 14 8 12 12
internal_value=0 -0.00161725 0.00156331 -0.00437624
internal_weight=0 4.40324 4.5552 2.34052
internal_count=56 34 22 26
is_linear=0
shrinkage=0.1


Tree=96
num_leaves=7
num_cat=0
split_feature=0 0 0 0 0 0
split_gain=0.00242772 0.00772019 0.00932686 0.000528613 0.000528108 0.000186948
threshold=0.73810726100000001 0.69938644515000015 0.57627838765000006 0.56677318590000014 0.71163383855000006 0.84499235145000007
decision_type=2 2 2 2 2 2
left_child=1 2 3 -1 -3 -2
right_child=5 4 -4 -5 -6 -7
leaf_value=0.0016402460434919285 -0.0017188868001735656 0.0082541455390448028 -0.011282701585509061 -0.00079417955070183038 0.0048201206340997855 -0.0034929923516333092
leaf_weight=2.6460096184164286 1.0603354461491108 0.92427823320031144 0.7576685482636093 1.3455319181084635 0.86877252906560898 1.3504387140274048
leaf_count=10 12 6 16 4 4 4
internal_value=0 0.000999606 -0.00111114 0.000819611 0.00659028 -0.00271268
internal_weight=0 6.54226 4.74921 3.99154 1.79305 2.41077
internal_count=56 40 30 14 10 16
is_linear=0
shrinkage=0.1


Tree=97
num_leaves=5
num_cat=0
split_feature=0 0 0 0
split_gain=0.00241005 0.00389448 6.84254e-05 5.01468e-06
threshold=0.64717139750000008 0.78650470425000008 0.56677318590000014 0.71163383855000006
decision_type=2 2 2 2
left_child=2 3 -1 -2
right_child=1 -3 -4 -5
leaf_value=0.00128441216856811 -0.0043164358727986905 0.0014977598140351589 0.0020707054525034275 -0.0046099978799793735
leaf_weight=2.6472664438188076 1.1152016557753088 2.0595503374934196 1.9018606189638374 1.2167962510138748
leaf_count=10 14 8 12 12
internal_value=0 -0.00167103 0.00161314 -0.00446961
internal_weight=0 4.39155 4.54913 2.332
internal_count=56 34 22 26
is_linear=0
shrinkage=0.1


Tree=98
num_leaves=7
num_cat=0
split_feature=0 0 0 0 0 0
split_gain=0.00259775 0.00733747 0.00640793 0.00337114 2.88102e-05 1.78355e-05
threshold=0.7601111906500001 0.61116628275000007 0.56677318590000014 0.66879540310000019 0.71163383855000006 0.84499235145000007
decision_type=2 2 2 2 2 2
left_child=1 2 -1 -3 -5 -2
right_child=5 3 -4 4 -6 -7
leaf_value=0.0012762666785093191 -0.0026285258517428859 0.012398954443686057 -0.0069610198956998326 0.0029667556739325618 0.0037046737545758596 -0.0032144511132478851
leaf_weight=2.6462090723216534 0.84482843056321155 0.51009250618517432 1.4684514142572878 1.0378976464271548 1.079274784773588 1.3491793945431709
leaf_count=10 8 8 8 10 8 4
internal_value=0 0.000972647 -0.00166348 0.00510118 0.00334293 -0.00298883
internal_weight=0 6.74193 4.11466 2.62726 2.11717 2.19401
internal_count=56 44 18 26 18 12
is_linear=0
shrinkage=0.1


Tree=99
num_leaves=5
num_cat=0
split_feature=0 0 0 0
split_gain=0.00224624 0.00397191 4.69012e-06 1.50721e-06
threshold=0.64717139750000008 0.78650470425000008 0.71163383855000006 0.56677318590000014
decision_type=2 2 2 2
left_child=3 2 -2 -1
right_child=1 -3 -4 -5
leaf_value=0.0016061798201693499 -0.0045996894131574151 0.0015787699029233141 -0.0043152194351593395 0.001489441999562363
leaf_weight=2.6456776093691587 1.1190653610974552 2.0618643164634705 1.2022198345512149 1.9004463758319614
leaf_count=10 14 8 12 12
internal_value=0 -0.00161527 -0.00445236 0.00155738
internal_weight=0 4.38315 2.32129 4.54612
internal_count=56 34 26 22
is_linear=0
shrinkage=0.1


end of trees

feature_importances:
off_dist=528

parameters:
[boosting: gbdt]
[objective: lambdarank]
[metric: ndcg]
[tree_learner: serial]
[device_type: cpu]
[data: ]
[valid: ]
[num_iterations: 100]
[learning_rate: 0.1]
[num_leaves: 16]
[num_threads: 6]
[deterministic: 0]
[force_col_wise: 0]
[force_row_wise: 0]
[histogram_pool_size: -1]
[max_depth: -1]
[min_data_in_leaf: 5]
[min_sum_hessian_in_leaf: 0.001]
[bagging_fraction: 1]
[pos_bagging_fraction: 1]
[neg_bagging_fraction: 1]
[bagging_freq: 0]
[bagging_seed: 3]
[feature_fraction: 1]
[feature_fraction_bynode: 1]
[feature_fraction_seed: 2]
[extra_trees: 0]
[extra_seed: 6]
[early_stopping_round: 0]
[first_metric_only: 0]
[max_delta_step: 0]
[lambda_l1: 0]
[lambda_l2: 0]
[linear_lambda: 0]
[min_gain_to_split: 0]
[drop_rate: 0.1]
[max_drop: 50]
[skip_drop: 0.5]
[xgboost_dart_mode: 0]
[uniform_drop: 0]
[drop_seed: 4]
[top_rate: 0.2]
[other_rate: 0.1]
[min_data_per_group: 100]
[max_cat_threshold: 32]
[cat_l2: 10]
[cat_smooth: 10]
[max_cat_to_onehot: 4]
[top_k: 20]
[monotone_constraints: ]
[monotone_constraints_method: basic]
[monotone_penalty: 0]
[feature_contri: ]
[forcedsplits_filename: ]
[refit_decay_rate: 0.9]
[cegb_tradeoff: 1]
[cegb_penalty_split: 0]
[cegb_penalty_feature_lazy: ]
[cegb_penalty_feature_coupled: ]
[path_smooth: 0]
[interaction_constraints: ]
[verbosity: 1]
[saved_feature_importance_type: 0]
[linear_tree: 0]
[max_bin: 255]
[max_bin_by_feature: ]
[min_data_in_bin: 3]
[bin_construct_sample_cnt: 200000]
[data_random_seed: 1]
[is_enable_sparse: 1]
[enable_bundle: 1]
[use_missing: 1]
[zero_as_missing: 0]
[feature_pre_filter: 1]
[pre_partition: 0]
[two_round: 0]
[header: 0]
[label_column: ]
[weight_column: ]
[group_column: ]
[ignore_column: ]
[categorical_feature: ]
[forcedbins_filename: ]
[precise_float_parser: 0]
[parser_config_file: ]
[objective_seed: 5]
[num_class: 1]
[is_unbalance: 0]
[scale_pos_weight: 1]
[sigmoid: 1]
[boost_from_average: 1]
[reg_sqrt: 0]
[alpha: 0.9]
[fair_c: 1]
[poisson_max_delta_step: 0.7]
[tweedie_variance_power: 1.5]
[lambdarank_truncation_level: 30]
[lambdarank_norm: 1]
[label_gain: ]
[eval_at: 1,2,3,4,5]
[multi_error_top_k: 1]
[auc_mu_weights: ]
[num_machines: 1]
[local_listen_port: 12400]
[time_out: 120]
[machine_list_filename: ]
[machines: ]
[gpu_platform_id: -1]
[gpu_device_id: -1]
[gpu_use_dp: 0]
[num_gpu: 1]

end of parameters

pandas_categorical:null
