tree
version=v4
num_class=1
num_tree_per_iteration=1
label_index=0
max_feature_idx=0
objective=lambdarank
feature_names=off_dist
feature_infos=[0:0.87947164010000001]
tree_sizes=856 854 849 847 951 963 864 962 964 1066 1074 972 1076 1071 1076 976 976 976 979 980 1077 873 980 1083 980 1084 975 880 985 870 986 882 983 876 985 980 983 986 771 987 987 989 987 992 993 773 886 990 880 989 989 991 994 986 777 671 672 883 780 776 672 883 883 992 876 780 885 777 777 884 668 992 672 987 780 886 780 779 991 994 996 670 1097 884 891 781 782 991 993 671 887 992 778 782 890 672 776 782 996 994

Tree=0
num_leaves=7
num_cat=0
split_feature=0 0 0 0 0 0
split_gain=2.00814 1.01266 0.321639 1.04597 0.704561 0.216931
threshold=0.57718938875000003 0.61376230040000002 0.64717139750000008 0.69938644515000015 0.73810726100000001 0.80233301090000009
decision_type=2 2 2 2 2 2
left_child=-1 -2 -3 -4 -5 -6
right_child=1 2 3 4 5 -7
leaf_value=0.11111176323493686 -0.14251815565510981 0.065464902056332361 -0.15824709318697694 0.069531128061805419 -0.10580695706160373 -0.0081765109949361158
leaf_weight=1.2101720906794069 0.73621894046664271 0.46306203305721316 0.47439055144786868 0.92988520860671975 0.42988371662795544 0.48363527655601501
leaf_count=10 8 4 8 10 8 8
internal_value=0 -0.0382319 -0.0106225 -0.0258237 0.00825474 -0.0541194
internal_weight=0 3.51708 2.78086 2.31779 1.8434 0.913519
internal_count=56 46 38 34 26 16
is_linear=0
shrinkage=0.1


Tree=1
num_leaves=7
num_cat=0
split_feature=0 0 0 0 0 0
split_gain=6.79908 2.14545 1.46995 0.788063 0.193703 0.0243498
threshold=1.0000000180025095e-35 0.64717139750000008 0.5382534683500001 0.57718938875000003 0.80233301090000009 0.71163383855000006
decision_type=2 2 2 2 2 2
left_child=-1 2 -2 -4 5 -3
right_child=1 4 3 -5 -6 -7
leaf_value=0.19043966108217536 -0.043457478483753226 -0.070552311514745836 0.075085271033602519 0.0029538498328872845 -0.029607449478163208 -0.057931257992725221
leaf_weight=1.706499040126803 2.9239072799682635 3.2523680813610536 3.3764604926109314 2.7468704357743263 2.1280116736888885 2.8842570707201958
leaf_count=2 4 14 4 12 8 12
internal_value=0 -0.0187724 0.0148742 0.0427278 -0.0556051 -0.0646203
internal_weight=0 17.3119 9.04724 6.12333 8.26464 6.13663
internal_count=56 54 20 16 34 26
is_linear=0
shrinkage=0.1


Tree=2
num_leaves=7
num_cat=0
split_feature=0 0 0 0 0 0
split_gain=3.7415 0.780001 0.303217 0.545892 0.161629 0.401535
threshold=0.58739679465000016 0.5382534683500001 0.69938644515000015 0.71163383855000006 0.80233301090000009 0.73810726100000001
decision_type=2 2 2 2 2 2
left_child=1 -1 -2 -4 5 -5
right_child=2 -3 3 4 -6 -7
leaf_value=0.097834557453384069 -0.060698006642767789 0.027834754873196629 0.027302428708697413 -0.021949928800209934 -0.023516084955689562 -0.10499919670461477
leaf_weight=2.9207002669572857 3.7114980146288854 3.4987356774508953 1.5311776399612425 1.2687580883502962 2.5024542659521103 1.0758095458149908
leaf_count=6 16 8 6 4 8 8
internal_value=0 0.0596831 -0.0379726 -0.0247486 -0.0411915 -0.0600573
internal_weight=0 6.41944 10.0897 6.3782 4.84702 2.34457
internal_count=56 14 42 26 20 12
is_linear=0
shrinkage=0.1


Tree=3
num_leaves=7
num_cat=0
split_feature=0 0 0 0 0 0
split_gain=1.93 1.19631 1.22384 0.131691 0.361725 0.182419
threshold=0.57718938875000003 0.61376230040000002 0.64717139750000008 0.80233301090000009 0.73810726100000001 0.71163383855000006
decision_type=2 2 2 2 2 2
left_child=-1 -2 -3 4 5 -4
right_child=1 2 3 -5 -6 -7
leaf_value=0.048366957430950847 -0.13447795013579023 0.07171416241463284 -0.041632192012774349 -0.0119340600499369 -0.096403109668995471 0.004338073928981152
leaf_weight=5.3240629881620416 0.92907276377081771 1.368887260556219 2.8123612701892853 2.3926828354597092 0.93878059834241856 1.2454946339130399
leaf_count=10 8 4 14 8 8 4
internal_value=0 -0.0265821 -0.0151365 -0.0312258 -0.0404638 -0.0275223
internal_weight=0 9.68728 8.75821 7.38932 4.99664 4.05786
internal_count=56 46 38 34 26 18
is_linear=0
shrinkage=0.1


Tree=4
num_leaves=8
num_cat=0
split_feature=0 0 0 0 0 0 0
split_gain=1.18157 0.770767 0.379462 0.153548 0.0979205 0.0631005 1.31521
threshold=0.64717139750000008 0.69938644515000015 0.71163383855000006 0.5382534683500001 0.80233301090000009 0.57718938875000003 0.61376230040000002
decision_type=2 2 2 2 2 2 2
left_child=3 -2 -3 -1 -4 -5 -7
right_child=1 2 4 5 -6 6 -8
leaf_value=0.052602965445954802 -0.12022958602989237 0.023436234575727473 -0.047074110353802684 0.028725472994443658 -0.017922529267505594 -0.099823672027892302 0.071443907777103577
leaf_weight=2.0123712867498398 0.8129814714193343 1.7107774615287779 2.1833362765610218 3.0596113502979279 2.4399358034133911 0.72911676019430127 1.1644980609416962
leaf_count=6 8 6 12 4 8 8 4
internal_value=0 -0.0285655 -0.0168004 0.0293096 -0.0316893 0.019846 0.0054991
internal_weight=0 7.14703 6.33405 6.9656 4.62327 4.95323 1.89361
internal_count=56 34 26 22 20 16 12
is_linear=0
shrinkage=0.1


Tree=5
num_leaves=8
num_cat=0
split_feature=0 0 0 0 0 0 0
split_gain=1.06097 0.10372 0.0750925 0.042845 0.639364 0.00200104 0.217834
threshold=0.64717139750000008 0.57718938875000003 0.73810726100000001 0.71163383855000006 0.69938644515000015 0.84499235145000007 0.80233301090000009
decision_type=2 2 2 2 2 2 2
left_child=1 -1 3 4 -2 6 -4
right_child=2 -3 5 -5 -6 -7 -8
leaf_value=0.033899569415342196 -0.10579765579699348 0.0053592517279759493 -0.080893109796201068 -0.0018097139791617052 0.011520814831573082 -0.036945860071859161 -0.0093141402379817734
leaf_weight=5.3215133100748062 0.68525389209389698 1.6738745905458925 0.77944014221429825 1.0797548145055773 1.4421877861022949 1.6176880598068237 0.93539369106292725
leaf_count=10 8 12 8 4 6 4 4
internal_value=0 0.0270704 -0.0289566 -0.0180335 -0.0262677 -0.0394688 -0.0418488
internal_weight=0 6.99539 6.53972 3.2072 2.12744 3.33252 1.71483
internal_count=56 22 34 18 14 16 12
is_linear=0
shrinkage=0.1


Tree=6
num_leaves=7
num_cat=0
split_feature=0 0 0 0 0 0
split_gain=0.939618 0.106069 0.0788989 0.0936763 0.0806732 0.0296252
threshold=0.64717139750000008 0.57718938875000003 0.73810726100000001 0.84499235145000007 0.80233301090000009 0.71163383855000006
decision_type=2 2 2 2 2 2
left_child=1 -1 5 4 -4 -2
right_child=2 -3 3 -5 -6 -7
leaf_value=0.031951051523564582 -0.024619115458855333 0.0021489498792149134 -0.082349050155174408 -0.022200329874965022 -0.036400006816431567 -0.0039937359698664562
leaf_weight=5.3452338948845863 1.9672597758471966 1.5378311946988104 0.70378974825143814 1.4850253760814667 0.83595117926597595 1.078007236123085
leaf_count=10 14 12 8 4 4 4
internal_value=0 0.0252926 -0.0286803 -0.0401198 -0.0574025 -0.0173178
internal_weight=0 6.88307 6.07003 3.02477 1.53974 3.04527
internal_count=56 22 34 16 12 18
is_linear=0
shrinkage=0.1


Tree=7
num_leaves=8
num_cat=0
split_feature=0 0 0 0 0 0 0
split_gain=0.721421 0.0774183 0.15304 0.404697 0.905365 0.021362 0.035225
threshold=0.57718938875000003 0.73810726100000001 0.69938644515000015 0.61376230040000002 0.64717139750000008 0.84499235145000007 0.80233301090000009
decision_type=2 2 2 2 2 2 2
left_child=-1 2 3 -2 -5 6 -3
right_child=1 5 -4 4 -6 -7 -8
leaf_value=0.029063886428400063 -0.10804530893152441 -0.056352865626089738 0.0054585939739935051 0.057783859391537976 -0.095817978864071396 -0.023353848719936007 -0.026030921789921613
leaf_weight=5.1149480044841766 0.51635780185461078 0.7151036262512207 2.4967652559280396 0.92309596762061097 0.65674714371562004 1.5042686313390732 0.82526209950447083
leaf_count=10 8 8 10 4 8 4 4
internal_value=0 -0.0194643 -0.0112671 -0.0311889 -0.00606904 -0.0318301 -0.0401077
internal_weight=0 7.6376 4.59297 2.0962 1.57984 3.04463 1.54037
internal_count=56 46 30 20 12 16 12
is_linear=0
shrinkage=0.1


Tree=8
num_leaves=8
num_cat=0
split_feature=0 0 0 0 0 0 0
split_gain=0.634585 0.0810477 0.0992516 0.271884 0.0572535 0.0159132 0.0998293
threshold=0.57718938875000003 0.73810726100000001 0.69938644515000015 0.64717139750000008 0.71163383855000006 0.84499235145000007 0.80233301090000009
decision_type=2 2 2 2 2 2 2
left_child=-1 2 3 -2 -4 6 -3
right_child=1 5 4 -5 -6 -7 -8
leaf_value=0.0267538434311833 -0.0032603418792632732 -0.069558198429656326 0.017228698069391948 -0.086901723690715305 -0.013879741305660977 -0.024753651210370594 -0.016370261149228668
leaf_weight=5.1655111014842987 1.339899083599448 0.62407497316598892 1.3084505721926689 0.54740795865654934 1.0799137204885483 1.4991210401058197 0.81206889450550079
leaf_count=10 12 8 6 8 4 4 4
internal_value=0 -0.019165 -0.0103809 -0.0275203 0.00316282 -0.0319603 -0.039483
internal_weight=0 7.21094 4.27567 1.88731 2.38836 2.93526 1.43614
internal_count=56 46 30 20 10 16 12
is_linear=0
shrinkage=0.1


Tree=9
num_leaves=9
num_cat=0
split_feature=0 0 0 0 0 0 0 0
split_gain=0.582694 0.066269 0.0595225 0.299262 0.496337 0.0308976 0.0693909 0.00751938
threshold=0.57718938875000003 0.73810726100000001 0.69938644515000015 0.61376230040000002 0.64717139750000008 0.84499235145000007 0.80233301090000009 0.71163383855000006
decision_type=2 2 2 2 2 2 2 2
left_child=-1 2 3 -2 -5 6 -3 -4
right_child=1 5 7 4 -6 -7 -8 -9
leaf_value=0.025532214494664758 -0.0971821863486272 -0.067362417885380541 0.0050996204278771877 0.045161512853691244 -0.080522150078179353 -0.020607584076745008 -0.021920059153690483 -0.0064111838440271329
leaf_weight=5.1295447871088982 0.42963270843029011 0.58997911214828491 1.2522448599338531 0.8492312431335447 0.49873842298984528 1.4696608781814575 0.78068144619464874 1.0378515720367432
leaf_count=10 8 8 6 4 8 4 4 4
internal_value=0 -0.0189589 -0.0107745 -0.0245047 -0.00134048 -0.03068 -0.04148 -0.000116975
internal_weight=0 6.90802 4.0677 1.7776 1.34797 2.84032 1.37066 2.2901
internal_count=56 46 30 20 12 16 12 10
is_linear=0
shrinkage=0.1


Tree=10
num_leaves=9
num_cat=0
split_feature=0 0 0 0 0 0 0 0
split_gain=0.524485 0.0503046 0.0462054 0.180604 0.344585 0.0152678 0.0749792 0.00488544
threshold=0.57718938875000003 0.73810726100000001 0.69938644515000015 0.61376230040000002 0.64717139750000008 0.84499235145000007 0.80233301090000009 0.71163383855000006
decision_type=2 2 2 2 2 2 2 2
left_child=-1 2 3 -2 -5 6 -3 -4
right_child=1 5 7 4 -6 -7 -8 -9
leaf_value=0.024181295658734656 -0.08422272825233984 -0.064038274783074126 0.0028934063592623294 0.032923876850796271 -0.073843397884212722 -0.021557695734764213 -0.016138805415558604 -0.0065741795164947136
leaf_weight=5.0926898643374443 0.37933983094990287 0.56468109786510468 1.184350922703743 0.8324368819594381 0.47464938089251518 1.4688127338886261 0.77574514597654343 1.0096947401762009
leaf_count=10 8 8 6 4 8 4 4 4
internal_value=0 -0.0184085 -0.0110303 -0.0234767 -0.00584711 -0.0286003 -0.0363174 -0.00146355
internal_weight=0 6.68971 3.88047 1.68643 1.30709 2.80924 1.34043 2.19405
internal_count=56 46 30 20 12 16 12 10
is_linear=0
shrinkage=0.1


Tree=11
num_leaves=8
num_cat=0
split_feature=0 0 0 0 0 0 0
split_gain=0.476281 0.0416202 0.0370296 0.133532 0.0144599 0.0631297 0.00411682
threshold=0.57718938875000003 0.73810726100000001 0.69938644515000015 0.64717139750000008 0.84499235145000007 0.80233301090000009 0.71163383855000006
decision_type=2 2 2 2 2 2 2
left_child=-1 2 3 -2 5 -3 -4
right_child=1 4 6 -5 -6 -7 -8
leaf_value=0.023039663024849947 -0.0044822199095789859 -0.060800720605230132 0.0017407707086398074 -0.068395205617733837 -0.020331249534712374 -0.016230891441078931 -0.0070689042348380934
leaf_weight=5.0526780486106873 1.1650635041296484 0.5452759750187397 1.1404140517115595 0.45438810624182213 1.454367071390152 0.76177940517663956 0.99173957109451283
leaf_count=10 12 8 6 8 4 4 4
internal_value=0 -0.0178737 -0.0110154 -0.022415 -0.0271913 -0.0348245 -0.00235692
internal_weight=0 6.51303 3.75161 1.61945 2.76142 1.30706 2.13215
internal_count=56 46 30 20 16 12 10
is_linear=0
shrinkage=0.1


Tree=12
num_leaves=9
num_cat=0
split_feature=0 0 0 0 0 0 0 0
split_gain=0.412064 0.0371282 0.0281772 0.148708 0.244386 0.0155682 0.0493901 0.00203293
threshold=0.57718938875000003 0.73810726100000001 0.69938644515000015 0.61376230040000002 0.64717139750000008 0.84499235145000007 0.80233301090000009 0.71163383855000006
decision_type=2 2 2 2 2 2 2 2
left_child=-1 2 3 -2 -5 6 -3 -4
right_child=1 5 7 4 -6 -7 -8 -9
leaf_value=0.021507941550287284 -0.07933600877434635 -0.057512389181405513 5.5334706124444895e-05 0.029806750550031177 -0.064204048803265398 -0.018626253192367499 -0.017372820790826814 -0.006144816436343516
leaf_weight=4.9935864508152008 0.33667244017124209 0.51927858963608742 1.135211415588856 0.76621487736701943 0.43265649303793907 1.4423860758543015 0.74827086180448532 0.99003726243972767
leaf_count=10 8 8 6 4 8 4 4 4
internal_value=0 -0.0168586 -0.0102904 -0.0206117 -0.00412048 -0.0257315 -0.0338168 -0.00283298
internal_weight=0 6.37073 3.66079 1.53554 1.19887 2.70994 1.26755 2.12525
internal_count=56 46 30 20 12 16 12 10
is_linear=0
shrinkage=0.1


Tree=13
num_leaves=9
num_cat=0
split_feature=0 0 0 0 0 0 0 0
split_gain=0.374339 0.0308956 0.024881 0.0987827 0.185146 0.0107572 0.0470003 0.00225055
threshold=0.57718938875000003 0.73810726100000001 0.69938644515000015 0.61376230040000002 0.64717139750000008 0.84499235145000007 0.80233301090000009 0.71163383855000006
decision_type=2 2 2 2 2 2 2 2
left_child=-1 2 3 -2 -5 6 -3 -4
right_child=1 5 7 4 -6 -7 -8 -9
leaf_value=0.020521575307609632 -0.070172948067905902 -0.054753226593909937 -1.5101268491326108e-05 0.022867263781721409 -0.06000670040431158 -0.018493130575605622 -0.01518343286168298 -0.0066100644422629673
leaf_weight=4.9559093043208122 0.31102412752807174 0.5040414109826088 1.1009158305823805 0.75342424213886239 0.41976484470069408 1.4373515248298645 0.7421509176492691 0.97633169591426838
leaf_count=10 8 8 6 4 8 4 4 4
internal_value=0 -0.0162855 -0.01018 -0.0200682 -0.00678488 -0.0243884 -0.031188 -0.00311481
internal_weight=0 6.245 3.56146 1.48421 1.17319 2.68354 1.24619 2.07725
internal_count=56 46 30 20 12 16 12 10
is_linear=0
shrinkage=0.1


Tree=14
num_leaves=9
num_cat=0
split_feature=0 0 0 0 0 0 0 0
split_gain=0.349279 0.279957 0.0226117 0.0300333 0.0674879 0.00898002 0.042022 0.00219992
threshold=0.58739679465000016 0.5382534683500001 0.73810726100000001 0.69938644515000015 0.64717139750000008 0.84499235145000007 0.80233301090000009 0.71163383855000006
decision_type=2 2 2 2 2 2 2 2
left_child=1 -1 3 4 -2 6 -4 -5
right_child=2 -3 5 7 -6 -7 -8 -9
leaf_value=-0.012578170584630545 -0.0071833804597642645 0.036600097152006184 -0.052186292435927498 -0.00023655475020893982 -0.056433156998470672 -0.017876397514407994 -0.014398656121488666 -0.0068125814566083083
leaf_weight=1.7862113937735555 0.87291605956852458 3.2890374744310975 0.49110198393464088 1.0751612856984141 0.40842101909220219 1.4296983629465103 0.73434659838676453 0.96560426056385029
leaf_count=6 8 8 8 6 8 4 4 4
internal_value=0 0.019292 -0.0163807 -0.0108821 -0.0228815 -0.0232606 -0.0295422 -0.00334805
internal_weight=0 5.07525 5.97725 3.3221 1.28134 2.65515 1.22545 2.04077
internal_count=56 14 42 26 16 16 12 10
is_linear=0
shrinkage=0.1


Tree=15
num_leaves=8
num_cat=0
split_feature=0 0 0 0 0 0 0
split_gain=0.391079 0.0147036 0.031953 0.0599021 0.00888281 0.0269493 0.000307403
threshold=0.58739679465000016 0.73810726100000001 0.69938644515000015 0.64717139750000008 0.84499235145000007 0.80233301090000009 0.71163383855000006
decision_type=2 2 2 2 2 2 2
left_child=-1 2 3 -2 5 -3 -4
right_child=1 4 6 -5 -6 -7 -8
leaf_value=0.022104822813815102 -0.0098472620382177301 -0.045453183686165188 -0.0034209035853928643 -0.056408513590721958 -0.016853307969190826 -0.015858942065775063 -0.0058715268364383441
leaf_weight=4.5515601448714733 0.86066598072648071 0.53343482315540314 1.0649634301662447 0.40695681609213352 1.4224133193492889 0.72715102881193161 0.98556639254093159
leaf_count=14 8 8 6 8 4 4 4
internal_value=0 -0.0167654 -0.0123144 -0.0247953 -0.0222701 -0.0283822 -0.00459877
internal_weight=0 6.00115 3.31815 1.26762 2.683 1.26059 2.05053
internal_count=56 42 26 16 16 12 10
is_linear=0
shrinkage=0.1


Tree=16
num_leaves=8
num_cat=0
split_feature=0 0 0 0 0 0 0
split_gain=0.329682 0.0171938 0.0195595 0.0622698 0.00804934 0.0223054 0.000342947
threshold=0.57718938875000003 0.73810726100000001 0.69938644515000015 0.64717139750000008 0.84499235145000007 0.80233301090000009 0.71163383855000006
decision_type=2 2 2 2 2 2 2
left_child=-1 2 3 -2 5 -3 -4
right_child=1 4 6 -5 -6 -7 -8
leaf_value=0.021121851192516541 -0.0060633854148501639 -0.042797503583103629 -0.0029302729914986738 -0.053228799705484914 -0.015904893276117684 -0.015566532005249947 -0.0055135397556761142
leaf_weight=4.320264957845211 0.97563081234693549 0.51674040779471397 1.0710650943219664 0.39254090562462807 1.416912816464901 0.71982976049184799 0.98793702572584141
leaf_count=10 12 8 6 8 4 4 4
internal_value=0 -0.0150069 -0.0103279 -0.0195956 -0.0210502 -0.0269459 -0.00416976
internal_weight=0 6.08066 3.42717 1.36817 2.65348 1.23657 2.059
internal_count=56 46 30 20 16 12 10
is_linear=0
shrinkage=0.1


Tree=17
num_leaves=8
num_cat=0
split_feature=0 0 0 0 0 0 0
split_gain=0.284542 0.0170768 0.0158403 0.0571012 0.00710015 0.0199967 0.000396224
threshold=0.57718938875000003 0.73810726100000001 0.69938644515000015 0.64717139750000008 0.84499235145000007 0.80233301090000009 0.71163383855000006
decision_type=2 2 2 2 2 2 2
left_child=-1 2 3 -2 5 -3 -4
right_child=1 4 6 -5 -6 -7 -8
leaf_value=0.019744764493610376 -0.0046205356667466417 -0.040934821403436975 -0.0025095740017930185 -0.050525043342596193 -0.01524549367587714 -0.01490241025403382 -0.0052860819736761273
leaf_weight=4.2674704790115356 0.93842848949134372 0.50313683599233627 1.0717736780643465 0.3809931892901659 1.4125485643744469 0.71354325115680695 0.98757366091012944
leaf_count=10 12 8 6 8 4 4 4
internal_value=0 -0.0140247 -0.00932169 -0.0178758 -0.0200684 -0.0256677 -0.00384107
internal_weight=0 6.008 3.37877 1.31942 2.62923 1.21668 2.05935
internal_count=56 46 30 20 16 12 10
is_linear=0
shrinkage=0.1


Tree=18
num_leaves=8
num_cat=0
split_feature=0 0 0 0 0 0 0
split_gain=0.249216 0.0163183 0.0133695 0.0516332 0.00624799 0.0179991 0.000422921
threshold=0.57718938875000003 0.73810726100000001 0.69938644515000015 0.64717139750000008 0.84499235145000007 0.80233301090000009 0.71163383855000006
decision_type=2 2 2 2 2 2 2
left_child=-1 2 3 -2 5 -3 -4
right_child=1 4 6 -5 -6 -7 -8
leaf_value=0.018574892078254072 -0.0037620913203971554 -0.039138342198975856 -0.0021939908347950016 -0.048034648755315927 -0.014607645593390582 -0.014222705362827361 -0.0050645822522025555
leaf_weight=4.2228754758834839 0.90930926054716132 0.49115012213587761 1.0702574513852599 0.37086645513772964 1.4083702713251114 0.70773110538721085 0.98612632602453221
leaf_count=10 12 8 6 8 4 4 4
internal_value=0 -0.0131968 -0.00856505 -0.0165878 -0.0191242 -0.02443 -0.00357057
internal_weight=0 5.94381 3.33656 1.28018 2.60725 1.19888 2.05638
internal_count=56 46 30 20 16 12 10
is_linear=0
shrinkage=0.1


Tree=19
num_leaves=8
num_cat=0
split_feature=0 0 0 0 0 0 0
split_gain=0.220558 0.0152715 0.0116094 0.0464064 0.00552372 0.0162464 0.000426463
threshold=0.57718938875000003 0.73810726100000001 0.69938644515000015 0.64717139750000008 0.84499235145000007 0.80233301090000009 0.71163383855000006
decision_type=2 2 2 2 2 2 2
left_child=-1 2 3 -2 5 -3 -4
right_child=1 4 6 -5 -6 -7 -8
leaf_value=0.017553546170453373 -0.0032434338230187191 -0.037432092866448406 -0.0019568930896303998 -0.045743618216334714 -0.013988273403422687 -0.013569412653293879 -0.0048427120690244484
leaf_weight=4.1840210929512978 0.88552127964794658 0.48052362352609634 1.0676275379955771 0.36192550510168076 1.4043623581528664 0.70230592787265778 0.98411697894334782
leaf_count=10 12 8 6 8 4 4 4
internal_value=0 -0.012477 -0.00796648 -0.0155741 -0.0182288 -0.0232636 -0.00334107
internal_weight=0 5.88638 3.29919 1.24745 2.58719 1.18283 2.05174
internal_count=56 46 30 20 16 12 10
is_linear=0
shrinkage=0.1


Tree=20
num_leaves=9
num_cat=0
split_feature=0 0 0 0 0 0 0 0
split_gain=0.196751 0.0141133 0.0102867 0.154543 0.135131 0.00491717 0.0147043 0.000412772
threshold=0.57718938875000003 0.73810726100000001 0.69938644515000015 0.61376230040000002 0.64717139750000008 0.84499235145000007 0.80233301090000009 0.71163383855000006
decision_type=2 2 2 2 2 2 2 2
left_child=-1 2 3 -2 -5 6 -3 -4
right_child=1 5 7 4 -6 -7 -8 -9
leaf_value=0.016646028496544583 -0.078847379783552204 -0.03582364110561459 -0.0017798896205993746 0.034818988650109843 -0.043635489947580687 -0.013388074804290488 -0.012952968606874197 -0.0046227511484574924
leaf_weight=4.1495092213153839 0.2874592859297993 0.4710390530526638 1.0644641146063807 0.57807251438498497 0.35398018918931484 1.4005335941910744 0.69721923023462296 0.98182953894138325
leaf_count=10 8 8 6 4 8 4 4 4
internal_value=0 -0.0118385 -0.00747656 -0.0147466 0.00502311 -0.017384 -0.0221744 -0.00314392
internal_weight=0 5.8346 3.26581 1.21951 0.932053 2.56879 1.16826 2.04629
internal_count=56 46 30 20 12 16 12 10
is_linear=0
shrinkage=0.1


Tree=21
num_leaves=7
num_cat=0
split_feature=0 0 0 0 0 0
split_gain=0.182315 0.0131573 0.00946965 0.0352322 0.00419461 0.00160072
threshold=0.57718938875000003 0.77593949730000011 0.69938644515000015 0.64717139750000008 0.84499235145000007 0.71163383855000006
decision_type=2 2 2 2 2 2
left_child=-1 2 3 -2 -3 -4
right_child=1 4 5 -5 -6 -7
leaf_value=0.016035100863932002 -0.0035634228841595547 -0.022413523768809576 -0.00083303576881041017 -0.04136570348633764 -0.013792263955734841 -0.0062068539311939744
leaf_weight=4.1283501088619232 0.83126356638968013 0.94629518315196048 1.0386924482882025 0.35050845611840487 1.3982261642813683 1.1886161863803861
leaf_count=10 12 8 6 8 4 8
internal_value=0 -0.0115056 -0.00753986 -0.0147754 -0.017272 -0.00370081
internal_weight=0 5.7536 3.40908 1.18177 2.34452 2.22731
internal_count=56 46 34 20 12 14
is_linear=0
shrinkage=0.1


Tree=22
num_leaves=8
num_cat=0
split_feature=0 0 0 0 0 0 0
split_gain=0.164739 0.0124233 0.00939288 0.0317695 0.000675199 0.0249462 0.000562064
threshold=0.57718938875000003 0.73810726100000001 0.69938644515000015 0.64717139750000008 0.84499235145000007 0.80233301090000009 0.71163383855000006
decision_type=2 2 2 2 2 2 2
left_child=-1 2 3 -2 5 -3 -4
right_child=1 4 6 -5 -6 -7 -8
leaf_value=0.015286175702324215 -0.0032149139063923585 -0.03685995213813114 -0.0010515971296875162 -0.039494793560114462 -0.01473921972116499 -0.0063397339474807884 -0.0044018019948204503
leaf_weight=4.100635401904583 0.81268163025379203 0.43382759764790535 1.035205949097872 0.34334037359803915 1.4060521647334099 0.69983378797769547 0.97001545876264561
leaf_count=10 12 8 6 8 4 4 4
internal_value=0 -0.0109952 -0.00681102 -0.0139901 -0.0162033 -0.0180192 -0.00267224
internal_weight=0 5.70096 3.16124 1.15602 2.53971 1.13366 2.00522
internal_count=56 46 30 20 16 12 10
is_linear=0
shrinkage=0.1


Tree=23
num_leaves=9
num_cat=0
split_feature=0 0 0 0 0 0 0 0
split_gain=0.150124 0.0120085 0.00807359 0.121155 0.0995322 0.00239218 0.0179438 0.000580892
threshold=0.57718938875000003 0.73810726100000001 0.69938644515000015 0.61376230040000002 0.64717139750000008 0.84499235145000007 0.80233301090000009 0.71163383855000006
decision_type=2 2 2 2 2 2 2 2
left_child=-1 2 3 -2 -5 6 -3 -4
right_child=1 5 7 4 -6 -7 -8 -9
leaf_value=0.014627608848914522 -0.07299714744301615 -0.035295350918768897 -0.00096830965208358167 0.031423794857519033 -0.037881580887540567 -0.012953611722438805 -0.0091866559284704587 -0.0043757674466470241
leaf_weight=4.0751058347523212 0.26075299084186576 0.42617910541594028 1.0341295860707762 0.53678455948829651 0.33751129824668169 1.3932626023888588 0.68849193304777145 0.96919497102498997
leaf_count=10 8 8 6 4 8 4 4 4
internal_value=0 -0.0105572 -0.00643461 -0.0131729 0.0046693 -0.0157161 -0.019169 -0.00261681
internal_weight=0 5.64631 3.13837 1.13505 0.874296 2.50793 1.11467 2.00332
internal_count=56 46 30 20 12 16 12 10
is_linear=0
shrinkage=0.1


Tree=24
num_leaves=8
num_cat=0
split_feature=0 0 0 0 0 0 0
split_gain=0.141053 0.0111284 0.00819496 0.0254136 0.00189171 0.0169207 0.000929851
threshold=0.57718938875000003 0.73810726100000001 0.69938644515000015 0.64717139750000008 0.84499235145000007 0.80233301090000009 0.71163383855000006
decision_type=2 2 2 2 2 2 2
left_child=-1 2 3 -2 5 -3 -4
right_child=1 4 6 -5 -6 -7 -8
leaf_value=0.014182788056369989 -0.0032028657620570711 -0.034136858814740677 -0.00032998760989709459 -0.036178500015704163 -0.012828362452415401 -0.0086714631043103962 -0.0046702176931291278
leaf_weight=4.0586322620511055 0.77151415683329128 0.42146648839116096 1.0134298987686632 0.33527393732219934 1.387983039021492 0.68500916659832001 0.96234934777021397
leaf_count=10 12 8 6 8 4 4 4
internal_value=0 -0.0103214 -0.00630305 -0.013192 -0.0152871 -0.0183715 -0.002444
internal_weight=0 5.57703 3.08257 1.10679 2.49446 1.10648 1.97578
internal_count=56 46 30 20 16 12 10
is_linear=0
shrinkage=0.1


Tree=25
num_leaves=9
num_cat=0
split_feature=0 0 0 0 0 0 0 0
split_gain=0.128335 0.0104991 0.00699672 0.0913923 0.0777305 0.0023611 0.0140268 0.000713882
threshold=0.57718938875000003 0.73810726100000001 0.69938644515000015 0.61376230040000002 0.64717139750000008 0.84499235145000007 0.80233301090000009 0.71163383855000006
decision_type=2 2 2 2 2 2 2 2
left_child=-1 2 3 -2 -5 6 -3 -4
right_child=1 5 7 4 -6 -7 -8 -9
leaf_value=0.013563414719732698 -0.066750859161271422 -0.032695724154049081 -0.00056292736450695832 0.027298147767236491 -0.034809943204112404 -0.011982088983494253 -0.009352173404349887 -0.004370086615515527
leaf_weight=4.0347112156450748 0.24092662334442161 0.41455741599202156 1.0111431404948232 0.51621751114726067 0.33053654059767723 1.3818790540099144 0.67904836684465408 0.96025339514017094
leaf_count=10 8 8 6 4 8 4 4 4
internal_value=0 -0.00988777 -0.00596972 -0.0124083 0.00305381 -0.0147295 -0.0182011 -0.00241737
internal_weight=0 5.53456 3.05908 1.08768 0.846754 2.47548 1.09361 1.9714
internal_count=56 46 30 20 12 16 12 10
is_linear=0
shrinkage=0.1


Tree=26
num_leaves=8
num_cat=0
split_feature=0 0 0 0 0 0 0
split_gain=0.124757 0.101626 0.00816034 0.0124408 0.0017478 0.0136554 0.000559135
threshold=0.58739679465000016 0.5382534683500001 0.73810726100000001 0.68036491340000016 0.84499235145000007 0.80233301090000009 0.71163383855000006
decision_type=2 2 2 2 2 2 2
left_child=1 -1 3 -2 5 -4 -5
right_child=2 -3 4 6 -6 -7 -8
leaf_value=-0.011314543029738127 -0.017824639357150427 0.023099399479393504 -0.031693490663411199 -0.0012547579436250941 -0.01194564830272399 -0.0085751068237081961 -0.0044921939334724636
leaf_weight=1.2132562138140199 0.72400803584605489 2.9313543839380145 0.41062451526522636 1.2104860804975035 1.3781139552593231 0.67632491141557693 0.95384610444307316
leaf_count=6 12 8 8 10 4 4 4
internal_value=0 0.0130254 -0.0100842 -0.00647739 -0.0143104 -0.0173087 -0.00268153
internal_weight=0 4.14461 5.3534 2.88834 2.46506 1.08695 2.16433
internal_count=56 14 42 26 16 12 14
is_linear=0
shrinkage=0.1


Tree=27
num_leaves=7
num_cat=0
split_feature=0 0 0 0 0 0
split_gain=0.127536 0.00739712 0.00323843 0.00294404 0.00180272 0.00934767
threshold=0.57718938875000003 0.64717139750000008 0.73810726100000001 0.71163383855000006 0.84499235145000007 0.80233301090000009
decision_type=2 2 2 2 2 2
left_child=-1 -2 3 -3 5 -4
right_child=1 2 4 -5 -6 -7
leaf_value=0.013921595110366876 -0.00061058408942126733 -0.011767290881525151 -0.028394473867898652 -0.0043817802963066442 -0.011372150424738357 -0.0096036126605764504
leaf_weight=3.8511319532990456 0.74508698843419541 1.2324477760121229 0.42810557410120964 0.96028210222721089 1.3744641020894051 0.69372010231018066
leaf_count=10 12 14 8 4 4 4
internal_value=0 -0.00986619 -0.0113369 -0.00853289 -0.0137999 -0.0167745
internal_weight=0 5.43411 4.68902 2.19273 2.49629 1.12183
internal_count=56 46 34 18 16 12
is_linear=0
shrinkage=0.1


Tree=28
num_leaves=8
num_cat=0
split_feature=0 0 0 0 0 0 0
split_gain=0.113906 0.00696288 0.00658162 0.0747269 0.00161147 0.00806018 0.00111853
threshold=0.57718938875000003 0.73810726100000001 0.69938644515000015 0.61376230040000002 0.84499235145000007 0.80233301090000009 0.71163383855000006
decision_type=2 2 2 2 2 2 2
left_child=-1 2 3 -2 5 -3 -4
right_child=1 4 6 -5 -6 -7 -8
leaf_value=0.013210835700520104 -0.062654833916769598 -0.026909253847599957 -0.00037006972362072914 0.0027824018324649142 -0.010927652203193828 -0.0093948259883290548 -0.0051429898766679125
leaf_weight=3.8246010728180408 0.22908208426088128 0.42361706681549549 1.001966632902622 0.73260389920324087 1.3716556578874588 0.69195109605789185 0.96280378848314274
leaf_count=10 8 8 6 12 4 4 4
internal_value=0 -0.00933305 -0.00602681 -0.0128053 -0.0132232 -0.0160456 -0.00270896
internal_weight=0 5.41368 2.92646 0.961686 2.48722 1.11557 1.96477
internal_count=56 46 30 20 16 12 10
is_linear=0
shrinkage=0.1


Tree=29
num_leaves=7
num_cat=0
split_feature=0 0 0 0 0 0
split_gain=0.10782 0.0064506 0.00264455 0.00167368 0.0010619 0.00697321
threshold=0.58739679465000016 0.64717139750000008 0.73810726100000001 0.71163383855000006 0.84499235145000007 0.80233301090000009
decision_type=2 2 2 2 2 2
left_child=-1 -2 3 -3 5 -4
right_child=1 2 4 -5 -6 -7
leaf_value=0.012554907219693276 0.00050475024862405612 -0.010503384508637645 -0.025224580314868614 -0.0049323142455312795 -0.010968042856117962 -0.0089179069785583799
leaf_weight=3.9199129668995738 0.5894090887159108 1.2322169719263913 0.423538438975811 0.95890385657548893 1.3689809590578079 0.68860543519258499
leaf_count=14 8 14 8 4 4 4
internal_value=0 -0.00935335 -0.010597 -0.00806531 -0.0128327 -0.015128
internal_weight=0 5.26165 4.67225 2.19112 2.48112 1.11214
internal_count=56 42 34 18 16 12
is_linear=0
shrinkage=0.1


Tree=30
num_leaves=8
num_cat=0
split_feature=0 0 0 0 0 0 0
split_gain=0.0947259 0.00553012 0.00898354 0.0467485 0.00228981 0.000921757 0.00569512
threshold=0.58739679465000016 0.73810726100000001 0.69938644515000015 0.64717139750000008 0.71163383855000006 0.84499235145000007 0.80233301090000009
decision_type=2 2 2 2 2 2 2
left_child=-1 2 3 -2 -4 6 -3
right_child=1 5 4 -5 -6 -7 -8
leaf_value=0.011806700633364926 0.00080355240482491732 -0.023526375240289363 0.0013256535105579856 -0.051983239274968986 -0.0055181151159601274 -0.010475705142304023 -0.0087479292262864963
leaf_weight=3.8978041717782617 0.57728057820349965 0.42031996883451939 0.99562232941389062 0.23650519363582134 0.96055774390697479 1.3661477789282799 0.68692433089017868
leaf_count=14 8 8 6 8 4 4 4
internal_value=0 -0.00877685 -0.00570803 -0.0145375 -0.00203489 -0.0122136 -0.014358
internal_weight=0 5.24336 2.76997 0.813786 1.95618 2.47339 1.10724
internal_count=56 42 26 16 10 16 12
is_linear=0
shrinkage=0.1


Tree=31
num_leaves=7
num_cat=0
split_feature=0 0 0 0 0 0
split_gain=0.0868325 0.00635097 0.00286865 0.00112209 0.00573115 0.000717778
threshold=0.57718938875000003 0.64717139750000008 0.73810726100000001 0.84499235145000007 0.80233301090000009 0.71163383855000006
decision_type=2 2 2 2 2 2
left_child=-1 -2 5 4 -4 -3
right_child=1 2 3 -5 -6 -7
leaf_value=0.011622330400807689 0.00073958223582104446 -0.0085172481585981934 -0.023565543175148768 -0.0099761446089133288 -0.0086517155770099267 -0.0048560715780311212
leaf_weight=3.7648862525820732 0.68849566392600525 1.216976414434612 0.41352255828678608 1.3629732206463814 0.68367267400026321 0.95624951273202885
leaf_count=10 12 14 8 4 4 4
internal_value=0 -0.00822203 -0.00955368 -0.0118923 -0.0142726 -0.00690628
internal_weight=0 5.32189 4.63339 2.46017 1.0972 2.17323
internal_count=56 46 34 16 12 18
is_linear=0
shrinkage=0.1


Tree=32
num_leaves=8
num_cat=0
split_feature=0 0 0 0 0 0 0
split_gain=0.0791486 0.00565241 0.00687876 0.0730219 0.0026811 0.000945066 0.00492615
threshold=0.57718938875000003 0.73810726100000001 0.69938644515000015 0.61376230040000002 0.71163383855000006 0.84499235145000007 0.80233301090000009
decision_type=2 2 2 2 2 2 2
left_child=-1 2 3 -2 -4 6 -3
right_child=1 5 4 -5 -6 -7 -8
leaf_value=0.011129919269742919 -0.063191582302919047 -0.022214277720106597 0.0021736508139097938 0.003721523104711571 -0.0052512055961581837 -0.0096163181324507158 -0.0083546390232839517
leaf_weight=3.7454959042370319 0.21328218188136849 0.41092910058796406 0.9889998063445089 0.69304278213530779 0.95687673985958099 1.3607781901955605 0.68218644708395004
leaf_count=10 8 8 6 12 4 4 4
internal_value=0 -0.00785645 -0.00482907 -0.0120249 -0.00147749 -0.0113752 -0.0135648
internal_weight=0 5.3061 2.8522 0.906325 1.94588 2.45389 1.09312
internal_count=56 46 30 20 10 16 12
is_linear=0
shrinkage=0.1


Tree=33
num_leaves=7
num_cat=0
split_feature=0 0 0 0 0 0
split_gain=0.0787007 0.0476669 0.00192534 0.0008046 0.00050424 0.00408083
threshold=0.64717139750000008 0.5382534683500001 0.73810726100000001 0.71163383855000006 0.84499235145000007 0.80233301090000009
decision_type=2 2 2 2 2 2
left_child=1 -1 3 -2 5 -4
right_child=2 -3 4 -5 -6 -7
leaf_value=-0.0093124060523679941 -0.0086464758027285978 0.015338761719498981 -0.020476905299319892 -0.0047638777013653405 -0.0097469605904917309 -0.0078681588138820313
leaf_weight=1.0229094102978704 1.2153038447722795 3.3642366072162986 0.41261935606598854 0.95173913985490788 1.3585678413510323 0.67923492193222046
leaf_count=6 14 16 8 4 4 4
internal_value=0 0.00959108 -0.00911268 -0.00694129 -0.011033 -0.0126331
internal_weight=0 4.38715 4.61747 2.16704 2.45042 1.09185
internal_count=56 22 34 18 16 12
is_linear=0
shrinkage=0.1


Tree=34
num_leaves=8
num_cat=0
split_feature=0 0 0 0 0 0 0
split_gain=0.0814052 0.00751379 0.0392668 0.00966876 0.00178966 0.000349282 0.0031123
threshold=0.58739679465000016 0.69938644515000015 0.64717139750000008 0.71163383855000006 0.73810726100000001 0.84499235145000007 0.80233301090000009
decision_type=2 2 2 2 2 2 2
left_child=-1 2 -2 -3 -5 6 -6
right_child=1 3 -4 4 5 -7 -8
leaf_value=0.011198037644962694 -0.0024975702403971338 0.0022639905373446362 -0.051270240866436702 -0.0053578315249499875 -0.018525973559957051 -0.009385681492621813 -0.0075942063743532576
leaf_weight=3.7594961868599057 0.54963721614330996 0.97369556874036778 0.23592740669846535 0.95445272326469455 0.42217107862234116 1.3570800051093102 0.67980267107486725
leaf_count=14 8 6 8 4 8 4 4
internal_value=0 -0.00813858 -0.0171454 -0.00652584 -0.00903312 -0.0104596 -0.0117822
internal_weight=0 5.17277 0.785565 4.3872 3.41351 2.45905 1.10197
internal_count=56 42 16 26 20 16 12
is_linear=0
shrinkage=0.1


Tree=35
num_leaves=8
num_cat=0
split_feature=0 0 0 0 0 0 0
split_gain=0.0733952 0.00359746 0.00764476 0.0606678 0.0017476 0.000611858 0.0035956
threshold=0.57718938875000003 0.73810726100000001 0.69938644515000015 0.61376230040000002 0.71163383855000006 0.84499235145000007 0.80233301090000009
decision_type=2 2 2 2 2 2 2
left_child=-1 2 3 -2 -4 6 -3
right_child=1 5 4 -5 -6 -7 -8
leaf_value=0.010929521470611889 -0.060116193585924585 -0.019454946881457057 0.0014099838517953437 0.0017068365695597143 -0.0046232975463292294 -0.0089439276449991972 -0.00763149167420063
leaf_weight=3.6317331939935684 0.2074677832424644 0.41491927020251751 0.9702864848077295 0.6756754657253623 0.95033702254295349 1.3542524427175522 0.67667596042156219
leaf_count=10 8 8 6 12 4 4 4
internal_value=0 -0.00756115 -0.00511616 -0.0128166 -0.00157532 -0.0103639 -0.0121256
internal_weight=0 5.24961 2.80377 0.883143 1.92062 2.44585 1.0916
internal_count=56 46 30 20 10 16 12
is_linear=0
shrinkage=0.1


Tree=36
num_leaves=8
num_cat=0
split_feature=0 0 0 0 0 0 0
split_gain=0.0712976 0.00449635 0.0384443 0.00750431 0.00121454 0.000317668 0.00296521
threshold=0.58739679465000016 0.69938644515000015 0.64717139750000008 0.73810726100000001 0.71163383855000006 0.84499235145000007 0.80233301090000009
decision_type=2 2 2 2 2 2 2
left_child=-1 2 -2 4 -3 6 -5
right_child=1 3 -4 5 -6 -7 -8
leaf_value=0.010525742246774683 1.1637789057853281e-05 0.00076280963540558159 -0.048992916019879568 -0.017998796203435415 -0.004278129797792604 -0.0090728819779346132 -0.0072671703742001785
leaf_weight=3.7240365380421281 0.53112277295440424 0.96562280133366563 0.22915996424853802 0.41662530228495598 0.94639217108488083 1.3521965518593788 0.67397754639387131
leaf_count=14 8 6 8 8 4 4 4
internal_value=0 -0.00766324 -0.014759 -0.00642443 -0.00173231 -0.010097 -0.0113668
internal_weight=0 5.1151 0.760283 4.35481 1.91201 2.4428 1.0906
internal_count=56 42 16 26 10 16 12
is_linear=0
shrinkage=0.1


Tree=37
num_leaves=8
num_cat=0
split_feature=0 0 0 0 0 0 0
split_gain=0.064467 0.0032585 0.00694167 0.0328125 0.000857715 0.000508395 0.00330747
threshold=0.58739679465000016 0.73810726100000001 0.69938644515000015 0.64717139750000008 0.71163383855000006 0.84499235145000007 0.80233301090000009
decision_type=2 2 2 2 2 2 2
left_child=-1 2 3 -2 -4 6 -3
right_child=1 5 4 -5 -6 -7 -8
leaf_value=0.010010849681986596 0.00050581398028895302 -0.018654339336746911 0.00040085790285472324 -0.045576418390999796 -0.0038421167181043542 -0.0086708915610646357 -0.007257730753325007
leaf_weight=3.7153404820710421 0.52347370143979821 0.41028218343853951 0.96239399909973122 0.21922483667731285 0.94352667033672333 1.3495581299066544 0.67131863534450531
leaf_count=14 8 8 6 8 4 4 4
internal_value=0 -0.00732192 -0.0048954 -0.0130964 -0.00169963 -0.00996548 -0.0115808
internal_weight=0 5.07978 2.64862 0.742699 1.90592 2.43116 1.0816
internal_count=56 42 26 16 10 16 12
is_linear=0
shrinkage=0.1


Tree=38
num_leaves=6
num_cat=0
split_feature=0 0 0 0 0
split_gain=0.0585832 0.0261059 0.00180001 0.000863755 0.000697069
threshold=0.64717139750000008 0.5382534683500001 0.77593949730000011 0.84499235145000007 0.71163383855000006
decision_type=2 2 2 2 2
left_child=1 -1 4 -4 -2
right_child=2 -3 3 -5 -6
leaf_value=-0.0061948427305709604 -0.0076213897903965079 0.012689880087530307 -0.012299870718744556 -0.008300071538462404 -0.0041273908174885186
leaf_weight=0.9422931820154189 1.1710167434066536 3.2801901185885072 0.90097092092037212 1.3472051545977592 1.1143570169806478
leaf_count=6 14 16 8 4 8
internal_value=0 0.00847555 -0.00789401 -0.00990302 -0.0059177
internal_weight=0 4.22248 4.53355 2.24818 2.28537
internal_count=56 22 34 12 22
is_linear=0
shrinkage=0.1


Tree=39
num_leaves=8
num_cat=0
split_feature=0 0 0 0 0 0 0
split_gain=0.0620433 0.00334787 0.0585656 0.00670992 0.00114805 0.000315713 0.00390182
threshold=0.57718938875000003 0.69938644515000015 0.61376230040000002 0.73810726100000001 0.71163383855000006 0.84499235145000007 0.80233301090000009
decision_type=2 2 2 2 2 2 2
left_child=-1 2 -2 4 -3 6 -5
right_child=1 3 -4 5 -6 -7 -8
leaf_value=0.010186993369265054 -0.060115047583254144 0.0010372019089543473 0.0019214238751262263 -0.018362343722537762 -0.0038857868207894685 -0.0083341033025638219 -0.0059442233713889164
leaf_weight=3.5447298474609852 0.19936416670680035 0.9523264020681379 0.64293722901493311 0.40637190453708172 0.94253059476613998 1.3484960868954659 0.67049027979373932
leaf_count=10 8 6 12 8 4 4 4
internal_value=0 -0.00699468 -0.012762 -0.00587024 -0.00141157 -0.00935367 -0.0106304
internal_weight=0 5.16252 0.842301 4.32022 1.89486 2.42536 1.07686
internal_count=56 46 20 26 10 16 12
is_linear=0
shrinkage=0.1


Tree=40
num_leaves=8
num_cat=0
split_feature=0 0 0 0 0 0 0
split_gain=0.0602417 0.00452547 0.0269666 0.0062518 0.000851113 0.000185497 0.00335589
threshold=0.58739679465000016 0.69938644515000015 0.64717139750000008 0.73810726100000001 0.71163383855000006 0.84499235145000007 0.80233301090000009
decision_type=2 2 2 2 2 2 2
left_child=-1 2 -2 4 -3 6 -5
right_child=1 3 -4 5 -6 -7 -8
leaf_value=0.0098061105109301001 -0.0018163624821336229 0.0005677341194765147 -0.044037656584828708 -0.017356719493378612 -0.0036787333983298934 -0.0084398233043079095 -0.0058390493348798181
leaf_weight=3.6366083500906825 0.50717991404235352 0.94857238233089425 0.21557009685784578 0.40720928087830544 0.93942650407552719 1.3461650982499123 0.66791012138128281
leaf_count=14 8 6 8 8 4 4 4
internal_value=0 -0.00708679 -0.0144094 -0.00585864 -0.00154521 -0.00922204 -0.0102015
internal_weight=0 5.03203 0.72275 4.30928 1.888 2.42128 1.07512
internal_count=56 42 16 26 10 16 12
is_linear=0
shrinkage=0.1


Tree=41
num_leaves=8
num_cat=0
split_feature=0 0 0 0 0 0 0
split_gain=0.0543637 0.00307569 0.0241023 0.00599788 0.000615827 0.000320361 0.00328124
threshold=0.58739679465000016 0.69938644515000015 0.64717139750000008 0.73810726100000001 0.71163383855000006 0.84499235145000007 0.80233301090000009
decision_type=2 2 2 2 2 2 2
left_child=-1 2 -2 4 -3 6 -5
right_child=1 3 -4 5 -6 -7 -8
leaf_value=0.0093225626892227097 -0.00095264509896781876 0.00027753929364990738 -0.041413052384832505 -0.017467771864509693 -0.0033384090018420509 -0.0080241760494377621 -0.0060316373423768208
leaf_weight=3.6267873290926218 0.50034838076680888 0.94670586660504319 0.20861724298447371 0.40279358625411987 0.93731372058391571 1.3434340730309486 0.6652553528547287
leaf_count=14 8 6 8 8 4 4 4
internal_value=0 -0.00675615 -0.0128584 -0.005749 -0.00152142 -0.00905187 -0.0103445
internal_weight=0 5.00447 0.708966 4.2955 1.88402 2.41148 1.06805
internal_count=56 42 16 26 10 16 12
is_linear=0
shrinkage=0.1


Tree=42
num_leaves=8
num_cat=0
split_feature=0 0 0 0 0 0 0
split_gain=0.0494453 0.00293639 0.00406843 0.057516 0.000461406 0.000424757 0.00315592
threshold=0.57718938875000003 0.73810726100000001 0.69938644515000015 0.61376230040000002 0.71163383855000006 0.84499235145000007 0.80233301090000009
decision_type=2 2 2 2 2 2 2
left_child=-1 2 3 -2 -4 6 -3
right_child=1 5 4 -5 -6 -7 -8
leaf_value=0.0091313502585346415 -0.058576356045828032 -0.01735805739717549 8.05400609875597e-05 0.0047252245954328134 -0.0030526691179065648 -0.0076544419386247523 -0.0061021039950175902
leaf_weight=3.509447019547224 0.18694583699107203 0.39903028681874275 0.94466611370444276 0.61813464853912592 0.93540670722723007 1.3410853818058968 0.66291374713182449
leaf_count=10 8 8 6 12 4 4 4
internal_value=0 -0.00629812 -0.00402554 -0.00997389 -0.00147835 -0.00883752 -0.0103316
internal_weight=0 5.08818 2.68515 0.80508 1.88007 2.40303 1.06194
internal_count=56 46 30 20 10 16 12
is_linear=0
shrinkage=0.1


Tree=43
num_leaves=8
num_cat=0
split_feature=0 0 0 0 0 0 0
split_gain=0.048904 0.00241735 0.00531187 0.0238321 0.000397494 0.000244648 0.00285596
threshold=0.58739679465000016 0.73810726100000001 0.69938644515000015 0.64717139750000008 0.71163383855000006 0.84499235145000007 0.80233301090000009
decision_type=2 2 2 2 2 2 2
left_child=-1 2 3 -2 -4 6 -3
right_child=1 5 4 -5 -6 -7 -8
leaf_value=0.0088764714716351879 0.00029057939983798256 -0.016520497206502335 -8.1349194344395906e-05 -0.040281087849563448 -0.0029945971041766333 -0.0078150951513170364 -0.0058131501626084436
leaf_weight=3.5988429952412844 0.48661208245903287 0.39974659308791161 0.94049285165965535 0.20610535982996225 0.93295809626579285 1.3393441066145897 0.66105574369430542
leaf_count=14 8 8 6 8 4 4 4
internal_value=0 -0.00643234 -0.00429866 -0.0117808 -0.00153211 -0.00871361 -0.00984804
internal_weight=0 4.96631 2.56617 0.692717 1.87345 2.40015 1.0608
internal_count=56 42 26 16 10 16 12
is_linear=0
shrinkage=0.1


Tree=44
num_leaves=8
num_cat=0
split_feature=0 0 0 0 0 0 0
split_gain=0.0445822 0.00257815 0.00431645 0.0212513 0.000328346 0.00278209 0.000318934
threshold=0.58739679465000016 0.73810726100000001 0.69938644515000015 0.64717139750000008 0.84499235145000007 0.80233301090000009 0.71163383855000006
decision_type=2 2 2 2 2 2 2
left_child=-1 2 3 -2 5 -3 -4
right_child=1 4 6 -5 -6 -7 -8
leaf_value=0.0084807728946768648 0.00064563505158159033 -0.016459665247942908 -0.00016340563608794223 -0.038091522532621491 -0.0074774630017518003 -0.0058555712617153356 -0.0027756420257731428
leaf_weight=3.5906106224283576 0.48098699282854829 0.39615678787231445 0.9382734205573795 0.20072250068187714 1.3371399715542793 0.65895636379718781 0.93129505217075348
leaf_count=14 8 8 6 8 4 4 4
internal_value=0 -0.00615979 -0.00394843 -0.0107601 -0.00851816 -0.00983702 -0.00146465
internal_weight=0 4.94353 2.55128 0.681709 2.39225 1.05511 1.86957
internal_count=56 42 26 16 16 12 10
is_linear=0
shrinkage=0.1


Tree=45
num_leaves=6
num_cat=0
split_feature=0 0 0 0 0
split_gain=0.0409998 0.0267271 0.0014339 0.000762456 0.000391281
threshold=0.64717139750000008 0.5382534683500001 0.73810726100000001 0.71163383855000006 0.84499235145000007
decision_type=2 2 2 2 2
left_child=1 -1 3 -2 -4
right_child=2 -3 4 -5 -6
leaf_value=-0.0083369404398181881 -0.0064438829362968089 0.011487792896548048 -0.0097464013055049807 -0.0025792880295466571 -0.0071662858769615343
leaf_weight=0.86395885795354832 1.132186721544713 3.1945768231526017 1.0500193499028683 0.92974191159009922 1.3351665735244751
leaf_count=6 14 16 12 4 4
internal_value=0 0.00726761 -0.00663258 -0.0047013 -0.00830212
internal_weight=0 4.05854 4.44711 2.06193 2.38519
internal_count=56 22 34 18 16
is_linear=0
shrinkage=0.1


Tree=46
num_leaves=7
num_cat=0
split_feature=0 0 0 0 0 0
split_gain=0.0433755 0.00368786 0.00439705 0.00031302 0.000229976 0.0028176
threshold=0.58739679465000016 0.68036491340000016 0.73810726100000001 0.71163383855000006 0.84499235145000007 0.80233301090000009
decision_type=2 2 2 2 2 2
left_child=-1 -2 3 -3 5 -4
right_child=1 2 4 -5 -6 -7
leaf_value=0.0084397310360191137 -0.013827825192217289 -0.00045384957151101721 -0.015737969084786849 -0.0029675895148369089 -0.0071215351010745541 -0.0050790001269119932
leaf_weight=3.5423256438225508 0.54484198614954937 1.0581569573841987 0.39800177700817585 0.93140771239995945 1.3356971815228462 0.65801367908716202
leaf_count=14 12 10 8 4 4 4
internal_value=0 -0.00606893 -0.00510406 -0.00163065 -0.00799344 -0.00909626
internal_weight=0 4.92612 4.38128 1.98956 2.39171 1.05602
internal_count=56 42 30 14 16 12
is_linear=0
shrinkage=0.1


Tree=47
num_leaves=8
num_cat=0
split_feature=0 0 0 0 0 0 0
split_gain=0.0392791 0.00206681 0.00347813 0.0585081 0.000350389 0.000278501 0.00229289
threshold=0.57718938875000003 0.73810726100000001 0.69938644515000015 0.61376230040000002 0.71163383855000006 0.84499235145000007 0.80233301090000009
decision_type=2 2 2 2 2 2 2
left_child=-1 2 3 -2 -4 6 -3
right_child=1 5 4 -5 -6 -7 -8
leaf_value=0.0082503093845222308 -0.059590097867422878 -0.014990374265234589 -1.3940124232226493e-05 0.0059710540781797118 -0.0027555275113829466 -0.006810247564947189 -0.0053647837812054273
leaf_weight=3.4269328117370605 0.177867786958814 0.39664733968675137 0.9337995611131189 0.57994921412318945 0.93089471757411957 1.3336992040276527 0.65802506357431412
leaf_count=10 8 8 6 12 4 4 4
internal_value=0 -0.00564237 -0.00370423 -0.00941685 -0.0013826 -0.00777051 -0.00898483
internal_weight=0 5.01088 2.62251 0.757817 1.86469 2.38837 1.05467
internal_count=56 46 30 20 10 16 12
is_linear=0
shrinkage=0.1


Tree=48
num_leaves=7
num_cat=0
split_feature=0 0 0 0 0 0
split_gain=0.0386824 0.0145429 0.000849714 0.000824904 0.000136159 0.00210873
threshold=0.64717139750000008 0.5382534683500001 0.73810726100000001 0.71163383855000006 0.84499235145000007 0.80233301090000009
decision_type=2 2 2 2 2 2
left_child=1 -1 3 -2 5 -4
right_child=2 -3 4 -5 -6 -7
leaf_value=-0.0046543826637625921 -0.0067651569727137824 0.010250534974346831 -0.014306860489230348 -0.0027300588883661624 -0.00703783715065488 -0.0050786720777461491
leaf_weight=0.82613842561841044 1.1148737017065289 3.1531159151345491 0.3975498341023922 0.92863834649324406 1.3322436511516571 0.65658912062644958
leaf_count=6 14 16 8 4 4 4
internal_value=0 0.0071561 -0.00642813 -0.00493148 -0.00770975 -0.00855892
internal_weight=0 3.97925 4.42989 2.04351 2.38638 1.05414
internal_count=56 22 34 18 16 12
is_linear=0
shrinkage=0.1


Tree=49
num_leaves=8
num_cat=0
split_feature=0 0 0 0 0 0 0
split_gain=0.0394269 0.0036077 0.0196246 0.00401284 0.000680377 0.000128855 0.00185483
threshold=0.58739679465000016 0.69938644515000015 0.64717139750000008 0.73810726100000001 0.71163383855000006 0.84499235145000007 0.80233301090000009
decision_type=2 2 2 2 2 2 2
left_child=-1 2 -2 4 -3 6 -5
right_child=1 3 -4 5 -6 -7 -8
leaf_value=0.008124770302951204 -0.0017276016343732805 0.00068039129614785366 -0.040198663581470687 -0.013629568408202706 -0.0031495596703811548 -0.0067843861011097507 -0.0049934535007565744
leaf_weight=3.4872639961540699 0.46351674757897843 0.92520251870155312 0.18572704261168838 0.40022600442171097 0.93014910072088242 1.331213504076004 0.65685563534498215
leaf_count=14 8 6 8 8 4 4 4
internal_value=0 -0.00579068 -0.0127329 -0.00472858 -0.00123969 -0.00743893 -0.00826321
internal_weight=0 4.89289 0.649244 4.24365 1.85535 2.3883 1.05708
internal_count=56 42 16 26 10 16 12
is_linear=0
shrinkage=0.1


Tree=50
num_leaves=8
num_cat=0
split_feature=0 0 0 0 0 0 0
split_gain=0.0358836 0.0025708 0.0176769 0.00385751 0.000494053 0.000198879 0.00185043
threshold=0.58739679465000016 0.69938644515000015 0.64717139750000008 0.73810726100000001 0.71163383855000006 0.84499235145000007 0.80233301090000009
decision_type=2 2 2 2 2 2 2
left_child=-1 2 -2 4 -3 6 -5
right_child=1 3 -4 5 -6 -7 -8
leaf_value=0.007756126276975514 -0.0010142100941602078 0.00041398190178673069 -0.037947236823687627 -0.013720367937282455 -0.0028525759095526741 -0.006495253496039648 -0.0050695228662579923
leaf_weight=3.4798672776669264 0.45864508114755143 0.92371846176683881 0.18062894465401769 0.39722008630633354 0.92834427952766418 1.3293871581554413 0.65495423227548599
leaf_count=14 8 6 8 8 4 4 4
internal_value=0 -0.00553886 -0.0114498 -0.00464632 -0.00122338 -0.00730824 -0.00833542
internal_weight=0 4.8729 0.639274 4.23362 1.85206 2.38156 1.05217
internal_count=56 42 16 26 10 16 12
is_linear=0
shrinkage=0.1


Tree=51
num_leaves=8
num_cat=0
split_feature=0 0 0 0 0 0 0
split_gain=0.0336348 0.00166157 0.00343272 0.0165697 0.000369784 0.0002563 0.00181673
threshold=0.57718938875000003 0.73810726100000001 0.69938644515000015 0.64717139750000008 0.71163383855000006 0.84499235145000007 0.80233301090000009
decision_type=2 2 2 2 2 2 2
left_child=-1 2 3 -2 -4 6 -3
right_child=1 5 4 -5 -6 -7 -8
leaf_value=0.0077039968291485921 -0.00079804408789914362 -0.013677469978672533 0.00022603414998244062 -0.0359869607903784 -0.0026024383421782813 -0.0062280726321506498 -0.0050837750622706717
leaf_weight=3.3722470998764038 0.55475498456507955 0.39459729753434658 0.92214116267859914 0.17635315470397472 0.92673132568597794 1.3277569338679314 0.65323033556342125
leaf_count=10 12 8 6 8 4 4 4
internal_value=0 -0.00524255 -0.00348548 -0.00928609 -0.00119171 -0.0071508 -0.00832004
internal_weight=0 4.95557 2.57998 0.731108 1.84887 2.37558 1.04783
internal_count=56 46 30 20 10 16 12
is_linear=0
shrinkage=0.1


Tree=52
num_leaves=8
num_cat=0
split_feature=0 0 0 0 0 0 0
split_gain=0.0315441 0.00170292 0.00301153 0.0147877 0.000294804 0.00179692 0.000284224
threshold=0.57718938875000003 0.73810726100000001 0.69938644515000015 0.64717139750000008 0.84499235145000007 0.80233301090000009 0.71163383855000006
decision_type=2 2 2 2 2 2 2
left_child=-1 2 3 -2 5 -3 -4
right_child=1 4 6 -5 -6 -7 -8
leaf_value=0.0074667977663126122 -0.00076033882000045789 -0.013624414302305274 8.3099870131415093e-05 -0.034296975020384153 -0.0060309477681530187 -0.0050582420867656694 -0.0023986663597702299
leaf_weight=3.3650970607995987 0.55018278211355243 0.39231501705944538 0.92061884701251961 0.17276732064783573 1.3262999504804611 0.65162133052945137 0.92525196075439453
leaf_count=10 12 8 6 8 4 4 4
internal_value=0 -0.00508732 -0.00330369 -0.00877477 -0.00702038 -0.00827744 -0.0011609
internal_weight=0 4.93906 2.56882 0.72295 2.37024 1.04394 1.84587
internal_count=56 46 30 20 16 12 10
is_linear=0
shrinkage=0.1


Tree=53
num_leaves=8
num_cat=0
split_feature=0 0 0 0 0 0 0
split_gain=0.0296047 0.0017213 0.00267378 0.059213 0.000323318 0.00176199 0.000222664
threshold=0.57718938875000003 0.73810726100000001 0.69938644515000015 0.61376230040000002 0.84499235145000007 0.80233301090000009 0.71163383855000006
decision_type=2 2 2 2 2 2 2
left_child=-1 2 3 -2 5 -3 -4
right_child=1 4 6 -5 -6 -7 -8
leaf_value=0.007239658586524993 -0.06009609811153941 -0.013513490550173306 -2.3718143371741859e-05 0.0076581095593581316 -0.00584614033290232 -0.0050130760566002141 -0.0022219903696939613
leaf_weight=3.3581134341657162 0.16881868988275561 0.3902234323322773 0.91918367333710171 0.54667898779734969 1.3249452412128448 0.65009378269314766 0.92391690611839294
leaf_count=10 8 8 6 12 4 4 4
internal_value=0 -0.00493751 -0.00313983 -0.00832821 -0.00688214 -0.00820159 -0.00112568
internal_weight=0 4.92386 2.5586 0.715498 2.36526 1.04032 1.8431
internal_count=56 46 30 20 16 12 10
is_linear=0
shrinkage=0.1


Tree=54
num_leaves=6
num_cat=0
split_feature=0 0 0 0 0
split_gain=0.0289254 0.00165387 0.00287892 0.000330468 0.000251242
threshold=0.58739679465000016 0.77593949730000011 0.69938644515000015 0.71163383855000006 0.84499235145000007
decision_type=2 2 2 2 2
left_child=-1 2 -2 -4 -3
right_child=1 4 3 -5 -6
leaf_value=0.0069971587334819764 -0.0093008660077420272 -0.008332714827166415 -6.4203020162528868e-05 -0.0026462425387969043 -0.0061527728830509379
leaf_weight=3.4438425414264202 0.61238100612536106 0.88017701171338569 0.9149103071540593 1.0817627012729643 1.3239239230751991
leaf_count=14 16 8 6 8 4
internal_value=0 -0.00500651 -0.00330274 -0.00146311 -0.0070233
internal_weight=0 4.81315 2.60905 1.99667 2.2041
internal_count=56 42 30 14 12
is_linear=0
shrinkage=0.1


Tree=55
num_leaves=5
num_cat=0
split_feature=0 0 0 0
split_gain=0.0274305 0.000847492 0.000617753 0.000121103
threshold=0.64717139750000008 0.73810726100000001 0.71163383855000006 0.84499235145000007
decision_type=2 2 2 2
left_child=-1 2 -2 -3
right_child=1 3 -4 -5
leaf_value=0.0061285983743487836 -0.0055369821689585175 -0.00752773531357141 -0.0020171603646417296 -0.0060840150673770266
leaf_weight=3.8714305451139808 1.0872262180782857 1.0356361195445061 0.92102502286434162 1.3235741183161736
leaf_count=22 14 12 4 4
internal_value=0 -0.00543255 -0.00392272 -0.00671777
internal_weight=0 4.36746 2.00825 2.35921
internal_count=56 34 18 16
is_linear=0
shrinkage=0.1


Tree=56
num_leaves=5
num_cat=0
split_feature=0 0 0 0
split_gain=0.0246341 0.000902168 0.000316512 7.3752e-05
threshold=0.64717139750000008 0.73810726100000001 0.71163383855000006 0.84499235145000007
decision_type=2 2 2 2
left_child=-1 2 -2 -3
right_child=1 3 -4 -5
leaf_value=0.0058161657741384182 -0.0047473407521119509 -0.0071072015599400315 -0.0022265039993960892 -0.0059801986371438567
leaf_weight=3.8627778673544526 1.0844779317267241 1.0346990320831537 0.92114911228418339 1.3232671208679676
leaf_count=22 14 12 4 4
internal_value=0 -0.00514863 -0.00358956 -0.00647474
internal_weight=0 4.36359 2.00563 2.35797
internal_count=56 34 18 16
is_linear=0
shrinkage=0.1


Tree=57
num_leaves=7
num_cat=0
split_feature=0 0 0 0 0 0
split_gain=0.0231683 0.00156401 0.00301248 0.0504764 0.000631462 4.28722e-05
threshold=0.57718938875000003 0.73810726100000001 0.69938644515000015 0.61376230040000002 0.71163383855000006 0.84499235145000007
decision_type=2 2 2 2 2 2
left_child=-1 2 3 -2 -4 -3
right_child=1 5 4 -5 -6 -7
leaf_value=0.0064322470108540601 -0.057326197369903853 -0.006720653230848285 0.0013377479971673472 0.0065202935741908736 -0.0023755538473813156 -0.0058611089106691446
leaf_weight=3.3298203907907009 0.1611177604645494 1.0337323555722833 0.9108633156865833 0.53500049281865358 0.92103084176778793 1.3228708133101463
leaf_count=10 8 12 6 12 4 4
internal_value=0 -0.00438483 -0.00265717 -0.00825709 -0.000529208 -0.00623815
internal_weight=0 4.88462 2.52801 0.696118 1.83189 2.3566
internal_count=56 46 30 20 10 16
is_linear=0
shrinkage=0.1


Tree=58
num_leaves=6
num_cat=0
split_feature=0 0 0 0 0
split_gain=0.0235471 0.00185939 0.00325744 0.000490134 7.58505e-07
threshold=0.58739679465000016 0.69938644515000015 0.73810726100000001 0.71163383855000006 0.84499235145000007
decision_type=2 2 2 2 2
left_child=-1 -2 3 -3 -4
right_child=1 2 4 -5 -6
leaf_value=0.0063431495924454219 -0.0097483820394005972 0.0010354053872791474 -0.0063057952730367533 -0.0022420236093915755 -0.0061914660765423138
leaf_weight=3.4138286989182234 0.59762901021167625 0.90667207911610581 1.0341126918792725 0.91859474033117294 1.3222844004631042
leaf_count=14 16 6 12 4 4
internal_value=0 -0.00453089 -0.00378522 -0.000614013 -0.00624164
internal_weight=0 4.77929 4.18166 1.82527 2.3564
internal_count=56 42 26 10 16
is_linear=0
shrinkage=0.1


Tree=59
num_leaves=6
num_cat=0
split_feature=0 0 0 0 0
split_gain=0.0224426 0.000712639 0.000404124 1.07314e-06 0.00213173
threshold=0.64717139750000008 0.73810726100000001 0.71163383855000006 0.84499235145000007 0.80233301090000009
decision_type=2 2 2 2 2
left_child=-1 2 -2 4 -3
right_child=1 3 -4 -5 -6
leaf_value=0.0055850791196745018 -0.0048357931214927825 -0.012036801696283846 -0.0019815749039173883 -0.0060333640299959539 -0.0026475363771089493
leaf_weight=3.8273887448012829 1.0798904709517954 0.38695423491299152 0.91756626218557347 1.3212423995137215 0.644642673432827
leaf_count=22 14 8 4 4 4
internal_value=0 -0.00491376 -0.00352466 -0.00609304 -0.00616947
internal_weight=0 4.3503 1.99746 2.35284 1.0316
internal_count=56 34 18 16 12
is_linear=0
shrinkage=0.1


Tree=60
num_leaves=5
num_cat=0
split_feature=0 0 0 0
split_gain=0.0204182 0.00074485 0.000194183 8.88345e-06
threshold=0.64717139750000008 0.73810726100000001 0.71163383855000006 0.84499235145000007
decision_type=2 2 2 2
left_child=-1 2 -2 -3
right_child=1 3 -4 -5
leaf_value=0.0053331592844925238 -0.0041786467274866233 -0.0061158841615595507 -0.0021994556252351249 -0.0057239709391419353
leaf_weight=3.8200925053097308 1.0778880091384051 1.0297055514529347 0.91782706975936879 1.3195029608905315
leaf_count=22 14 12 4 4
internal_value=0 -0.00468896 -0.00326842 -0.00589575
internal_weight=0 4.34492 1.99572 2.34921
internal_count=56 34 18 16
is_linear=0
shrinkage=0.1


Tree=61
num_leaves=7
num_cat=0
split_feature=0 0 0 0 0 0
split_gain=0.0186977 0.0019875 0.0137619 0.00323361 0.000750596 3.27374e-06
threshold=0.58739679465000016 0.69938644515000015 0.64717139750000008 0.71163383855000006 0.73810726100000001 0.84499235145000007
decision_type=2 2 2 2 2 2
left_child=-1 2 -2 -3 -5 -6
right_child=1 3 -4 4 5 -7
leaf_value=0.0056657763551232086 0.00035387593801168994 0.0020152289924407138 -0.033273905185916407 -0.0023194886107361628 -0.0058261280396768164 -0.0055881294315722968
leaf_weight=3.3976577399298549 0.41568787023425091 0.90345391817390908 0.17207398731261492 0.91765456646680865 1.0287582129240036 1.3189374133944511
leaf_count=14 8 6 8 4 12 4
internal_value=0 -0.00404711 -0.00949104 -0.00327957 -0.00474453 -0.00569242
internal_weight=0 4.75657 0.587762 4.1688 3.26535 2.3477
internal_count=56 42 16 26 20 16
is_linear=0
shrinkage=0.1


Tree=62
num_leaves=7
num_cat=0
split_feature=0 0 0 0 0 0
split_gain=0.0175699 0.00137725 0.00268723 0.0468769 0.000592544 6.45334e-06
threshold=0.57718938875000003 0.73810726100000001 0.69938644515000015 0.61376230040000002 0.71163383855000006 0.84499235145000007
decision_type=2 2 2 2 2 2
left_child=-1 2 3 -2 -4 -3
right_child=1 5 4 -5 -6 -7
leaf_value=0.0056229663188886699 -0.056066002190531386 -0.0057680728611724449 0.0016174598882626465 0.0067543970445214669 -0.0019942502370919853 -0.0054336102015565685
leaf_weight=3.3019600510597229 0.15395233314484391 1.0259251669049263 0.90135524608194806 0.51998687023296952 0.91575946658849716 1.3180151879787445
leaf_count=10 8 12 6 12 4 4
internal_value=0 -0.00384009 -0.00220294 -0.00759608 -0.00020271 -0.00558
internal_weight=0 4.83499 2.49105 0.673939 1.81711 2.34394
internal_count=56 46 30 20 10 16
is_linear=0
shrinkage=0.1


Tree=63
num_leaves=8
num_cat=0
split_feature=0 0 0 0 0 0 0
split_gain=0.0182966 0.00178547 0.0129363 0.00287506 0.000458974 5.45902e-06 0.00226104
threshold=0.58739679465000016 0.69938644515000015 0.64717139750000008 0.73810726100000001 0.71163383855000006 0.84499235145000007 0.80233301090000009
decision_type=2 2 2 2 2 2 2
left_child=-1 2 -2 4 -3 6 -5
right_child=1 3 -4 5 -6 -7 -8
leaf_value=0.0056150759856644717 0.00043270097118401022 0.0013105330431383562 -0.032351510021767858 -0.011486750804332695 -0.0018735658590692912 -0.0057353648268446775 -0.0017921925266145382
leaf_weight=3.3841200098395348 0.40908279176801432 0.89742538891732671 0.17053357558324933 0.38492752984166145 0.91353831440210342 1.3173257820308208 0.64151683449745178
leaf_count=14 8 6 8 8 4 4 4
internal_value=0 -0.00401367 -0.009213 -0.00328832 -0.000295682 -0.00560065 -0.00542775
internal_weight=0 4.73435 0.579616 4.15473 1.81096 2.34377 1.02644
internal_count=56 42 16 26 10 16 12
is_linear=0
shrinkage=0.1


Tree=64
num_leaves=7
num_cat=0
split_feature=0 0 0 0 0 0
split_gain=0.0182811 0.0379497 0.00138884 0.0027454 0.000343947 2.64036e-06
threshold=0.5382534683500001 0.58739679465000016 0.69938644515000015 0.73810726100000001 0.71163383855000006 0.84499235145000007
decision_type=2 2 2 2 2 2
left_child=-1 -2 -3 4 -4 -5
right_child=1 2 3 5 -6 -7
leaf_value=-0.015090304500850622 0.011072398685260949 -0.0084907268228384125 0.0010749313945777222 -0.0056262004946561394 -0.001683510276546411 -0.0054119791644965838
leaf_weight=0.73041391558945168 2.6499837739393115 0.57408956578001369 0.895954495295882 1.022789035923779 0.91229777783155441 1.3152132965624332
leaf_count=6 8 16 6 12 4 4
internal_value=0 0.00149548 -0.00388097 -0.00324271 -0.000316755 -0.00550569
internal_weight=0 7.37033 4.72034 4.14625 1.80825 2.338
internal_count=56 50 42 26 10 16
is_linear=0
shrinkage=0.1


Tree=65
num_leaves=6
num_cat=0
split_feature=0 0 0 0 0
split_gain=0.0186769 0.000467638 0.000494272 3.57718e-06 0.00182574
threshold=0.64717139750000008 0.73810726100000001 0.71163383855000006 0.84499235145000007 0.80233301090000009
decision_type=2 2 2 2 2
left_child=-1 2 -2 4 -3
right_child=1 3 -4 -5 -6
leaf_value=0.0051653990243995043 -0.0048139404364713556 -0.010978657959302774 -0.0016427678286170715 -0.0053277775578463166 -0.0022888215943733985
leaf_weight=3.7482064161449671 1.0637983232736585 0.38893993571400642 0.91362016648054112 1.3150797225534916 0.63900117203593254
leaf_count=22 14 8 4 4 4
internal_value=0 -0.00448125 -0.00334877 -0.00543702 -0.00557678
internal_weight=0 4.32044 1.97742 2.34302 1.02794
internal_count=56 34 18 16 12
is_linear=0
shrinkage=0.1


Tree=66
num_leaves=7
num_cat=0
split_feature=0 0 0 0 0 0
split_gain=0.0174195 0.00167545 0.00228332 0.000324145 1.23182e-05 0.00166348
threshold=0.58739679465000016 0.69938644515000015 0.73810726100000001 0.71163383855000006 0.84499235145000007 0.80233301090000009
decision_type=2 2 2 2 2 2
left_child=-1 -2 3 -3 5 -4
right_child=1 2 4 -5 -6 -7
leaf_value=0.0055317932047363799 -0.008976401877690247 0.00081332572234292598 -0.010695610232875429 -0.0018641742709302586 -0.0050676971643702946 -0.0023923917288319213
leaf_weight=3.3358427984640002 0.57306161895394314 0.8948017284274099 0.38784355390816927 0.91399046778678894 1.3136765733361244 0.6385047547519207
leaf_count=14 16 6 8 4 4 4
internal_value=0 -0.00390802 -0.00320794 -0.000539627 -0.0052705 -0.00553007
internal_weight=0 4.72188 4.14882 1.80879 2.34002 1.02635
internal_count=56 42 26 10 16 12
is_linear=0
shrinkage=0.1


Tree=67
num_leaves=6
num_cat=0
split_feature=0 0 0 0 0
split_gain=0.0166575 0.000433315 0.000360359 3.22337e-05 0.00140115
threshold=0.64717139750000008 0.73810726100000001 0.71163383855000006 0.84499235145000007 0.80233301090000009
decision_type=2 2 2 2 2
left_child=-1 2 -2 4 -3
right_child=1 3 -4 -5 -6
leaf_value=0.0048908285449096797 -0.0043957634007693062 -0.010322584007710403 -0.0016871996960982683 -0.0048277303766344317 -0.0026924175790498926
leaf_weight=3.7326224967837334 1.062771630939096 0.38690811581909657 0.91332467645406712 1.3121533915400505 0.63672610744833946
leaf_count=22 14 8 4 4 4
internal_value=0 -0.00423379 -0.0031439 -0.00515584 -0.00557643
internal_weight=0 4.31188 1.9761 2.33579 1.02363
internal_count=56 34 18 16 12
is_linear=0
shrinkage=0.1


Tree=68
num_leaves=6
num_cat=0
split_feature=0 0 0 0 0
split_gain=0.0151621 0.00046058 0.000185832 4.14105e-05 0.00130397
threshold=0.64717139750000008 0.73810726100000001 0.71163383855000006 0.84499235145000007 0.80233301090000009
decision_type=2 2 2 2 2
left_child=-1 2 -2 4 -3
right_child=1 3 -4 -5 -6
leaf_value=0.0046707882482188668 -0.0038163801059253599 -0.010054564670432885 -0.00187073731290545 -0.0046193989056063098 -0.0026873068459038023
leaf_weight=3.7265032175928354 1.0610641967505214 0.38593786582350731 0.91355948895215977 1.3111157231032848 0.63641155883669853
leaf_count=22 14 8 4 4 4
internal_value=0 -0.00404023 -0.00291623 -0.00499139 -0.00546845
internal_weight=0 4.30809 1.97462 2.33347 1.02235
internal_count=56 34 18 16 12
is_linear=0
shrinkage=0.1


Tree=69
num_leaves=7
num_cat=0
split_feature=0 0 0 0 0 0
split_gain=0.0144787 0.00162033 0.00205498 0.000443553 4.89447e-05 0.00121603
threshold=0.57718938875000003 0.68036491340000016 0.73810726100000001 0.71163383855000006 0.84499235145000007 0.80233301090000009
decision_type=2 2 2 2 2 2
left_child=-1 -2 3 -3 5 -4
right_child=1 2 4 -5 -6 -7
leaf_value=0.0051728208328130406 -0.0086418164118641037 0.001037160393645681 -0.0097818190363382785 -0.0020056369853556333 -0.0044228865182073729 -0.0026614876523732896
leaf_weight=3.2318782173097134 0.54111532913520921 1.0072634909301994 0.38504394516348839 0.91358868032693852 1.310161866247654 0.6360798142850399
leaf_count=10 16 10 8 4 4 4
internal_value=0 -0.0034878 -0.00283191 -0.000410044 -0.0048274 -0.00534641
internal_weight=0 4.79325 4.25214 1.92085 2.33129 1.02112
internal_count=56 46 30 14 16 12
is_linear=0
shrinkage=0.1


Tree=70
num_leaves=5
num_cat=0
split_feature=0 0 0 0
split_gain=0.0140555 0.000426262 0.000154202 9.96462e-05
threshold=0.64717139750000008 0.77593949730000011 0.71163383855000006 0.84499235145000007
decision_type=2 2 2 2
left_child=-1 2 -2 -3
right_child=1 3 -4 -5
leaf_value=0.00450600170941318 -0.0037435309759864714 -0.0057110326822701228 -0.0020389102476270553 -0.0043278930775031794
leaf_weight=3.7134090135805309 1.0550275286659601 0.8650798723101617 1.0677814874798057 1.3090631999075413
leaf_count=22 14 8 8 4
internal_value=0 -0.00389407 -0.0028861 -0.00487824
internal_weight=0 4.29695 2.12281 2.17414
internal_count=56 34 22 12
is_linear=0
shrinkage=0.1


Tree=71
num_leaves=8
num_cat=0
split_feature=0 0 0 0 0 0 0
split_gain=0.0128603 0.00133396 0.0472546 0.00225874 0.000482716 3.92686e-05 0.00117715
threshold=0.57718938875000003 0.69938644515000015 0.61376230040000002 0.71163383855000006 0.73810726100000001 0.84499235145000007 0.80233301090000009
decision_type=2 2 2 2 2 2 2
left_child=-1 2 -2 -3 -5 6 -6
right_child=1 3 -4 4 5 -7 -8
leaf_value=0.0048814015567895238 -0.057104918121781624 0.0018237984113127171 0.007232380722907804 -0.0019094575429218911 -0.0094690901807130204 -0.0042607067625095958 -0.0024503160950517626
leaf_weight=3.2230587191879749 0.14812090573832382 0.89207288995385159 0.49793083500117064 0.91258511692285571 0.38287164550274611 1.308985386043787 0.63567517325282097
leaf_count=10 8 6 12 4 8 4 4
internal_value=0 -0.00329264 -0.00751829 -0.00263198 -0.00385875 -0.00462303 -0.00508867
internal_weight=0 4.77824 0.646052 4.13219 3.24012 2.32753 1.01855
internal_count=56 46 20 26 20 16 12
is_linear=0
shrinkage=0.1


Tree=72
num_leaves=5
num_cat=0
split_feature=0 0 0 0
split_gain=0.0137071 0.000365829 0.000146609 1.42075e-05
threshold=0.64717139750000008 0.77593949730000011 0.71163383855000006 0.84499235145000007
decision_type=2 2 2 2
left_child=-1 2 -2 -3
right_child=1 3 -4 -5
leaf_value=0.0044637620317332987 -0.0037479964718517365 -0.0050722251074666325 -0.0020833883263587337 -0.0045497490786258242
leaf_weight=3.6953378398902714 1.0514570139348509 0.86441757623106252 1.0650177542120216 1.3079717755317688
leaf_count=22 14 8 8 4
internal_value=0 -0.00384605 -0.00291036 -0.00475765
internal_weight=0 4.28886 2.11647 2.17239
internal_count=56 34 22 12
is_linear=0
shrinkage=0.1


Tree=73
num_leaves=8
num_cat=0
split_feature=0 0 0 0 0 0 0
split_gain=0.0131543 0.0270583 0.00206371 0.00237536 0.000456871 2.35394e-06 0.00117487
threshold=0.5382534683500001 0.58739679465000016 0.69938644515000015 0.71163383855000006 0.73810726100000001 0.84499235145000007 0.80233301090000009
decision_type=2 2 2 2 2 2 2
left_child=-1 -2 -3 -4 -5 6 -6
right_child=1 2 3 4 5 -7 -8
leaf_value=-0.013273410066623371 0.0093813315630687996 -0.009058176489510926 0.0020381374312092144 -0.0019049821784268028 -0.0090375659191475454 -0.0044587867987312072 -0.0020230169583391067
leaf_weight=0.6827111318707465 2.6183165851980448 0.55202737404033531 0.88668642938137043 0.91041862219572101 0.38275246135890484 1.3076629787683487 0.63477519154548645
leaf_count=6 8 16 6 4 8 4 4
internal_value=0 0.00124261 -0.00331629 -0.00254738 -0.00380399 -0.00454754 -0.0046616
internal_weight=0 7.29264 4.67432 4.1223 3.23561 2.32519 1.01753
internal_count=56 50 42 26 20 16 12
is_linear=0
shrinkage=0.1


Tree=74
num_leaves=6
num_cat=0
split_feature=0 0 0 0 0
split_gain=0.0137767 0.000221239 0.000277477 1.31692e-05 0.000897191
threshold=0.64717139750000008 0.73810726100000001 0.71163383855000006 0.84499235145000007 0.80233301090000009
decision_type=2 2 2 2 2
left_child=-1 2 -2 4 -3
right_child=1 3 -4 -5 -6
leaf_value=0.0045042500385174856 -0.0041722307151168441 -0.0085703991203318324 -0.0017872447757993502 -0.0042957601380156189 -0.002458928849510321
leaf_weight=3.6625888468697667 1.0500062168575821 0.38680898770689964 0.91109121590852726 1.3069603070616722 0.63381647691130638
leaf_count=22 14 8 4 4 4
internal_value=0 -0.00384669 -0.00306421 -0.00450596 -0.00477513
internal_weight=0 4.28868 1.9611 2.32759 1.02063
internal_count=56 34 18 16 12
is_linear=0
shrinkage=0.1


Tree=75
num_leaves=7
num_cat=0
split_feature=0 0 0 0 0 0
split_gain=0.012598 0.00212595 0.00193359 0.000383739 1.70419e-05 0.000841012
threshold=0.58739679465000016 0.69938644515000015 0.71163383855000006 0.73810726100000001 0.84499235145000007 0.80233301090000009
decision_type=2 2 2 2 2 2
left_child=-1 -2 -3 -4 5 -5
right_child=1 2 3 4 -6 -7
leaf_value=0.0047627571210043908 -0.0091623937760743884 0.0015891832122900676 -0.0019438635889308872 -0.0083503768584498508 -0.0041256383597235253 -0.0024294539390906731
leaf_weight=3.2684016795828938 0.55130382627248753 0.88591876439750183 0.91125921905040774 0.38606328889727592 1.3061492554843426 0.63362528011202812
leaf_count=14 16 6 4 8 4 4
internal_value=0 -0.00333023 -0.00255039 -0.0036833 -0.00436481 -0.00467117
internal_weight=0 4.67432 4.12302 3.2371 2.32584 1.01969
internal_count=56 42 26 20 16 12
is_linear=0
shrinkage=0.1


Tree=76
num_leaves=6
num_cat=0
split_feature=0 0 0 0 0
split_gain=0.0124522 0.000195606 0.000251625 3.03985e-05 0.00071542
threshold=0.64717139750000008 0.73810726100000001 0.71163383855000006 0.84499235145000007 0.80233301090000009
decision_type=2 2 2 2 2
left_child=-1 2 -2 4 -3
right_child=1 3 -4 -5 -6
leaf_value=0.0042915758970452408 -0.0039779703461690118 -0.0080848175393923201 -0.0017057520450766404 -0.0039594758532422543 -0.0026183530362766392
leaf_weight=3.6498800977133214 1.048947427421808 0.38535703904926777 0.91032117605209339 1.3051107041537762 0.63215759769082069
leaf_count=22 14 8 4 4 4
internal_value=0 -0.00365814 -0.00292225 -0.00427891 -0.00468863
internal_weight=0 4.28189 1.95927 2.32263 1.01751
internal_count=56 34 18 16 12
is_linear=0
shrinkage=0.1


Tree=77
num_leaves=6
num_cat=0
split_feature=0 0 0 0 0
split_gain=0.0113569 0.000213099 0.00013025 3.23653e-05 0.000679772
threshold=0.64717139750000008 0.73810726100000001 0.71163383855000006 0.84499235145000007 0.80233301090000009
decision_type=2 2 2 2 2
left_child=-1 2 -2 4 -3
right_child=1 3 -4 -5 -6
leaf_value=0.004102127246124937 -0.0034859719868673778 -0.0078793814694283395 -0.0018507286129153134 -0.0038123923163539014 -0.0025477679219590779
leaf_weight=3.6447101612575352 1.047502276021987 0.38468415569514036 0.91046965867280949 1.3044647574424744 0.63204162195324898
leaf_count=22 14 8 4 4 4
internal_value=0 -0.00349393 -0.00272557 -0.00414206 -0.00456502
internal_weight=0 4.27916 1.95797 2.32119 1.01673
internal_count=56 34 18 16 12
is_linear=0
shrinkage=0.1


Tree=78
num_leaves=8
num_cat=0
split_feature=0 0 0 0 0 0 0
split_gain=0.0107218 0.00191187 0.0122523 0.00219488 0.000274723 3.3682e-05 0.000644439
threshold=0.57718938875000003 0.69938644515000015 0.64717139750000008 0.71163383855000006 0.73810726100000001 0.84499235145000007 0.80233301090000009
decision_type=2 2 2 2 2 2 2
left_child=-1 2 -2 -3 -5 6 -6
right_child=1 3 -4 4 5 -7 -8
leaf_value=0.0045045113472504386 3.4598934697821905e-05 0.0021951684848875684 -0.031850657045662228 -0.0019559258755042037 -0.0076678963497089263 -0.0036693709398020664 -0.0024738698091058436
leaf_weight=3.1688849236816168 0.47104569943621744 0.88413827307522286 0.1619475120678544 0.91045317053794894 0.3840671144425869 1.3038471080362797 0.63188986480236053
leaf_count=10 12 6 8 4 8 4 4
internal_value=0 -0.00300676 -0.00812305 -0.00221963 -0.00342799 -0.00400573 -0.00443739
internal_weight=0 4.74739 0.632993 4.1144 3.23026 2.3198 1.01596
internal_count=56 46 20 26 20 16 12
is_linear=0
shrinkage=0.1


Tree=79
num_leaves=8
num_cat=0
split_feature=0 0 0 0 0 0 0
split_gain=0.0102873 0.00159916 0.0108094 0.00183652 0.000344975 5.65131e-05 0.000689048
threshold=0.57718938875000003 0.69938644515000015 0.64717139750000008 0.71163383855000006 0.73810726100000001 0.84499235145000007 0.80233301090000009
decision_type=2 2 2 2 2 2 2
left_child=-1 2 -2 -3 -5 6 -6
right_child=1 3 -4 4 5 -7 -8
leaf_value=0.004412272858507693 -1.5308832718963425e-05 0.0018098624087599571 -0.03019577749977978 -0.0016869627913507141 -0.0078949309777848406 -0.0035502419081441627 -0.0025155580702073588
leaf_weight=3.1667046379297972 0.46910815173760045 0.88268088549375523 0.1588602433912456 0.90890210866928134 0.38247551023960114 1.3029799796640873 0.63087107241153717
leaf_count=10 12 6 8 4 8 4 4
internal_value=0 -0.00295032 -0.00765021 -0.00223185 -0.00333799 -0.00398584 -0.00454594
internal_weight=0 4.73588 0.627968 4.10791 3.22523 2.31633 1.01335
internal_count=56 46 20 26 20 16 12
is_linear=0
shrinkage=0.1


Tree=80
num_leaves=8
num_cat=0
split_feature=0 0 0 0 0 0 0
split_gain=0.00985799 0.00141149 0.0491949 0.00141857 0.000251121 7.81116e-05 0.000715076
threshold=0.57718938875000003 0.68036491340000016 0.61376230040000002 0.73810726100000001 0.71163383855000006 0.84499235145000007 0.80233301090000009
decision_type=2 2 2 2 2 2 2
left_child=-1 2 -2 4 -3 6 -5
right_child=1 3 -4 5 -6 -7 -8
leaf_value=0.0043196203501688615 -0.057823142574130348 0.00083665847963959638 0.011327157232425564 -0.0080306200838810189 -0.0014655002412439638 -0.0034398043725550782 -0.0025427656503468664
leaf_weight=3.1643266696482897 0.14233909547328938 0.99138146918266989 0.37111653247848153 0.3810780867934227 0.90758834779262543 1.3021787777543068 0.62991221621632576
leaf_count=10 8 10 8 8 4 4 4
internal_value=0 -0.00289248 -0.00784254 -0.00228907 -0.000263629 -0.00395183 -0.00461133
internal_weight=0 4.72559 0.513456 4.21214 1.89897 2.31317 1.01099
internal_count=56 46 16 30 14 16 12
is_linear=0
shrinkage=0.1


Tree=81
num_leaves=5
num_cat=0
split_feature=0 0 0 0
split_gain=0.0100774 0.000282098 0.000122838 2.74186e-05
threshold=0.64717139750000008 0.77593949730000011 0.71163383855000006 0.84499235145000007
decision_type=2 2 2 2
left_child=-1 2 -2 -3
right_child=1 3 -4 -5
leaf_value=0.0038802805206131457 -0.0032420469252240451 -0.0045373875006441194 -0.0017119764624383867 -0.0038094312203686698
leaf_weight=3.6186657412908971 1.0412129326723518 0.85881119780242454 1.0577172636985777 1.3015710860490799
leaf_count=22 14 8 8 4
internal_value=0 -0.00329665 -0.002471 -0.00409881
internal_weight=0 4.25931 2.09893 2.16038
internal_count=56 34 22 12
is_linear=0
shrinkage=0.1


Tree=82
num_leaves=9
num_cat=0
split_feature=0 0 0 0 0 0 0 0
split_gain=0.00984035 0.0202674 0.00202768 0.00910843 0.00184112 0.00036791 1.00079e-05 0.00075897
threshold=0.5382534683500001 0.58739679465000016 0.69938644515000015 0.64717139750000008 0.71163383855000006 0.73810726100000001 0.84499235145000007 0.80233301090000009
decision_type=2 2 2 2 2 2 2 2
left_child=-1 -2 3 -3 -4 -6 7 -7
right_child=1 2 4 -5 5 6 -8 -9
leaf_value=-0.011808396853594388 0.0081372733618791018 -5.4670854239764418e-05 0.0019191414448934598 -0.028313547878944852 -0.0015448713126813458 -0.0076793610609402346 -0.0037393567115335245 -0.0020233269700983218
leaf_weight=0.64764407090842713 2.5929226921871305 0.37382639292627562 0.87555165216326702 0.16414240282028913 0.90579647570848498 0.38116788677871227 1.3013736121356487 0.62833680212497711
leaf_count=6 8 8 6 8 4 8 4 4
internal_value=0 0.00105877 -0.00290521 -0.00867688 -0.00214646 -0.00325308 -0.00392265 -0.00415893
internal_weight=0 7.22312 4.6302 0.537969 4.09223 3.21667 2.31088 1.0095
internal_count=56 50 42 16 26 20 16 12
is_linear=0
shrinkage=0.1


Tree=83
num_leaves=7
num_cat=0
split_feature=0 0 0 0 0 0
split_gain=0.0105057 0.00206542 0.00140686 0.000302641 2.63559e-05 0.00069087
threshold=0.58739679465000016 0.69938644515000015 0.73810726100000001 0.71163383855000006 0.84499235145000007 0.80233301090000009
decision_type=2 2 2 2 2 2
left_child=-1 -2 3 -3 5 -4
right_child=1 2 4 -5 -6 -7
leaf_value=0.0043859566056594747 -0.0088806367031929664 0.0011547662105066104 -0.0076393381984903421 -0.0014534354261320854 -0.003614917267802561 -0.0022528503068197469
leaf_weight=3.220739895477891 0.53725098446011532 0.87413100898265816 0.38356757815927267 0.90596985071897507 1.3009277321398258 0.62791626900434494
leaf_count=14 16 6 8 4 4 4
internal_value=0 -0.00305113 -0.00228586 -0.00017266 -0.0039126 -0.00429548
internal_weight=0 4.62976 4.09251 1.7801 2.31241 1.01148
internal_count=56 42 26 10 16 12
is_linear=0
shrinkage=0.1


Tree=84
num_leaves=7
num_cat=0
split_feature=0 0 0 0 0 0
split_gain=0.00965637 0.00152228 0.00132074 0.000175654 3.85141e-05 0.000594236
threshold=0.57718938875000003 0.68036491340000016 0.73810726100000001 0.71163383855000006 0.84499235145000007 0.80233301090000009
decision_type=2 2 2 2 2 2
left_child=-1 -2 3 -3 5 -4
right_child=1 2 4 -5 -6 -7
leaf_value=0.0043044198120222024 -0.0080332808291725486 0.00064438036945820714 -0.0074078552000282046 -0.0012840394117792655 -0.0034811663027285813 -0.0024079309219873085
leaf_weight=3.1308126281946898 0.50769317895174015 0.98755856882780768 0.38295616116374731 0.90537500381469727 1.3000933118164539 0.62668770551681519
leaf_count=10 16 10 8 4 4 4
internal_value=0 -0.002861 -0.00223618 -0.000277967 -0.00384102 -0.00430439
internal_weight=0 4.71036 4.20267 1.89293 2.30974 1.00964
internal_count=56 46 30 14 16 12
is_linear=0
shrinkage=0.1


Tree=85
num_leaves=6
num_cat=0
split_feature=0 0 0 0 0
split_gain=0.0097917 0.000164357 0.000331048 4.30672e-05 0.000531133
threshold=0.64717139750000008 0.73810726100000001 0.71163383855000006 0.84499235145000007 0.80233301090000009
decision_type=2 2 2 2 2
left_child=-1 2 -2 4 -3
right_child=1 3 -4 -5 -6
leaf_value=0.0038493451020254997 -0.0037931721944722955 -0.0072446201648254053 -0.0011732563236248785 -0.0034380626750588001 -0.0025161710549221183
leaf_weight=3.5836864183656871 1.0327332979068158 0.38260898925364017 0.90489599853754032 1.2993783727288246 0.62660523131489754
leaf_count=22 14 8 4 4 4
internal_value=0 -0.00324874 -0.00256964 -0.00381871 -0.0043088
internal_weight=0 4.24622 1.93763 2.30859 1.00921
internal_count=56 34 18 16 12
is_linear=0
shrinkage=0.1


Tree=86
num_leaves=6
num_cat=0
split_feature=0 0 0 0 0
split_gain=0.00894176 0.000183081 0.000191472 4.30939e-05 0.000515608
threshold=0.64717139750000008 0.73810726100000001 0.71163383855000006 0.84499235145000007 0.80233301090000009
decision_type=2 2 2 2 2
left_child=-1 2 -2 4 -3
right_child=1 3 -4 -5 -6
leaf_value=0.0036814440036396696 -0.0033191564547620589 -0.0070925083949344523 -0.0013262907907566127 -0.0033255452813913491 -0.0024313186339703758
leaf_weight=3.5791937340982258 1.0315227643586693 0.38200138229876757 0.90517121553421009 1.298914473503828 0.62656349688768387
leaf_count=22 14 8 4 4 4
internal_value=0 -0.00310464 -0.00238773 -0.00370635 -0.00419678
internal_weight=0 4.24417 1.93669 2.30748 1.00856
internal_count=56 34 18 16 12
is_linear=0
shrinkage=0.1


Tree=87
num_leaves=8
num_cat=0
split_feature=0 0 0 0 0 0 0
split_gain=0.00823289 0.0014 0.0424302 0.00122208 0.000284386 4.29486e-05 0.000498979
threshold=0.57718938875000003 0.68036491340000016 0.61376230040000002 0.73810726100000001 0.71163383855000006 0.84499235145000007 0.80233301090000009
decision_type=2 2 2 2 2 2 2
left_child=-1 2 -2 4 -3 6 -5
right_child=1 3 -4 5 -6 -7 -8
leaf_value=0.0039804440485648393 -0.055168119268454031 0.0010123610544354089 0.010213369537542892 -0.0069359061961289563 -0.0014434778552381289 -0.0032144190719258278 -0.0023482690704245066
leaf_weight=3.1213708873838186 0.13656709529459465 0.98410839354619362 0.36332551576197147 0.38143444526940584 0.90529581904411316 1.2984593585133553 0.62648255005478859
leaf_count=10 8 10 8 8 4 4 4
internal_value=0 -0.00264593 -0.00764839 -0.00204993 -0.000164338 -0.00359462 -0.00408441
internal_weight=0 4.69567 0.499893 4.19578 1.8894 2.30638 1.00792
internal_count=56 46 16 30 14 16 12
is_linear=0
shrinkage=0.1


Tree=88
num_leaves=8
num_cat=0
split_feature=0 0 0 0 0 0 0
split_gain=0.0087714 0.00181075 0.00875574 0.00138065 0.000329226 4.71187e-06 0.000484959
threshold=0.58739679465000016 0.69938644515000015 0.64717139750000008 0.71163383855000006 0.73810726100000001 0.84499235145000007 0.80233301090000009
decision_type=2 2 2 2 2 2 2
left_child=-1 2 -2 -3 -5 6 -6
right_child=1 3 -4 4 5 -7 -8
leaf_value=0.0040240670225801627 0.00029865690700705351 0.001454064201155014 -0.027547878852969013 -0.0014184840979227572 -0.0066364766886245711 -0.0035444394498679956 -0.0021162459481826371
leaf_weight=3.1978891957551241 0.3658545878715812 0.87044687010347832 0.16332094464451075 0.90366970002651248 0.38264156691730022 1.2978833578526974 0.62506582960486412
leaf_count=14 8 6 8 4 8 4 4
internal_value=0 -0.00279211 -0.0082957 -0.00207824 -0.00303631 -0.00367041 -0.00383265
internal_weight=0 4.60888 0.529176 4.07971 3.20926 2.30559 1.00771
internal_count=56 42 16 26 20 16 12
is_linear=0
shrinkage=0.1


Tree=89
num_leaves=5
num_cat=0
split_feature=0 0 0 0
split_gain=0.00824962 0.000215301 0.000131146 2.36299e-05
threshold=0.64717139750000008 0.77593949730000011 0.71163383855000006 0.84499235145000007
decision_type=2 2 2 2
left_child=-1 2 -2 -3
right_child=1 3 -4 -5
leaf_value=0.00354818318040255 -0.0030596018084299613 -0.0040915895155321635 -0.0014724869603102214 -0.0034145951155745988
leaf_weight=3.5602029706351459 1.0302823707461359 0.85570999700576078 1.0525111453607676 1.2970738373696804
leaf_count=22 14 8 8 4
internal_value=0 -0.00298242 -0.00225758 -0.00368369
internal_weight=0 4.23558 2.08279 2.15278
internal_count=56 34 22 12
is_linear=0
shrinkage=0.1


Tree=90
num_leaves=7
num_cat=0
split_feature=0 0 0 0 0 0
split_gain=0.00779743 0.00174796 0.00141635 0.000314933 9.23316e-06 0.000543331
threshold=0.58739679465000016 0.69938644515000015 0.71163383855000006 0.73810726100000001 0.84499235145000007 0.80233301090000009
decision_type=2 2 2 2 2 2
left_child=-1 -2 -3 -4 5 -5
right_child=1 2 3 4 -6 -7
leaf_value=0.0037952825278256604 -0.0080771714223873588 0.0016445663060500168 -0.0013259502862599088 -0.006736128134101689 -0.0033536391037970524 -0.0019417809131946299
leaf_weight=3.1937914686277509 0.52344887610524882 0.86811768077313889 0.90261211991310153 0.38046791590750217 1.2969058826565742 0.62414693087339401
leaf_count=14 16 6 4 8 4 4
internal_value=0 -0.00263754 -0.00193832 -0.00290906 -0.00352992 -0.0037575
internal_weight=0 4.5957 4.07225 3.20413 2.30152 1.00461
internal_count=56 42 26 20 16 12
is_linear=0
shrinkage=0.1


Tree=91
num_leaves=8
num_cat=0
split_feature=0 0 0 0 0 0 0
split_gain=0.00864651 0.0155748 0.00115251 0.00122722 0.00025401 1.64981e-05 0.000467536
threshold=0.5382534683500001 0.58739679465000016 0.69938644515000015 0.73810726100000001 0.71163383855000006 0.84499235145000007 0.80233301090000009
decision_type=2 2 2 2 2 2 2
left_child=-1 -2 -3 4 -4 6 -5
right_child=1 2 3 5 -6 -7 -8
leaf_value=-0.011358620226940118 0.0072075643650578898 -0.0069361161908941373 0.0012541202199673196 -0.0065375606251025647 -0.001141480261763889 -0.0032326743634255302 -0.0020867453302220135
leaf_weight=0.61703502759337414 2.5725016333162785 0.52180889714509238 0.86912790872156598 0.37994824349880219 0.90192355215549469 1.2961257435381413 0.62300564721226692
leaf_count=6 8 16 6 8 4 4 4
internal_value=0 0.000978257 -0.00251153 -0.00194428 3.41396e-05 -0.00346832 -0.00377284
internal_weight=0 7.16444 4.59194 4.07013 1.77105 2.29908 1.00295
internal_count=56 50 42 26 10 16 12
is_linear=0
shrinkage=0.1


Tree=92
num_leaves=6
num_cat=0
split_feature=0 0 0 0 0
split_gain=0.00824742 0.000108212 0.000295322 2.5688e-05 0.000364715
threshold=0.64717139750000008 0.73810726100000001 0.71163383855000006 0.84499235145000007 0.80233301090000009
decision_type=2 2 2 2 2
left_child=-1 2 -2 4 -3
right_child=1 3 -4 -5 -6
leaf_value=0.0035659473772438758 -0.0035829168001092525 -0.006249811200652447 -0.0011051323388449543 -0.0031463981059182918 -0.0023266246079020297
leaf_weight=3.5346653396263719 1.029904617462307 0.38260570354759693 0.9025873914360999 1.2958825081586838 0.62248940393328667
leaf_count=22 14 8 4 4 4
internal_value=0 -0.00297733 -0.00242565 -0.00344066 -0.00382005
internal_weight=0 4.23347 1.93249 2.30098 1.0051
internal_count=56 34 18 16 12
is_linear=0
shrinkage=0.1


Tree=93
num_leaves=6
num_cat=0
split_feature=0 0 0 0 0
split_gain=0.00754817 0.000123983 0.000173781 2.59489e-05 0.000357952
threshold=0.64717139750000008 0.73810726100000001 0.71163383855000006 0.84499235145000007 0.80233301090000009
decision_type=2 2 2 2 2
left_child=-1 2 -2 4 -3
right_child=1 3 -4 -5 -6
leaf_value=0.0034139522889430514 -0.0031462340074830983 -0.0061352095274151246 -0.0012451955053966281 -0.0030486154204354436 -0.0022469037138765366
leaf_weight=3.5306163202039897 1.0288186734542248 0.38208387792110443 0.90284405648708332 1.2954893596470356 0.62247111275792122
leaf_count=22 14 8 4 4 4
internal_value=0 -0.00284835 -0.0022577 -0.00334439 -0.00372583
internal_weight=0 4.23171 1.93166 2.30004 1.00455
internal_count=56 34 18 16 12
is_linear=0
shrinkage=0.1


Tree=94
num_leaves=7
num_cat=0
split_feature=0 0 0 0 0 0
split_gain=0.0070326 0.00191106 0.00125914 0.000232578 2.60265e-05 0.000350242
threshold=0.57718938875000003 0.68036491340000016 0.71163383855000006 0.73810726100000001 0.84499235145000007 0.80233301090000009
decision_type=2 2 2 2 2 2
left_child=-1 -2 -3 -4 5 -5
right_child=1 2 3 4 -6 -7
leaf_value=0.0037053154942295347 -0.0083531126215175139 0.0013837285854758669 -0.0013539970442535995 -0.0060155023039357366 -0.0029517754684316062 -0.0021677072273147808
leaf_weight=3.0850378051400185 0.49033881351351727 0.97923617903143156 0.90296886861324344 0.38159500434994698 1.2951011583209038 0.62241155281662941
leaf_count=10 16 10 4 8 4 4
internal_value=0 -0.00244689 -0.00175427 -0.00271391 -0.00324802 -0.00363015
internal_weight=0 4.67165 4.18131 3.20208 2.29911 1.00401
internal_count=56 46 30 20 16 12
is_linear=0
shrinkage=0.1


Tree=95
num_leaves=5
num_cat=0
split_feature=0 0 0 0
split_gain=0.00719178 0.000112157 0.000159992 4.11864e-05
threshold=0.64717139750000008 0.77593949730000011 0.71163383855000006 0.84499235145000007
decision_type=2 2 2 2
left_child=-1 2 -2 -3
right_child=1 3 -4 -5
leaf_value=0.0033364823259516112 -0.0031484516448162963 -0.0038275434482538599 -0.0013917961105542331 -0.0029331455309578383
leaf_weight=3.5225581983104348 1.022925222758204 0.85486383736133587 1.0513495756313203 1.2945226654410362
leaf_count=22 14 8 8 4
internal_value=0 -0.00278264 -0.00225809 -0.00328887
internal_weight=0 4.22366 2.07427 2.14939
internal_count=56 34 22 12
is_linear=0
shrinkage=0.1


Tree=96
num_leaves=6
num_cat=0
split_feature=0 0 0 0 0
split_gain=0.0065777 0.000121392 0.000106198 2.14219e-05 0.000347713
threshold=0.64717139750000008 0.73810726100000001 0.71163383855000006 0.84499235145000007 0.80233301090000009
decision_type=2 2 2 2 2
left_child=-1 2 -2 4 -3
right_child=1 3 -4 -5 -6
leaf_value=0.0031928964923103585 -0.002773642361358106 -0.0058802258449947853 -0.0012849101122407987 -0.0028833415829223421 -0.0020433639132789124
leaf_weight=3.5189337520860136 1.0217033079825339 0.3805780541151762 0.90234756469726551 1.294448584318161 0.62257431074976921
leaf_count=22 14 8 4 4 4
internal_value=0 -0.00266143 -0.00207545 -0.00315214 -0.003499
internal_weight=0 4.22165 1.92405 2.2976 1.00315
internal_count=56 34 18 16 12
is_linear=0
shrinkage=0.1


Tree=97
num_leaves=6
num_cat=0
split_feature=0 0 0 0 0
split_gain=0.00604907 0.000129835 5.63011e-05 2.18442e-05 0.000338021
threshold=0.64717139750000008 0.73810726100000001 0.71163383855000006 0.84499235145000007 0.80233301090000009
decision_type=2 2 2 2 2
left_child=-1 2 -2 4 -3
right_child=1 3 -4 -5 -6
leaf_value=0.0030637534983009081 -0.0024550224597454126 -0.0057600218086200847 -0.0013708100986300515 -0.0027885538781388386 -0.0019755591435025558
leaf_weight=3.5155383129604161 1.0206746621988712 0.3801351822912693 0.90239302068948735 1.2940705753862858 0.62250339239835739
leaf_count=22 14 8 4 4 4
internal_value=0 -0.00255245 -0.00194626 -0.00306002 -0.00341038
internal_weight=0 4.21978 1.92307 2.29671 1.00264
internal_count=56 34 18 16 12
is_linear=0
shrinkage=0.1


Tree=98
num_leaves=8
num_cat=0
split_feature=0 0 0 0 0 0 0
split_gain=0.00581648 0.00189814 0.0401709 0.00134727 0.000152724 2.21522e-05 0.000327718
threshold=0.57718938875000003 0.68036491340000016 0.61376230040000002 0.71163383855000006 0.73810726100000001 0.84499235145000007 0.80233301090000009
decision_type=2 2 2 2 2 2 2
left_child=-1 2 -2 -3 -5 6 -6
right_child=1 3 -4 4 5 -7 -8
leaf_value=0.0033745716950048482 -0.055305681871119443 0.0017116191801959985 0.0095131530357372915 -0.0014330915372835792 -0.0056367535494597689 -0.0026951970436931002 -0.0019090461229741011
leaf_weight=3.0755357071757317 0.13148548733443011 0.97457107296213497 0.35043258592486382 0.90233921259641681 0.37972035072743893 1.2936998382210732 0.62241104245185852
leaf_count=10 8 10 8 4 8 4 4
internal_value=0 -0.00222972 -0.00817188 -0.00154345 -0.00253536 -0.00296859 -0.00332152
internal_weight=0 4.65466 0.481918 4.17274 3.19817 2.29583 1.00213
internal_count=56 46 16 30 20 16 12
is_linear=0
shrinkage=0.1


Tree=99
num_leaves=8
num_cat=0
split_feature=0 0 0 0 0 0 0
split_gain=0.00622141 0.00198592 0.00785774 0.00141682 0.000187868 1.23427e-07 0.000315758
threshold=0.58739679465000016 0.69938644515000015 0.64717139750000008 0.71163383855000006 0.73810726100000001 0.84499235145000007 0.80233301090000009
decision_type=2 2 2 2 2 2 2
left_child=-1 2 -2 -3 -5 6 -6
right_child=1 3 -4 4 5 -7 -8
leaf_value=0.0034188771050616875 0.00012780923691230387 0.001981048001064445 -0.026598595538729248 -0.0013629879852242652 -0.0053600825527958139 -0.0030467989734785008 -0.0017034896384917207
leaf_weight=3.1505933431908488 0.35194963822141279 0.86214056983590115 0.16002320311963558 0.90064100921154056 0.3809924591332674 1.2931948341429234 0.62121642380952835
leaf_count=14 8 6 8 4 8 4 4
internal_value=0 -0.00235693 -0.00822585 -0.00161651 -0.00258696 -0.00306721 -0.00309355
internal_weight=0 4.57016 0.511973 4.05819 3.19604 2.2954 1.00221
internal_count=56 42 16 26 20 16 12
is_linear=0
shrinkage=0.1


end of trees

feature_importances:
off_dist=628

parameters:
[boosting: gbdt]
[objective: lambdarank]
[metric: ndcg]
[tree_learner: serial]
[device_type: cpu]
[data: ]
[valid: ]
[num_iterations: 100]
[learning_rate: 0.1]
[num_leaves: 16]
[num_threads: 6]
[deterministic: 0]
[force_col_wise: 0]
[force_row_wise: 0]
[histogram_pool_size: -1]
[max_depth: -1]
[min_data_in_leaf: 5]
[min_sum_hessian_in_leaf: 0.001]
[bagging_fraction: 1]
[pos_bagging_fraction: 1]
[neg_bagging_fraction: 1]
[bagging_freq: 0]
[bagging_seed: 3]
[feature_fraction: 1]
[feature_fraction_bynode: 1]
[feature_fraction_seed: 2]
[extra_trees: 0]
[extra_seed: 6]
[early_stopping_round: 0]
[first_metric_only: 0]
[max_delta_step: 0]
[lambda_l1: 0]
[lambda_l2: 0]
[linear_lambda: 0]
[min_gain_to_split: 0]
[drop_rate: 0.1]
[max_drop: 50]
[skip_drop: 0.5]
[xgboost_dart_mode: 0]
[uniform_drop: 0]
[drop_seed: 4]
[top_rate: 0.2]
[other_rate: 0.1]
[min_data_per_group: 100]
[max_cat_threshold: 32]
[cat_l2: 10]
[cat_smooth: 10]
[max_cat_to_onehot: 4]
[top_k: 20]
[monotone_constraints: ]
[monotone_constraints_method: basic]
[monotone_penalty: 0]
[feature_contri: ]
[forcedsplits_filename: ]
[refit_decay_rate: 0.9]
[cegb_tradeoff: 1]
[cegb_penalty_split: 0]
[cegb_penalty_feature_lazy: ]
[cegb_penalty_feature_coupled: ]
[path_smooth: 0]
[interaction_constraints: ]
[verbosity: 1]
[saved_feature_importance_type: 0]
[linear_tree: 0]
[max_bin: 255]
[max_bin_by_feature: ]
[min_data_in_bin: 3]
[bin_construct_sample_cnt: 200000]
[data_random_seed: 1]
[is_enable_sparse: 1]
[enable_bundle: 1]
[use_missing: 1]
[zero_as_missing: 0]
[feature_pre_filter: 1]
[pre_partition: 0]
[two_round: 0]
[header: 0]
[label_column: ]
[weight_column: ]
[group_column: ]
[ignore_column: ]
[categorical_feature: ]
[forcedbins_filename: ]
[precise_float_parser: 0]
[parser_config_file: ]
[objective_seed: 5]
[num_class: 1]
[is_unbalance: 0]
[scale_pos_weight: 1]
[sigmoid: 1]
[boost_from_average: 1]
[reg_sqrt: 0]
[alpha: 0.9]
[fair_c: 1]
[poisson_max_delta_step: 0.7]
[tweedie_variance_power: 1.5]
[lambdarank_truncation_level: 30]
[lambdarank_norm: 1]
[label_gain: ]
[eval_at: 1,2,3,4,5]
[multi_error_top_k: 1]
[auc_mu_weights: ]
[num_machines: 1]
[local_listen_port: 12400]
[time_out: 120]
[machine_list_filename: ]
[machines: ]
[gpu_platform_id: -1]
[gpu_device_id: -1]
[gpu_use_dp: 0]
[num_gpu: 1]

end of parameters

pandas_categorical:null
