tree
version=v4
num_class=1
num_tree_per_iteration=1
label_index=0
max_feature_idx=5
objective=lambdarank
feature_names=genetic syntactic featural phonological inventory geographical
feature_infos=[0:1] [0:0.68000000000000005] [0:0.59999999999999998] [0.00020000000000000001:0.53190000000000004] [0:0.63929999999999998] [0:0.5]
tree_sizes=1051 1053 1145 1161 1059 850 1060 1063 1061 1067 1174 1068 964 1069 957 858 962 971 966 1279 1075 868 972 969 966 973 970 865 867 976 865 969 860 762 973 1078 970 972 971 762 763 760 759 977 764 761 760 974 766 763 763 767 765 762 767 760 869 766 768 767 765 764 766 766 765 768 978 1076 769 770 769 770 872 873 767 772 769 769 1082 770 875 767 768 764 873 1086 872 769 769 772 770 983 1085 772 768 771 771 771 764 770

Tree=0
num_leaves=9
num_cat=0
split_feature=5 4 1 1 3 1 0 4
split_gain=1.23121 1.40334 1.58009 1.32699 0.269845 0.133761 0.0116666 0.0064075
threshold=0.45000000000000007 0.59120000000000006 0.48500000000000004 0.56500000000000006 0.33050000000000007 0.41000000000000009 0.91155000000000019 0.5606500000000002
decision_type=2 2 2 2 2 2 2 2
left_child=1 2 5 7 -5 -1 -3 -4
right_child=-2 6 3 4 -6 -7 -8 -9
leaf_value=0.1021193129609272 -0.16710983676445876 0.10014241791798489 -0.18959621523747008 -0.072883230603903046 0.027679406036168142 0.037166247567590655 0.1202274433301426 -0.16984687367674628
leaf_weight=0.57979615032672904 0.40315216593444336 0.60991207323968388 0.48075855150818814 0.4275075066834686 0.70997117459774017 0.69963790476322174 0.54999017715454102 0.24955446273088455
leaf_count=6 4 6 8 6 10 8 4 4
internal_value=0 0.0156417 -0.0190108 -0.0776546 -0.0101158 0.0666008 0.109666 -0.182848
internal_weight=0 4.30713 3.14723 1.86779 1.13748 1.27943 1.1599 0.730313
internal_count=56 52 42 28 16 14 10 12
is_linear=0
shrinkage=0.1


Tree=1
num_leaves=9
num_cat=0
split_feature=0 3 5 3 3 4 4 3
split_gain=6.35251 4.64409 1.45186 0.907885 1.43301 0.755563 0.610971 0.0785114
threshold=1.0000000180025095e-35 0.33050000000000007 0.25000000000000006 0.38810000000000006 0.47130000000000005 0.59255000000000013 0.54930000000000012 0.49670000000000009
decision_type=2 2 2 2 2 2 2 2
left_child=-1 2 -2 -3 5 6 -5 -6
right_child=1 3 -4 4 7 -7 -8 -9
leaf_value=0.19913784063920165 -0.064264262367899214 -0.032360495613379323 -0.19829381660833742 0.014941119108484511 -0.015465236580346698 0.0063237888205609355 0.096033640350289814 -0.046152205308877585
leaf_weight=1.4801895618438745 1.8075184524059325 4.1090634688734999 1.4618598893284795 1.301435261964796 1.6193451657891273 2.7350976206362247 3.2474235519766808 1.7185142785310745
leaf_count=2 8 14 4 4 4 6 8 6
internal_value=0 -0.0163754 -0.124194 0.00755385 0.0229948 0.047859 0.0728329 -0.0312646
internal_weight=0 18.0003 3.26938 14.7309 10.6218 7.28396 4.54886 3.33786
internal_count=56 54 12 42 28 18 12 10
is_linear=0
shrinkage=0.1


Tree=2
num_leaves=10
num_cat=0
split_feature=1 3 5 1 4 5 1 0 1
split_gain=2.51757 3.70824 2.5326 4.69211 1.33788 1.05517 0.422146 0.213789 0.550087
threshold=0.41000000000000009 0.39770000000000005 0.15000000000000005 0.56500000000000006 0.5606500000000002 0.35000000000000003 0.56500000000000006 0.64285000000000003 0.56500000000000006
decision_type=2 2 2 2 2 2 2 2 2
left_child=-1 5 -3 -4 -5 7 -7 -2 -9
right_child=1 2 3 4 -6 6 -8 8 -10
leaf_value=0.089055016219195038 -0.080603921985029206 0.11213217221142616 -0.16874998000748509 -0.014528946828416205 0.10288203848354792 -0.066030528511656916 0.0090942181588517818 -0.17765895256538208 -0.071144647013983889
leaf_weight=2.6648907214403179 1.1369978934526428 2.489867627620697 1.3788734674453733 1.8835240267217161 2.002129890024662 1.6830142140388491 1.346364054828882 1.2058043926954272 0.81094318628311146
leaf_count=6 4 4 8 6 6 4 6 8 4
internal_value=0 -0.0170276 0.0290322 -0.0102701 0.0459685 -0.0747921 -0.0326424 -0.11528 -0.134829
internal_weight=0 13.9375 7.7544 5.26453 3.88565 6.18312 3.02938 3.15375 2.01675
internal_count=56 50 24 20 12 26 10 16 12
is_linear=0
shrinkage=0.1


Tree=3
num_leaves=10
num_cat=0
split_feature=0 3 5 4 3 0 0 1 3
split_gain=3.26369 1.08878 0.78114 0.975539 0.567246 0.499676 0.646547 0.171008 0.0909899
threshold=1.0000000180025095e-35 0.38810000000000006 0.15000000000000005 0.5606500000000002 0.42870000000000003 0.88750000000000007 0.64285000000000003 0.53500000000000014 0.30405000000000004
decision_type=2 2 2 2 2 2 2 2 2
left_child=-1 5 -3 -4 -5 6 -2 -7 -9
right_child=1 2 3 4 -6 7 -8 8 -10
leaf_value=0.16789486127282233 -0.039522937511847593 0.076612856045754157 -0.056326281174043515 0.06400472985570764 -0.025756453062150408 0.0020894217338235147 -0.16164667112122202 -0.019901144572017471 -0.057637614979322495
leaf_weight=1.0666990876197822 1.0456546247005443 1.5002212226390836 2.1792625039815903 1.9342612326145174 1.1069403290748594 1.3718054294586184 0.74051608890295018 1.115487761795521 1.4956948049366472
leaf_count=2 4 4 12 6 6 4 6 4 8
internal_value=0 -0.0143391 0.0130162 -0.00525983 0.0313333 -0.0462062 -0.0901534 -0.0264981 -0.0415167
internal_weight=0 12.4898 6.72069 5.22046 3.0412 5.76916 1.78617 3.98299 2.61118
internal_count=56 54 28 24 12 26 10 16 12
is_linear=0
shrinkage=0.1


Tree=4
num_leaves=9
num_cat=0
split_feature=1 5 4 1 1 3 0 3
split_gain=0.717182 0.802107 0.461171 0.394538 0.204865 0.945763 0.124164 0.113434
threshold=0.48500000000000004 0.35000000000000003 0.5606500000000002 0.59500000000000008 0.56500000000000006 0.47130000000000005 0.88750000000000007 0.39770000000000005
decision_type=2 2 2 2 2 2 2 2
left_child=6 4 7 -4 5 -2 -1 -3
right_child=1 2 3 -5 -6 -7 -8 -9
leaf_value=0.053307060182392278 -0.15133572533274478 0.0017829392745963774 0.059112085716157531 -0.018644092967264724 -0.031091905286544586 0.014741606216362306 0.018358465177939539 -0.039522043020659675
leaf_weight=1.8621589764952666 0.89981875941157163 1.0458003431558611 1.8821295350790026 0.99888353794813145 1.1164878085255623 0.55401474237442017 2.2386694252490997 1.8253432996571062
leaf_count=6 10 4 6 6 4 2 8 10
internal_value=0 -0.0168657 0.00388665 0.032153 -0.0633078 -0.0880484 0.0342284 -0.0244769
internal_weight=0 8.32248 5.75216 2.88101 2.57032 1.45383 4.10083 2.87114
internal_count=56 42 26 12 16 12 14 14
is_linear=0
shrinkage=0.1


Tree=5
num_leaves=7
num_cat=0
split_feature=3 4 5 4 3 3
split_gain=1.06614 1.22141 0.533801 1.12835 0.100479 0.0539412
threshold=0.38810000000000006 0.47425000000000006 0.15000000000000005 0.5606500000000002 0.30405000000000004 0.39770000000000005
decision_type=2 2 2 2 2 2
left_child=1 -1 -2 -4 -3 -5
right_child=2 4 3 5 -6 -7
leaf_value=0.021159944856599548 0.089674069141631826 -0.044760122826412674 -0.044080711179443795 0.065481069164646508 -0.079899573076710501 0.038841516764819922
leaf_weight=2.7500945404171944 1.1893095970153806 1.2559487149119379 1.9593343026936052 1.6396992802619936 2.3111647889018059 1.4169116616249082
leaf_count=10 4 6 12 4 12 8
internal_value=0 -0.0289187 0.0294405 0.0151587 -0.0675273 0.0531321
internal_weight=0 6.31721 6.20525 5.01595 3.56711 3.05661
internal_count=56 28 28 24 18 12
is_linear=0
shrinkage=0.1


Tree=6
num_leaves=9
num_cat=0
split_feature=0 3 5 4 4 0 3 4
split_gain=2.04467 0.636228 0.659732 0.520798 0.52354 0.255412 0.0663152 0.0173293
threshold=1.0000000180025095e-35 0.38810000000000006 0.15000000000000005 0.5606500000000002 0.59255000000000013 0.88750000000000007 0.33050000000000007 0.47425000000000006
decision_type=2 2 2 2 2 2 2 2
left_child=-1 5 -3 -4 -5 -2 -7 -8
right_child=1 2 3 4 -6 6 7 -9
leaf_value=0.15204185063371686 -0.071470138834125979 0.083108221025340989 -0.043681392249587475 0.074451874451177957 -0.016911657051236189 -0.040641507067422152 -0.0032671257598743328 -0.020368004281860152
leaf_weight=0.821634382009507 1.502707339823244 1.0558118969202039 1.9443706609308717 1.1629357486963274 1.3614671081304548 1.3157522305846217 1.0744607001543045 1.3212631996721029
leaf_count=2 10 4 12 6 6 6 4 6
internal_value=0 -0.0116329 0.0120139 -0.00478313 0.0251775 -0.0366874 -0.0226045 -0.0126984
internal_weight=0 10.7388 5.52459 4.46877 2.5244 5.21418 3.71148 2.39572
internal_count=56 54 28 24 12 26 16 10
is_linear=0
shrinkage=0.1


Tree=7
num_leaves=9
num_cat=0
split_feature=3 3 5 4 1 0 4 1
split_gain=0.842867 0.401094 0.332497 0.419801 0.263629 0.096959 0.040041 0.0696532
threshold=0.24260000000000001 0.38810000000000006 0.15000000000000005 0.5606500000000002 0.56500000000000006 0.88750000000000007 0.47425000000000006 0.53500000000000014
decision_type=2 2 2 2 2 2 2 2
left_child=-1 5 -3 -4 -5 -2 -7 -8
right_child=1 2 3 4 -6 6 7 -9
leaf_value=0.099273364563131031 -0.051604013236719586 0.066288107511791691 -0.035138872064911751 -0.0013470420849196524 0.065389513246563127 -0.0031800911488013492 -0.008510411786552631 -0.041387606812622851
leaf_weight=0.7933404743671425 1.3021134994924048 0.91551785171031941 1.9051986560225485 1.3607930317521097 1.0476262792944906 1.0361470282077792 1.1823194622993471 1.4163275845348833
leaf_count=4 8 4 12 6 6 4 4 8
internal_value=0 -0.00774713 0.011553 -6.39382e-05 0.0276824 -0.0281897 -0.0198018 -0.0264293
internal_weight=0 10.166 5.22914 4.31362 2.40842 4.93691 3.63479 2.59865
internal_count=56 52 28 24 12 24 16 12
is_linear=0
shrinkage=0.1


Tree=8
num_leaves=9
num_cat=0
split_feature=1 3 3 1 1 3 3 3
split_gain=0.417884 0.440037 0.268814 0.32275 0.221589 0.0817589 0.0580289 8.8064e-05
threshold=0.41000000000000009 0.38810000000000006 0.47130000000000005 0.59500000000000008 0.56500000000000006 0.39770000000000005 0.49670000000000009 0.30405000000000004
decision_type=2 2 2 2 2 2 2 2
left_child=-1 4 3 5 -2 -3 -4 -6
right_child=1 2 6 -5 7 -7 -8 -9
leaf_value=0.044474827050785419 -0.063561492755717652 0.027004563661822772 -0.057664072348853374 -0.012983125229426127 -0.014107499568470501 0.063996798786580197 -0.011420629095271062 -0.015333711575604484
leaf_weight=1.7628694400191314 1.5393461454659685 1.1681985110044482 0.51200336217880227 1.522218242287636 1.1697389185428619 1.2229216098785398 0.57735221087932587 1.1730234175920486
leaf_count=6 12 4 4 6 4 8 6 6
internal_value=0 -0.00882443 0.0107799 0.0230102 -0.0340877 0.045924 -0.0331553 -0.0147215
internal_weight=0 8.8848 5.00269 3.91334 3.88211 2.39112 1.08936 2.34276
internal_count=56 50 28 18 22 12 10 10
is_linear=0
shrinkage=0.1


Tree=9
num_leaves=9
num_cat=0
split_feature=3 4 4 3 0 1 3 3
split_gain=0.568526 0.261222 0.580732 0.687437 0.108284 0.144001 0.0530728 0.000764553
threshold=0.24260000000000001 0.59120000000000006 0.55125000000000013 0.49670000000000009 0.88750000000000007 0.53500000000000014 0.35230000000000006 0.39770000000000005
decision_type=2 2 2 2 2 2 2 2
left_child=-1 2 4 -4 -2 -6 -7 -3
right_child=1 7 3 -5 5 6 -8 -9
leaf_value=0.087110304964358815 -0.031632576466385225 0.027372842928758519 -0.14917522909063094 0.012279658743411515 0.026837979272297554 0.0015655438074135544 -0.022396070675312952 0.023436129401584498
leaf_weight=0.69892084971070367 1.1351119056344012 1.1684236675500872 0.63760967180132844 0.44971076399087906 1.6645651236176489 2.2157754078507428 1.5859824400395153 0.85384358465671528
leaf_count=4 6 4 8 4 6 8 10 6
internal_value=0 -0.0062695 -0.0146808 -0.0823982 -0.00352709 0.00230917 -0.00843054 0.0257107
internal_weight=0 9.71102 7.68876 1.08732 6.60143 5.46632 3.80176 2.02227
internal_count=56 52 42 12 30 24 18 10
is_linear=0
shrinkage=0.1


Tree=10
num_leaves=10
num_cat=0
split_feature=3 4 3 4 1 1 0 3 4
split_gain=0.327024 0.178953 0.221439 0.154565 0.0712256 0.181212 0.406994 0.00491993 3.80095e-06
threshold=0.24260000000000001 0.59120000000000006 0.45575000000000004 0.54930000000000012 0.56500000000000006 0.41000000000000009 0.64285000000000003 0.30405000000000004 0.5606500000000002
decision_type=2 2 2 2 2 2 2 2 2
left_child=-1 2 4 -4 5 -2 -7 -6 -8
right_child=1 -3 3 -5 7 6 8 -9 -10
leaf_value=0.066282059623997497 -0.0063821635843786589 0.021740886820909574 -0.0074213391010898152 0.044974713737063188 -0.015394134678143516 -0.021231501186715507 -0.13097041127646919 -0.0061681760892294459 -0.13152674233163134
leaf_weight=0.69333363324403841 1.2471784129738792 1.9915058389306066 1.4210317619144919 0.93243771418929089 1.1670271679759026 1.0106620863080022 0.29322125948965538 1.145220473408699 0.21130814030766487
leaf_count=4 4 10 6 8 4 4 6 6 4
internal_value=0 -0.00487872 -0.0120156 0.0133378 -0.0237738 -0.0346129 -0.05785 -0.0108247 -0.131203
internal_weight=0 9.41959 7.42809 2.35347 5.07462 2.76237 1.51519 2.31225 0.504529
internal_count=56 52 42 14 28 18 14 10 10
is_linear=0
shrinkage=0.1


Tree=11
num_leaves=9
num_cat=0
split_feature=1 3 3 1 1 3 1 3
split_gain=0.277849 0.208089 0.347081 0.171148 0.16238 0.0795987 0.00759333 0.00397036
threshold=0.41000000000000009 0.38810000000000006 0.47130000000000005 0.59500000000000008 0.56500000000000006 0.39770000000000005 0.55500000000000016 0.30405000000000004
decision_type=2 2 2 2 2 2 2 2
left_child=-1 4 3 5 -2 -3 -4 -6
right_child=1 2 6 -5 7 -7 -8 -9
leaf_value=0.036462045866379286 -0.052462908963946411 0.022202178308015026 -0.055136145174230947 -0.0049603042311676098 -0.013163992854230925 0.061568137334434482 -0.037517626376261187 -0.004880249575166886
leaf_weight=1.7267173081636435 1.3774926941841825 1.1529624164104464 0.46720927953720082 1.4565945491194727 1.180011585354805 0.92632600665092457 0.51345550641417503 1.1352459155023098
leaf_count=6 12 4 4 6 4 8 6 6
internal_value=0 -0.00766931 0.00672672 0.0213257 -0.0252769 0.0397398 -0.0459115 -0.0091022
internal_weight=0 8.2093 4.51655 3.53588 3.69275 2.07929 0.980665 2.31526
internal_count=56 50 28 18 22 12 10 10
is_linear=0
shrinkage=0.1


Tree=12
num_leaves=8
num_cat=0
split_feature=1 3 3 4 1 3 1
split_gain=0.234398 0.201202 0.155262 0.153684 0.135284 0.0285854 0.00093516
threshold=0.41000000000000009 0.38810000000000006 0.47130000000000005 0.47425000000000006 0.59500000000000008 0.39770000000000005 0.55500000000000016
decision_type=2 2 2 2 2 2 2
left_child=-1 3 4 -2 5 -3 -4
right_child=1 2 6 -5 -6 -7 -8
leaf_value=0.033263779602940621 -0.0060235749002960984 0.023305239988592734 -0.032964345118736305 -0.047340467251459566 -0.0066037122292656875 0.047347069722980022 -0.026530069540348339
leaf_weight=1.7397859767079351 2.002450212836266 1.1521998196840288 0.4146471396088599 1.6356173809617756 1.4268341436982157 0.86644406244158734 0.49619128927588463
leaf_count=6 8 4 4 14 6 8 6
internal_value=0 -0.00723907 0.00725864 -0.024599 0.0169653 0.0336245 -0.0294592
internal_weight=0 7.99438 4.35632 3.63807 3.44548 2.01864 0.910838
internal_count=56 50 28 22 18 12 10
is_linear=0
shrinkage=0.1


Tree=13
num_leaves=9
num_cat=0
split_feature=1 3 1 3 1 4 3 1
split_gain=0.210939 0.160408 0.147901 0.121665 0.0973107 0.0204351 0.00834511 5.20906e-07
threshold=0.41000000000000009 0.38810000000000006 0.56500000000000006 0.47130000000000005 0.59500000000000008 0.53495000000000015 0.39770000000000005 0.55500000000000016
decision_type=2 2 2 2 2 2 2 2
left_child=-1 2 -2 4 6 -4 -3 -5
right_child=1 3 5 7 -6 -7 -8 -9
leaf_value=0.031497641743295099 -0.048856545696915998 0.023435873555226923 0.0037706156015690317 -0.026542770251611759 -0.0053863702481914116 -0.015361577491966791 0.036538203152113861 -0.026695638470805128
leaf_weight=1.7421008124947546 1.3386606173589828 1.1519388407468794 0.99816841632127795 0.41007923334836949 1.4067521914839745 1.266786705702543 0.84101274982094776 0.48837396129965782
leaf_count=6 12 4 4 4 6 6 8 6
internal_value=0 -0.00694427 -0.0225047 0.00610178 0.0147508 -0.00693 0.028965 -0.0266259
internal_weight=0 7.90177 3.60362 4.29816 3.3997 2.26496 1.99295 0.898453
internal_count=56 50 22 28 18 10 12 10
is_linear=0
shrinkage=0.1


Tree=14
num_leaves=8
num_cat=0
split_feature=1 1 4 3 2 0 5
split_gain=0.208111 0.215069 1.23145 0.048929 0.0388579 0.0280931 0.00719301
threshold=0.48500000000000004 0.56500000000000006 0.59255000000000013 0.33050000000000007 0.45000000000000007 0.91155000000000019 0.25000000000000006
decision_type=2 2 2 2 2 2 2
left_child=4 2 6 -3 -1 -5 -2
right_child=1 3 -4 5 -6 -7 -8
leaf_value=0.033203318188880268 -0.12893469244279035 -0.013849775208043348 0.017204278845330455 0.021045551497243353 0.010913753265140722 0.0014207426757199869 -0.15034331357402553
leaf_weight=1.431261733174324 0.23266360536217723 1.2610326856374738 1.4386642202734945 1.2538010478019714 1.7244854904711246 1.7441547736525536 0.48220256343483925
leaf_count=6 6 6 6 6 8 10 8
internal_value=0 -0.0103459 -0.0361003 0.00267667 0.021023 0.0096282 -0.143376
internal_weight=0 6.41252 2.15353 4.25899 3.15575 2.99796 0.714866
internal_count=56 42 20 22 14 16 14
is_linear=0
shrinkage=0.1


Tree=15
num_leaves=7
num_cat=0
split_feature=1 3 5 4 4 1
split_gain=0.196567 0.169272 0.162677 0.146721 0.0908575 0.0205645
threshold=0.41000000000000009 0.38810000000000006 0.15000000000000005 0.5606500000000002 0.47425000000000006 0.56500000000000006
decision_type=2 2 2 2 2 2
left_child=-1 4 -3 -4 -2 -5
right_child=1 2 3 5 -6 -7
leaf_value=0.030432587122938295 -0.0089627320034384866 0.056373262470787638 -0.02290617662934535 0.010509340171699164 -0.041453247540581835 0.032646325867783155
leaf_weight=1.7291968911886213 1.9837370589375498 0.571381315588951 1.6495548505336048 1.2462512217462061 1.5203166529536245 0.63268731907010067
leaf_count=6 8 4 12 6 14 6
internal_value=0 -0.00692063 0.00687285 -0.00114292 -0.0230595 0.0179634
internal_weight=0 7.60393 4.09987 3.52849 3.50405 1.87894
internal_count=56 50 28 24 22 12
is_linear=0
shrinkage=0.1


Tree=16
num_leaves=8
num_cat=0
split_feature=1 3 3 1 4 4 1
split_gain=0.144566 0.140985 0.137156 0.0888714 0.0731837 0.00769302 0.00650505
threshold=0.41000000000000009 0.38810000000000006 0.47130000000000005 0.59500000000000008 0.47425000000000006 0.59255000000000013 0.55500000000000016
decision_type=2 2 2 2 2 2 2
left_child=-1 4 3 5 -2 -3 -4
right_child=1 2 6 -5 -6 -7 -8
leaf_value=0.026106358585032061 -0.0081536463000986392 0.038105019392857951 -0.04074529994747067 -0.0035341885175071406 -0.037490122328055396 0.02489476696714539 -0.022329445330042167
leaf_weight=1.7241234332323072 1.975358344614506 0.711351629346609 0.3729812093079089 1.3800449259579182 1.4931026063859461 1.1592105180025101 0.39487596601247787
leaf_count=6 8 8 4 6 14 4 6
internal_value=0 -0.00601189 0.006737 0.0157161 -0.0207824 0.0299185 -0.0312748
internal_weight=0 7.48693 4.01846 3.25061 3.46846 1.87056 0.767857
internal_count=56 50 28 18 22 12 10
is_linear=0
shrinkage=0.1


Tree=17
num_leaves=8
num_cat=0
split_feature=1 3 3 1 1 3 4
split_gain=0.167298 0.0990036 0.100241 0.0743497 0.0701385 0.0516251 0.0139845
threshold=0.41000000000000009 0.38810000000000006 0.47130000000000005 0.56500000000000006 0.55500000000000016 0.49670000000000009 0.53495000000000015
decision_type=2 2 2 2 2 2 2
left_child=-1 3 4 -2 -3 -4 -5
right_child=1 2 5 6 -6 -7 -8
leaf_value=0.028045519980235158 -0.038827561596797053 0.027473731597964453 -0.054915162815176589 0.00095364048391346546 -0.0019996998390693663 -0.0042018097835938408 -0.015110607839924043
leaf_weight=1.7273281663656233 1.2191325873136523 1.5337692201137543 0.36993878334760655 0.96808785945177112 1.7049206830561161 0.43886141292750835 1.2309780344367025
leaf_count=6 12 8 4 4 10 6 6
internal_value=0 -0.00648886 0.00409384 -0.0190198 0.0119582 -0.0273977 -0.00803869
internal_weight=0 7.46569 4.04749 3.4182 3.23869 0.8088 2.19907
internal_count=56 50 28 22 18 10 10
is_linear=0
shrinkage=0.1


Tree=18
num_leaves=8
num_cat=0
split_feature=1 3 3 3 4 1 4
split_gain=0.343764 0.209033 0.180431 0.120144 0.116191 0.126943 0.0131652
threshold=0.41000000000000009 0.47130000000000005 0.45575000000000004 0.49670000000000009 0.59120000000000006 0.56500000000000006 0.53495000000000015
decision_type=2 2 2 2 2 2 2
left_child=-1 2 4 -3 5 -2 -7
right_child=1 3 -4 -5 -6 6 -8
leaf_value=0.039954213625874646 -0.046690447816077479 -0.08785755306596027 0.027291766875323465 -0.014558752592517269 0.010547359028226776 0.0011531945908963954 -0.014392869923419925
leaf_weight=1.7467405498027799 1.3215952548198404 0.49089121818542469 1.5047645866870878 0.41071410663425922 1.5664223209023473 0.97820599377155337 1.2292999923229215
leaf_count=6 14 4 6 6 10 4 6
internal_value=0 -0.00930294 -0.00313345 -0.0544673 -0.0121184 -0.0221787 -0.00750399
internal_weight=0 7.50189 6.60029 0.901605 5.09552 3.5291 2.20751
internal_count=56 50 40 10 34 24 10
is_linear=0
shrinkage=0.1


Tree=19
num_leaves=11
num_cat=0
split_feature=1 5 1 3 1 4 1 4 0 3
split_gain=0.122407 0.177183 0.234338 0.183299 0.106709 0.105547 0.104308 0.280785 0.033372 5.75956e-05
threshold=0.48500000000000004 0.35000000000000003 0.56500000000000006 0.47130000000000005 0.55500000000000016 0.49515000000000003 0.63500000000000012 0.59120000000000006 0.88750000000000007 0.35230000000000006
decision_type=2 2 2 2 2 2 2 2 2 2
left_child=8 2 3 9 -3 -6 7 -7 -1 -2
right_child=1 4 -4 -5 5 6 -8 -9 -10 -11
leaf_value=0.027341676484937783 -0.13134545362600497 0.028163660734533465 -0.0072134702248310006 -0.027983921820665572 0.0044302468430226644 -0.13637230344476864 0.011641926392782385 0.0037730458337749012 0.0071535073104382983 -0.13396485705422381
leaf_weight=1.3487109728157523 0.14689091965556111 1.1795424371957777 1.1385168842971325 0.32454845309257507 2.2003351487219338 0.26773136481642712 0.29467299766838551 0.30676380917429924 2.084102850407362 0.19588396977633238
leaf_count=6 4 4 4 2 8 6 4 4 8 6
internal_value=0 -0.00855255 -0.0347926 -0.0818451 0.00259943 -0.00722433 -0.0367284 -0.0615387 0.0150852 -0.132842
internal_weight=0 6.05489 1.80584 0.667323 4.24905 3.0695 0.869168 0.574495 3.43281 0.342775
internal_count=56 42 16 12 26 22 14 10 14 10
is_linear=0
shrinkage=0.1


Tree=20
num_leaves=9
num_cat=0
split_feature=1 3 3 1 1 3 4 3
split_gain=0.094885 0.119769 0.0919517 0.0961849 0.0557516 0.0176573 0.0147111 0.00116961
threshold=0.41000000000000009 0.38810000000000006 0.47130000000000005 0.59500000000000008 0.56500000000000006 0.39770000000000005 0.53495000000000015 0.49670000000000009
decision_type=2 2 2 2 2 2 2 2
left_child=-1 4 3 5 -2 -3 -6 -4
right_child=1 2 7 -5 6 -7 -8 -9
leaf_value=0.018817597417898391 -0.03697294262605251 0.022484350460037897 -0.029674450066204006 -0.0058251198846905796 -0.00072171613884219605 0.043765005117654986 -0.017193467505955327 -0.021620551374483793
leaf_weight=2.0783243328332901 1.1596949328668418 1.1587564498186114 0.34740270115435112 1.3597795255482197 0.97643368691206012 0.58762626536190521 1.219244686886668 0.37489836476743221
leaf_count=6 12 4 4 6 4 8 6 6
internal_value=0 -0.00544404 0.00664391 0.0141173 -0.0192363 0.0296449 -0.00986836 -0.0254942
internal_weight=0 7.18384 3.82846 3.10616 3.35537 1.74638 2.19568 0.722301
internal_count=56 50 28 18 22 12 10 10
is_linear=0
shrinkage=0.1


Tree=21
num_leaves=7
num_cat=0
split_feature=0 3 1 3 4 1
split_gain=0.0932889 0.0949324 0.0664867 0.0902288 0.0273124 0.0339146
threshold=0.64285000000000003 0.38810000000000006 0.53500000000000014 0.42870000000000003 0.47425000000000006 0.48500000000000004
decision_type=2 2 2 2 2 2
left_child=-1 4 -3 -4 -2 -6
right_child=1 2 3 -5 5 -7
leaf_value=0.024361297977296317 -0.00015232089565570678 0.038339849648977277 0.020390270640572347 -0.013461522564943824 -0.0098085927629489589 -0.030835145122832554
leaf_weight=1.3420931138098238 0.97257336974143971 0.58198016881942782 1.4173701666295531 1.7714467467740176 1.6879348903894427 1.4061207855120299
leaf_count=6 4 6 8 14 4 14
internal_value=0 -0.00417167 0.00725768 0.00158497 -0.0147696 -0.0193643
internal_weight=0 7.83743 3.7708 3.18882 4.06663 3.09406
internal_count=56 50 28 22 22 18
is_linear=0
shrinkage=0.1


Tree=22
num_leaves=8
num_cat=0
split_feature=1 3 3 1 1 4 1
split_gain=0.113368 0.0762163 0.0807948 0.0583096 0.0511051 0.0111351 0.00356276
threshold=0.41000000000000009 0.38810000000000006 0.47130000000000005 0.56500000000000006 0.55500000000000016 0.53495000000000015 0.55500000000000016
decision_type=2 2 2 2 2 2 2
left_child=-1 3 4 -2 -3 -5 -4
right_child=1 2 6 5 -6 -7 -8
leaf_value=0.020741007947089714 -0.035319384610579263 0.024642376704850852 -0.033276755785224717 0.00052356704079985911 -0.001332067491178233 -0.013856000166929706 -0.019067218290894878
leaf_weight=2.0443170443177223 1.1429490935988726 1.4276066683232789 0.37726838141679753 0.97358294576406512 1.6137011274695396 1.2050920631736515 0.33149575442075729
leaf_count=6 12 8 4 4 10 6 6
internal_value=0 -0.0059959 0.00377462 -0.0170267 0.0108605 -0.00743021 -0.0266308
internal_weight=0 7.0717 3.75007 3.32162 3.04131 2.17868 0.708764
internal_count=56 50 28 22 18 10 10
is_linear=0
shrinkage=0.1


Tree=23
num_leaves=8
num_cat=0
split_feature=0 3 3 4 4 1 1
split_gain=0.0877506 0.0674582 0.0727317 0.0534137 0.0325 0.0620046 0.000394789
threshold=0.64285000000000003 0.45575000000000004 0.47130000000000005 0.59120000000000006 0.47425000000000006 0.48500000000000004 0.55500000000000016
decision_type=2 2 2 2 2 2 2
left_child=-1 3 -3 4 -2 -6 -4
right_child=1 2 6 -5 5 -7 -8
leaf_value=0.023722871693646459 0.00031838860397423235 0.023609114215757006 -0.01375858135633478 0.0065073011046348469 -0.0073489488447607693 -0.035449809151885989 -0.01860411681009012
leaf_weight=1.3300719149410722 0.96892371773719776 1.457409914582968 0.34183740988373745 1.4697767626494167 1.6621431335806849 1.4882855052128432 0.33091564569622278
leaf_count=6 4 6 4 10 4 16 6
internal_value=0 -0.00408756 0.0110548 -0.00985872 -0.0156981 -0.020624 -0.016142
internal_weight=0 7.71929 2.13016 5.58913 4.11935 3.15043 0.672753
internal_count=56 50 16 34 24 20 10
is_linear=0
shrinkage=0.1


Tree=24
num_leaves=8
num_cat=0
split_feature=1 3 5 1 4 3 1
split_gain=0.0850581 0.079156 0.064523 0.0697688 0.06007 0.0570883 0.00198406
threshold=0.41000000000000009 0.45575000000000004 0.35000000000000003 0.56500000000000006 0.59120000000000006 0.47130000000000005 0.55500000000000016
decision_type=2 2 2 2 2 2 2
left_child=-1 2 3 -2 -4 -3 -7
right_child=1 5 4 -5 -6 6 -8
leaf_value=0.018057398563102688 -0.040935787467703849 0.021995297288246781 -0.018288733514015561 -0.0063795844195294995 0.012767248850089081 -0.0080317742025555004 -0.018981168261548872
leaf_weight=2.022175058722496 1.2081457073800266 1.4534564763307574 1.1291487645357849 1.1314254440367222 1.3889630399644373 0.33561094477772702 0.32647874299436808
leaf_count=6 14 6 8 4 8 4 6
internal_value=0 -0.00523648 -0.0122676 -0.0242243 -0.00115859 0.0109082 -0.013431
internal_weight=0 6.97323 4.85768 2.33957 2.51811 2.11555 0.66209
internal_count=56 50 34 18 16 16 10
is_linear=0
shrinkage=0.1


Tree=25
num_leaves=8
num_cat=0
split_feature=0 3 3 4 4 1 3
split_gain=0.0780594 0.0608765 0.0483428 0.0428942 0.0334362 0.0504197 0.000836297
threshold=0.64285000000000003 0.45575000000000004 0.47130000000000005 0.59120000000000006 0.47425000000000006 0.48500000000000004 0.49670000000000009
decision_type=2 2 2 2 2 2 2
left_child=-1 3 -3 4 -2 -6 -4
right_child=1 2 6 -5 5 -7 -8
leaf_value=0.022536627825111233 0.0015957933842853343 0.020755782222112301 -0.0081755676684036709 0.005375072301274212 -0.0077274662094546911 -0.033231809739676585 -0.015416290960999593
leaf_weight=1.3115760870277879 0.9695015400648116 1.4522211253643038 0.29025605972856272 1.4551787581294773 1.6551719158887865 1.457840832415968 0.35412818752229214
leaf_count=6 4 6 4 10 4 16 6
internal_value=0 -0.00387181 0.0106408 -0.00936638 -0.0146209 -0.0196713 -0.0121548
internal_weight=0 7.6343 2.09661 5.53769 4.08251 3.11301 0.644384
internal_count=56 50 16 34 24 20 10
is_linear=0
shrinkage=0.1


Tree=26
num_leaves=8
num_cat=0
split_feature=1 3 1 1 4 4 4
split_gain=0.0750352 0.0692622 0.0634714 0.0547277 0.058591 0.0338908 0.00937545
threshold=0.41000000000000009 0.38810000000000006 0.56500000000000006 0.55500000000000016 0.49515000000000003 0.59120000000000006 0.53495000000000015
decision_type=2 2 2 2 2 2 2
left_child=-1 2 -2 -3 -5 -6 -4
right_child=1 3 6 4 5 -7 -8
leaf_value=0.01704761254847173 -0.034755635352264107 0.017722574688150756 0.0018485580227841946 0.005940044597763653 -0.048311612125469854 -0.0025635228416270861 -0.011399851182307234
leaf_weight=2.0016031488776207 1.122478546574712 1.6914620194584133 0.97127602994442019 1.250876549631357 0.41611489746719588 0.265096765011549 1.1868670526891945
leaf_count=6 12 12 4 4 8 4 6
internal_value=0 -0.00494231 -0.0154687 0.00458792 -0.00691092 -0.0305085 -0.00543738
internal_weight=0 6.90417 3.28062 3.62355 1.93209 0.681212 2.15814
internal_count=56 50 22 28 16 12 10
is_linear=0
shrinkage=0.1


Tree=27
num_leaves=7
num_cat=0
split_feature=0 3 3 5 4 1
split_gain=0.0728058 0.0525782 0.0547305 0.0346388 0.0430007 0.0313756
threshold=0.64285000000000003 0.45575000000000004 0.47130000000000005 0.35000000000000003 0.59120000000000006 0.48500000000000004
decision_type=2 2 2 2 2 2
left_child=-1 3 -3 5 -5 -2
right_child=1 2 -4 4 -6 -7
leaf_value=0.0218909241269023 -0.0068166827465415015 0.020534539982264149 -0.014581412513027692 -0.014763005156345181 0.011698492349023858 -0.027345191161569915
leaf_weight=1.2971717305481432 1.64507906883955 1.4467855021357539 0.64024214725941408 1.1118177846074107 1.3718513175845144 1.3600398157723248
leaf_count=6 4 6 10 8 8 14
internal_value=0 -0.00374828 0.00976194 -0.00888533 -0.000147032 -0.0161074
internal_weight=0 7.57582 2.08703 5.48879 2.48367 3.00512
internal_count=56 50 16 34 16 18
is_linear=0
shrinkage=0.1


Tree=28
num_leaves=7
num_cat=0
split_feature=1 3 5 1 3 0
split_gain=0.0756773 0.0617101 0.0610129 0.0574323 0.0526019 0.051375
threshold=0.41000000000000009 0.45575000000000004 0.35000000000000003 0.56500000000000006 0.47130000000000005 0.91155000000000019
decision_type=2 2 2 2 2 2
left_child=-1 2 3 -2 -3 -4
right_child=1 4 5 -5 -6 -7
leaf_value=0.017232472031922769 -0.038395071102057962 0.019899039189375363 0.015337249362204892 -0.0067738379972577985 -0.014481546221187656 -0.013581827988636561
leaf_weight=1.9783976748585699 1.1776049714535475 1.4507929906249049 1.1327403821051121 1.121289536356926 0.64191688317805518 1.3422026410698891
leaf_count=6 14 6 6 4 10 10
internal_value=0 -0.00496504 -0.0112417 -0.0229718 0.00935315 -0.000346046
internal_weight=0 6.86655 4.77384 2.29889 2.09271 2.47494
internal_count=56 50 34 18 16 16
is_linear=0
shrinkage=0.1


Tree=29
num_leaves=8
num_cat=0
split_feature=0 3 1 4 4 4 1
split_gain=0.0629238 0.0518778 0.0615028 0.0794416 0.0404751 0.0263709 0.0205067
threshold=0.64285000000000003 0.38810000000000006 0.55500000000000016 0.49515000000000003 0.59120000000000006 0.47425000000000006 0.48500000000000004
decision_type=2 2 2 2 2 2 2
left_child=-1 5 -3 -4 -5 -2 -7
right_child=1 2 3 4 -6 6 -8
leaf_value=0.020533977369097053 0.0029315958403839139 0.019460424353669348 0.0080483721825944498 -0.052947279949434878 -0.0024888943515476384 -0.0085587348735772732 -0.025219326226539909
leaf_weight=1.2765683531761167 0.97347721084952388 1.6459478065371516 1.2631061524152754 0.43013259675353754 0.25217199698090553 1.6496681421995165 1.3379662185907362
leaf_count=6 4 12 4 8 4 4 14
internal_value=0 -0.00347079 0.00523334 -0.00680372 -0.0342984 -0.0113624 -0.0160199
internal_weight=0 7.55247 3.59136 1.94541 0.682305 3.96111 2.98763
internal_count=56 50 28 16 12 22 18
is_linear=0
shrinkage=0.1


Tree=30
num_leaves=7
num_cat=0
split_feature=4 1 0 3 3 0
split_gain=0.0873559 0.0663021 0.275881 0.144974 0.0782858 0.0104152
threshold=0.49515000000000003 0.55500000000000016 0.91155000000000019 0.49670000000000009 0.38810000000000006 0.88750000000000007
decision_type=2 2 2 2 2 2
left_child=5 4 -3 -4 -2 -1
right_child=1 2 3 -5 -6 -7
leaf_value=0.019369823033431759 -0.014405475241103603 0.0034184176807789605 -0.13203264552637256 -0.034455177754650325 0.015982291282172614 0.0080784274122898455
leaf_weight=1.2756660617887976 1.7632992286235096 1.2727454025298355 0.27554059959948052 0.34032133128494024 1.6328473240137098 2.2715410497039557
leaf_count=6 10 6 8 4 12 10
internal_value=0 -0.00814795 -0.0231681 -0.078112 0.000204784 0.0121391
internal_weight=0 5.28475 1.88861 0.615862 3.39615 3.54721
internal_count=56 40 18 12 22 16
is_linear=0
shrinkage=0.1


Tree=31
num_leaves=8
num_cat=0
split_feature=3 4 3 5 1 1 0
split_gain=0.185592 0.487923 0.22785 0.051927 0.0390528 0.0457533 0.0313066
threshold=0.47130000000000005 1.0000000180025095e-35 0.45575000000000004 0.35000000000000003 0.41000000000000009 0.56500000000000006 0.91155000000000019
decision_type=2 2 2 2 2 2 2
left_child=1 -1 3 4 -3 -6 -5
right_child=-2 2 -4 6 5 -7 -8
leaf_value=0.12383661880312447 -0.047412814652630988 -0.0040608921402228186 0.035213120208585767 0.014861888747274421 -0.038187937209397879 -0.009893104410380266 -0.0079905117984078924
leaf_weight=0.32830251753330042 0.75509017612785179 1.6204630434513094 1.4438137020915744 1.1295766495168209 1.1687582801096141 1.118313642218709 1.2774117309600115
leaf_count=2 10 4 6 6 14 4 10
internal_value=0 0.00442717 -0.00062577 -0.00882032 -0.0159376 -0.0243526 0.0027339
internal_weight=0 8.08664 7.75834 6.31452 3.90753 2.28707 2.40699
internal_count=56 46 44 38 22 18 16
is_linear=0
shrinkage=0.1


Tree=32
num_leaves=7
num_cat=0
split_feature=3 3 1 5 1 4
split_gain=0.165563 0.134881 0.0740959 0.0916987 0.0395213 0.028668
threshold=0.47130000000000005 0.45575000000000004 0.41000000000000009 0.35000000000000003 0.56500000000000006 0.59120000000000006
decision_type=2 2 2 2 2 2
left_child=1 2 -1 4 -4 -5
right_child=-2 -3 3 5 -6 -7
leaf_value=0.014067756057804755 -0.044921511656610569 0.028285926830189923 -0.036791113172647716 -0.0077562219872916909 -0.01037222056545167 0.014181495940542603
leaf_weight=1.8951014354825 0.75272087147459465 1.8008109722286461 1.1525295386090875 1.0903158746659758 1.1131261494010687 1.3130549564957616
leaf_count=6 10 6 14 8 4 8
internal_value=0 0.00404227 -0.00260876 -0.00937756 -0.0238114 0.00422921
internal_weight=0 8.36494 6.56413 4.66903 2.26566 2.40337
internal_count=56 46 40 34 18 16
is_linear=0
shrinkage=0.1


Tree=33
num_leaves=6
num_cat=0
split_feature=4 3 1 1 0
split_gain=0.0510092 0.0643222 0.045102 0.0335044 0.000361807
threshold=0.47425000000000006 0.38810000000000006 0.55500000000000016 0.48500000000000004 0.88750000000000007
decision_type=2 2 2 2 2
left_child=4 3 -3 -2 -1
right_child=1 2 -4 -5 -6
leaf_value=0.014349587353095591 -0.005831691828215752 0.017385865229629018 -0.0046175406124597642 -0.027359607695743957 0.011783471593989108
leaf_weight=1.2064298465847969 1.6100208908319475 1.5471230931580069 2.3413965757936239 1.3120880853384731 1.0089553967118263
leaf_count=6 4 12 16 14 4
internal_value=0 -0.00428753 0.00413694 -0.0154982 0.0131809
internal_weight=0 6.81063 3.88852 2.92211 2.21539
internal_count=56 46 28 18 10
is_linear=0
shrinkage=0.1


Tree=34
num_leaves=8
num_cat=0
split_feature=1 3 4 4 1 1 0
split_gain=0.0455539 0.0722272 0.0302142 0.0410377 0.0899377 0.170868 0.00642315
threshold=0.41000000000000009 0.33050000000000007 0.59120000000000006 0.49515000000000003 0.53500000000000014 0.63500000000000012 0.88750000000000007
decision_type=2 2 2 2 2 2 2
left_child=-1 6 3 -3 -5 -6 -2
right_child=1 2 -4 4 5 -7 -8
leaf_value=0.013839895082225467 -0.024841582374975957 0.0035594914083803657 0.014848656682149837 0.028155013773016536 -0.12071271757945803 -0.0011328446094860715 -0.013883227106946082
leaf_weight=1.8796313256025312 0.99725790321826968 2.6956277438439433 1.4975730068981645 0.23477627849206317 0.19311382574960589 0.3134456118568778 1.1536353295668957
leaf_count=6 6 10 10 6 8 4 6
internal_value=0 -0.00367146 0.00299436 -0.00217087 -0.0230075 -0.0467198 -0.018964
internal_weight=0 7.08543 4.93454 3.43696 0.741336 0.506559 2.15089
internal_count=56 50 38 28 18 12 12
is_linear=0
shrinkage=0.1


Tree=35
num_leaves=9
num_cat=0
split_feature=1 3 4 4 1 1 0 1
split_gain=0.0446239 0.0689231 0.0241753 0.0321961 0.106974 0.143708 0.00479733 0.00106709
threshold=0.41000000000000009 0.33050000000000007 0.59120000000000006 0.49515000000000003 0.48500000000000004 0.63500000000000012 0.88750000000000007 0.55500000000000016
decision_type=2 2 2 2 2 2 2 2
left_child=-1 6 3 -3 -5 7 -2 -6
right_child=1 2 -4 4 5 -7 -8 -9
leaf_value=0.013696878132282778 -0.023670786235450065 0.0032088653561000548 0.013564875606164765 0.039617199995907043 -0.10755760871878087 -0.0033655675182204543 -0.014195935350223208 -0.1226072977935407
leaf_weight=1.8769941404461858 0.99379732273519072 2.6948692859150474 1.4836667925119398 0.20552520267665375 0.10009382013231516 0.30046359542757273 1.1559820268303154 0.089009481016546488
leaf_count=6 6 10 10 4 6 4 6 4
internal_value=0 -0.00366047 0.00291882 -0.00174058 -0.0209295 -0.0463477 -0.018576 -0.114641
internal_weight=0 7.02341 4.87363 3.38996 0.695092 0.489567 2.14978 0.189103
internal_count=56 50 38 28 18 14 12 10
is_linear=0
shrinkage=0.1


Tree=36
num_leaves=8
num_cat=0
split_feature=1 3 3 1 3 1 0
split_gain=0.0432749 0.0681985 0.0234332 0.0211156 0.0314993 0.00824644 0.00390609
threshold=0.41000000000000009 0.33050000000000007 0.47130000000000005 0.59500000000000008 0.38810000000000006 0.63500000000000012 0.88750000000000007
decision_type=2 2 2 2 2 2 2
left_child=-1 6 3 4 -3 -4 -2
right_child=1 2 5 -5 -6 -7 -8
leaf_value=0.01348741587082173 -0.023051219801503112 -0.0016114478066434935 -0.028222261292963003 -0.0028972949850943905 0.021088797752205461 -0.0041567626388775 -0.014498013574357441
leaf_weight=1.8745847865939138 0.99173019640147719 1.0643542739562692 0.28196850046515454 1.7494403943419454 1.436005290597677 0.28764479327946901 1.1566474791616199
leaf_count=6 6 10 6 6 12 4 6
internal_value=0 -0.0036286 0.00297679 0.00552963 0.0114257 -0.0160696 -0.0184463
internal_weight=0 6.96779 4.81941 4.2498 2.50036 0.569613 2.14838
internal_count=56 50 38 28 22 10 12
is_linear=0
shrinkage=0.1


Tree=37
num_leaves=8
num_cat=0
split_feature=4 3 1 1 0 4 4
split_gain=0.0389599 0.0566815 0.0284237 0.0227738 0.00400397 0.000863751 0.0200441
threshold=0.47425000000000006 0.38810000000000006 0.48500000000000004 0.59500000000000008 0.88750000000000007 0.59255000000000013 0.5606500000000002
decision_type=2 2 2 2 2 2 2
left_child=4 2 -2 5 -1 6 -3
right_child=1 3 -4 -5 -6 -7 -8
leaf_value=0.015487182380802933 -0.0054068169034442578 -0.0076726027015843693 -0.025329105186820397 -0.0028061927106959646 0.006874499503855414 0.014244700175858944 0.035613796100339316
leaf_weight=1.1952480226755144 1.6030779108405115 0.27549950079992447 1.2943953548092393 2.0307176420465112 0.98427877575159062 1.246795520186424 0.17488020751625299
leaf_count=6 4 8 14 10 4 6 4
internal_value=0 -0.00381525 -0.0143067 0.00433918 0.0115977 0.0128888 0.00913529
internal_weight=0 6.62537 2.89747 3.72789 2.17953 1.69718 0.45038
internal_count=56 46 18 28 10 18 12
is_linear=0
shrinkage=0.1


Tree=38
num_leaves=8
num_cat=0
split_feature=1 3 3 3 4 0 1
split_gain=0.0433901 0.058423 0.017271 0.0157477 0.0246677 0.00471218 0.00356705
threshold=0.41000000000000009 0.33050000000000007 0.47130000000000005 0.45575000000000004 0.59120000000000006 0.88750000000000007 0.63500000000000012
decision_type=2 2 2 2 2 2 2
left_child=-1 5 3 4 -3 -2 -4
right_child=1 2 6 -5 -6 -7 -8
leaf_value=0.013530556125481139 -0.022466934056471134 -0.011229921803426047 -0.022329237471983104 0.011767120551636763 0.0090358807547959753 -0.013049143463244353 -0.006248275988293894
leaf_weight=1.8655392304062841 0.98562113009393248 1.1448430013842883 0.27029221644625057 1.7996725942939518 1.2634875960648058 1.1525322524830697 0.28169750608503819
leaf_count=6 6 14 6 6 8 6 4
internal_value=0 -0.00365921 0.00250875 0.00469039 -0.000597831 -0.0173904 -0.0141226
internal_weight=0 6.89815 4.75999 4.208 2.40833 2.13815 0.55199
internal_count=56 50 38 28 22 12 10
is_linear=0
shrinkage=0.1


Tree=39
num_leaves=6
num_cat=0
split_feature=4 3 1 1 0
split_gain=0.0479638 0.0428385 0.0274747 0.0253459 0.000936335
threshold=0.47425000000000006 0.38810000000000006 0.55500000000000016 0.48500000000000004 0.88750000000000007
decision_type=2 2 2 2 2
left_child=4 3 -3 -2 -1
right_child=1 2 -4 -5 -6
leaf_value=0.01475172297191606 -0.004990188123708216 0.013479026234750861 -0.0041292573754114674 -0.023857107103510349 0.010593009863836007
leaf_weight=1.1843018997460606 1.5974756479263308 1.4692596420645716 2.2327256286516786 1.2846471036318687 0.99730292707681645
leaf_count=6 4 12 16 14 4
internal_value=0 -0.00425798 0.00285919 -0.0133997 0.0128506
internal_weight=0 6.58411 3.70199 2.88212 2.1816
internal_count=56 46 28 18 10
is_linear=0
shrinkage=0.1


Tree=40
num_leaves=6
num_cat=0
split_feature=1 3 0 1 0
split_gain=0.0415888 0.0526574 0.0199436 0.017033 0.00531299
threshold=0.41000000000000009 0.33050000000000007 0.91155000000000019 0.55500000000000016 0.88750000000000007
decision_type=2 2 2 2 2
left_child=-1 4 -3 -4 -2
right_child=1 2 3 -5 -6
leaf_value=0.013291953708528629 -0.022051739974278887 0.012672274290507546 0.0071088434936970929 -0.0074025633362593702 -0.012031578186406766
leaf_weight=1.8535212799906728 0.98115911614149842 1.3294422649778423 1.322019044775516 2.0838025859557092 1.1486654486507175
leaf_count=6 6 12 12 14 6
internal_value=0 -0.00358873 0.0022849 -0.00176975 -0.0166476
internal_weight=0 6.86509 4.73526 3.40582 2.12982
internal_count=56 50 38 26 12
is_linear=0
shrinkage=0.1


Tree=41
num_leaves=6
num_cat=0
split_feature=1 3 4 3 0
split_gain=0.0385985 0.047997 0.0140449 0.0218638 0.00434843
threshold=0.41000000000000009 0.33050000000000007 0.59120000000000006 0.45575000000000004 0.88750000000000007
decision_type=2 2 2 2 2
left_child=-1 4 3 -3 -2
right_child=1 2 -4 -5 -6
leaf_value=0.012789289234419228 -0.0208530762985395 -0.01266783237939597 0.010452206628533703 0.0044977272018693996 -0.011775613257539544
leaf_weight=1.8555369302630422 0.97710461355745826 1.1345805048476907 1.4239755757153032 2.1445013764314353 1.1474332800135014
leaf_count=6 6 14 10 14 6
internal_value=0 -0.00347574 0.00215953 -0.00144165 -0.0159505
internal_weight=0 6.8276 4.70306 3.27908 2.12454
internal_count=56 50 38 28 12
is_linear=0
shrinkage=0.1


Tree=42
num_leaves=6
num_cat=0
split_feature=4 3 1 1 0
split_gain=0.0387633 0.0380442 0.02143 0.016223 0.00397549
threshold=0.47425000000000006 0.38810000000000006 0.48500000000000004 0.55500000000000016 0.88750000000000007
decision_type=2 2 2 2 2
left_child=4 2 -2 -3 -1
right_child=1 3 -4 -5 -6
leaf_value=0.01556023592515386 -0.0047321645854442049 0.011105568821054132 -0.022123349653691379 -0.0024992269342875382 0.0069258268601998865
leaf_weight=1.1747905500233176 1.5956368595361712 1.4582226919010284 1.2744637746363876 2.1970884199254215 0.97646624222397793
leaf_count=6 4 12 14 16 4
internal_value=0 -0.00383774 -0.0124547 0.00292817 0.011641
internal_weight=0 6.52541 2.8701 3.65531 2.15126
internal_count=56 46 18 28 10
is_linear=0
shrinkage=0.1


Tree=43
num_leaves=8
num_cat=0
split_feature=1 3 3 3 0 1 0
split_gain=0.0397965 0.0402455 0.0206405 0.0162697 0.0239733 0.00719788 0.00457662
threshold=0.41000000000000009 0.33050000000000007 0.47130000000000005 0.45575000000000004 0.91155000000000019 0.63500000000000012 0.88750000000000007
decision_type=2 2 2 2 2 2 2
left_child=-1 6 3 4 -3 -4 -2
right_child=1 2 5 -5 -6 -7 -8
leaf_value=0.013033976451065261 -0.020014668426754065 0.0090082256522697763 -0.028951885559836139 0.011178523649362037 -0.011085718063445217 -0.0053779423567803606 -0.010685867824433115
leaf_weight=1.8432532474398611 0.97306028474122319 1.1416768552735448 0.25951180141419161 1.7902763187885282 1.2371138094458729 0.25857376493513584 1.1443465780466793
leaf_count=6 6 10 6 6 12 4 6
internal_value=0 -0.00353071 0.00163828 0.00397759 -0.00144183 -0.0171863 -0.0149729
internal_weight=0 6.80456 4.68715 4.16907 2.37879 0.518086 2.11741
internal_count=56 50 38 28 22 10 12
is_linear=0
shrinkage=0.1


Tree=44
num_leaves=6
num_cat=0
split_feature=4 3 1 1 0
split_gain=0.0311598 0.0411122 0.0193976 0.0174121 0.00464591
threshold=0.47425000000000006 0.38810000000000006 0.55500000000000016 0.48500000000000004 0.88750000000000007
decision_type=2 2 2 2 2
left_child=4 3 -3 -2 -1
right_child=1 2 -4 -5 -6
leaf_value=0.014721935458480823 -0.0054517052458326418 0.012591786992355412 -0.0023404821281423887 -0.021143227279681723 0.0053600993173470481
leaf_weight=1.1671024579554798 1.5972928181290629 1.4490095963701608 2.1769566996954381 1.2689751870930193 0.97119997069239605
leaf_count=6 4 12 16 14 4
internal_value=0 -0.00344838 0.00362676 -0.0123988 0.0104699
internal_weight=0 6.49223 3.62597 2.86627 2.1383
internal_count=56 46 28 18 10
is_linear=0
shrinkage=0.1


Tree=45
num_leaves=6
num_cat=0
split_feature=1 3 4 3 0
split_gain=0.0338828 0.0387285 0.0146162 0.0183223 0.00519
threshold=0.41000000000000009 0.33050000000000007 0.59120000000000006 0.45575000000000004 0.88750000000000007
decision_type=2 2 2 2 2
left_child=-1 4 3 -3 -2
right_child=1 2 -4 -5 -6
leaf_value=0.01204241931912434 -0.019881582661438076 -0.012162675332866234 0.010333946757876286 0.0036152586679378124 -0.0099335054819027716
leaf_weight=1.8374677225947378 0.96983562968671355 1.1276831526774915 1.4082038998603819 2.1190317501313984 1.1419146563857792
leaf_count=6 6 14 10 14 6
internal_value=0 -0.00327008 0.00182549 -0.0018649 -0.0145022
internal_weight=0 6.76667 4.65492 3.24671 2.11175
internal_count=56 50 38 28 12
is_linear=0
shrinkage=0.1


Tree=46
num_leaves=6
num_cat=0
split_feature=4 3 1 1 0
split_gain=0.035381 0.0300837 0.0165567 0.0163437 0.00293078
threshold=0.47425000000000006 0.38810000000000006 0.48500000000000004 0.55500000000000016 0.88750000000000007
decision_type=2 2 2 2 2
left_child=4 2 -2 -3 -1
right_child=1 3 -4 -5 -6
leaf_value=0.014563960536599981 -0.004578331358560301 0.010634667809726954 -0.01991830520989004 -0.0031010199560205036 0.0071238284181843999
leaf_weight=1.1591681689023974 1.5910987257957461 1.4407346108928325 1.2613990416284648 2.172535790130496 0.97458346933126438
leaf_count=6 4 12 14 16 4
internal_value=0 -0.00368477 -0.0113618 0.00237587 0.0111657
internal_weight=0 6.46577 2.8525 3.61327 2.13375
internal_count=56 46 18 28 10
is_linear=0
shrinkage=0.1


Tree=47
num_leaves=8
num_cat=0
split_feature=1 3 3 3 0 1 0
split_gain=0.0351306 0.0328913 0.0193083 0.0131044 0.0232451 0.00746086 0.00525362
threshold=0.41000000000000009 0.33050000000000007 0.47130000000000005 0.45575000000000004 0.91155000000000019 0.63500000000000012 0.88750000000000007
decision_type=2 2 2 2 2 2 2
left_child=-1 6 3 4 -3 -4 -2
right_child=1 2 5 -5 -6 -7 -8
leaf_value=0.012302809373263529 -0.01912012815608044 0.0090207009012504332 -0.029369843233810474 0.010065355086904655 -0.010833417855272084 -0.0047648978232400635 -0.009096541801635263
leaf_weight=1.8264783918857572 0.96631334908306632 1.135697128251195 0.25190369086340059 1.7845470570027826 1.226591112324968 0.24127684440463781 1.1394981620833275
leaf_count=6 6 10 6 6 12 4 6
internal_value=0 -0.00333107 0.00137299 0.00359761 -0.00128832 -0.0173325 -0.0136962
internal_weight=0 6.74583 4.64002 4.14684 2.36229 0.493181 2.10581
internal_count=56 50 38 28 22 10 12
is_linear=0
shrinkage=0.1


Tree=48
num_leaves=6
num_cat=0
split_feature=4 3 1 1 0
split_gain=0.0277339 0.0337939 0.0189256 0.0135398 0.00382354
threshold=0.47425000000000006 0.38810000000000006 0.55500000000000016 0.48500000000000004 0.88750000000000007
decision_type=2 2 2 2 2
left_child=4 3 -3 -2 -1
right_child=1 2 -4 -5 -6
leaf_value=0.013809192216075794 -0.0052728633069586694 0.012099851482865942 -0.0027325188849022086 -0.019154746206838769 0.0052848237810615524
leaf_weight=1.1526153739541771 1.5928280502557757 1.4323587426915767 2.1538199912756681 1.2571581809315828 0.96817658469080914
leaf_count=6 4 12 16 14 4
internal_value=0 -0.00326799 0.00319169 -0.0113963 0.00991768
internal_weight=0 6.43616 3.58618 2.84999 2.12079
internal_count=56 46 28 18 10
is_linear=0
shrinkage=0.1


Tree=49
num_leaves=6
num_cat=0
split_feature=1 3 4 3 0
split_gain=0.0300155 0.0321397 0.014935 0.0166782 0.0057803
threshold=0.41000000000000009 0.33050000000000007 0.59120000000000006 0.45575000000000004 0.88750000000000007
decision_type=2 2 2 2 2
left_child=-1 4 3 -3 -2
right_child=1 2 -4 -5 -6
leaf_value=0.011384151819034165 -0.019039373985187187 -0.01201468340097196 0.010227854340509955 0.0030997620865228191 -0.0085133018247109653
leaf_weight=1.8216036558151243 0.96355293318629298 1.1203023844864222 1.3938805311918256 2.0959440753795207 1.1376603133976457
leaf_count=6 6 14 10 14 6
internal_value=0 -0.00308991 0.00158201 -0.00216499 -0.0133402
internal_weight=0 6.71134 4.61013 3.21625 2.10121
internal_count=56 50 38 28 12
is_linear=0
shrinkage=0.1


Tree=50
num_leaves=6
num_cat=0
split_feature=4 3 1 1 0
split_gain=0.0313619 0.0249827 0.0158066 0.0131103 0.00248263
threshold=0.47425000000000006 0.38810000000000006 0.55500000000000016 0.48500000000000004 0.88750000000000007
decision_type=2 2 2 2 2
left_child=4 3 -3 -2 -1
right_child=1 2 -4 -5 -6
leaf_value=0.013708369446269667 -0.0044550386817233494 0.010246062635597462 -0.0033358781856689008 -0.018145345593679574 0.0068349218120133566
leaf_weight=1.1455333419144156 1.5870570540428164 1.4247784167528155 2.1497318944893777 1.2507730782963333 0.97083712741732586
leaf_count=6 4 12 16 14 4
internal_value=0 -0.00348375 0.0020778 -0.010489 0.0105553
internal_weight=0 6.41234 3.57451 2.83783 2.11637
internal_count=56 46 28 18 10
is_linear=0
shrinkage=0.1


Tree=51
num_leaves=6
num_cat=0
split_feature=1 3 0 4 0
split_gain=0.0312752 0.0275232 0.0136971 0.0156615 0.0057274
threshold=0.41000000000000009 0.33050000000000007 0.91155000000000019 0.55125000000000013 0.88750000000000007
decision_type=2 2 2 2 2
left_child=-1 4 -3 -4 -2
right_child=1 2 3 -5 -6
leaf_value=0.011656086601836736 -0.018335716268240775 0.0099330030018062281 0.0038621977501881255 -0.0099969699327654774 -0.0078445596932429362
leaf_weight=1.8115738630294798 0.96041209157556329 1.2861997839063404 1.8557322355918588 1.4544231053441761 1.1357216723263261
leaf_count=6 6 12 12 14 6
internal_value=0 -0.00315516 0.00117554 -0.00222727 -0.0126514
internal_weight=0 6.69249 4.59636 3.31016 2.09613
internal_count=56 50 38 26 12
is_linear=0
shrinkage=0.1


Tree=52
num_leaves=6
num_cat=0
split_feature=1 3 4 3 0
split_gain=0.026802 0.0264683 0.0137589 0.0158001 0.00488387
threshold=0.41000000000000009 0.33050000000000007 0.59120000000000006 0.45575000000000004 0.88750000000000007
decision_type=2 2 2 2 2
left_child=-1 4 3 -3 -2
right_child=1 2 -4 -5 -6
leaf_value=0.010780335768501979 -0.017505859075438109 -0.011886211222452025 0.0096547855563109408 0.0028634867513112122 -0.0078093974710922859
leaf_weight=1.8135384768247602 0.95768380817025933 1.114953085081652 1.3844333570450542 2.0832568425685167 1.1351321497932074
leaf_count=6 6 14 10 14 6
internal_value=0 -0.00292872 0.00132657 -0.00227852 -0.0122466
internal_weight=0 6.67546 4.58264 3.19821 2.09282
internal_count=56 50 38 28 12
is_linear=0
shrinkage=0.1


Tree=53
num_leaves=6
num_cat=0
split_feature=4 3 1 1 0
split_gain=0.0311899 0.0224434 0.0144363 0.0112876 0.00274337
threshold=0.47425000000000006 0.38810000000000006 0.55500000000000016 0.48500000000000004 0.88750000000000007
decision_type=2 2 2 2 2
left_child=4 3 -3 -2 -1
right_child=1 2 -4 -5 -6
leaf_value=0.013900540771762599 -0.0045281464065302784 0.009644746016703603 -0.0033766365115084178 -0.017247470776590834 0.0066531246012898658
leaf_weight=1.1345148384571078 1.5873564109206202 1.4161584712564947 2.1350383600220084 1.2448925590142605 0.96788399294018734
leaf_count=6 4 12 16 14 4
internal_value=0 -0.00347928 0.00181608 -0.0101188 0.010564
internal_weight=0 6.38345 3.5512 2.83225 2.1024
internal_count=56 46 28 18 10
is_linear=0
shrinkage=0.1


Tree=54
num_leaves=6
num_cat=0
split_feature=1 3 0 1 0
split_gain=0.0281422 0.0228337 0.0108453 0.0137244 0.00490857
threshold=0.41000000000000009 0.33050000000000007 0.91155000000000019 0.55500000000000016 0.88750000000000007
decision_type=2 2 2 2 2
left_child=-1 4 -3 -4 -2
right_child=1 2 3 -5 -6
leaf_value=0.011080067446104284 -0.016945589573195443 0.0087805447446821627 0.0059791900024676655 -0.0072495952394523349 -0.0072139415585108198
leaf_weight=1.803712449967861 0.95501384511590037 1.2768858042545614 1.287928647361696 2.0053564724512398 1.1334326993674038
leaf_count=6 6 12 12 14 6
internal_value=0 -0.00300142 0.000957185 -0.00207612 -0.0116641
internal_weight=0 6.65862 4.57017 3.29329 2.08845
internal_count=56 50 38 26 12
is_linear=0
shrinkage=0.1


Tree=55
num_leaves=6
num_cat=0
split_feature=1 3 4 3 0
split_gain=0.0262 0.0213964 0.0103875 0.0176088 0.0042761
threshold=0.41000000000000009 0.33050000000000007 0.59120000000000006 0.45575000000000004 0.88750000000000007
decision_type=2 2 2 2 2
left_child=-1 4 3 -3 -2
right_child=1 2 -4 -5 -6
leaf_value=0.010684338685684715 -0.016231438143507925 -0.012387790206867555 0.0082070002368798984 0.003237050368763802 -0.0071408714890143889
leaf_weight=1.8045006841421125 0.95255701430141959 1.1063595532905313 1.372993668541312 2.07222950598225 1.1328141894191501
leaf_count=6 6 14 10 14 6
internal_value=0 -0.00290494 0.000938294 -0.00220143 -0.0112933
internal_weight=0 6.63695 4.55158 3.17859 2.08537
internal_count=56 50 38 28 12
is_linear=0
shrinkage=0.1


Tree=56
num_leaves=7
num_cat=0
split_feature=4 3 3 4 1 0
split_gain=0.0289627 0.0198022 0.0105446 0.0504092 0.0102085 0.00368355
threshold=0.47425000000000006 0.38810000000000006 0.42870000000000003 0.55125000000000013 0.48500000000000004 0.88750000000000007
decision_type=2 2 2 2 2 2
left_child=5 4 -3 -4 -2 -1
right_child=1 2 3 -5 -6 -7
leaf_value=0.014104331113600412 -0.0042804162309148181 0.0092095229603041708 0.0053689429162534618 -0.030631193046474915 -0.016395108204285226 0.005672405580571486
leaf_weight=1.1259590275585654 1.5850049257278445 1.2091789864934983 1.8235320937819781 0.494414398446679 1.2395207809749988 0.95969111099839199
leaf_count=6 4 8 10 10 14 4
internal_value=0 -0.00335734 0.00163927 -0.00230983 -0.00959685 0.0102245
internal_weight=0 6.35165 3.52713 2.31795 2.82453 2.08565
internal_count=56 46 28 20 18 10
is_linear=0
shrinkage=0.1


Tree=57
num_leaves=6
num_cat=0
split_feature=4 3 1 1 0
split_gain=0.0253956 0.0210782 0.0119548 0.00986387 0.00312944
threshold=0.47425000000000006 0.38810000000000006 0.55500000000000016 0.48500000000000004 0.88750000000000007
decision_type=2 2 2 2 2
left_child=4 3 -3 -2 -1
right_child=1 2 -4 -5 -6
leaf_value=0.01315512831814503 -0.0043609967755041321 0.0091818248015275231 -0.0027353816768859235 -0.01628014754372702 0.0053803553176242774
leaf_weight=1.1243299562484028 1.5822955444455149 1.4005752224475148 2.1097957212477922 1.2372030760161576 0.95956264808773983
leaf_count=6 4 12 16 14 4
internal_value=0 -0.00315228 0.00201937 -0.00959115 0.00957511
internal_weight=0 6.32987 3.51037 2.8195 2.08389
internal_count=56 46 28 18 10
is_linear=0
shrinkage=0.1


Tree=58
num_leaves=6
num_cat=0
split_feature=1 3 0 3 0
split_gain=0.0257569 0.0203525 0.00964299 0.0145111 0.00526564
threshold=0.41000000000000009 0.33050000000000007 0.91155000000000019 0.45575000000000004 0.88750000000000007
decision_type=2 2 2 2 2
left_child=-1 4 -3 -4 -2
right_child=1 2 3 -5 -6
leaf_value=0.01063864415367655 -0.016552518313724781 0.0083044900951447214 -0.010726091892952455 0.0031004638343699212 -0.0064532794120798201
leaf_weight=1.7904037982225416 0.95106186997145448 1.2616299525834618 1.2014083794783803 2.0615245280787349 1.1292691552080212
leaf_count=6 6 12 12 14 6
internal_value=0 -0.00288385 0.000880186 -0.00199046 -0.0110703
internal_weight=0 6.60489 4.52456 3.26293 2.08033
internal_count=56 50 38 26 12
is_linear=0
shrinkage=0.1


Tree=59
num_leaves=6
num_cat=0
split_feature=1 3 4 3 0
split_gain=0.0220146 0.0194873 0.0113082 0.0163307 0.00464697
threshold=0.41000000000000009 0.33050000000000007 0.59120000000000006 0.45575000000000004 0.88750000000000007
decision_type=2 2 2 2 2
left_child=-1 4 3 -3 -2
right_child=1 2 -4 -5 -6
leaf_value=0.0098278516021009753 -0.015845051028167224 -0.012088523383941143 0.0086481156240460887 0.003000054733352962 -0.0063513938494514843
leaf_weight=1.7921416386961935 0.94858611095696721 1.1017583489883693 1.3578600399196146 2.0557095101103187 1.1295197182334957
leaf_count=6 6 14 10 14 6
internal_value=0 -0.00267128 0.00101688 -0.00226491 -0.0106849
internal_weight=0 6.59343 4.51533 3.15747 2.07811
internal_count=56 50 38 28 12
is_linear=0
shrinkage=0.1


Tree=60
num_leaves=6
num_cat=0
split_feature=4 3 1 1 0
split_gain=0.0262625 0.0183635 0.0113675 0.00827282 0.00285232
threshold=0.47425000000000006 0.38810000000000006 0.55500000000000016 0.48500000000000004 0.88750000000000007
decision_type=2 2 2 2 2
left_child=4 3 -3 -2 -1
right_child=1 2 -4 -5 -6
leaf_value=0.013205090306474571 -0.0044358197144341357 0.008632243138207386 -0.0030145796758290089 -0.015363404311480403 0.0057655219289291168
leaf_weight=1.1144321691244843 1.5825192630290987 1.394551361910999 2.099862027913332 1.2322514029219744 0.95867365971207608
leaf_count=6 4 12 16 14 4
internal_value=0 -0.00320857 0.00163344 -0.0092197 0.00976478
internal_weight=0 6.30918 3.49441 2.81477 2.07311
internal_count=56 46 28 18 10
is_linear=0
shrinkage=0.1


Tree=61
num_leaves=6
num_cat=0
split_feature=1 3 4 3 0
split_gain=0.0231016 0.0169961 0.00863365 0.0131953 0.00467065
threshold=0.41000000000000009 0.33050000000000007 0.59120000000000006 0.45575000000000004 0.88750000000000007
decision_type=2 2 2 2 2
left_child=-1 4 3 -3 -2
right_child=1 2 -4 -5 -6
leaf_value=0.010095524511809331 -0.015406054138892024 -0.01099171496487506 0.0074005954158425967 0.0025802303754927985 -0.00588004677493953
leaf_weight=1.7833485752344129 0.94639293383806977 1.0999249268788847 1.3513391036540268 2.054323656950146 1.128376957029104
leaf_count=6 6 14 10 14 6
internal_value=0 -0.00273599 0.000712733 -0.00215247 -0.0102253
internal_weight=0 6.58036 4.50559 3.15425 2.07477
internal_count=56 50 38 28 12
is_linear=0
shrinkage=0.1


Tree=62
num_leaves=6
num_cat=0
split_feature=4 3 1 1 0
split_gain=0.0279519 0.014263 0.00979382 0.00804955 0.00197255
threshold=0.47425000000000006 0.38810000000000006 0.55500000000000016 0.48500000000000004 0.88750000000000007
decision_type=2 2 2 2 2
left_child=4 3 -3 -2 -1
right_child=1 2 -4 -5 -6
leaf_value=0.012957158674004163 -0.0038971060165074027 0.0074642221141948684 -0.0033595517618184075 -0.014692177415261007 0.0067654225028018341
leaf_weight=1.1088033374398949 1.5785851925611498 1.3903808239847424 2.0965384561568499 1.2281641203444449 0.95998207479715336
leaf_count=6 4 12 16 14 4
internal_value=0 -0.0033147 0.00095634 -0.00862076 0.010084
internal_weight=0 6.29367 3.48692 2.80675 2.06879
internal_count=56 46 28 18 10
is_linear=0
shrinkage=0.1


Tree=63
num_leaves=6
num_cat=0
split_feature=4 3 1 1 0
split_gain=0.0237282 0.013061 0.00814114 0.00755776 0.0024578
threshold=0.47425000000000006 0.38810000000000006 0.48500000000000004 0.55500000000000016 0.88750000000000007
decision_type=2 2 2 2 2
left_child=4 2 -2 -3 -1
right_child=1 3 -4 -5 -6
leaf_value=0.012511334913821413 -0.0033836619217095121 0.0067486983205799116 -0.014250806597832883 -0.0027660813989073378 0.0055880040539025783
leaf_weight=1.1077194660902026 1.5756113007664683 1.3903366234153511 1.225612139329314 2.089404477737844 0.95468601211905468
leaf_count=6 4 12 14 16 4
internal_value=0 -0.00305587 -0.00813834 0.00103557 0.00930653
internal_weight=0 6.28096 2.80122 3.47974 2.06241
internal_count=56 46 18 28 10
is_linear=0
shrinkage=0.1


Tree=64
num_leaves=6
num_cat=0
split_feature=1 5 0 1 0
split_gain=0.0249146 0.0159776 0.0173109 0.0136877 0.0101489
threshold=0.41000000000000009 0.35000000000000003 0.91155000000000019 0.55500000000000016 0.88750000000000007
decision_type=2 2 2 2 2
left_child=-1 4 -3 -4 -2
right_child=1 2 3 -5 -6
leaf_value=0.010524917214574027 -0.01619310540378666 0.011934281369283858 0.006474775423860487 -0.0077117988042393953 -0.0033087217331345476
leaf_weight=1.7708953917026518 1.1274640290066602 1.0676396973431108 1.0318723917007449 1.9950191988609729 1.3355128944385795
leaf_count=6 12 6 4 16 12
internal_value=0 -0.00284232 0.000986064 -0.00287557 -0.00920674
internal_weight=0 6.55751 4.09453 3.02689 2.46298
internal_count=56 50 26 20 24
is_linear=0
shrinkage=0.1


Tree=65
num_leaves=6
num_cat=0
split_feature=1 3 4 3 0
split_gain=0.0217181 0.0147568 0.00694426 0.0175328 0.0048422
threshold=0.41000000000000009 0.33050000000000007 0.59120000000000006 0.45575000000000004 0.88750000000000007
decision_type=2 2 2 2 2
left_child=-1 4 3 -3 -2
right_child=1 2 -4 -5 -6
leaf_value=0.0098184263960105697 -0.014933042432622699 -0.01227025998899796 0.0065931453737112363 0.0034557580487430527 -0.0052189192877553879
leaf_weight=1.7722834274172781 0.94254864798858795 1.0866513277869674 1.3403839524835346 2.0396381765604019 1.1263366970233617
leaf_count=6 6 14 10 14 6
internal_value=0 -0.00266252 0.00057142 -0.00201037 -0.00964451
internal_weight=0 6.53556 4.46667 3.12629 2.06889
internal_count=56 50 38 28 12
is_linear=0
shrinkage=0.1


Tree=66
num_leaves=8
num_cat=0
split_feature=4 3 4 3 1 1 0
split_gain=0.0210985 0.0135968 0.0068235 0.0439577 0.00814786 0.00679095 0.00306262
threshold=0.47425000000000006 0.38810000000000006 0.55125000000000013 0.42870000000000003 0.59500000000000008 0.48500000000000004 0.88750000000000007
decision_type=2 2 2 2 2 2 2
left_child=6 5 -3 -4 -5 -2 -1
right_child=1 2 3 4 -6 -7 -8
leaf_value=0.012396507787976173 -0.0037308332822937208 0.0055509494120090305 0.0067723801368033062 -0.042594013278944333 -0.015902925132536744 -0.013667042148857056 0.0046421797902892322
leaf_weight=1.1005281656980517 1.5749641582369807 1.8081358363851907 1.1923644002526996 0.23632365278899659 0.22162658162415028 1.2211712475400416 0.9481522999703883
leaf_count=6 4 10 8 6 4 14 4
internal_value=0 -0.00288495 0.00130739 -0.00334199 -0.0296768 -0.00807033 0.00880772
internal_weight=0 6.25459 3.45845 1.65031 0.45795 2.79614 2.04868
internal_count=56 46 28 18 10 18 10
is_linear=0
shrinkage=0.1


Tree=67
num_leaves=9
num_cat=0
split_feature=3 4 1 1 0 1 1 0
split_gain=0.0200138 0.0142733 0.0206028 0.0144776 0.0181802 0.200555 0.00186933 0.00098948
threshold=0.30405000000000004 0.59120000000000006 0.56500000000000006 0.41000000000000009 0.64285000000000003 0.48500000000000004 0.55500000000000016 0.91155000000000019
decision_type=2 2 2 2 2 2 2 2
left_child=-1 2 3 -2 -5 -6 -7 -4
right_child=1 -3 7 4 5 6 -8 -9
leaf_value=0.011260273063708111 -0.0040092772027099446 0.0071733388133267371 0.0043413246703084447 -0.011045637558690964 0.036609547451999784 -0.10751371513469461 -0.12889557406355734 0.0003733322825205002
leaf_weight=1.3258746955543754 1.5733014419674876 1.3297149669378994 0.94846773892641079 0.90636067837476708 0.17440341971814632 0.090653838589787483 0.074481414631009102 1.8625278645195067
leaf_count=8 4 10 4 4 4 8 4 10
internal_value=0 -0.0021451 -0.00434589 -0.0103863 -0.0184392 -0.0381754 -0.117158 0.00171219
internal_weight=0 6.95991 5.6302 2.8192 1.2459 0.339539 0.165135 2.811
internal_count=56 48 38 24 20 16 12 14
is_linear=0
shrinkage=0.1


Tree=68
num_leaves=6
num_cat=0
split_feature=1 3 0 4 0
split_gain=0.0202436 0.0185634 0.00768668 0.0108085 0.00410036
threshold=0.41000000000000009 0.33050000000000007 0.91155000000000019 0.55125000000000013 0.88750000000000007
decision_type=2 2 2 2 2
left_child=-1 4 -3 -4 -2
right_child=1 2 3 -5 -6
leaf_value=0.0095058723823627997 -0.015268691046623154 0.0078155340237313856 0.0035479170536420845 -0.0082210663853827786 -0.0063308762928058751
leaf_weight=1.7614508643746374 0.94153589941561255 1.2248362516984341 1.8171695754863324 1.3676708731800316 1.1284898151643572
leaf_count=6 6 12 12 14 6
internal_value=0 -0.00258409 0.00108312 -0.00150606 -0.0103962
internal_weight=0 6.4797 4.40968 3.18484 2.07003
internal_count=56 50 38 26 12
is_linear=0
shrinkage=0.1


Tree=69
num_leaves=6
num_cat=0
split_feature=1 3 4 3 0
split_gain=0.0178037 0.0180102 0.00713354 0.00963438 0.00360775
threshold=0.41000000000000009 0.33050000000000007 0.59120000000000006 0.45575000000000004 0.88750000000000007
decision_type=2 2 2 2 2
left_child=-1 4 3 -3 -2
right_child=1 2 -4 -5 -6
leaf_value=0.0089095760031676109 -0.014701991002465454 -0.0091435446773171034 0.0073348361377148404 0.0026160809546050367 -0.006313198387150297
leaf_weight=1.7626344487071035 0.93968322360888157 1.0645846779225396 1.3215553574264047 2.0159867922775447 1.1281770709902046
leaf_count=6 6 14 10 14 6
internal_value=0 -0.00242726 0.00118881 -0.00144781 -0.0101253
internal_weight=0 6.46999 4.40213 3.08057 2.06786
internal_count=56 50 38 28 12
is_linear=0
shrinkage=0.1


Tree=70
num_leaves=6
num_cat=0
split_feature=4 3 1 1 0
split_gain=0.0192323 0.0158327 0.00800409 0.00667558 0.00258395
threshold=0.47425000000000006 0.38810000000000006 0.55500000000000016 0.48500000000000004 0.88750000000000007
decision_type=2 2 2 2 2
left_child=4 3 -3 -2 -1
right_child=1 2 -4 -5 -6
leaf_value=0.011744490718930837 -0.0040601541902232424 0.0077622592871012175 -0.0021452737749320131 -0.013927171162051411 0.0046066313751071918
leaf_weight=1.0903363004326823 1.5735377296805384 1.3561452217400076 2.0450778021477163 1.2151998584158716 0.9482276290655135
leaf_count=6 4 12 16 14 4
internal_value=0 -0.00277443 0.00180509 -0.00835973 0.00842435
internal_weight=0 6.18996 3.40122 2.78874 2.03856
internal_count=56 46 28 18 10
is_linear=0
shrinkage=0.1


Tree=71
num_leaves=6
num_cat=0
split_feature=1 3 0 4 0
split_gain=0.0184952 0.0159846 0.0065378 0.00924261 0.00362186
threshold=0.41000000000000009 0.33050000000000007 0.91155000000000019 0.55125000000000013 0.88750000000000007
decision_type=2 2 2 2 2
left_child=-1 4 -3 -4 -2
right_child=1 2 3 -5 -6
leaf_value=0.0091009384225367342 -0.014322181374880651 0.0071609184821560413 0.0032170271217004348 -0.0076861574945250232 -0.0059106004998056658
leaf_weight=1.755740664899349 0.93779545603320036 1.2191935910377649 1.8148326742229985 1.3601817078888414 1.1271198936738072
leaf_count=6 6 12 12 14 6
internal_value=0 -0.00247385 0.00093631 -0.00145392 -0.00973078
internal_weight=0 6.45912 4.39421 3.17501 2.06492
internal_count=56 50 38 26 12
is_linear=0
shrinkage=0.1


Tree=72
num_leaves=7
num_cat=0
split_feature=0 3 4 3 4 1
split_gain=0.0167492 0.00928117 0.0097676 0.00748865 0.0304289 0.00617828
threshold=0.64285000000000003 0.38810000000000006 0.47425000000000006 0.42870000000000003 0.55125000000000013 0.48500000000000004
decision_type=2 2 2 2 2 2
left_child=-1 2 -2 -3 -5 -4
right_child=1 3 5 4 -6 -7
leaf_value=0.011568338735499655 0.0035833292912710946 0.0084717969265083459 -0.0040503398650735892 0.0042837478143493016 -0.02556888002651303 -0.01354760394075466
leaf_weight=1.0859641972929237 0.94444147869944606 1.1760765262879433 1.5736787319183352 1.7927461168728771 0.4217757936567067 1.2129052504897115
leaf_count=6 4 8 4 10 10 14
internal_value=0 -0.00176404 -0.00520545 0.00202289 -0.00140196 -0.00818418
internal_weight=0 7.12162 3.73103 3.3906 2.21452 2.78658
internal_count=56 50 22 28 20 18
is_linear=0
shrinkage=0.1


Tree=73
num_leaves=7
num_cat=0
split_feature=1 3 4 3 0 3
split_gain=0.0157955 0.0167061 0.00771293 0.00401395 0.00376666 0.00138789
threshold=0.41000000000000009 0.33050000000000007 0.5606500000000002 0.35230000000000006 0.88750000000000007 0.39770000000000005
decision_type=2 2 2 2 2 2
left_child=-1 4 3 -3 -2 -4
right_child=1 2 5 -5 -6 -7
leaf_value=0.0084159466019012013 -0.014395747114135339 0.0035045013635480204 0.0049837730497444164 -0.0044534548825469382 -0.005812336523885994 0.011569633895102384
leaf_weight=1.7529613450169561 0.9368319422937933 0.94456620141863856 1.0452972901985047 1.9266382106579838 1.1254297546111045 0.46115505695343006
leaf_count=6 6 4 6 18 6 10
internal_value=0 -0.00229084 0.00120497 -0.00183545 -0.00971156 0.00699984
internal_weight=0 6.43992 4.37766 2.8712 2.06226 1.50645
internal_count=56 50 38 22 12 16
is_linear=0
shrinkage=0.1


Tree=74
num_leaves=6
num_cat=0
split_feature=0 3 4 1 1
split_gain=0.0156949 0.00991259 0.00861282 0.0082476 0.00563351
threshold=0.64285000000000003 0.38810000000000006 0.47425000000000006 0.55500000000000016 0.48500000000000004
decision_type=2 2 2 2 2
left_child=-1 2 -2 -3 -4
right_child=1 3 4 -5 -6
leaf_value=0.011216014810224937 0.0029987364307054246 0.0082841809059038523 -0.0041163309019646771 -0.0018116106487039247 -0.0131919507273248
leaf_weight=1.0825443658977745 0.9418202601373199 1.3460975331254306 1.5721242353320124 2.0287008248269558 1.2106446345569564
leaf_count=6 4 12 4 16 14
internal_value=0 -0.00171026 -0.00526713 0.00221527 -0.00806468
internal_weight=0 7.09939 3.72459 3.3748 2.78277
internal_count=56 50 22 28 18
is_linear=0
shrinkage=0.1


Tree=75
num_leaves=6
num_cat=0
split_feature=1 3 4 3 0
split_gain=0.0165892 0.0143318 0.00551214 0.0111852 0.00379042
threshold=0.41000000000000009 0.33050000000000007 0.59120000000000006 0.45575000000000004 0.88750000000000007
decision_type=2 2 2 2 2
left_child=-1 4 3 -3 -2
right_child=1 2 -4 -5 -6
leaf_value=0.0086377088886206606 -0.013932123701901986 -0.0097449154390168713 0.0063320771679613074 0.0029710799088205758 -0.0053151417082710154
leaf_weight=1.7478140816092489 0.93478378886356983 1.0577086398843678 1.3062639851123092 1.9992369939573107 1.1246284977532921
leaf_count=6 6 14 10 14 6
internal_value=0 -0.00235061 0.000894749 -0.00142868 -0.00922646
internal_weight=0 6.42262 4.36321 3.05695 2.05941
internal_count=56 50 38 28 12
is_linear=0
shrinkage=0.1


Tree=76
num_leaves=6
num_cat=0
split_feature=4 3 1 1 0
split_gain=0.0159805 0.0129138 0.00716768 0.00553289 0.00259856
threshold=0.47425000000000006 0.38810000000000006 0.55500000000000016 0.48500000000000004 0.88750000000000007
decision_type=2 2 2 2 2
left_child=4 3 -3 -2 -1
right_child=1 2 -4 -5 -6
leaf_value=0.011066923068853084 -0.0036695598835915309 0.0072907844335676035 -0.0021302132618105487 -0.012673957801663641 0.0038790412759365138
leaf_weight=1.0782453771680596 1.5689064711332323 1.3428011927753689 2.026106808334589 1.2077026641927657 0.94267940893769253
leaf_count=6 4 12 16 14 4
internal_value=0 -0.00253673 0.00162487 -0.00758608 0.00771407
internal_weight=0 6.14552 3.36891 2.77661 2.02092
internal_count=56 46 28 18 10
is_linear=0
shrinkage=0.1


Tree=77
num_leaves=6
num_cat=0
split_feature=1 3 0 3 0
split_gain=0.0170602 0.0128296 0.00503168 0.00900052 0.00378519
threshold=0.41000000000000009 0.33050000000000007 0.91155000000000019 0.45575000000000004 0.88750000000000007
decision_type=2 2 2 2 2
left_child=-1 4 -3 -4 -2
right_child=1 2 3 -5 -6
leaf_value=0.0087769611865877555 -0.013600310662852068 0.0061823328604977603 -0.0084525223253129455 0.0026454304367713997 -0.0049837720662725959
leaf_weight=1.7416470013558862 0.93309475108981166 1.2061405780259518 1.152072699624114 1.9983433587476609 1.1239071460440753
leaf_count=6 6 12 12 14 6
internal_value=0 -0.00238344 0.000689839 -0.00141297 -0.0088924
internal_weight=0 6.41356 4.35656 3.15042 2.057
internal_count=56 50 38 26 12
is_linear=0
shrinkage=0.1


Tree=78
num_leaves=9
num_cat=0
split_feature=3 4 1 1 0 1 1 0
split_gain=0.014944 0.0106253 0.0144834 0.00975123 0.0142944 0.153385 0.00132431 0.000475835
threshold=0.30405000000000004 0.59120000000000006 0.56500000000000006 0.41000000000000009 0.64285000000000003 0.48500000000000004 0.55500000000000016 0.91155000000000019
decision_type=2 2 2 2 2 2 2 2
left_child=-1 2 3 -2 -5 -6 -7 -4
right_child=1 -3 7 4 5 6 -8 -9
leaf_value=0.0098106908026095712 -0.0036977408390371593 0.0062612051397196071 0.0031620807827039072 -0.0093522200960829676 0.03056006603718632 -0.10367734063719254 -0.12341973920143925 0.00039440529357232922
leaf_weight=1.3041638438589869 1.5692014396190646 1.3017387539148328 0.93983954563736927 0.90048040077090241 0.16471855062991381 0.075350968516431749 0.061880834866315126 1.8321911748498678
leaf_count=8 4 10 4 4 4 8 4 10
internal_value=0 -0.0018691 -0.00377823 -0.00888996 -0.0156659 -0.0344947 -0.11258 0.00133277
internal_weight=0 6.8454 5.54366 2.77163 1.20243 0.30195 0.137232 2.77203
internal_count=56 48 38 24 20 16 12 14
is_linear=0
shrinkage=0.1


Tree=79
num_leaves=6
num_cat=0
split_feature=1 3 4 3 0
split_gain=0.015995 0.0149268 0.00415589 0.00567494 0.00260339
threshold=0.41000000000000009 0.33050000000000007 0.59120000000000006 0.45575000000000004 0.88750000000000007
decision_type=2 2 2 2 2
left_child=-1 4 3 -3 -2
right_child=1 2 -4 -5 -6
leaf_value=0.0085021637286642419 -0.013235108151391999 -0.0069910343244602019 0.0057635110114959464 0.0021287336435450322 -0.0060914888989260282
leaf_weight=1.738733012229204 0.93173828860744867 1.0398809820180761 1.2947369348257778 1.9844369539059696 1.1274900748394427
leaf_count=6 6 14 10 14 6
internal_value=0 -0.00231771 0.00102261 -0.00100701 -0.00932376
internal_weight=0 6.37828 4.31905 3.02432 2.05923
internal_count=56 50 38 28 12
is_linear=0
shrinkage=0.1


Tree=80
num_leaves=7
num_cat=0
split_feature=1 3 3 4 2 0
split_gain=0.0153362 0.0141335 0.00402575 0.0400733 0.0139794 0.00236338
threshold=0.41000000000000009 0.33050000000000007 0.42870000000000003 0.55125000000000013 0.55000000000000016 0.88750000000000007
decision_type=2 2 2 2 2 2
left_child=-1 5 4 -4 -3 -2
right_child=1 2 3 -5 -6 -7
leaf_value=0.0083289612889180156 -0.012821476494339783 -0.0044202104896870443 0.0043643926954786798 -0.030756101585974818 0.011759150930315924 -0.0060119216819777572
leaf_weight=1.7373292520642278 0.93014231044799123 1.0189445137511939 1.7795319142751398 0.39745090436190356 1.1221458949148655 1.1274958094581959
leaf_count=6 6 12 10 10 6 6
internal_value=0 -0.00226957 0.000980546 -0.00204754 0.0040594 -0.00909014
internal_weight=0 6.37571 4.31807 2.17698 2.14109 2.05764
internal_count=56 50 38 20 18 12
is_linear=0
shrinkage=0.1


Tree=81
num_leaves=6
num_cat=0
split_feature=4 3 4 1 0
split_gain=0.0162383 0.0141098 0.00651591 0.0055865 0.00205828
threshold=0.47425000000000006 0.38810000000000006 0.5606500000000002 0.48500000000000004 0.88750000000000007
decision_type=2 2 2 2 2
left_child=4 3 -3 -2 -1
right_child=1 2 -4 -5 -6
leaf_value=0.010800188570905526 -0.0039063597826881407 -0.0020606673645421807 0.0068733212353278006 -0.012966127023268301 0.0043873648689444671
leaf_weight=1.0677823554724457 1.5670297816395762 1.8778153853490951 1.4442339530214665 1.2032311727525664 0.94208645448088635
leaf_count=6 4 14 14 14 4
internal_value=0 -0.00257136 0.00182331 -0.00784137 0.0077943
internal_weight=0 6.09231 3.32205 2.77026 2.00987
internal_count=56 46 28 18 10
is_linear=0
shrinkage=0.1


Tree=82
num_leaves=6
num_cat=0
split_feature=4 3 1 1 0
split_gain=0.014694 0.0123669 0.00573058 0.00549795 0.0021185
threshold=0.47425000000000006 0.38810000000000006 0.55500000000000016 0.48500000000000004 0.88750000000000007
decision_type=2 2 2 2 2
left_child=4 3 -3 -2 -1
right_child=1 2 -4 -5 -6
leaf_value=0.010470740648935108 -0.0034802289063862804 0.0067790613139932891 -0.0017116868669316912 -0.012476021331237225 0.0039592321308045591
leaf_weight=1.0666233170777562 1.5646453239023688 1.3207996962592008 1.9963317324873058 1.2008007734548298 0.93996527045965184
leaf_count=6 4 12 16 14 4
internal_value=0 -0.00244795 0.00166912 -0.00738635 0.00742049
internal_weight=0 6.08258 3.31713 2.76545 2.00659
internal_count=56 46 28 18 10
is_linear=0
shrinkage=0.1


Tree=83
num_leaves=6
num_cat=0
split_feature=1 3 0 1 0
split_gain=0.01525 0.0135495 0.00434517 0.007206 0.00289607
threshold=0.41000000000000009 0.33050000000000007 0.91155000000000019 0.55500000000000016 0.88750000000000007
decision_type=2 2 2 2 2
left_child=-1 4 -3 -4 -2
right_child=1 2 3 -5 -6
leaf_value=0.0083267091763823756 -0.013078215908395689 0.0060719046504431095 0.0049736273007616608 -0.004895070682878035 -0.0055341883959584316
leaf_weight=1.7288062386214731 0.9293166566640142 1.1877553362864999 1.2144429004983979 1.893560708966106 1.1247366359457371
leaf_count=6 6 12 12 14 6
internal_value=0 -0.00226704 0.000927196 -0.00103891 -0.00894734
internal_weight=0 6.34981 4.29576 3.108 2.05405
internal_count=56 50 38 26 12
is_linear=0
shrinkage=0.1


Tree=84
num_leaves=7
num_cat=0
split_feature=1 3 1 0 1 0
split_gain=0.0145003 0.0128975 0.00361174 0.00710962 0.00729619 0.0026194
threshold=0.41000000000000009 0.33050000000000007 0.53500000000000014 0.91155000000000019 0.6100000000000001 0.88750000000000007
decision_type=2 2 2 2 2 2
left_child=-1 5 -3 -4 -5 -2
right_child=1 2 3 4 -6 -7
leaf_value=0.0081181032923016913 -0.012665882838763257 0.011594104368868381 0.0071798103509838453 -0.0086246043442899292 0.0015830297986345933 -0.0054877089092625238
leaf_weight=1.7287913411855695 0.92785441456362638 0.29449777328409243 1.0506840478628876 1.1488829274894672 1.793164264410734 1.1244271085597572
leaf_count=6 6 8 8 14 8 6
internal_value=0 -0.00221381 0.000906908 0.000118637 -0.0024031 -0.00873302
internal_weight=0 6.33951 4.28723 3.99273 2.94205 2.05228
internal_count=56 50 38 30 22 12
is_linear=0
shrinkage=0.1


Tree=85
num_leaves=9
num_cat=0
split_feature=0 3 4 3 4 4 4 1
split_gain=0.013707 0.00784238 0.00678152 0.00586664 0.00601677 0.0120912 0.0294078 0.00478441
threshold=0.64285000000000003 0.38810000000000006 0.47425000000000006 0.42870000000000003 0.49515000000000003 0.59335000000000016 0.55125000000000013 0.48500000000000004
decision_type=2 2 2 2 2 2 2 2
left_child=-1 2 -2 -3 -5 6 -6 -4
right_child=1 3 7 4 5 -7 -8 -9
leaf_value=0.010591051691033981 0.0025978863056995562 0.0077008880148353998 -0.0036177808816559229 0.0018637402194349635 0.034810905836269224 -0.033209508266590991 -0.023271877006313349 -0.01201308576540753
leaf_weight=1.0611457321792839 0.93414466083049807 1.1504830950871112 1.5657181926071646 1.6257757879793646 0.14399130968376983 0.16158710606396198 0.22089924663305283 1.1983824445633215
leaf_count=6 4 8 4 4 6 4 6 14
internal_value=0 -0.00160529 -0.00476818 0.00193635 -0.00114507 -0.0104363 -0.000351536 -0.00725759
internal_weight=0 7.00098 3.69825 3.30274 2.15225 0.526478 0.364891 2.7641
internal_count=56 50 22 28 20 16 12 18
is_linear=0
shrinkage=0.1


Tree=86
num_leaves=7
num_cat=0
split_feature=1 3 4 0 3 3
split_gain=0.0122041 0.0134101 0.00613738 0.00279696 0.00226765 0.00101516
threshold=0.41000000000000009 0.33050000000000007 0.5606500000000002 0.88750000000000007 0.35230000000000006 0.39770000000000005
decision_type=2 2 2 2 2 2
left_child=-1 3 4 -2 -3 -4
right_child=1 2 5 -5 -6 -7
leaf_value=0.0074503807103765323 -0.012748298880465019 0.0024756961749657956 0.0047793051217924062 -0.0053275322543089127 -0.0035478038306482255 0.01064391726889361
leaf_weight=1.7267600260674951 0.92705853655934367 0.9338449873030189 1.0315373162738977 1.1233863043598828 1.8897795144002882 0.41346427425742138
leaf_count=6 6 4 6 6 18 10
internal_value=0 -0.00203591 0.00115687 -0.00868265 -0.00155568 0.00645737
internal_weight=0 6.31907 4.26863 2.05044 2.82362 1.445
internal_count=56 50 38 12 22 16
is_linear=0
shrinkage=0.1


Tree=87
num_leaves=6
num_cat=0
split_feature=0 3 4 4 1
split_gain=0.0127585 0.00844355 0.00622475 0.00536132 0.00423856
threshold=0.64285000000000003 0.38810000000000006 0.47425000000000006 0.5606500000000002 0.48500000000000004
decision_type=2 2 2 2 2
left_child=-1 2 -2 -3 -4
right_child=1 3 4 -5 -6
leaf_value=0.010231488217602428 0.0022331480199578014 -0.0014013869001891375 -0.0037909299226090015 0.0067484850360558391 -0.01169727508614676
leaf_weight=1.0583009403198955 0.93225378543138537 1.8595659374259415 1.5645348913967612 1.4262837730348108 1.1966976597905157
leaf_count=6 4 14 4 14 14
internal_value=0 -0.00155144 -0.0048321 0.00213622 -0.00721748
internal_weight=0 6.97934 3.69349 3.28585 2.76123
internal_count=56 50 22 28 18
is_linear=0
shrinkage=0.1


Tree=88
num_leaves=6
num_cat=0
split_feature=1 3 4 3 0
split_gain=0.0128088 0.011522 0.0039902 0.00750435 0.00286865
threshold=0.41000000000000009 0.33050000000000007 0.59120000000000006 0.45575000000000004 0.88750000000000007
decision_type=2 2 2 2 2
left_child=-1 4 3 -3 -2
right_child=1 2 -4 -5 -6
leaf_value=0.0076426208367974249 -0.012373574421744901 -0.0080316005593571455 0.005577416042473169 0.0025133347173950816 -0.0048534545585045864
leaf_weight=1.7224425897002218 0.92526175314560566 1.029164962936193 1.2681484576314686 1.9604430035687981 1.1228254428133366
leaf_count=6 6 14 10 14 6
internal_value=0 -0.00208758 0.000877081 -0.00111673 -0.00825081
internal_weight=0 6.30584 4.25776 2.98961 2.04809
internal_count=56 50 38 28 12
is_linear=0
shrinkage=0.1


Tree=89
num_leaves=6
num_cat=0
split_feature=1 3 4 3 0
split_gain=0.0123896 0.0109077 0.00358291 0.00617045 0.00263065
threshold=0.41000000000000009 0.33050000000000007 0.59120000000000006 0.45575000000000004 0.88750000000000007
decision_type=2 2 2 2 2
left_child=-1 4 3 -3 -2
right_child=1 2 -4 -5 -6
leaf_value=0.0075194149706430367 -0.012004553545238914 -0.0073262755395513846 0.0052923596882254375 0.0022344308382873344 -0.0048003627948550081
leaf_weight=1.721207123249769 0.92388981301337514 1.0292394148418682 1.2652481421828268 1.9616420506499705 1.1229229504242537
leaf_count=6 6 14 10 14 6
internal_value=0 -0.00205341 0.000831462 -0.00105565 -0.00805219
internal_weight=0 6.30294 4.25613 2.99088 2.04681
internal_count=56 50 38 28 12
is_linear=0
shrinkage=0.1


Tree=90
num_leaves=6
num_cat=0
split_feature=4 3 1 1 0
split_gain=0.0132508 0.0100306 0.00501252 0.00390548 0.00224734
threshold=0.47425000000000006 0.38810000000000006 0.55500000000000016 0.48500000000000004 0.88750000000000007
decision_type=2 2 2 2 2
left_child=4 3 -3 -2 -1
right_child=1 2 -4 -5 -6
leaf_value=0.010252102301284712 -0.0034879742710786153 0.0062204258018280847 -0.0017695408619392173 -0.011085092201123118 0.0035125570827596528
leaf_weight=1.0527493748813865 1.5621797554194929 1.3030713368207218 1.9755670754238961 1.1937513317679984 0.93350540474057186
leaf_count=6 4 12 16 14 4
internal_value=0 -0.00233188 0.00140601 -0.00677872 0.00708463
internal_weight=0 6.03457 3.27864 2.75593 1.98625
internal_count=56 46 28 18 10
is_linear=0
shrinkage=0.1


Tree=91
num_leaves=8
num_cat=0
split_feature=1 3 4 3 1 3 0
split_gain=0.0127123 0.00991719 0.00333053 0.0299101 0.00362653 0.00351387 0.00265213
threshold=0.41000000000000009 0.33050000000000007 0.55125000000000013 0.42870000000000003 0.6100000000000001 0.49670000000000009 0.88750000000000007
decision_type=2 2 2 2 2 2 2
left_child=-1 6 4 -4 -3 -5 -2
right_child=1 2 3 5 -6 -7 -8
leaf_value=0.0076289350621968292 -0.011773951301936364 0.007283749747644082 0.0048527070948399392 -0.038022601547420265 -0.00017739300305696459 -0.018492542296907537 -0.0045367703453530923
leaf_weight=1.7163157649338243 0.92263116082176599 1.0755778809543701 1.1540331162977961 0.1768584307283162 1.6520592123270033 0.19228780455887318 1.1222819946706293
leaf_count=6 6 12 10 6 6 4 6
internal_value=0 -0.00207977 0.000673013 -0.00307273 0.00276473 -0.0278494 -0.00780207
internal_weight=0 6.29573 4.25082 1.52318 2.72764 0.369146 2.04491
internal_count=56 50 38 20 18 10 12
is_linear=0
shrinkage=0.1


Tree=92
num_leaves=9
num_cat=0
split_feature=3 4 1 1 1 1 1 0
split_gain=0.0117584 0.00879936 0.0119556 0.00660997 0.0108392 0.125189 0.001219 0.000275945
threshold=0.30405000000000004 0.59120000000000006 0.56500000000000006 0.41000000000000009 0.44000000000000006 0.48500000000000004 0.55500000000000016 0.91155000000000019
decision_type=2 2 2 2 2 2 2 2
left_child=-1 2 3 -2 -5 -6 -7 -4
right_child=1 -3 7 4 5 6 -8 -9
leaf_value=0.0087742789060941927 -0.0038456112866613137 0.0058705225118747323 0.0026577224468672979 -0.0085023730863081331 0.028511665262705505 -0.099308656342283835 -0.11971250762443485 0.00053794238624651266
leaf_weight=1.2824964942410586 1.5614134147763254 1.256514213979244 0.93056081235408794 0.89462936483323552 0.15217995084822178 0.062518590246327221 0.055075002368539572 1.805790260899812
leaf_count=8 4 10 4 4 4 8 4 10
internal_value=0 -0.00167488 -0.00341062 -0.00809811 -0.0138005 -0.0313704 -0.108865 0.00125882
internal_weight=0 6.71868 5.46217 2.72582 1.1644 0.269774 0.117594 2.73635
internal_count=56 48 38 24 20 16 12 14
is_linear=0
shrinkage=0.1


Tree=93
num_leaves=6
num_cat=0
split_feature=0 3 4 1 1
split_gain=0.0112353 0.00709872 0.00628204 0.00408315 0.00401147
threshold=0.64285000000000003 0.38810000000000006 0.47425000000000006 0.48500000000000004 0.55500000000000016
decision_type=2 2 2 2 2
left_child=-1 2 -2 -4 -3
right_child=1 4 3 -5 -6
leaf_value=0.009644804771220903 0.0026366442153422228 0.0062775957316714261 -0.0035049731815243118 -0.011283216594143514 -0.00090673125984795135
leaf_weight=1.0489232186228035 0.92995238304138217 1.289638639893383 1.5593636073172095 1.1898571284255011 1.9559427262283859
leaf_count=6 4 12 4 14 16
internal_value=0 -0.00146094 -0.00446812 -0.00687138 0.00194798
internal_weight=0 6.92475 3.67917 2.74922 3.24558
internal_count=56 50 22 18 28
is_linear=0
shrinkage=0.1


Tree=94
num_leaves=6
num_cat=0
split_feature=1 3 4 3 0
split_gain=0.0118658 0.0119613 0.00298194 0.00425699 0.00239387
threshold=0.41000000000000009 0.33050000000000007 0.59120000000000006 0.45575000000000004 0.88750000000000007
decision_type=2 2 2 2 2
left_child=-1 4 3 -3 -2
right_child=1 2 -4 -5 -6
leaf_value=0.007381194809368611 -0.012067375310830748 -0.00595159862100717 0.0051244572400854504 0.0020379062121719496 -0.0051916049566675636
leaf_weight=1.7103381417691705 0.92226883629336986 1.0145747548667716 1.2502011451870201 1.9461522405035792 1.122832555323839
leaf_count=6 6 14 10 14 6
internal_value=0 -0.00201795 0.00102931 -0.000699918 -0.00829234
internal_weight=0 6.25603 4.21093 2.96073 2.0451
internal_count=56 50 38 28 12
is_linear=0
shrinkage=0.1


Tree=95
num_leaves=6
num_cat=0
split_feature=1 3 0 4 0
split_gain=0.0114811 0.0113385 0.00316006 0.00650484 0.00220611
threshold=0.41000000000000009 0.33050000000000007 0.91155000000000019 0.55125000000000013 0.88750000000000007
decision_type=2 2 2 2 2
left_child=-1 4 -3 -4 -2
right_child=1 2 3 -5 -6
leaf_value=0.0072628347189041369 -0.011724008410619748 0.0054288892467637181 0.0032165146333370323 -0.0061409172455754351 -0.0051208296717380154
leaf_weight=1.7093158513307569 0.92099000047892365 1.1582279484719036 1.7720812059706079 1.2791157346218822 1.122799703851342
leaf_count=6 6 12 12 14 6
internal_value=0 -0.0019853 0.000981814 -0.000706286 -0.00809641
internal_weight=0 6.25321 4.20942 3.0512 2.04379
internal_count=56 50 38 26 12
is_linear=0
shrinkage=0.1


Tree=96
num_leaves=6
num_cat=0
split_feature=0 3 4 3 1
split_gain=0.0112298 0.00644579 0.00629438 0.00453912 0.00370688
threshold=0.64285000000000003 0.38810000000000006 0.47425000000000006 0.42870000000000003 0.48500000000000004
decision_type=2 2 2 2 2
left_child=-1 2 -2 -3 -4
right_child=1 3 4 -5 -6
leaf_value=0.0096679954047098719 0.002789271809720671 0.0069101789576894628 -0.0035249033299206041 -0.00094610876821697243 -0.010939410474145494
leaf_weight=1.0438471827656028 0.92933753505349193 1.1292951386421921 1.5592313632369044 2.108571739634499 1.1880559925921259
leaf_count=6 4 8 4 20 14
internal_value=0 -0.00145953 -0.00432478 0.00179399 -0.00673128
internal_weight=0 6.91449 3.67662 3.23787 2.74729
internal_count=56 50 22 28 18
is_linear=0
shrinkage=0.1


Tree=97
num_leaves=6
num_cat=0
split_feature=1 3 4 3 0
split_gain=0.0108163 0.0110839 0.00281786 0.00390192 0.00215222
threshold=0.41000000000000009 0.33050000000000007 0.59120000000000006 0.45575000000000004 0.88750000000000007
decision_type=2 2 2 2 2
left_child=-1 4 3 -3 -2
right_child=1 2 -4 -5 -6
leaf_value=0.0070547300700990016 -0.01155657015354776 -0.0056986789303096717 0.0050008250967154772 0.0019539573051272035 -0.005032478128074191
leaf_weight=1.7067678458988664 0.91995808621868524 1.0141296660294759 1.2447444964200256 1.9424832772929219 1.1227635345421729
leaf_count=6 6 14 10 14 6
internal_value=0 -0.00192835 0.00100945 -0.000670926 -0.00797066
internal_weight=0 6.24408 4.20136 2.95661 2.04272
internal_count=56 50 38 28 12
is_linear=0
shrinkage=0.1


Tree=98
num_leaves=6
num_cat=0
split_feature=4 3 3 1 0
split_gain=0.0111337 0.0096142 0.00402274 0.0036688 0.00195424
threshold=0.47425000000000006 0.38810000000000006 0.42870000000000003 0.48500000000000004 0.88750000000000007
decision_type=2 2 2 2 2
left_child=4 3 -3 -2 -1
right_child=1 2 -4 -5 -6
leaf_value=0.0094946399068748209 -0.0033099644046824073 0.006371345453140157 -0.0010325935023637611 -0.010690311971406581 0.003185626810442631
leaf_weight=1.041043998673558 1.5573123432695868 1.1260076095350089 2.1069612589199096 1.1868901674170045 0.92918638885021199
leaf_count=6 4 8 20 14 4
internal_value=0 -0.0021489 0.00154612 -0.00650203 0.00651923
internal_weight=0 5.97717 3.23297 2.7442 1.97023
internal_count=56 46 28 18 10
is_linear=0
shrinkage=0.1


Tree=99
num_leaves=6
num_cat=0
split_feature=1 3 0 4 0
split_gain=0.0108809 0.0110958 0.0026762 0.00605967 0.00195321
threshold=0.41000000000000009 0.33050000000000007 0.91155000000000019 0.55125000000000013 0.88750000000000007
decision_type=2 2 2 2 2
left_child=-1 4 -3 -4 -2
right_child=1 2 3 -5 -6
leaf_value=0.0070851759775313388 -0.011396804679538521 0.0051141870971760806 0.0032375378315966695 -0.0058094177196995889 -0.0051819670265806804
leaf_weight=1.7027852199971674 0.91882248828187618 1.1521800565533338 1.7709823095938193 1.2722115316428242 1.124700244516134
leaf_count=6 6 12 12 14 6
internal_value=0 -0.00193376 0.00100951 -0.000544555 -0.00797632
internal_weight=0 6.2389 4.19537 3.04319 2.04352
internal_count=56 50 38 26 12
is_linear=0
shrinkage=0.1


end of trees

feature_importances:
syntactic=188
phonological=183
inventory=118
genetic=106
geographical=18
featural=2

parameters:
[boosting: gbdt]
[objective: lambdarank]
[metric: ndcg]
[tree_learner: serial]
[device_type: cpu]
[data: ]
[valid: ]
[num_iterations: 100]
[learning_rate: 0.1]
[num_leaves: 16]
[num_threads: 6]
[deterministic: 0]
[force_col_wise: 0]
[force_row_wise: 0]
[histogram_pool_size: -1]
[max_depth: -1]
[min_data_in_leaf: 5]
[min_sum_hessian_in_leaf: 0.001]
[bagging_fraction: 1]
[pos_bagging_fraction: 1]
[neg_bagging_fraction: 1]
[bagging_freq: 0]
[bagging_seed: 3]
[feature_fraction: 1]
[feature_fraction_bynode: 1]
[feature_fraction_seed: 2]
[extra_trees: 0]
[extra_seed: 6]
[early_stopping_round: 0]
[first_metric_only: 0]
[max_delta_step: 0]
[lambda_l1: 0]
[lambda_l2: 0]
[linear_lambda: 0]
[min_gain_to_split: 0]
[drop_rate: 0.1]
[max_drop: 50]
[skip_drop: 0.5]
[xgboost_dart_mode: 0]
[uniform_drop: 0]
[drop_seed: 4]
[top_rate: 0.2]
[other_rate: 0.1]
[min_data_per_group: 100]
[max_cat_threshold: 32]
[cat_l2: 10]
[cat_smooth: 10]
[max_cat_to_onehot: 4]
[top_k: 20]
[monotone_constraints: ]
[monotone_constraints_method: basic]
[monotone_penalty: 0]
[feature_contri: ]
[forcedsplits_filename: ]
[refit_decay_rate: 0.9]
[cegb_tradeoff: 1]
[cegb_penalty_split: 0]
[cegb_penalty_feature_lazy: ]
[cegb_penalty_feature_coupled: ]
[path_smooth: 0]
[interaction_constraints: ]
[verbosity: 1]
[saved_feature_importance_type: 0]
[linear_tree: 0]
[max_bin: 255]
[max_bin_by_feature: ]
[min_data_in_bin: 3]
[bin_construct_sample_cnt: 200000]
[data_random_seed: 1]
[is_enable_sparse: 1]
[enable_bundle: 1]
[use_missing: 1]
[zero_as_missing: 0]
[feature_pre_filter: 1]
[pre_partition: 0]
[two_round: 0]
[header: 0]
[label_column: ]
[weight_column: ]
[group_column: ]
[ignore_column: ]
[categorical_feature: ]
[forcedbins_filename: ]
[precise_float_parser: 0]
[parser_config_file: ]
[objective_seed: 5]
[num_class: 1]
[is_unbalance: 0]
[scale_pos_weight: 1]
[sigmoid: 1]
[boost_from_average: 1]
[reg_sqrt: 0]
[alpha: 0.9]
[fair_c: 1]
[poisson_max_delta_step: 0.7]
[tweedie_variance_power: 1.5]
[lambdarank_truncation_level: 30]
[lambdarank_norm: 1]
[label_gain: ]
[eval_at: 1,2,3,4,5]
[multi_error_top_k: 1]
[auc_mu_weights: ]
[num_machines: 1]
[local_listen_port: 12400]
[time_out: 120]
[machine_list_filename: ]
[machines: ]
[gpu_platform_id: -1]
[gpu_device_id: -1]
[gpu_use_dp: 0]
[num_gpu: 1]

end of parameters

pandas_categorical:null
