tree
version=v4
num_class=1
num_tree_per_iteration=1
label_index=0
max_feature_idx=5
objective=lambdarank
feature_names=genetic syntactic featural phonological inventory geographical
feature_infos=[0:1] [0:0.69999999999999996] [0:0.59999999999999998] [0.00020000000000000001:0.53190000000000004] [0:0.63929999999999998] [0:0.5]
tree_sizes=1160 948 1044 1052 1168 957 956 1065 1067 967 961 965 855 968 1068 1069 861 972 971 1075 1075 863 972 972 977 1079 868 1076 978 1081 1082 978 1083 978 977 868 977 979 767 1183 980 871 1073 877 768 770 1085 1083 977 1086 984 874 875 872 768 975 1084 1080 982 980 982 878 980 981 877 977 982 983 985 875 874 866 766 874 876 872 870 666 871 975 663 978 661 878 661 875 666 769 878 770 981 771 980 667 982 668 665 773 881 883

Tree=0
num_leaves=10
num_cat=0
split_feature=3 3 1 3 4 1 4 5 0
split_gain=1.17798 1.4966 0.710543 0.311388 0.430212 0.627868 0.296315 0.108509 0.0631166
threshold=0.23625000000000004 0.33050000000000007 0.55500000000000016 0.39770000000000005 0.54930000000000012 0.63000000000000012 0.54930000000000012 0.20000000000000004 0.91155000000000019
decision_type=2 2 2 2 2 2 2 2 2
left_child=-1 8 6 -4 -5 -6 -3 -8 -2
right_child=1 2 3 4 5 -7 7 -9 -10
leaf_value=0.14959656843434085 -0.1297473603868011 -0.0049192110369215055 -0.11205461989524071 0.062592855097499289 -0.12829811137301281 0.031643164325066461 0.055361400067260147 0.1171972479874851 -0.19291656903301752
leaf_weight=0.47320735827088345 0.36622358858585347 0.54386155307292972 0.39899231493473042 0.50363932177424409 0.50830530375242233 0.47461308166384697 0.59570107236504533 0.54196608811616898 0.27842607721686363
leaf_count=4 8 8 6 6 4 6 6 4 4
internal_value=0 -0.0168079 0.00853341 -0.0336141 -0.0125606 -0.0510687 0.0557947 0.084819 -0.15703
internal_weight=0 4.21173 3.56708 1.88555 1.48656 0.982918 1.68153 1.13767 0.64465
internal_count=56 52 40 22 16 10 18 10 12
is_linear=0
shrinkage=0.1


Tree=1
num_leaves=8
num_cat=0
split_feature=1 0 3 5 1 4 1
split_gain=8.03025 7.07419 1.75503 2.45329 1.59805 0.599156 6.85521e-05
threshold=0.41000000000000009 0.91155000000000019 0.39770000000000005 0.20000000000000004 0.66500000000000015 0.50170000000000015 0.52500000000000013
decision_type=2 2 2 2 2 2 2
left_child=-1 6 4 -4 -3 -5 -2
right_child=1 2 3 5 -6 -7 -8
leaf_value=0.14543612160677627 -0.16459879710526501 -0.085088083982260698 0.15278399961091785 0.052364480377575101 0.034038180033207813 -0.01691140501379277 -0.16554428425359238
leaf_weight=3.1387076377868679 1.3995359688997244 3.084947757422924 1.4432311207056043 1.8861566781997678 1.7734575420618055 3.6926871091127396 1.6963085085153577
leaf_count=6 6 12 4 4 6 12 6
internal_value=0 -0.0304802 0.00460374 0.0365735 -0.0416036 0.00651015 -0.165117
internal_weight=0 14.9763 11.8805 7.02207 4.85841 5.57884 3.09584
internal_count=56 50 38 20 18 16 12
is_linear=0
shrinkage=0.1


Tree=2
num_leaves=9
num_cat=0
split_feature=1 3 1 5 4 2 1 3
split_gain=4.18882 3.15787 2.3869 2.01495 1.34156 1.06164 0.216017 0.158976
threshold=1.0000000180025095e-35 0.39770000000000005 0.41000000000000009 0.20000000000000004 0.54930000000000012 0.55000000000000016 0.59500000000000008 0.33050000000000007
decision_type=2 2 2 2 2 2 2 2
left_child=-1 2 -2 -3 -5 7 -7 -4
right_child=1 3 5 4 -6 6 -8 -9
leaf_value=0.17418524310337435 0.040979474689265639 0.096495436815091429 -0.12861549132783687 0.024478787495796961 -0.10134630774179441 -0.026684312493493508 -0.07877626785985567 -0.18602569098676677
leaf_weight=1.2674539685249335 1.7235863208770732 2.8860237449407578 1.177592512220144 2.8633451014757156 1.2035521790385244 1.2139183543622496 2.312631867825985 0.81697046011686314
leaf_count=2 4 6 10 8 8 6 8 4
internal_value=0 -0.0155499 -0.0617521 0.0325912 -0.0127577 -0.093823 -0.060845 -0.152131
internal_weight=0 14.1976 7.2447 6.95292 4.0669 5.52111 3.52655 1.99456
internal_count=56 54 32 22 16 28 14 14
is_linear=0
shrinkage=0.1


Tree=3
num_leaves=9
num_cat=0
split_feature=3 0 3 1 3 4 4 1
split_gain=2.94663 1.77736 1.53571 0.860934 0.444251 0.252755 0.445994 0.22725
threshold=0.23625000000000004 0.87855000000000005 0.33050000000000007 0.52500000000000013 0.35230000000000006 0.52050000000000007 0.55125000000000013 0.63000000000000012
decision_type=2 2 2 2 2 2 2 2
left_child=-1 -2 -3 -4 -5 -6 -7 -8
right_child=1 2 3 4 5 6 7 -9
leaf_value=0.12112215357990004 -0.13786305465298324 -0.12809406685567948 0.06088660781832006 -0.074800811411673204 -0.026959280463319205 0.069892640003238943 -0.032516288209926109 0.026711001391306895
leaf_weight=1.738132610917092 1.1280086785554875 0.92714682221412559 2.2368136495351774 0.93006957322359074 2.2452529780566692 1.073208421468735 1.480114758014679 1.1520790532231331
leaf_count=4 8 8 6 6 8 4 8 4
internal_value=0 -0.0188429 -0.00547709 0.00699162 -0.0105288 -0.000483256 0.0155596 -0.00659323
internal_weight=0 11.1727 10.0447 9.11754 6.88072 5.95066 3.7054 2.63219
internal_count=56 52 44 36 30 24 16 12
is_linear=0
shrinkage=0.1


Tree=4
num_leaves=10
num_cat=0
split_feature=0 3 1 3 3 1 3 2 4
split_gain=2.1087 0.6209 0.784328 0.771063 0.679158 0.0841207 0.25304 0.0442571 0.00273538
threshold=1.0000000180025095e-35 0.33050000000000007 0.52500000000000013 0.35230000000000006 0.23625000000000004 0.59500000000000008 0.47130000000000005 0.55000000000000016 0.54305000000000014
decision_type=2 2 2 2 2 2 2 2 2
left_child=-1 4 -3 -4 -2 6 -5 -7 -6
right_child=1 2 3 5 8 7 -8 -9 -10
leaf_value=0.15292725366145837 0.012118536210169709 0.049463127432501947 -0.095396904931294463 -0.043089932844031328 -0.11144569222251187 0.021789968972893321 0.021427508189920858 -0.0027635538780251176 -0.10213159190666372
leaf_weight=0.83735385537147422 0.77528843283653381 2.3330588378012163 1.0772303789854047 1.4640060439705851 0.63397061824798562 1.3685084879398346 1.039566174149513 1.5835578143596649 0.62730012834072113
leaf_count=2 2 8 8 8 6 4 4 8 6
internal_value=0 -0.0117454 -0.000307825 -0.0180823 -0.0615377 -0.00281637 -0.0163002 0.00861888 -0.106813
internal_weight=0 10.9025 8.86593 6.53287 2.03656 5.45564 2.50357 2.95207 1.26127
internal_count=56 54 40 32 14 24 12 12 12
is_linear=0
shrinkage=0.1


Tree=5
num_leaves=8
num_cat=0
split_feature=1 3 2 3 3 3 3
split_gain=3.08381 1.01077 0.910935 0.396326 0.194658 0.108966 0.231853
threshold=0.41000000000000009 0.42870000000000003 0.55000000000000016 0.47130000000000005 0.33050000000000007 0.35230000000000006 0.30405000000000004
decision_type=2 2 2 2 2 2 2
left_child=-1 2 4 -3 -2 6 -4
right_child=1 3 5 -5 -6 -7 -8
leaf_value=0.10333889610708769 -0.087985626690406715 0.045943168419467127 -0.0071307472594450503 -0.02107865864509163 -0.15967776564323824 -0.013422627377257402 -0.081202555618146335
leaf_weight=2.3098319619894037 0.94819853082299033 1.9650327041745188 0.79388076066970803 1.6012965179979799 0.63060474954545498 2.3894229009747505 0.90351146459579468
leaf_count=6 10 8 2 10 6 6 8
internal_value=0 -0.0258554 -0.0521077 0.0158501 -0.116621 -0.0271852 -0.0465587
internal_weight=0 9.23195 5.66562 3.56633 1.5788 4.08682 1.69739
internal_count=56 50 32 18 16 16 10
is_linear=0
shrinkage=0.1


Tree=6
num_leaves=8
num_cat=0
split_feature=4 1 4 1 3 1 3
split_gain=0.712328 0.541068 0.416417 0.453523 0.786751 0.203421 0.00334976
threshold=0.56205000000000005 0.66500000000000015 0.54930000000000012 0.41000000000000009 0.42870000000000003 0.57000000000000017 0.30405000000000004
decision_type=2 2 2 2 2 2 2
left_child=1 2 3 -1 6 -2 -5
right_child=5 -3 -4 4 -6 -7 -8
leaf_value=0.04227495345563452 -0.030795096389861939 -0.044444922156245313 0.07172045750297526 -0.077587725613314881 0.018733051253646323 -0.096985041910156833 -0.088713529931819191
leaf_weight=2.7402807027101499 1.4271636940538894 1.4329618550837038 1.4042124599218366 0.55590773373842262 2.5483859479427338 0.68821747228503216 0.52730494365096092
leaf_count=6 8 8 6 6 8 8 6
internal_value=0 0.0120204 0.0224257 0.0115623 -0.0116124 -0.0523293 -0.0830037
internal_weight=0 9.20905 7.77609 6.37188 3.6316 2.11538 1.08321
internal_count=56 40 32 26 20 16 12
is_linear=0
shrinkage=0.1


Tree=7
num_leaves=9
num_cat=0
split_feature=1 0 3 3 5 4 1 1
split_gain=0.672254 0.616983 0.247392 0.389578 0.185447 0.183986 0.52476 0.00683447
threshold=0.41000000000000009 0.91155000000000019 0.35230000000000006 0.23625000000000004 0.20000000000000004 0.54930000000000012 0.55500000000000016 0.52500000000000013
decision_type=2 2 2 2 2 2 2 2
left_child=-1 7 3 -3 -4 -6 -7 -2
right_child=1 2 4 -5 5 6 -8 -9
leaf_value=0.043162697640579499 -0.07533092796412065 0.027183312489126133 0.042291360883531998 -0.074664305525281721 0.01402829493913681 0.017909323996458375 -0.097514569221421585 -0.090937126502571936
leaf_weight=2.7039347738027582 0.55428457260131636 0.59088622033596028 1.1666692122817037 1.0306745097041128 2.5397884473204613 0.96922948956489541 0.66354206763207912 0.56835068389773369
leaf_count=6 6 2 6 10 8 4 8 6
internal_value=0 -0.0144381 -0.00334304 -0.0375517 0.00704636 -0.00280832 -0.0289978 -0.0832318
internal_weight=0 8.08343 6.96079 1.62156 5.33923 4.17256 1.63277 1.12264
internal_count=56 50 38 12 26 20 12 12
is_linear=0
shrinkage=0.1


Tree=8
num_leaves=9
num_cat=0
split_feature=1 4 4 1 1 3 1 2
split_gain=1.29203 0.252768 0.207191 0.192466 0.371237 0.35087 0.0369861 0.0191613
threshold=1.0000000180025095e-35 0.4582500000000001 0.56205000000000005 0.52500000000000013 0.6100000000000001 0.47130000000000005 0.57000000000000017 0.55000000000000016
decision_type=2 2 2 2 2 2 2 2
left_child=-1 -2 3 -3 5 -5 -4 -6
right_child=1 2 6 4 7 -7 -8 -9
leaf_value=0.14340075025328072 -0.079147863494771112 0.025737478106843986 -0.02523353841989134 -0.10244280771134709 0.016929762963077105 -0.0055857417063515874 -0.055579865994725169 0.0021399065172452319
leaf_weight=0.59261971712112504 0.48340200632810493 2.4197198599576932 1.3510920479893682 0.69260603375732877 1.6795773580670357 0.81307413429021835 0.57152266055345524 1.8308895640075207
leaf_count=2 6 6 8 8 4 4 8 10
internal_value=0 -0.00863474 -0.00499246 0.00257349 -0.0086005 -0.0501396 -0.0342544 0.00921609
internal_weight=0 9.84188 9.35848 7.43587 5.01615 1.50568 1.92261 3.51047
internal_count=56 54 48 32 26 12 16 14
is_linear=0
shrinkage=0.1


Tree=9
num_leaves=8
num_cat=0
split_feature=3 3 4 4 1 3 4
split_gain=0.590455 0.446645 0.116624 0.15021 0.0342063 0.0765776 0.00165871
threshold=0.23625000000000004 0.33050000000000007 0.56205000000000005 0.52050000000000007 0.44000000000000006 0.42870000000000003 0.54305000000000014
decision_type=2 2 2 2 2 2 2
left_child=-1 6 3 -3 -5 -6 -2
right_child=1 2 -4 4 5 -7 -8
leaf_value=0.072485139637190207 -0.079073897989402467 -0.013166582114066848 -0.023744110053750156 0.0095331062744416842 0.0046352454951832942 0.047116669030416912 -0.070520202538528184
leaf_weight=1.0100253820419318 0.44031628966331382 2.5494396444410068 1.7229182124137876 2.0604754611849789 0.7516670264303682 0.97439345717430115 0.4673101082444191
leaf_count=4 6 12 14 4 4 6 6
internal_value=0 -0.00816502 -0.000674968 0.00559814 0.0182322 0.0286168 -0.0746699
internal_weight=0 8.96652 8.05889 6.33598 3.78654 1.72606 0.907626
internal_count=56 52 40 26 14 10 12
is_linear=0
shrinkage=0.1


Tree=10
num_leaves=8
num_cat=0
split_feature=3 3 1 2 3 3 3
split_gain=0.738856 0.76201 0.568887 0.795695 0.434568 0.249647 0.00198856
threshold=0.47130000000000005 0.42870000000000003 0.41000000000000009 0.55000000000000016 0.35230000000000006 0.33050000000000007 0.33050000000000007
decision_type=2 2 2 2 2 2 2
left_child=1 2 -1 5 6 -4 -5
right_child=-2 -3 3 4 -6 -7 -8
leaf_value=0.03268010693203071 -0.063772566907824804 0.06549556311064661 -0.059034366724116633 -0.045931635069821342 0.035813867882937223 -0.15185027639171916 -0.038117292066543948
leaf_weight=2.494384437799452 1.5405199751257903 2.0002866592258215 0.72769464179873444 0.67079684138298057 1.5841801241040228 0.48155840300023556 0.63290941342711449
leaf_count=6 10 8 10 4 6 6 6
internal_value=0 0.0114345 -0.00497108 -0.0278935 0.000623303 -0.0959963 -0.042138
internal_weight=0 8.59181 6.59152 4.09714 2.88789 1.20925 1.30371
internal_count=56 46 38 32 16 16 10
is_linear=0
shrinkage=0.1


Tree=11
num_leaves=8
num_cat=0
split_feature=3 3 4 4 1 1 4
split_gain=0.413545 0.242919 0.0959842 0.160752 0.0394503 0.0220595 0.0119723
threshold=0.23625000000000004 0.33050000000000007 0.56205000000000005 0.52050000000000007 0.44000000000000006 0.63000000000000012 0.54305000000000014
decision_type=2 2 2 2 2 2 2
left_child=-1 6 3 -3 -5 -6 -2
right_child=1 2 -4 4 5 -7 -8
leaf_value=0.064568075649656095 -0.069153355819481011 -0.014638315679196216 -0.0223457508399586 0.0094691691638389957 0.04117754928272558 0.01652979927440763 -0.045695003760811329
leaf_weight=0.89793288707733232 0.41143926233053019 2.5004673916846514 1.6657186802476642 2.0455086752772336 0.86695478111505486 0.62480390071868896 0.46169765293598175
leaf_count=4 6 12 14 4 6 4 6
internal_value=0 -0.00676001 -0.00109407 0.00476894 0.0184878 0.0308542 -0.056749
internal_weight=0 8.57659 7.70345 6.03773 3.53727 1.49176 0.873137
internal_count=56 52 40 26 14 10 12
is_linear=0
shrinkage=0.1


Tree=12
num_leaves=7
num_cat=0
split_feature=1 3 1 1 2 3
split_gain=0.345801 0.421616 0.219641 0.107646 0.117641 0.0952873
threshold=0.52500000000000013 0.35230000000000006 0.66500000000000015 0.6100000000000001 0.55000000000000016 0.30405000000000004
decision_type=2 2 2 2 2 2
left_child=-1 2 5 4 -3 -2
right_child=1 3 -4 -5 -6 -7
leaf_value=0.02723392951074563 -0.061294035861953401 -0.04228181187902863 -0.023682126982087576 0.016639097226431372 0.007815316900204693 -0.13103963809406632
leaf_weight=3.1067954935133457 0.41736155189573754 0.85943312384188142 1.0187598466873167 2.5091021955013275 1.0311252158135176 0.36913593858480453
leaf_count=14 6 8 6 10 6 6
internal_value=0 -0.013636 -0.05433 0.00306146 -0.0149584 -0.0940285
internal_weight=0 6.20492 1.80526 4.39966 1.89056 0.786497
internal_count=56 42 18 24 14 12
is_linear=0
shrinkage=0.1


Tree=13
num_leaves=8
num_cat=0
split_feature=1 1 3 4 1 2 4
split_gain=0.754271 0.234006 0.424014 0.435685 0.0408663 0.0734782 0.0151987
threshold=1.0000000180025095e-35 0.52500000000000013 0.35230000000000006 0.56205000000000005 0.6100000000000001 0.55000000000000016 0.52050000000000007
decision_type=2 2 2 2 2 2 2
left_child=-1 -2 3 6 5 -4 -3
right_child=1 2 4 -5 -6 -7 -8
leaf_value=0.133897465993806 0.017847339036882227 -0.040502441455987671 -0.034923732180268389 -0.14329407366993446 0.0088766410896147421 0.0062693294650366166 -0.019827619059019867
leaf_weight=0.40249031782150346 2.8031643368303758 0.68615698069334008 0.74726559314876762 0.44348035007715214 2.4437327496707439 1.0297217182815075 0.73800087533891201
leaf_count=2 12 6 8 6 10 6 6
internal_value=0 -0.0060611 -0.0170689 -0.0567411 0.000485818 -0.0110533 -0.0297887
internal_weight=0 8.89152 6.08836 1.86764 4.22072 1.77699 1.42416
internal_count=56 54 42 18 24 14 12
is_linear=0
shrinkage=0.1


Tree=14
num_leaves=9
num_cat=0
split_feature=1 3 1 0 3 4 4 1
split_gain=0.245347 0.259649 0.117979 0.0928918 0.11152 0.0471569 0.159215 0.133432
threshold=0.41000000000000009 0.35230000000000006 0.66500000000000015 0.64285000000000003 0.30405000000000004 0.52050000000000007 0.55125000000000013 0.63000000000000012
decision_type=2 2 2 2 2 2 2 2
left_child=-1 2 3 -2 -5 -3 -7 -8
right_child=1 5 -4 4 -6 6 7 -9
leaf_value=0.027671431783542439 -0.018283084846317865 -0.0086997263181539143 -0.013880480438786869 -0.048769054136026946 -0.12658331473576595 0.05231060504780452 -0.021058093423833739 0.034340805375421675
leaf_weight=2.3618735820055008 0.34050907567143462 1.8676107442006467 0.97522118315100659 0.44244715943932533 0.31551427580416203 0.71752842515707049 1.314244234934449 0.6496962085366248
leaf_count=6 4 8 6 6 6 6 10 4
internal_value=0 -0.00986844 -0.0391952 -0.0616695 -0.0811606 0.00350011 0.0119971 -0.00273144
internal_weight=0 6.62277 2.07369 1.09847 0.757961 4.54908 2.68147 1.96394
internal_count=56 50 22 16 12 28 20 14
is_linear=0
shrinkage=0.1


Tree=15
num_leaves=9
num_cat=0
split_feature=1 0 3 1 4 5 1 4
split_gain=0.248556 0.196201 0.120929 0.112785 0.0298456 0.107873 0.0550685 0.34906
threshold=0.41000000000000009 0.87855000000000005 0.35230000000000006 0.66500000000000015 0.52050000000000007 0.20000000000000004 0.55500000000000016 0.54930000000000012
decision_type=2 2 2 2 2 2 2 2
left_child=-1 -2 3 -3 -4 -6 -7 -8
right_child=1 2 4 -5 5 6 7 -9
leaf_value=0.027853452433757114 -0.064781711756528124 -0.065022377259228673 -0.0055984923806455134 -0.008304286688827392 0.045511465672385676 0.014801903008364869 0.046725072143298879 -0.082878298186392349
leaf_weight=2.346523754298687 0.59685436636209477 0.54989513941109158 1.8563078949227927 0.96735996007919312 0.667303487658501 0.95274458080530144 0.40119655430316925 0.43112108483910561
leaf_count=6 8 10 8 6 4 4 2 8
internal_value=0 -0.0101761 -0.00458184 -0.0288605 0.00396763 0.0112087 -0.00161463 -0.0204064
internal_weight=0 6.42278 5.82593 1.51726 4.30867 2.45237 1.78506 0.832318
internal_count=56 50 42 16 26 18 14 10
is_linear=0
shrinkage=0.1


Tree=16
num_leaves=7
num_cat=0
split_feature=1 0 3 2 3 3
split_gain=0.269554 0.132966 0.107822 0.319885 0.0689929 0.0400946
threshold=0.41000000000000009 0.87855000000000005 0.42870000000000003 0.55000000000000016 0.47130000000000005 0.35230000000000006
decision_type=2 2 2 2 2 2
left_child=-1 -2 3 -3 -4 -5
right_child=1 2 4 5 -6 -7
leaf_value=0.02908450609294122 -0.056781581156237416 -0.082358145165005378 0.019181406976971484 -0.01725917072518212 -0.016230287085548491 0.0084115700925791372
leaf_weight=2.3290949910879135 0.56993990764021862 0.63057587295770678 1.8610575571656229 1.0656946171075108 0.78110773861408223 1.4179862439632414
leaf_count=6 8 10 8 10 8 6
internal_value=0 -0.0107077 -0.00614591 -0.018752 0.00871259 -0.0026032
internal_weight=0 6.32636 5.75642 3.11426 2.64217 2.48368
internal_count=56 50 42 26 16 16
is_linear=0
shrinkage=0.1


Tree=17
num_leaves=8
num_cat=0
split_feature=3 3 1 5 4 1 0
split_gain=0.289764 0.108843 0.0557865 0.0653671 0.0481942 0.0326418 0.0239667
threshold=0.23625000000000004 0.33050000000000007 0.52500000000000013 0.20000000000000004 0.54930000000000012 0.69000000000000006 0.87855000000000005
decision_type=2 2 2 2 2 2 2
left_child=-1 6 -3 5 -5 -4 -2
right_child=1 2 3 4 -6 -7 -8
leaf_value=0.06371008942040772 -0.019471049850495619 0.011321140083983557 -0.043116614613579157 0.0088670288053812624 -0.015099861281096969 -0.010487915699385902 -0.054960237874522248
leaf_weight=0.65851600468158711 0.32008661329746235 2.3119307775050402 0.63974129687994696 2.1085248105227952 1.3935265913605688 0.58877983130514622 0.46926896832883358
leaf_count=4 4 8 6 8 14 4 8
internal_value=0 -0.00535685 -0.00141009 -0.00763211 -0.00066981 -0.027479 -0.0405692
internal_weight=0 7.83186 7.0425 4.73057 3.50205 1.22852 0.789356
internal_count=56 52 40 32 22 10 12
is_linear=0
shrinkage=0.1


Tree=18
num_leaves=8
num_cat=0
split_feature=1 3 3 4 1 0 1
split_gain=0.135677 0.198225 0.0650641 0.0521516 0.0516543 0.0432226 0.0334452
threshold=0.41000000000000009 0.35230000000000006 0.47130000000000005 0.54930000000000012 0.66500000000000015 0.64285000000000003 0.6100000000000001
decision_type=2 2 2 2 2 2 2
left_child=-1 4 6 -4 5 -2 -3
right_child=1 2 3 -5 -6 -7 -8
leaf_value=0.020640690345534601 -0.021560123242994261 -0.0019574629569284424 0.00023471472613073317 -0.051324666479182893 -0.018358104906081626 -0.067198135755305408 0.018233870885758278
leaf_weight=2.3072029277682304 0.31311869993805863 1.3696697661653163 0.46602211520075787 0.33880252204835415 0.91838366165757179 0.61532279197126627 2.0455072149634361
leaf_count=6 4 12 4 6 6 12 6
internal_value=0 -0.00784962 0.00410827 -0.0214699 -0.0351734 -0.0518066 0.0101361
internal_weight=0 6.06683 4.22 0.804825 1.84683 0.928441 3.41518
internal_count=56 50 28 10 22 16 18
is_linear=0
shrinkage=0.1


Tree=19
num_leaves=9
num_cat=0
split_feature=1 3 1 3 0 4 4 4
split_gain=0.127892 0.16479 0.0577179 0.0387742 0.032333 0.0306279 0.0278147 0.0226044
threshold=0.41000000000000009 0.35230000000000006 0.66500000000000015 0.47130000000000005 0.64285000000000003 0.54930000000000012 0.54930000000000012 0.58535000000000015
decision_type=2 2 2 2 2 2 2 2
left_child=-1 2 4 6 -2 -5 -3 -8
right_child=1 3 -4 5 -6 -7 7 -9
leaf_value=0.020036170634352601 -0.02477761715942281 -0.0011069054766954943 -0.015158952288152379 0.00012130573072017502 -0.06470593034004235 -0.040428706223143485 0.031212446201524493 0.0074794293610204151
leaf_weight=2.2995586097240448 0.30950856953859307 1.7305865893140437 0.90543605759739876 0.43644950166344632 0.58828372601419687 0.32494556903839111 0.66916384547948826 1.0026143491268156
leaf_count=6 4 6 6 4 12 6 6 6
internal_value=0 -0.00772154 -0.0329741 0.00321475 -0.0509409 -0.0171845 0.00777977 0.0169791
internal_weight=0 5.96699 1.80323 4.16376 0.897792 0.761395 3.40236 1.67178
internal_count=56 50 22 28 16 10 18 12
is_linear=0
shrinkage=0.1


Tree=20
num_leaves=9
num_cat=0
split_feature=3 3 3 3 2 4 4 1
split_gain=0.184494 0.0814173 0.0281075 0.0418344 0.0584298 0.023006 0.00685036 0.00315487
threshold=0.23625000000000004 0.33050000000000007 0.47130000000000005 0.42870000000000003 0.55000000000000016 0.54930000000000012 0.54305000000000014 0.57000000000000017
decision_type=2 2 2 2 2 2 2 2
left_child=-1 6 3 4 -3 -4 -2 -6
right_child=1 2 5 -5 7 -7 -8 -9
leaf_value=0.053066709159732543 -0.045503725537166924 -0.0149480669380472 -0.0036108115587278875 0.013789959964663806 0.012814706551926864 -0.038746064778800063 -0.02607043685784708 0.004726793456968221
leaf_weight=0.60661713778972615 0.37421345151960839 2.2900070920586586 0.42399461939930905 1.8798446990549562 0.94127526134252526 0.3325108028948307 0.35203635971993208 0.98907098732888699
leaf_count=4 6 10 4 8 4 6 6 8
internal_value=0 -0.00424521 -0.000872919 0.00138178 -0.00414512 -0.019054 -0.0360838 0.00867062
internal_weight=0 7.58295 6.8567 6.1002 4.22035 0.756505 0.72625 1.93035
internal_count=56 52 40 30 22 10 12 12
is_linear=0
shrinkage=0.1


Tree=21
num_leaves=7
num_cat=0
split_feature=1 3 1 1 3 1
split_gain=0.140936 0.149658 0.0447086 0.0319969 0.0194906 0.018432
threshold=0.41000000000000009 0.35230000000000006 0.69000000000000006 0.6100000000000001 0.30405000000000004 0.55500000000000016
decision_type=2 2 2 2 2 2
left_child=-1 2 4 5 -2 -3
right_child=1 3 -4 -5 -6 -7
leaf_value=0.021218363489311099 -0.03258647542103444 -0.001676962152152341 -0.0095553413013626503 0.010293294364149311 -0.058511289279111089 -0.024546340200163354
leaf_weight=2.2602338865399361 0.67411847598850705 1.409299907274544 0.5654911883175372 2.2431465107947588 0.50893647689372301 0.46994178369641293
leaf_count=6 8 12 4 10 10 6
internal_value=0 -0.0081688 -0.0326838 0.00222945 -0.043739 -0.00739591
internal_weight=0 5.87093 1.74855 4.12239 1.18305 1.87924
internal_count=56 50 22 28 18 18
is_linear=0
shrinkage=0.1


Tree=22
num_leaves=8
num_cat=0
split_feature=1 0 3 4 5 4 4
split_gain=0.126364 0.12168 0.0783661 0.0508879 0.0876815 0.0390777 0.00468926
threshold=0.41000000000000009 0.87855000000000005 0.33050000000000007 0.52050000000000007 0.20000000000000004 0.56205000000000005 0.54305000000000014
decision_type=2 2 2 2 2 2 2
left_child=-1 -2 6 -4 -5 -6 -3
right_child=1 2 3 4 5 -7 -8
leaf_value=0.020100245277133746 -0.054258380617104265 -0.041686021325088835 -0.0084688474926381107 0.047371105783929696 -0.024270825310479367 0.010556408226377994 -0.025543685565761975
leaf_weight=2.2526028081774712 0.51397336088120926 0.37451248429715622 2.4018727289512753 0.54491520673036609 0.44421362876892079 1.1726949419826267 0.34641524497419596
leaf_count=6 8 4 12 4 6 10 6
internal_value=0 -0.00780842 -0.00329077 0.00154922 0.0126797 0.000988315 -0.0339294
internal_weight=0 5.7986 5.28462 4.5637 2.16182 1.61691 0.720928
internal_count=56 50 42 32 20 16 10
is_linear=0
shrinkage=0.1


Tree=23
num_leaves=8
num_cat=0
split_feature=1 0 3 2 3 4 4
split_gain=0.15102 0.0868469 0.0629163 0.228876 0.0315372 0.00556515 0.00167048
threshold=0.41000000000000009 0.87855000000000005 0.42870000000000003 0.55000000000000016 0.35230000000000006 0.50170000000000015 0.54930000000000012
decision_type=2 2 2 2 2 2 2
left_child=-1 -2 3 -3 -5 -4 -7
right_child=1 2 5 4 -6 6 -8
leaf_value=0.021974821248540798 -0.048411295357336466 -0.073405124990883489 0.003803171215625031 -0.014761233524634196 0.0090053091314890726 0.009312435659495159 0.018668018620555709
leaf_weight=2.2466182708740234 0.50047775916755188 0.54105111304670606 1.6388750784099104 0.96964171715080771 1.3162284530699251 0.37010879814624775 0.39405312761664391
leaf_count=6 8 10 4 10 6 4 8
internal_value=0 -0.00861523 -0.00480697 -0.0149194 -0.0010762 0.00708925 0.0141368
internal_weight=0 5.73044 5.22996 2.82692 2.28587 2.40304 0.764162
internal_count=56 50 42 26 16 16 12
is_linear=0
shrinkage=0.1


Tree=24
num_leaves=8
num_cat=0
split_feature=1 3 1 3 4 4 4
split_gain=0.132761 0.0503868 0.0850391 0.048454 0.0226338 0.0142493 0.00174496
threshold=0.52500000000000013 0.35230000000000006 0.66500000000000015 0.30405000000000004 0.56205000000000005 0.50170000000000015 0.55125000000000013
decision_type=2 2 2 2 2 2 2
left_child=-1 2 3 -2 5 -3 -7
right_child=1 4 -4 -5 -6 6 -8
leaf_value=0.017542719016095078 -0.034636254680330235 -0.0033548492414119204 -0.0062821072047571803 -0.097227444082008674 0.0084395192920096365 -0.014394159994470482 -0.023419811180239974
leaf_weight=2.7898859912529588 0.34911958593875148 1.723189307376743 0.86757052503526211 0.19153581745922565 1.116843771189451 0.40889028273522843 0.44988688640296459
leaf_count=14 6 6 6 6 8 6 4
internal_value=0 -0.00958329 -0.0256812 -0.0568102 -0.00345444 -0.00859924 -0.0191224
internal_weight=0 5.10704 1.40823 0.540655 3.69881 2.58197 0.858777
internal_count=56 42 18 12 24 16 10
is_linear=0
shrinkage=0.1


Tree=25
num_leaves=9
num_cat=0
split_feature=3 3 1 1 2 0 2 1
split_gain=0.176459 0.0597904 0.016544 0.0342873 0.118628 0.00550057 0.00134722 0.0417624
threshold=0.23625000000000004 0.33050000000000007 0.52500000000000013 0.6100000000000001 0.55000000000000016 0.87855000000000005 0.55000000000000016 0.66500000000000015
decision_type=2 2 2 2 2 2 2 2
left_child=-1 5 -3 4 -4 -2 -5 -8
right_child=1 2 3 6 -6 -7 7 -9
leaf_value=0.055395601692727003 -0.022149211770726412 0.0057909712501861945 -0.050938415648864137 0.003906428219241467 0.0046960815087631795 -0.040376409715268652 0.022462155575897671 -0.017231686473827539
leaf_weight=0.53561629354953755 0.29285817034542549 2.2456851657480001 0.61436700075864759 1.6357787549495697 1.0188821284100413 0.38090793043375015 0.45556394197046757 0.63383696787059307
leaf_count=4 4 8 10 4 8 8 4 6
internal_value=0 -0.00407684 -0.00118176 -0.00477447 -0.0162315 -0.0324538 0.00209194 -0.000632579
internal_weight=0 7.27788 6.60411 4.35843 1.63325 0.673766 2.72518 1.0894
internal_count=56 52 40 32 18 12 14 10
is_linear=0
shrinkage=0.1


Tree=26
num_leaves=7
num_cat=0
split_feature=3 3 4 4 1 4
split_gain=0.121471 0.0587947 0.0181513 0.042239 0.0361083 0.00563392
threshold=0.23625000000000004 0.33050000000000007 0.52050000000000007 0.55125000000000013 0.63000000000000012 0.54305000000000014
decision_type=2 2 2 2 2 2
left_child=-1 5 -3 -4 -5 -2
right_child=1 2 3 4 -6 -7
leaf_value=0.047152917602709364 -0.040448971128061791 -0.0074233551950717907 0.012020794626331002 -0.017004078846967374 0.015620957708994784 -0.022066625488963439
leaf_weight=0.51029700785875309 0.346228134818375 2.3794960165396333 2.4364416785538197 1.2815744290128348 0.46136258170008648 0.32159335445612669
leaf_count=4 6 12 10 14 4 6
internal_value=0 -0.0033296 -0.000451441 0.00351796 -0.0083681 -0.0315968
internal_weight=0 7.2267 6.55887 4.17938 1.74294 0.667821
internal_count=56 52 40 28 18 12
is_linear=0
shrinkage=0.1


Tree=27
num_leaves=9
num_cat=0
split_feature=1 0 3 4 5 1 4 4
split_gain=0.0964946 0.0845988 0.0686159 0.0310495 0.0536824 0.033853 0.186382 0.0118849
threshold=0.41000000000000009 0.87855000000000005 0.33050000000000007 0.52050000000000007 0.20000000000000004 0.55500000000000016 0.54930000000000012 0.54305000000000014
decision_type=2 2 2 2 2 2 2 2
left_child=-1 -2 7 -4 -5 -6 -7 -3
right_child=1 2 3 4 5 6 -8 -9
leaf_value=0.017670633965880755 -0.047963338110973891 -0.047172647953955017 -0.0065872490304152119 0.039179651803899852 0.012848575819444192 0.046897968286554577 -0.0673815732111821 -0.020049756489578553
leaf_weight=2.2035441249608994 0.46395815443247546 0.32619925495237101 2.3639889974147081 0.4880071543157104 0.93224282190203644 0.25169278681278229 0.32960626110434532 0.32008311292156577
leaf_count=6 8 4 12 4 4 2 10 6
internal_value=0 -0.00711095 -0.00332913 0.00117288 0.0103382 0.00103894 -0.0179004 -0.0337395
internal_weight=0 5.47578 5.01182 4.36554 2.00155 1.51354 0.581299 0.646282
internal_count=56 50 42 32 20 16 12 10
is_linear=0
shrinkage=0.1


Tree=28
num_leaves=8
num_cat=0
split_feature=1 3 1 0 3 4 3
split_gain=0.110465 0.0487703 0.0321443 0.0185278 0.0182197 0.0233707 0.0204509
threshold=0.41000000000000009 0.35230000000000006 0.66500000000000015 0.64285000000000003 0.47130000000000005 0.54930000000000012 0.42870000000000003
decision_type=2 2 2 2 2 2 2
left_child=-1 2 3 -2 6 -6 -3
right_child=1 4 -4 -5 5 -7 -8
leaf_value=0.018928510509860236 -0.017200087791928515 -0.007523333531778355 -0.0088819148608572356 -0.049526372081837709 -0.00014284416855478384 -0.040398106501230831 0.0084880391832677284
leaf_weight=2.1936906427145004 0.28456111717969157 1.4321310715749864 0.83671532012522221 0.47038387414067984 0.32935675047337998 0.25656790379434824 1.8008228121325374
leaf_count=6 4 10 6 12 4 6 8
internal_value=0 -0.00767453 -0.0223807 -0.0373416 -0.00154518 -0.01777 0.00139534
internal_weight=0 5.41054 1.59166 0.754945 3.81888 0.585925 3.23295
internal_count=56 50 22 16 28 10 18
is_linear=0
shrinkage=0.1


Tree=29
num_leaves=9
num_cat=0
split_feature=3 3 1 1 2 4 2 1
split_gain=0.111324 0.0411983 0.0187345 0.0281973 0.133407 0.00552547 0.00369203 0.0169303
threshold=0.23625000000000004 0.33050000000000007 0.52500000000000013 0.6100000000000001 0.55000000000000016 0.54305000000000014 0.55000000000000016 0.66500000000000015
decision_type=2 2 2 2 2 2 2 2
left_child=-1 5 -3 4 -4 -2 -5 -8
right_child=1 2 3 6 -6 -7 7 -9
leaf_value=0.047284808316018473 -0.036039657821410498 0.0068011457029900097 -0.055257622211535851 0.0046013637799967744 0.0063012543862937089 -0.017621922443049987 0.012170454817438761 -0.013531397624857567
leaf_weight=0.46708549559116352 0.33452173508703698 2.1970867244526744 0.54304019734263387 1.626479372382164 1.0009282315149903 0.31748728640377522 0.43463719077408314 0.62459946051239967
leaf_count=4 6 8 10 4 8 6 4 6
internal_value=0 -0.00312003 -0.000690121 -0.00458142 -0.0153501 -0.0270714 0.00160927 -0.00298514
internal_weight=0 7.07878 6.42677 4.22968 1.54397 0.652009 2.68572 1.05924
internal_count=56 52 40 32 18 12 14 10
is_linear=0
shrinkage=0.1


Tree=30
num_leaves=9
num_cat=0
split_feature=1 3 1 0 4 4 3 0
split_gain=0.085401 0.0593173 0.0317162 0.0209022 0.0137546 0.0445345 0.0450754 0.000914917
threshold=0.41000000000000009 0.35230000000000006 0.69000000000000006 0.91155000000000019 0.52050000000000007 0.55125000000000013 0.39770000000000005 0.64285000000000003
decision_type=2 2 2 2 2 2 2 2
left_child=-1 2 3 7 -3 -6 -7 -2
right_child=1 4 -4 -5 5 6 -8 -9
leaf_value=0.01668543542287752 -0.018195511674920117 -0.0063945898132834874 -0.0044807740728565046 -0.052159405898877458 0.035827194096454372 0.012437028746740766 -0.021791656776000964 -0.025971441958373226
leaf_weight=2.1769846640527248 0.27886920142918803 1.7692356114275756 0.57743148505687714 0.38571511395275593 0.39401965588331211 0.92905083671212174 0.65666848234832287 0.33080876618623734
leaf_count=6 4 8 4 8 6 4 10 6
internal_value=0 -0.0068255 -0.0231251 -0.0339408 1.27556e-05 0.00573882 -0.00173755 -0.0224147
internal_weight=0 5.3218 1.57282 0.995393 3.74897 1.97974 1.58572 0.609678
internal_count=56 50 22 18 28 20 14 10
is_linear=0
shrinkage=0.1


Tree=31
num_leaves=8
num_cat=0
split_feature=3 3 4 1 1 2 1
split_gain=0.0874108 0.0348719 0.0142226 0.00882811 0.0230509 0.115232 0.00123983
threshold=0.23625000000000004 0.33050000000000007 0.54305000000000014 0.52500000000000013 0.6100000000000001 0.55000000000000016 0.63000000000000012
decision_type=2 2 2 2 2 2 2
left_child=-1 2 -2 -3 5 -5 -6
right_child=1 3 -4 4 6 -7 -8
leaf_value=0.04287720752150842 -0.039183463588360549 0.0046769233727751332 -0.009741736889598623 -0.051794305104873054 0.0041553627498387069 0.0067165796697558986 -0.00027828748788011321
leaf_weight=0.44693091511726368 0.33302833698689926 2.186699828132987 0.32342601474374533 0.50846517644822575 1.6230856738984587 0.99573533702641726 1.0316030904650686
leaf_count=4 6 8 6 10 4 8 10
internal_value=0 -0.00273679 -0.0246779 -0.000466972 -0.00317158 -0.0130619 0.00243246
internal_weight=0 7.00204 0.656454 6.34559 4.15889 1.5042 2.65469
internal_count=56 52 12 40 32 18 14
is_linear=0
shrinkage=0.1


Tree=32
num_leaves=9
num_cat=0
split_feature=1 3 1 0 4 4 4 0
split_gain=0.0579137 0.0663713 0.0328125 0.0298818 0.0177429 0.0106323 0.0202415 0.000894904
threshold=0.41000000000000009 0.35230000000000006 0.69000000000000006 0.91155000000000019 0.52050000000000007 0.56205000000000005 0.55125000000000013 0.64285000000000003
decision_type=2 2 2 2 2 2 2 2
left_child=-1 2 3 7 -3 6 -6 -2
right_child=1 4 -4 -5 5 -7 -8 -9
leaf_value=0.013743216890745539 -0.016749584459583463 -0.0056780276642838523 -0.0042656944951457903 -0.057392656910037101 0.033639506778577792 0.0022449530469898149 0.00090614971077838686 -0.024460470768285274
leaf_weight=2.1674821078777313 0.27839942416176178 1.7603267692029478 0.57615244947373867 0.35687615536153316 0.38211993500590313 1.1721057919785378 0.37362887337803841 0.32764556724578142
leaf_count=6 4 8 4 8 6 10 4 6
internal_value=0 -0.00569863 -0.023142 -0.0344364 0.00158046 0.0082082 0.0174567 -0.0209183
internal_weight=0 5.22725 1.53907 0.962921 3.68818 1.92785 0.755749 0.606045
internal_count=56 50 22 18 28 20 10 10
is_linear=0
shrinkage=0.1


Tree=33
num_leaves=8
num_cat=0
split_feature=1 3 1 0 4 3 0
split_gain=0.0524678 0.0466651 0.025039 0.0142368 0.00778472 0.0212233 0.000989064
threshold=0.41000000000000009 0.35230000000000006 0.69000000000000006 0.91155000000000019 0.52050000000000007 0.47130000000000005 0.64285000000000003
decision_type=2 2 2 2 2 2 2
left_child=-1 2 3 6 -3 -6 -2
right_child=1 4 -4 -5 5 -7 -8
leaf_value=0.013073378051791243 -0.016480894836718166 -0.0041264799626190667 -0.0038356622543090548 -0.046380993656733177 0.011114977608486731 -0.013415470599974669 -0.024622999532810528
leaf_weight=2.1662993542850018 0.27573910262435652 1.7596167251467707 0.58333723247051239 0.34469591872766614 1.4380002589896319 0.4673137767240404 0.32509018620476127
leaf_count=6 4 8 4 8 12 8 6
internal_value=0 -0.00545283 -0.0201287 -0.0301805 0.00066934 0.00509843 -0.0208863
internal_weight=0 5.19379 1.52886 0.945525 3.66493 1.90531 0.600829
internal_count=56 50 22 18 28 20 10
is_linear=0
shrinkage=0.1


Tree=34
num_leaves=8
num_cat=0
split_feature=1 0 0 3 4 1 3
split_gain=0.0504597 0.0388926 0.0231557 0.0226232 0.014576 0.0344336 0.00675983
threshold=0.41000000000000009 0.91155000000000019 0.87855000000000005 0.35230000000000006 0.52050000000000007 0.55500000000000016 0.47130000000000005
decision_type=2 2 2 2 2 2 2
left_child=-1 2 -2 -3 -5 -6 -7
right_child=1 3 -4 4 5 6 -8
leaf_value=0.012823519999854829 -0.042087617735690364 -0.015896716191525977 -0.0044071701837932282 -0.0048117764949618756 0.019820423627883426 -0.017381129345262467 0.0014776042474435921
leaf_weight=2.1638480611145496 0.42153564328327764 0.92564424593001593 0.26600452326238155 1.7629593936726453 1.0387080721557138 0.38965741731226433 0.37107173167169094
leaf_count=6 8 12 4 8 6 6 6
internal_value=0 -0.00536137 -0.0275093 -0.00196844 0.00165065 0.00798208 -0.00818214
internal_weight=0 5.17558 0.68754 4.48804 3.5624 1.79944 0.760729
internal_count=56 50 12 38 26 18 12
is_linear=0
shrinkage=0.1


Tree=35
num_leaves=7
num_cat=0
split_feature=1 3 1 0 4 3
split_gain=0.0408278 0.0343966 0.0243241 0.0117382 0.00824953 0.023363
threshold=0.41000000000000009 0.35230000000000006 0.66500000000000015 0.64285000000000003 0.52050000000000007 0.47130000000000005
decision_type=2 2 2 2 2 2
left_child=-1 2 3 -2 -3 -6
right_child=1 4 -4 -5 5 -7
leaf_value=0.011522406959293456 -0.015093961988055182 -0.0044606069075919857 -0.0058432045440883935 -0.041681594004226247 0.01142180710803997 -0.014679654358583495
leaf_weight=2.164686631411314 0.27349929977208354 1.7622751146554949 0.82340430933982134 0.42267026985064149 1.4117443030700085 0.45295093581080426
leaf_count=6 4 8 6 12 12 8
internal_value=0 -0.00484643 -0.0174767 -0.0312363 0.00044519 0.00508153
internal_weight=0 5.14654 1.51957 0.69617 3.62697 1.8647
internal_count=56 50 22 16 28 20
is_linear=0
shrinkage=0.1


Tree=36
num_leaves=8
num_cat=0
split_feature=1 0 3 0 4 1 1
split_gain=0.0396657 0.0336352 0.0199306 0.019461 0.0168347 0.029911 0.00539411
threshold=0.41000000000000009 0.91155000000000019 0.35230000000000006 0.87855000000000005 0.52050000000000007 0.55500000000000016 0.63000000000000012
decision_type=2 2 2 2 2 2 2
left_child=-1 3 -3 -2 -4 -6 -7
right_child=1 2 4 -5 5 6 -8
leaf_value=0.011358993601790806 -0.039212579992799819 -0.014765263443801019 -0.005142143037559342 -0.0043655740893438428 0.01959226337832785 -0.016451476113772356 0.00082857872359041725
leaf_weight=2.1621202863752842 0.41079948609694827 0.91835288750007738 1.7640803330577912 0.26278173550963402 1.0367453955113886 0.32361441385000933 0.40890179760754108
leaf_count=6 8 12 8 4 6 6 6
internal_value=0 -0.00479184 -0.00164068 -0.0256178 0.00177054 0.00866297 -0.00680548
internal_weight=0 5.12528 4.45169 0.673581 3.53334 1.76926 0.732516
internal_count=56 50 38 12 26 18 12
is_linear=0
shrinkage=0.1


Tree=37
num_leaves=8
num_cat=0
split_feature=1 0 3 0 4 1 1
split_gain=0.0361609 0.0299871 0.0179267 0.0168821 0.0165099 0.0305018 0.00476554
threshold=0.41000000000000009 0.91155000000000019 0.35230000000000006 0.87855000000000005 0.52050000000000007 0.55500000000000016 0.63000000000000012
decision_type=2 2 2 2 2 2 2
left_child=-1 3 -3 -2 -4 -6 -7
right_child=1 2 4 -5 5 6 -8
leaf_value=0.010841908783936122 -0.037090345539373341 -0.014057933593754054 -0.0051935338011996303 -0.0045806020558752736 0.019479696886692877 -0.016605051796344607 -0.00016229530174768989
leaf_weight=2.1611543297767639 0.40649936301633705 0.91778358304873098 1.7638809513300659 0.26313370373100042 1.0361618883907793 0.31341971457004536 0.40278600715100765
leaf_count=6 8 12 8 4 6 6 6
internal_value=0 -0.00459102 -0.00161219 -0.0243156 0.0016363 0.008511 -0.00735783
internal_weight=0 5.10367 4.43403 0.669633 3.51625 1.75237 0.716206
internal_count=56 50 38 12 26 18 12
is_linear=0
shrinkage=0.1


Tree=38
num_leaves=6
num_cat=0
split_feature=4 1 1 1 5
split_gain=0.0358147 0.00905825 0.0105192 0.0120687 0.0644462
threshold=0.4582500000000001 0.66500000000000015 0.6100000000000001 0.52500000000000013 0.20000000000000004
decision_type=2 2 2 2 2
left_child=-1 2 3 -2 -5
right_child=1 -3 -4 4 -6
leaf_value=0.025900720777781439 0.0015054376620479482 -0.011444018182639662 0.0054697983138550683 -0.046199354139213222 0.00039304966693287126
leaf_weight=0.49723808746784914 2.1613749666139488 0.86804118752479542 1.9649614952504633 0.37852493301033963 1.3762045451439915
leaf_count=8 8 8 8 8 16
internal_value=0 -0.00190822 -0.000500748 -0.00349656 -0.00965772
internal_weight=0 6.74911 5.88107 3.9161 1.75473
internal_count=56 48 40 32 24
is_linear=0
shrinkage=0.1


Tree=39
num_leaves=10
num_cat=0
split_feature=1 0 4 3 1 4 5 0 1
split_gain=0.0324747 0.0261992 0.0238448 0.042855 0.0360755 0.0283584 0.0969733 0.0155171 0.000862501
threshold=0.41000000000000009 0.91155000000000019 0.52050000000000007 0.42870000000000003 0.55500000000000016 0.54930000000000012 0.20000000000000004 0.87855000000000005 0.63000000000000012
decision_type=2 2 2 2 2 2 2 2 2
left_child=-1 7 3 -3 -4 -6 -7 -2 -8
right_child=1 2 4 -5 5 6 8 -9 -10
leaf_value=0.01030029097150985 -0.035418151092940518 -0.028873627665982476 0.019460684622845829 0.0003286981352042465 0.012559746852467383 0.027002271140593583 -0.060966688744957788 -0.0039133480924899693 -0.050770259622733738
leaf_weight=2.1518871486186981 0.3972623455338179 0.71391790593043003 1.0348889827728274 1.6972521580755708 0.41902838647365559 0.23904352635145187 0.18399614049121737 0.25777865294367075 0.15107441321015358
leaf_count=6 8 8 6 6 4 2 8 4 4
internal_value=0 -0.004351 -0.00159623 -0.00831775 0.00639513 -0.00721962 -0.021656 -0.02302 -0.0563694
internal_weight=0 5.09424 4.4392 2.41117 2.02803 0.993142 0.574114 0.655041 0.335071
internal_count=56 50 38 14 24 18 14 12 12
is_linear=0
shrinkage=0.1


Tree=40
num_leaves=8
num_cat=0
split_feature=1 3 1 4 1 0 3
split_gain=0.0341664 0.0224185 0.0230807 0.0115158 0.0216598 0.00908146 0.0047593
threshold=0.41000000000000009 0.35230000000000006 0.66500000000000015 0.52050000000000007 0.55500000000000016 0.64285000000000003 0.47130000000000005
decision_type=2 2 2 2 2 2 2
left_child=-1 2 5 -3 -5 -2 -6
right_child=1 3 -4 4 6 -7 -8
leaf_value=0.010553409352907736 -0.014366623581214542 -0.0059473651808322828 -0.003431561824135375 0.014016638595861518 -0.016929659685900485 -0.038082775610798841 -0.00012764849744367158
leaf_weight=2.1486129835247993 0.26989013422280528 1.7610950334928932 0.80253352038562298 1.112897449173033 0.34387553203850973 0.40189076913520694 0.33072299603372812
leaf_count=6 4 8 6 8 6 12 6
internal_value=0 -0.00451435 -0.0148791 -0.000208169 0.00544626 -0.0285547 -0.00869245
internal_weight=0 5.02291 1.47431 3.54859 1.7875 0.671781 0.674599
internal_count=56 50 22 28 20 16 12
is_linear=0
shrinkage=0.1


Tree=41
num_leaves=7
num_cat=0
split_feature=4 1 1 4 4 3
split_gain=0.03284 0.00690287 0.00944623 0.011681 0.0109218 0.00852196
threshold=0.4582500000000001 0.66500000000000015 0.6100000000000001 0.54765000000000008 0.55125000000000013 0.35230000000000006
decision_type=2 2 2 2 2 2
left_child=-1 2 3 5 -5 -2
right_child=1 -3 -4 4 -6 -7
leaf_value=0.025240406575811669 -0.0030437698740878754 -0.01028511545382429 0.0050609550433967261 0.0032733098416501995 -0.0086727263225793386 -0.02732181988866696
leaf_weight=0.48081859154626716 0.26124255312606726 0.84164628572762001 1.9590096287429331 2.0703423097729687 1.2141475183889268 0.32376407086849213
leaf_count=8 4 8 8 6 16 6
internal_value=0 -0.00181946 -0.000597001 -0.00346145 -0.00114267 -0.0164801
internal_weight=0 6.67015 5.82851 3.8695 3.28449 0.585007
internal_count=56 48 40 32 22 10
is_linear=0
shrinkage=0.1


Tree=42
num_leaves=9
num_cat=0
split_feature=1 0 0 4 1 4 5 4
split_gain=0.027936 0.0256538 0.0168032 0.0162173 0.0397 0.0330761 0.109485 0.0416775
threshold=0.41000000000000009 0.91155000000000019 0.87855000000000005 0.52050000000000007 0.55500000000000016 0.54930000000000012 0.20000000000000004 0.56205000000000005
decision_type=2 2 2 2 2 2 2 2
left_child=-1 2 -2 -3 -5 -6 -7 -8
right_child=1 3 -4 4 5 6 7 -9
leaf_value=0.0095553828078386444 -0.03558442135421544 -0.0068522419702422496 -0.0028701765264651279 0.018941564528097483 0.0119287180062522 0.025587855218197505 -0.11481286209452242 -0.037153372061258558
leaf_weight=2.1413148604333401 0.39391139382496465 2.3824593755416572 0.26106194080784917 1.0300808437168596 0.40307119861245144 0.22919219732284546 0.11144757457077503 0.18189139617606997
leaf_count=6 8 14 4 6 4 2 4 8
internal_value=0 -0.00409786 -0.022545 -0.0013127 0.0054357 -0.00959465 -0.0261974 -0.0666584
internal_weight=0 4.99312 0.654973 4.33814 1.95568 0.925602 0.522531 0.293339
internal_count=56 50 12 38 24 18 14 12
is_linear=0
shrinkage=0.1


Tree=43
num_leaves=7
num_cat=0
split_feature=1 3 0 4 3 1
split_gain=0.029072 0.0221587 0.0176129 0.0077927 0.0285144 0.0447522
threshold=0.41000000000000009 0.33050000000000007 0.91155000000000019 0.58535000000000015 0.42870000000000003 0.69000000000000006
decision_type=2 2 2 2 2 2
left_child=-1 2 -2 4 5 -3
right_child=1 3 -4 -5 -6 -7
leaf_value=0.0097500415833010612 -0.0087254917312837143 -0.044251698480351855 -0.039821843148102609 0.0061286368443543571 0.0027539694235461424 -0.00047994630035803182
leaf_weight=2.1364295147359371 0.53432222828268994 0.38860514527186785 0.27634469466283917 1.0643484941683707 2.1027477383613586 0.58549050614237785
leaf_count=6 8 8 6 10 14 4
internal_value=0 -0.00420656 -0.0193258 -0.00124687 -0.00379822 -0.0179422
internal_weight=0 4.95186 0.810667 4.14119 3.07684 0.974096
internal_count=56 50 14 36 26 12
is_linear=0
shrinkage=0.1


Tree=44
num_leaves=6
num_cat=0
split_feature=3 0 4 1 1
split_gain=0.0248201 0.00792889 0.0174846 0.0287044 0.0143169
threshold=0.30405000000000004 0.91155000000000019 0.52050000000000007 0.55500000000000016 0.63000000000000012
decision_type=2 2 2 2 2
left_child=-1 -2 -3 -4 -5
right_child=1 2 3 4 -6
leaf_value=0.018172871212626143 -0.0065386777148326155 -0.0048422273334368104 0.018951205956881184 -0.023082960900263644 0.0062577310595314344
leaf_weight=0.67938369046896685 2.35743223503232 2.3414232772774994 1.0302836298942564 0.3167136008851229 0.35019043274223804
leaf_count=10 12 12 6 10 6
internal_value=0 -0.00193031 0.000759698 0.00848806 -0.0076762
internal_weight=0 6.39604 4.03861 1.69719 0.666904
internal_count=56 46 34 22 16
is_linear=0
shrinkage=0.1


Tree=45
num_leaves=6
num_cat=0
split_feature=1 3 0 4 3
split_gain=0.0219195 0.0240915 0.0180331 0.0116835 0.011655
threshold=0.41000000000000009 0.33050000000000007 0.91155000000000019 0.52050000000000007 0.47130000000000005
decision_type=2 2 2 2 2
left_child=-1 2 -2 -3 -5
right_child=1 3 -4 4 -6
leaf_value=0.0084736437205739073 -0.0087299409557950892 -0.0052067745064384476 -0.040217391506637765 0.0098051305452936197 -0.0097472582985981548
leaf_weight=2.1321986615657806 0.53627575701102603 2.3419096176512539 0.27523293811827898 1.3951521441340444 0.3901167707517742
leaf_count=6 8 12 6 16 8
internal_value=0 -0.00365837 -0.0194093 -0.000561332 0.00553254
internal_weight=0 4.93869 0.811509 4.12718 1.78527
internal_count=56 50 14 36 24
is_linear=0
shrinkage=0.1


Tree=46
num_leaves=9
num_cat=0
split_feature=3 3 4 0 1 5 4 4
split_gain=0.0265784 0.0717173 0.00888668 0.0181398 0.0324704 0.00980607 0.00976623 0.0106323
threshold=0.30405000000000004 0.23625000000000004 0.52050000000000007 0.91155000000000019 0.55500000000000016 0.20000000000000004 0.55125000000000013 0.56205000000000005
decision_type=2 2 2 2 2 2 2 2
left_child=1 -1 5 -4 -5 -2 -6 -8
right_child=2 -3 3 4 6 -7 7 -9
leaf_value=0.048500702641179443 -0.014833804910024171 -0.017122294113300959 -0.0051233482299555622 0.019850628241855201 0.0089969607109305506 -0.0019880234517393822 -0.0047919637627154843 -0.036602378307297706
leaf_weight=0.36931549012660969 0.91257402673363697 0.30331143923103809 2.0883690435439348 1.0346609838306906 0.21374899800866831 1.7036523874849081 0.2733556404709816 0.17067821999080479
leaf_count=4 10 6 8 6 4 6 4 8
internal_value=0 0.018909 -0.00198821 0.00111224 0.00880657 -0.0064688 -0.00856521 -0.0170193
internal_weight=0 0.672627 6.39704 3.78081 1.69244 2.61623 0.657783 0.444034
internal_count=56 10 46 30 22 16 16 12
is_linear=0
shrinkage=0.1


Tree=47
num_leaves=9
num_cat=0
split_feature=1 3 4 1 1 3 1 1
split_gain=0.0199202 0.0244628 0.0247278 0.0198627 0.0114839 0.0108682 0.0104554 0.00535598
threshold=0.41000000000000009 0.35230000000000006 0.52050000000000007 0.69000000000000006 0.59500000000000008 0.30405000000000004 0.55500000000000016 0.63000000000000012
decision_type=2 2 2 2 2 2 2 2
left_child=-1 3 -3 4 5 -2 -4 -8
right_child=1 2 6 -5 -6 -7 7 -9
leaf_value=0.0081145707341440353 -0.0014506467306837582 -0.0073015921617257708 0.015302631551202815 -0.00021247265498865523 -0.041410626179496098 -0.02874824892398788 -0.011743264042592419 0.0071451193817113103
leaf_weight=2.116138618439436 0.26672996766865231 1.7617914038710298 1.1149139711633322 0.58139562886208296 0.2661076916847378 0.32183250831440091 0.26288902759551991 0.34998246468603611
leaf_count=6 4 8 8 4 6 8 6 6
internal_value=0 -0.00348615 0.00103472 -0.0144717 -0.0241716 -0.0163773 0.0095351 -0.000956985
internal_weight=0 4.92564 3.48958 1.43607 0.85467 0.588562 1.72779 0.612871
internal_count=56 50 28 22 18 12 20 12
is_linear=0
shrinkage=0.1


Tree=48
num_leaves=8
num_cat=0
split_feature=3 3 4 0 1 5 1
split_gain=0.0200031 0.0590988 0.0115819 0.0222927 0.0339546 0.00769138 0.00668952
threshold=0.30405000000000004 0.23625000000000004 0.52050000000000007 0.91155000000000019 0.55500000000000016 0.20000000000000004 0.63000000000000012
decision_type=2 2 2 2 2 2 2
left_child=1 -1 5 -4 -5 -2 -6
right_child=2 -3 3 4 6 -7 -8
leaf_value=0.044390390869488434 -0.014260695402351335 -0.015909498274649003 -0.0050783434008070125 0.021542609053752552 -0.018538991541615396 -0.002869321830407516 0.001874196571106705
leaf_weight=0.35333586484193791 0.9069034685380758 0.30098973214626312 2.0831665964797139 1.0425174459815028 0.30089515144936729 1.7109371535480022 0.34415110480040312
leaf_count=4 10 6 8 6 10 6 6
internal_value=0 0.0166524 -0.00170556 0.00184214 0.0103849 -0.00681566 -0.00764796
internal_weight=0 0.654326 6.38857 3.77073 1.68756 2.61784 0.645046
internal_count=56 10 46 30 22 16 16
is_linear=0
shrinkage=0.1


Tree=49
num_leaves=9
num_cat=0
split_feature=1 0 4 1 1 5 0 1
split_gain=0.0186631 0.0244083 0.0317043 0.0462037 0.023896 0.0239708 0.0195325 0.00750637
threshold=0.41000000000000009 0.91155000000000019 0.52050000000000007 0.55500000000000016 0.66500000000000015 0.20000000000000004 0.87855000000000005 0.57000000000000017
decision_type=2 2 2 2 2 2 2 2
left_child=-1 6 -3 -4 5 -5 -2 -7
right_child=1 2 3 4 -6 7 -8 -9
leaf_value=0.0078920968825730627 -0.035874956116072894 -0.0082883386125890812 0.023044920289035556 0.028408488827887449 -0.03551661741746797 -0.0013241750300091017 -0.00062318451281634943 -0.029585430051106115
leaf_weight=2.1009667068719864 0.38338544126600016 2.386365994811058 1.0497524663805959 0.22032609581947316 0.23441313672810793 0.22993699228391051 0.2663961099460721 0.15895060542970896
leaf_count=6 8 14 6 2 4 4 4 8
internal_value=0 -0.00336361 -0.000621784 0.00904094 -0.00838467 0.00205516 -0.0214225 -0.0128754
internal_weight=0 4.92953 4.27975 1.89338 0.843627 0.609214 0.649782 0.388888
internal_count=56 50 38 24 18 14 12 12
is_linear=0
shrinkage=0.1


Tree=50
num_leaves=8
num_cat=0
split_feature=1 4 1 0 4 1 4
split_gain=0.0203353 0.0323357 0.0282297 0.0144186 0.00535469 0.00622066 0.00607884
threshold=0.41000000000000009 0.58535000000000015 0.55500000000000016 0.64285000000000003 0.54305000000000014 0.63000000000000012 0.50170000000000015
decision_type=2 2 2 2 2 2 2
left_child=-1 2 3 -2 6 -6 -4
right_child=1 -3 4 -5 5 -7 -8
leaf_value=0.0082541558591000368 -0.013711019547060974 0.011410302419298253 -0.0060985695800261606 -0.047504355077400119 -0.022515226252622311 -0.0031556013332429793 0.0038820998982286347
leaf_weight=2.0962836742401123 0.26379683148115907 1.1241725876461712 1.6994621218182153 0.24216255452483892 0.32256219163537014 0.34190004225820303 0.95213075354695309
leaf_count=6 4 12 6 8 6 6 8
internal_value=0 -0.00349826 -0.00788332 -0.0298852 -0.00452631 -0.0125537 -0.00251472
internal_weight=0 4.94619 3.82201 0.505959 3.31606 0.664462 2.65159
internal_count=56 50 38 12 26 12 14
is_linear=0
shrinkage=0.1


Tree=51
num_leaves=7
num_cat=0
split_feature=1 5 4 5 3 4
split_gain=0.0269973 0.0250165 0.00907317 0.0838991 0.0212403 0.0066234
threshold=0.55500000000000016 0.20000000000000004 0.54305000000000014 0.20000000000000004 0.42870000000000003 0.50170000000000015
decision_type=2 2 2 2 2 2
left_child=1 -1 5 -4 -5 -2
right_child=2 -3 3 4 -6 -7
leaf_value=0.00066557230183161061 -0.0074636707733539854 0.018856728822720641 0.0079910582984941761 -0.10147744316085605 -0.040854547417712078 0.0029486446059605207
leaf_weight=2.6091870656237006 1.7099178251810379 1.0643547177314761 0.47859465121291567 0.093392405193299055 0.15162624698132277 0.9505302496254443
leaf_count=18 6 6 6 6 6 8
internal_value=0 0.00593619 -0.00644399 -0.0163725 -0.0639618 -0.00374354
internal_weight=0 3.67354 3.38406 0.723613 0.245019 2.66045
internal_count=56 24 32 18 12 14
is_linear=0
shrinkage=0.1


Tree=52
num_leaves=7
num_cat=0
split_feature=4 1 1 3 2 1
split_gain=0.0471438 0.0558109 0.0237924 0.0394149 0.00381824 0.00208017
threshold=0.58535000000000015 0.52500000000000013 0.6100000000000001 0.47130000000000005 0.55000000000000016 0.69000000000000006
decision_type=2 2 2 2 2 2
left_child=1 -1 3 -3 -4 -6
right_child=-2 2 4 -5 5 -7
leaf_value=0.0080135125664041931 0.018369101806032635 -0.0476113623765217 -0.010678492935052797 0.0034571878699906364 -0.0077480183874729675 0.00093679117869895361
leaf_weight=2.4342973162420094 1.1674582906998692 0.41339223575778339 1.7409453736618161 0.23822165839374065 0.52272722218185663 0.58380127046257257
leaf_count=12 12 10 6 4 8 4
internal_value=0 -0.00361433 -0.0117038 -0.0289414 -0.00775911 -0.00316594
internal_weight=0 5.93339 3.49909 0.651614 2.84747 1.10653
internal_count=56 44 32 14 18 12
is_linear=0
shrinkage=0.1


Tree=53
num_leaves=7
num_cat=0
split_feature=4 1 2 1 1 4
split_gain=0.119198 0.0738462 0.0228128 0.00470389 0.0387153 0.00205337
threshold=0.58535000000000015 0.52500000000000013 0.55000000000000016 0.6100000000000001 0.57000000000000017 0.52050000000000007
decision_type=2 2 2 2 2 2
left_child=1 -1 3 4 -3 -4
right_child=-2 2 5 -5 -6 -7
leaf_value=0.0076099729919028736 0.028227636047690626 -0.048343135931695605 0.0010242471071985758 -0.017771316460731438 0.0013271469593597958 -0.0076475376057013158
leaf_weight=2.4225334450602531 1.2390428090002386 0.37776425527408752 0.58274693414568923 1.8103401716798542 0.26843100530095398 0.51380836311727762
leaf_count=12 12 10 4 6 4 8
internal_value=0 -0.00585299 -0.0150322 -0.0203857 -0.02771 -0.00303906
internal_weight=0 5.97562 3.55309 2.45654 0.646195 1.09656
internal_count=56 44 32 20 14 12
is_linear=0
shrinkage=0.1


Tree=54
num_leaves=6
num_cat=0
split_feature=4 1 4 4 1
split_gain=0.347221 0.134838 0.0817329 0.0175683 0.00478399
threshold=0.58535000000000015 0.52500000000000013 0.50170000000000015 0.54930000000000012 0.66500000000000015
decision_type=2 2 2 2 2
left_child=1 -1 -3 4 -4
right_child=-2 2 3 -5 -6
leaf_value=0.0081833154097458241 0.044897461658533366 -0.035796835975430284 0.0071733893690723791 -0.024178112899743039 -0.0052751620720846576
leaf_weight=2.3985974951647222 1.4011924022343007 2.0228061068337415 0.51591371372342087 0.40426995931193221 0.76865950133651495
leaf_count=12 12 8 8 10 6
internal_value=0 -0.0102958 -0.0222377 -0.00599726 -0.000275542
internal_weight=0 6.11025 3.71165 1.68884 1.28457
internal_count=56 44 32 24 14
is_linear=0
shrinkage=0.1


Tree=55
num_leaves=8
num_cat=0
split_feature=1 0 4 1 1 0 1
split_gain=0.0172386 0.0260403 0.0383292 0.0476489 0.0360844 0.0280618 0.0172148
threshold=0.41000000000000009 0.91155000000000019 0.52050000000000007 0.55500000000000016 0.66500000000000015 0.87855000000000005 0.63000000000000012
decision_type=2 2 2 2 2 2 2
left_child=-1 5 -3 -4 6 -2 -5
right_child=1 2 3 4 -6 -7 -8
leaf_value=0.0076176039421757546 -0.039526107838188829 -0.0087492907255577301 0.023957104051032199 -0.011912230327119352 -0.04297021708966936 0.0024880902459111487 0.022180778648668922
leaf_weight=2.0900430232286453 0.3774971063248812 2.4130833575036377 1.0847877226769922 0.30437647271901358 0.21716786082834005 0.27462340309284627 0.28847086988389492
leaf_count=6 8 14 6 10 4 4 4
internal_value=0 -0.0032099 -0.000390781 0.010254 -0.00809743 -0.0218329 0.00467693
internal_weight=0 4.96001 4.30789 1.8948 0.810015 0.652121 0.592847
internal_count=56 50 38 24 18 12 14
is_linear=0
shrinkage=0.1


Tree=56
num_leaves=9
num_cat=0
split_feature=3 3 4 0 1 4 5 3
split_gain=0.0180799 0.0436711 0.00977138 0.020462 0.0306283 0.0340552 0.00730045 0.00610409
threshold=0.30405000000000004 0.23625000000000004 0.52050000000000007 0.91155000000000019 0.55500000000000016 0.54930000000000012 0.20000000000000004 0.42870000000000003
decision_type=2 2 2 2 2 2 2 2
left_child=1 -1 6 -4 -5 -6 -2 -7
right_child=2 -3 3 4 5 7 -8 -9
leaf_value=0.041989433058675543 -0.013549869467107121 -0.010773269278025972 -0.0050019848188710353 0.020179569617055085 0.028234591506036251 -0.014046645529679581 -0.0024516014964384479 -0.038605128855704482
leaf_weight=0.32083575427532185 0.90404995530843746 0.30695128161460161 2.0609515598043799 1.0623979512602093 0.18513552844524372 0.28051683446392417 1.7210418879985809 0.15833503007888794
leaf_count=4 10 6 8 6 2 8 6 6
internal_value=0 0.0161915 -0.00159513 0.00168233 0.0098513 -0.00773355 -0.00627371 -0.0229072
internal_weight=0 0.627787 6.37243 3.74734 1.68639 0.623987 2.62509 0.438852
internal_count=56 10 46 30 22 16 16 14
is_linear=0
shrinkage=0.1


Tree=57
num_leaves=9
num_cat=0
split_feature=1 3 4 3 2 1 1 3
split_gain=0.0157967 0.0302857 0.0324711 0.0294716 0.0265977 0.0158965 0.0226552 0.0105686
threshold=0.41000000000000009 0.47130000000000005 0.54930000000000012 0.35230000000000006 0.55000000000000016 0.69000000000000006 0.59500000000000008 0.30405000000000004
decision_type=2 2 2 2 2 2 2 2
left_child=-1 3 -3 5 -5 6 7 -2
right_child=1 2 -4 4 -6 -7 -8 -9
leaf_value=0.0073006445431020202 0.0031704103806203458 -0.0037868277227992696 -0.05769796928899517 -0.0026511342478090223 0.016514595652247381 -3.7754755002525612e-05 -0.047831703812814215 -0.023883142530820058
leaf_weight=2.0781868919730186 0.27559172105975427 0.25130700320005406 0.20114399399608374 1.8225636593997478 1.2013983111828566 0.58679499849677086 0.2347927805967629 0.30333780590444803
leaf_count=6 4 4 6 10 8 4 6 8
internal_value=0 -0.003111 -0.0277538 -0.000591 0.00496327 -0.0125836 -0.0216308 -0.0110047
internal_weight=0 4.87693 0.452451 4.42448 3.02396 1.40052 0.813722 0.57893
internal_count=56 50 10 40 18 22 18 12
is_linear=0
shrinkage=0.1


Tree=58
num_leaves=8
num_cat=0
split_feature=1 3 3 4 2 1 4
split_gain=0.0161641 0.0239864 0.0229863 0.0190537 0.0161642 0.00672695 0.0060642
threshold=0.41000000000000009 0.47130000000000005 0.33050000000000007 0.54930000000000012 0.55000000000000016 0.69000000000000006 0.54305000000000014
decision_type=2 2 2 2 2 2 2
left_child=-1 2 6 -3 -4 -6 -2
right_child=1 3 4 -5 5 -7 -8
leaf_value=0.0073720976820845626 -0.023788113832682627 -0.0068538843664961635 -0.0041754306203005643 -0.048733830337776479 0.01344878783138582 0.00041012788348990692 -0.0055857539921704488
leaf_weight=2.0812607817351818 0.46742610866203893 0.24502173252403725 1.8522722357884049 0.19516324065625668 1.2000008900649843 0.59034910891205084 0.30081837298348546
leaf_count=6 8 4 12 6 10 4 6
internal_value=0 -0.00316287 -0.000941502 -0.025422 0.00237374 0.00914943 -0.0166607
internal_weight=0 4.85105 4.41087 0.440185 3.64262 1.79035 0.768244
internal_count=56 50 40 10 26 14 14
is_linear=0
shrinkage=0.1


Tree=59
num_leaves=8
num_cat=0
split_feature=1 0 0 4 1 5 4
split_gain=0.0163322 0.0165976 0.0187671 0.0109433 0.0387005 0.0217471 0.000897532
threshold=0.41000000000000009 0.91155000000000019 0.87855000000000005 0.54930000000000012 0.55500000000000016 0.20000000000000004 0.56205000000000005
decision_type=2 2 2 2 2 2 2
left_child=-1 2 -2 5 -5 -3 -6
right_child=1 3 -4 4 6 -7 -8
leaf_value=0.0073916536569173076 -0.033015187333574329 -0.017893482706941782 0.0014577830726347281 0.016384942502459417 -0.023163362503440175 0.0013842550601247325 -0.013502218428061097
leaf_weight=2.0869735069572926 0.36605379544198502 0.85110605973750364 0.27774272812530398 1.0428071320056913 0.26602177741006006 1.8728842977434397 0.15059588151052594
leaf_count=6 8 10 4 6 6 8 8
internal_value=0 -0.00319566 -0.0181431 -0.00089537 0.00609212 -0.00463904 -0.0196711
internal_weight=0 4.82721 0.643797 4.18342 1.45942 2.72399 0.416618
internal_count=56 50 12 38 20 18 14
is_linear=0
shrinkage=0.1


Tree=60
num_leaves=8
num_cat=0
split_feature=3 3 1 4 0 0 1
split_gain=0.0152545 0.0404883 0.0102764 0.0319673 0.00952437 0.00780396 2.68786e-05
threshold=0.30405000000000004 0.23625000000000004 0.6100000000000001 0.54765000000000008 0.91155000000000019 0.91155000000000019 0.63000000000000012
decision_type=2 2 2 2 2 2 2
left_child=1 -1 3 4 -2 -5 -4
right_child=2 -3 6 5 -6 -7 -8
leaf_value=0.040647965691048636 -0.013136528904982884 -0.010546334582005247 0.0032274116983810261 -0.0046501634195568126 -0.039470055438896159 0.0056339654561188592 0.0039110656346158087
leaf_weight=0.30825281888246525 0.26021174527704749 0.30968980025500059 1.6288593299686911 2.0593619961291552 0.29088169359602034 1.1498692566528919 0.88893776573240746
leaf_count=4 4 6 4 8 6 14 10
internal_value=0 0.0149913 -0.00147556 -0.00478614 -0.0270361 -0.000965355 0.00346878
internal_weight=0 0.617943 6.27812 3.76032 0.551093 3.20923 2.5178
internal_count=56 10 46 32 10 22 14
is_linear=0
shrinkage=0.1


Tree=61
num_leaves=7
num_cat=0
split_feature=1 3 4 4 3 4
split_gain=0.0133311 0.0181374 0.00774228 0.00630765 0.00765882 0.00332123
threshold=0.41000000000000009 0.33050000000000007 0.54305000000000014 0.52050000000000007 0.47130000000000005 0.56205000000000005
decision_type=2 2 2 2 2 2
left_child=-1 2 -2 -3 5 -5
right_child=1 3 -4 4 -6 -7
leaf_value=0.0066867080299448135 -0.025134704679057703 -0.003587375870291969 -0.0046142249502458266 0.016748876444685701 -0.0087186123428522021 0.0050829606349677581
leaf_weight=2.0796784311532974 0.46290551498532284 2.3329773526638746 0.30501096462830901 0.32049243990331877 0.3512612935155629 1.0230360133573411
leaf_count=6 8 12 6 6 8 10
internal_value=0 -0.00289974 -0.0169841 -0.000214471 0.00442853 0.00786581
internal_weight=0 4.79568 0.767916 4.02777 1.69479 1.34353
internal_count=56 50 14 36 24 16
is_linear=0
shrinkage=0.1


Tree=62
num_leaves=8
num_cat=0
split_feature=1 3 1 2 3 4 1
split_gain=0.0139004 0.0149013 0.0061986 0.0286849 0.0364758 0.00618931 1.64507e-05
threshold=0.41000000000000009 0.33050000000000007 0.6100000000000001 0.55000000000000016 0.47130000000000005 0.54305000000000014 0.63000000000000012
decision_type=2 2 2 2 2 2 2
left_child=-1 5 3 4 -3 -2 -4
right_child=1 2 6 -5 -6 -7 -8
leaf_value=0.006827745476027886 -0.023029208682281435 -0.056437592465982206 0.0023215122547668187 0.0033123776002113824 0.00098453211728336053 -0.0046900912344891672 0.002856472134630029
leaf_weight=2.0790401846170425 0.46224601892754424 0.21567892050370541 1.6264663971960547 1.0619016923010349 0.22710919938981533 0.30575546948239207 0.88904608879238356
leaf_count=6 8 8 4 10 4 6 10
internal_value=0 -0.00296461 -0.000526338 -0.0056034 -0.0269854 -0.0157281 0.00251058
internal_weight=0 4.7882 4.0202 1.50469 0.442788 0.768001 2.51551
internal_count=56 50 36 22 12 14 14
is_linear=0
shrinkage=0.1


Tree=63
num_leaves=8
num_cat=0
split_feature=3 3 1 4 4 0 2
split_gain=0.0139808 0.0352929 0.00548565 0.0211226 0.00902966 0.00480833 7.01016e-06
threshold=0.30405000000000004 0.23625000000000004 0.6100000000000001 0.54765000000000008 0.55125000000000013 0.91155000000000019 0.55000000000000016
decision_type=2 2 2 2 2 2 2
left_child=1 -1 3 5 -5 -2 -4
right_child=2 -3 6 4 -6 -7 -8
leaf_value=0.039342260858028062 -0.012365297026195403 -0.0088336257909082862 0.0023329564364472479 0.0032559462701693188 -0.0077637974665232456 -0.031298496303230693 0.0019832522113878075
leaf_weight=0.29448329657316197 0.25870067905634675 0.31442853203043342 1.6253792978823187 2.0406584721058612 1.1698572265449909 0.27857957594096661 0.88552834000438441
leaf_count=4 4 6 4 6 16 6 10
internal_value=0 0.0144653 -0.00140734 -0.0038306 -0.000759461 -0.0221822 0.00220963
internal_weight=0 0.608912 6.2587 3.7478 3.21052 0.53728 2.51091
internal_count=56 10 46 32 22 10 14
is_linear=0
shrinkage=0.1


Tree=64
num_leaves=7
num_cat=0
split_feature=1 3 1 4 4 4
split_gain=0.0128006 0.0144086 0.0302899 0.00663564 0.00655939 0.0243559
threshold=0.41000000000000009 0.33050000000000007 0.59500000000000008 0.52050000000000007 0.56205000000000005 0.55125000000000013
decision_type=2 2 2 2 2 2
left_child=-1 2 -2 -3 5 -5
right_child=1 3 -4 4 -6 -7
leaf_value=0.0065707709003671472 -0.0025596646892221994 -0.0038954879110919445 -0.046119722075450953 0.034215786236388344 0.0002524468788241759 -0.0098140335760621561
leaf_weight=2.0693470351397991 0.54195798840373743 2.3316652681678534 0.22628348739817739 0.27192019671201695 1.1767607969231901 0.23353413958102465
leaf_count=6 8 12 6 6 14 4
internal_value=0 -0.00284334 -0.0153902 -0.00044193 0.00434494 0.0138728
internal_weight=0 4.78212 0.768241 4.01388 1.68222 0.505454
internal_count=56 50 14 36 24 10
is_linear=0
shrinkage=0.1


Tree=65
num_leaves=8
num_cat=0
split_feature=3 3 0 4 1 4 3
split_gain=0.0130386 0.0295331 0.00584532 0.0100973 0.0208244 0.0176806 0.00131982
threshold=0.30405000000000004 0.23625000000000004 0.91155000000000019 0.52050000000000007 0.55500000000000016 0.54930000000000012 0.42870000000000003
decision_type=2 2 2 2 2 2 2
left_child=1 -1 -2 -4 -5 -6 -7
right_child=2 -3 3 4 5 6 -8
leaf_value=0.03724691824358365 -0.00534945769405238 -0.0071432118108591298 -0.0032051030711871737 0.015548131753195327 0.019657383256236283 -0.01541870742396091 -0.027501867851995761
leaf_weight=0.28707189857959736 2.3079677131026983 0.31360978586599231 2.3327572371345018 1.0338910613209007 0.16131001710891713 0.26698255725204945 0.13667294383049011
leaf_count=4 12 6 12 6 2 8 6
internal_value=0 0.0140713 -0.00135464 0.000990431 0.00711178 -0.0083268 -0.0195099
internal_weight=0 0.600682 6.23958 3.93161 1.59886 0.564966 0.403656
internal_count=56 10 46 34 22 16 14
is_linear=0
shrinkage=0.1


Tree=66
num_leaves=8
num_cat=0
split_feature=1 3 4 1 2 3 2
split_gain=0.0102099 0.0140892 0.0123278 0.00975733 0.0357977 0.0245905 2.49573e-05
threshold=0.41000000000000009 0.33050000000000007 0.54305000000000014 0.6100000000000001 0.55000000000000016 0.47130000000000005 0.55000000000000016
decision_type=2 2 2 2 2 2 2
left_child=-1 2 -2 4 5 -3 -5
right_child=1 3 -4 6 -6 -7 -8
leaf_value=0.0058784788450994482 -0.025528171895520146 -0.05525651056299237 0.00038123522607418629 0.00341187620773899 0.0033685254715450914 -0.0076562766352662502 0.0040730244994238093
leaf_weight=2.0609352849423885 0.45250067859888066 0.21067150891758513 0.30907668662257493 1.6198837235569956 1.0554081914015114 0.22384648397564888 0.88173228967934836
leaf_count=6 8 8 6 4 10 4 10
internal_value=0 -0.00254889 -0.0150132 -0.000170729 -0.00657726 -0.0307348 0.00364491
internal_weight=0 4.75312 0.761577 3.99154 1.48993 0.434518 2.50162
internal_count=56 50 14 36 22 12 14
is_linear=0
shrinkage=0.1


Tree=67
num_leaves=8
num_cat=0
split_feature=1 3 1 1 2 3 2
split_gain=0.0100428 0.00986475 0.0295086 0.00866251 0.0300286 0.0227303 1.10752e-06
threshold=0.41000000000000009 0.33050000000000007 0.59500000000000008 0.6100000000000001 0.55000000000000016 0.47130000000000005 0.55000000000000016
decision_type=2 2 2 2 2 2 2
left_child=-1 2 -2 4 5 -3 -5
right_child=1 3 -4 6 -6 -7 -8
leaf_value=0.0058336416774726089 -0.00023339776610412414 -0.05157559509577804 -0.043058361921022567 0.0031329088597523247 0.0025848020132263486 -0.0060024493178689655 0.0029934861783967835
leaf_weight=2.060426127165556 0.54603002639487375 0.21672727260738622 0.22812039451673627 1.6192982792854311 1.0563942696899176 0.22108682990074158 0.87903860304504622
leaf_count=6 8 8 6 4 10 4 10
internal_value=0 -0.00252161 -0.0128527 -0.000518423 -0.00654148 -0.0285621 0.00308385
internal_weight=0 4.7667 0.77415 3.99255 1.49421 0.437814 2.49834
internal_count=56 50 14 36 22 12 14
is_linear=0
shrinkage=0.1


Tree=68
num_leaves=8
num_cat=0
split_feature=3 3 1 4 4 0 2
split_gain=0.0160459 0.0190378 0.00669962 0.0292245 0.00905643 0.00739063 7.38751e-05
threshold=0.30405000000000004 0.23625000000000004 0.6100000000000001 0.54765000000000008 0.55125000000000013 0.91155000000000019 0.55000000000000016
decision_type=2 2 2 2 2 2 2
left_child=1 -1 3 5 -5 -2 -4
right_child=2 -3 6 4 -6 -7 -8
leaf_value=0.034912588435992487 -0.013718214652264832 -0.00073180528963513085 0.0029047637894917297 0.0034240677204422539 -0.0076223314662147573 -0.037357353464257739 0.0017648804621541595
leaf_weight=0.27606161683797825 0.25563279725611243 0.32772961398586631 1.6188064254820349 2.0407205019146208 1.166398635599762 0.27403353084810078 0.87635788600891817
leaf_count=4 4 6 4 6 16 6 10
internal_value=0 0.0155653 -0.00150807 -0.00418732 -0.000593402 -0.0259484 0.00250441
internal_weight=0 0.603791 6.23195 3.73679 3.20712 0.529666 2.49516
internal_count=56 10 46 32 22 10 14
is_linear=0
shrinkage=0.1


Tree=69
num_leaves=7
num_cat=0
split_feature=3 0 4 1 1 4
split_gain=0.0164933 0.00613393 0.012623 0.0178378 0.00527899 0.000371525
threshold=0.30405000000000004 0.91155000000000019 0.52050000000000007 0.55500000000000016 0.63000000000000012 0.54305000000000014
decision_type=2 2 2 2 2 2
left_child=5 -2 -3 -4 -5 -1
right_child=1 2 3 4 -6 -7
leaf_value=0.01337044628110752 -0.0056243634335336572 -0.0038131410022389789 0.015447020048039698 -0.016584682116835406 0.0028959763144381467 0.018358155542266486
leaf_weight=0.29771138681098808 2.2994832885451615 2.3321624028030787 1.0415614545345304 0.27496725344099093 0.28153121192008257 0.29966826923191547
leaf_count=6 12 12 6 10 6 4
internal_value=0 -0.00152205 0.000878123 0.00772442 -0.00672946 0.0158725
internal_weight=0 6.22971 3.93022 1.59806 0.556498 0.59738
internal_count=56 46 34 22 16 10
is_linear=0
shrinkage=0.1


Tree=70
num_leaves=7
num_cat=0
split_feature=3 0 4 1 3 4
split_gain=0.0261727 0.00639127 0.010238 0.0192983 0.00703975 0.0022363
threshold=0.30405000000000004 0.91155000000000019 0.52050000000000007 0.55500000000000016 0.42870000000000003 0.54305000000000014
decision_type=2 2 2 2 2 2
left_child=5 -2 -3 -4 -5 -1
right_child=1 2 3 4 -6 -7
leaf_value=0.013626415633579358 -0.0061020990521583347 -0.0036976755947803678 0.014770914689741383 -0.019887247123819438 0.0025697167520174098 0.025823122972495956
leaf_weight=0.29165227897465218 2.3058822210878134 2.3284281608648603 1.0373407509177921 0.27002964308485378 0.28897315543144941 0.31024206336587667
leaf_count=6 12 12 6 8 8 4
internal_value=0 -0.00192365 0.000531275 0.00669963 -0.00827825 0.0199131
internal_weight=0 6.23065 3.92477 1.59634 0.559003 0.601894
internal_count=56 46 34 22 16 10
is_linear=0
shrinkage=0.1


Tree=71
num_leaves=7
num_cat=0
split_feature=3 1 1 2 4 2
split_gain=0.0274538 0.0090929 0.0111412 0.113234 0.00486472 1.58621e-07
threshold=0.30405000000000004 0.6100000000000001 0.52500000000000013 0.55000000000000016 0.54305000000000014 0.55000000000000016
decision_type=2 2 2 2 2 2
left_child=4 2 -2 -4 -1 -3
right_child=1 5 3 -5 -6 -7
leaf_value=0.011027899247053352 -0.000932774255335082 0.002687179282522698 -0.05995924623205981 0.0050369321124570246 0.028994428118407817 0.002740015426208919
leaf_weight=0.29013936361297954 2.3628819542936985 1.613592501729727 0.36524922470562127 1.0071463182102889 0.31359381414949894 0.877021581865847
leaf_count=6 12 4 10 10 4 10
internal_value=0 -0.00197435 -0.00509498 -0.0122611 0.0203602 0.00270578
internal_weight=0 6.22589 3.73528 1.3724 0.603733 2.49061
internal_count=56 46 32 20 10 14
is_linear=0
shrinkage=0.1


Tree=72
num_leaves=6
num_cat=0
split_feature=3 4 3 1 3
split_gain=0.0772331 0.0167778 0.0798044 0.224132 0.0129208
threshold=0.30405000000000004 0.55125000000000013 0.39770000000000005 0.63000000000000012 0.42870000000000003
decision_type=2 2 2 2 2
left_child=-1 4 -3 -4 -2
right_child=1 2 3 -5 -6
leaf_value=0.031613010724348363 -0.0049211242629371094 0.0031260359205922232 -0.1191255752119369 0.018684739363377192 0.0056389785371934583
leaf_weight=0.69576259469613422 2.8540355358272791 1.0052330361213533 0.22447573579847802 0.24884290434420109 1.9504884928464887
leaf_count=10 14 10 6 4 12
internal_value=0 -0.0035007 -0.0128158 -0.0466731 -0.000634048
internal_weight=0 6.28308 1.47855 0.473319 4.80452
internal_count=56 46 20 10 26
is_linear=0
shrinkage=0.1


Tree=73
num_leaves=7
num_cat=0
split_feature=3 4 5 0 1 3
split_gain=0.0128168 0.00992004 0.017732 0.0131216 0.0119651 0.0182455
threshold=0.30405000000000004 0.52050000000000007 0.20000000000000004 0.91155000000000019 0.57000000000000017 0.42870000000000003
decision_type=2 2 2 2 2 2
left_child=-1 2 -2 -3 -5 -6
right_child=1 3 -4 4 5 -7
leaf_value=0.013257018046129557 -0.017213830261124521 -0.0033004712523042727 2.6800199415030591e-05 0.013528198345351003 0.0098183003081236363 -0.038146743174276264
leaf_weight=0.65915744984522451 0.92657076264731597 2.0338788940571249 1.6749316584318876 1.2190073011443021 0.21813376178033639 0.12460952159017324
leaf_count=10 10 8 6 10 6 6
internal_value=0 -0.00141008 -0.00611375 0.00199311 0.00888697 -0.00762012
internal_weight=0 6.19713 2.6015 3.59563 1.56175 0.342743
internal_count=56 46 16 30 22 12
is_linear=0
shrinkage=0.1


Tree=74
num_leaves=7
num_cat=0
split_feature=3 4 0 5 4 3
split_gain=0.0223114 0.0132894 0.00728571 0.0127022 0.0107573 0.0199754
threshold=0.30405000000000004 0.50170000000000015 0.91155000000000019 0.20000000000000004 0.58535000000000015 0.49670000000000009
decision_type=2 2 2 2 2 2
left_child=-1 -2 -3 -4 5 -5
right_child=1 2 3 4 -6 -7
leaf_value=0.017374827720581267 -0.0086701738276088822 -0.0030399192921642948 0.014730530293078742 0.0063308222807718362 0.0044063713872002285 -0.042131582117159214
leaf_weight=0.66728763910941769 1.9635958787985144 2.0319342534057796 0.86254190001636777 0.18350639194250096 1.0029062684625385 0.15852702502161264
leaf_count=10 10 8 8 4 10 6
internal_value=0 -0.00186909 0.00128101 0.00525831 -0.000816446 -0.0161307
internal_weight=0 6.20301 4.23942 2.20748 1.34494 0.342033
internal_count=56 46 36 28 20 10
is_linear=0
shrinkage=0.1


Tree=75
num_leaves=7
num_cat=0
split_feature=3 4 0 5 4 3
split_gain=0.0476715 0.0223492 0.00617159 0.0109315 0.0171745 0.0234743
threshold=0.30405000000000004 0.50170000000000015 0.91155000000000019 0.20000000000000004 0.58535000000000015 0.49670000000000009
decision_type=2 2 2 2 2 2
left_child=-1 -2 -3 -4 5 -5
right_child=1 2 3 4 -6 -7
leaf_value=0.025087047538780851 -0.011477998147167436 -0.0026465676193452598 0.013777246698128902 0.0050286914176911742 0.0060073381472694172 -0.046877326838550247
leaf_weight=0.68272415292449284 1.9940616546664385 2.018155281431973 0.86518640723079476 0.18275669449940313 1.0101370506454257 0.16651122737675905
leaf_count=10 10 8 8 4 10 6
internal_value=0 -0.00274619 0.0013577 0.00499038 -0.000601984 -0.0197172
internal_weight=0 6.23681 4.24275 2.22459 1.3594 0.349268
internal_count=56 46 36 28 20 10
is_linear=0
shrinkage=0.1


Tree=76
num_leaves=7
num_cat=0
split_feature=3 4 0 5 1 1
split_gain=0.508844 0.147709 0.00530999 0.00961179 0.00551634 0.016561
threshold=0.30405000000000004 0.50170000000000015 0.91155000000000019 0.20000000000000004 0.55500000000000016 0.59500000000000008
decision_type=2 2 2 2 2 2
left_child=-1 -2 -3 -4 -5 -6
right_child=1 2 3 4 5 -7
leaf_value=0.074302097229326139 -0.030331973610630752 -0.002160229492665082 0.013113123969872229 0.0032399013051823168 0.0075309022384094197 -0.03834074877858043
leaf_weight=0.81782343005761493 2.217832701979205 2.0208933553658426 0.86996495444327626 1.0080982744693754 0.18696619058027852 0.13592003239318728
leaf_count=10 10 8 8 6 6 8
internal_value=0 -0.00943619 0.00154086 0.00493916 -0.000403545 -0.0117789
internal_weight=0 6.43968 4.22184 2.20095 1.33098 0.322886
internal_count=56 46 36 28 20 14
is_linear=0
shrinkage=0.1


Tree=77
num_leaves=5
num_cat=0
split_feature=1 1 5 4
split_gain=0.0192765 0.00631809 0.0173023 0.00269252
threshold=0.66500000000000015 0.52500000000000013 0.20000000000000004 0.56205000000000005
decision_type=2 2 2 2
left_child=1 -1 -3 -4
right_child=-2 2 3 -5
leaf_value=0.0058382860446289011 -0.015015730533593955 -0.013720497054502815 0.00054198342021463057 0.0068384636688526654
leaf_weight=2.4189251090865582 0.76082565821707238 0.8036306602880362 1.8572925175540151 1.0706427353434262
leaf_count=14 8 12 10 12
internal_value=0 0.00185747 -0.000723031 0.00284438
internal_weight=0 6.15049 3.73157 2.92794
internal_count=56 48 34 22
is_linear=0
shrinkage=0.1


Tree=78
num_leaves=7
num_cat=0
split_feature=1 3 1 4 4 0
split_gain=0.0173833 0.00657952 0.0103264 0.017223 0.0095299 0.00757108
threshold=0.66500000000000015 0.30405000000000004 0.6100000000000001 0.54765000000000008 0.55125000000000013 0.91155000000000019
decision_type=2 2 2 2 2 2
left_child=1 -1 3 5 -5 -3
right_child=-2 2 -4 4 -6 -7
leaf_value=0.01162240897460202 -0.014299310904324109 -0.0069367189875670148 0.0067297659802448007 0.0045247594919334928 -0.0069577807267454167 -0.030923295722348011
leaf_weight=0.60955043486319471 0.7569029452279209 0.25856431922875378 1.8668688563629983 2.0119534824043517 1.1280345181003211 0.26796142710372806
leaf_count=8 8 4 8 6 16 6
internal_value=0 0.00176189 0.00067567 -0.00240688 0.000399679 -0.0191441
internal_weight=0 6.14293 5.53338 3.66651 3.13999 0.526526
internal_count=56 48 40 32 22 10
is_linear=0
shrinkage=0.1


Tree=79
num_leaves=8
num_cat=0
split_feature=1 1 3 4 3 4 3
split_gain=0.0137977 0.00534191 0.0177649 0.0110597 0.012626 0.036203 0.00407335
threshold=0.66500000000000015 0.41000000000000009 0.35230000000000006 0.52050000000000007 0.42870000000000003 0.56205000000000005 0.30405000000000004
decision_type=2 2 2 2 2 2 2
left_child=1 -1 6 -4 -5 -6 -3
right_child=-2 2 3 4 5 -7 -8
leaf_value=0.0057946940117236988 -0.01273665792151002 -0.0080186093148540642 -0.002711042200923441 0.0037013532412493266 0.050068622423033809 -0.01136156132403923 -0.022356597800416086
leaf_weight=2.0129435062408447 0.75705815292894829 0.52395424642600108 1.7123877410776915 1.1684903488494454 0.22954621538519848 0.16482054907828569 0.31863975594751537
leaf_count=6 8 6 8 8 4 6 10
internal_value=0 0.00157278 -0.000491035 0.00284042 0.00892304 0.0243947 -0.0134407
internal_weight=0 6.13078 4.11784 3.27524 1.56286 0.394367 0.842594
internal_count=56 48 42 26 18 10 16
is_linear=0
shrinkage=0.1


Tree=80
num_leaves=5
num_cat=0
split_feature=1 1 5 1
split_gain=0.0126452 0.00573386 0.0168605 0.00314059
threshold=0.66500000000000015 0.52500000000000013 0.20000000000000004 0.6100000000000001
decision_type=2 2 2 2
left_child=1 -1 -3 -4
right_child=-2 2 3 -5
leaf_value=0.0053008540372294286 -0.012210641198838981 -0.013993739655886867 -0.0012692907234798788 0.0053650791093244653
leaf_weight=2.4125954720657319 0.75487469788640726 0.78306750091724131 1.245063058100641 1.6713747587054966
leaf_count=14 8 12 16 6
internal_value=0 0.00150807 -0.000965354 0.00253279
internal_weight=0 6.1121 3.69951 2.91644
internal_count=56 48 34 22
is_linear=0
shrinkage=0.1


Tree=81
num_leaves=8
num_cat=0
split_feature=1 1 3 4 4 3 4
split_gain=0.0122922 0.0043245 0.0145841 0.00770078 0.00562258 0.0236494 0.00397785
threshold=0.66500000000000015 0.41000000000000009 0.35230000000000006 0.52050000000000007 0.58535000000000015 0.42870000000000003 0.54305000000000014
decision_type=2 2 2 2 2 2 2
left_child=1 -1 6 -4 5 -5 -3
right_child=-2 2 3 4 -6 -7 -8
leaf_value=0.0052814246574383389 -0.012048965074044675 -0.021522073085883053 -0.0019759805806848262 -0.0080536589121902712 0.0034589803760493054 0.03489307779223029 -0.0070821740315588763
leaf_weight=2.013463381677866 0.75366331823170174 0.29372948687523592 1.7086122790351512 0.22690695710480202 1.0233463086187837 0.29481865465641022 0.5442779513541609
leaf_count=6 8 6 8 4 8 6 10
internal_value=0 0.00148741 -0.000379571 0.0026503 0.00776626 0.0162148 -0.0121435
internal_weight=0 6.10516 4.09169 3.25368 1.54507 0.521726 0.838007
internal_count=56 48 42 26 18 10 16
is_linear=0
shrinkage=0.1


Tree=82
num_leaves=5
num_cat=0
split_feature=1 1 2 3
split_gain=0.0100763 0.00420283 0.0137723 0.0461766
threshold=0.66500000000000015 0.52500000000000013 0.55000000000000016 0.42870000000000003
decision_type=2 2 2 2
left_child=1 -1 3 -3
right_child=-2 2 -4 -5
leaf_value=0.0045996907362447085 -0.01089575587112439 -0.028427159588314335 0.0077891717591034226 0.002991163224153652
leaf_weight=2.4077930122148246 0.7551288092508911 0.63117005466483567 1.2439292576164009 1.807254586368799
leaf_count=14 8 12 14 8
internal_value=0 0.00135099 -0.000773255 -0.00514126
internal_weight=0 6.09015 3.68235 2.43842
internal_count=56 48 34 20
is_linear=0
shrinkage=0.1


Tree=83
num_leaves=7
num_cat=0
split_feature=1 1 3 1 3 3
split_gain=0.0093696 0.0041579 0.0114165 0.00855269 0.00608212 0.00444842
threshold=0.66500000000000015 0.41000000000000009 0.35230000000000006 0.59500000000000008 0.39770000000000005 0.30405000000000004
decision_type=2 2 2 2 2 2
left_child=1 -1 5 4 -4 -3
right_child=-2 2 3 -5 -6 -7
leaf_value=0.0050184677077375365 -0.010515043764114392 -0.0053222063712169733 0.00032891820542476876 0.0065516439153207196 -0.014494382534626052 -0.020431233522312242
leaf_weight=2.0149120688438416 0.75388720352202643 0.51966168684884895 0.97803016169928036 1.8659592242911456 0.38606132566928864 0.31177455512806773
leaf_count=6 8 6 6 10 10 10
internal_value=0 0.00130458 -0.000537885 0.002152 -0.00386633 -0.0109878
internal_weight=0 6.0764 4.06149 3.23005 1.36409 0.831436
internal_count=56 48 42 26 16 16
is_linear=0
shrinkage=0.1


Tree=84
num_leaves=5
num_cat=0
split_feature=1 1 5 1
split_gain=0.00875411 0.00465517 0.0116671 0.00302326
threshold=0.66500000000000015 0.52500000000000013 0.20000000000000004 0.6100000000000001
decision_type=2 2 2 2
left_child=1 -1 -3 -4
right_child=-2 2 3 -5
leaf_value=0.004674211336072512 -0.010184629058094559 -0.011959621450776604 -0.001842121191291658 0.004693699675457708
leaf_weight=2.4088693468365818 0.75105301477015007 0.76615633280016515 1.2305072189774366 1.66591065749526
leaf_count=14 8 12 16 6
internal_value=0 0.00125986 -0.000985754 0.00191704
internal_weight=0 6.07144 3.66257 2.89642
internal_count=56 48 34 22
is_linear=0
shrinkage=0.1


Tree=85
num_leaves=7
num_cat=0
split_feature=1 1 3 1 2 3
split_gain=0.00891941 0.00362169 0.0107023 0.0063273 0.0146421 0.00457953
threshold=0.66500000000000015 0.41000000000000009 0.35230000000000006 0.6100000000000001 0.55000000000000016 0.30405000000000004
decision_type=2 2 2 2 2 2
left_child=1 -1 5 4 -4 -3
right_child=-2 2 3 -5 -6 -7
leaf_value=0.0047359828938369763 -0.010288629887766416 -0.0048340527633620014 -0.020256236730561102 0.0059926311572154559 0.0031755127842966122 -0.020183880971457825
leaf_weight=2.0153536982834339 0.74990224186331023 0.51955663762055326 0.36137629253789794 1.8419946534559128 1.0177191980183125 0.31053108326159418
leaf_count=6 8 6 10 8 8 10
internal_value=0 0.0012718 -0.000451532 0.00215767 -0.00296451 -0.0105763
internal_weight=0 6.06653 4.05118 3.22109 1.3791 0.830088
internal_count=56 48 42 26 18 16
is_linear=0
shrinkage=0.1


Tree=86
num_leaves=5
num_cat=0
split_feature=1 1 3 2
split_gain=0.00768823 0.00395573 0.0112534 0.0098061
threshold=0.66500000000000015 0.52500000000000013 0.35230000000000006 0.55000000000000016
decision_type=2 2 2 2
left_child=1 -1 -3 -4
right_child=-2 2 3 -5
leaf_value=0.0043244966092870251 -0.0095576598630006289 -0.013759908565918529 -0.0029956213627758722 0.0085906423820799153
leaf_weight=2.4110285509377718 0.74904822511598457 0.573171932017431 1.8818359775468707 1.1939392210915685
leaf_count=14 8 12 12 10
internal_value=0 0.00118138 -0.000895424 0.00150188
internal_weight=0 6.05998 3.64895 3.07578
internal_count=56 48 34 22
is_linear=0
shrinkage=0.1


Tree=87
num_leaves=6
num_cat=0
split_feature=1 1 3 3 2
split_gain=0.00781463 0.0207165 0.020179 0.00643887 0.00821423
threshold=0.63000000000000012 0.69000000000000006 0.30405000000000004 0.42870000000000003 0.55000000000000016
decision_type=2 2 2 2 2
left_child=2 -2 -1 4 -4
right_child=1 -3 3 -5 -6
leaf_value=0.019331143766019993 -0.02487778150954633 0.004032945337180141 -0.0065090516286662337 0.0040036042412140435 0.0044886683298096192
leaf_weight=0.56742732599377621 0.42654712125658967 0.5916450135409832 2.292307896423154 1.9595685843378303 0.96506324794609089
leaf_count=6 10 4 14 14 8
internal_value=0 -0.00807851 0.00142201 -0.000525895 -0.00325075
internal_weight=0 1.01819 5.78437 5.21694 3.25737
internal_count=56 14 42 36 22
is_linear=0
shrinkage=0.1


Tree=88
num_leaves=7
num_cat=0
split_feature=1 1 3 4 4 3
split_gain=0.0060927 0.00333813 0.0126976 0.00558992 0.00675008 0.00338764
threshold=0.66500000000000015 0.41000000000000009 0.35230000000000006 0.52050000000000007 0.56205000000000005 0.30405000000000004
decision_type=2 2 2 2 2 2
left_child=1 -1 5 -4 -5 -3
right_child=-2 2 3 4 -6 -7
leaf_value=0.0043795486508634322 -0.0085046602384866322 -0.0067254158360856332 -0.0016939888560006393 0.01738329377190875 0.0024928906109687003 -0.019977231860959455
leaf_weight=2.0134655237197876 0.74946167320013035 0.51628289022482921 1.7001740431878718 0.42307049361988891 1.0856715720146892 0.30798193986993283
leaf_count=6 8 6 8 8 10 10
internal_value=0 0.00105413 -0.000605998 0.00223775 0.00666835 -0.0116769
internal_weight=0 6.04665 4.03318 3.20892 1.50874 0.824265
internal_count=56 48 42 26 18 16
is_linear=0
shrinkage=0.1


Tree=89
num_leaves=6
num_cat=0
split_feature=1 3 1 4 2
split_gain=0.00616291 0.0183257 0.00950004 0.0718329 8.60588e-07
threshold=0.52500000000000013 0.33050000000000007 0.6100000000000001 0.58535000000000015 0.55000000000000016
decision_type=2 2 2 2 2
left_child=-1 -2 3 -3 -4
right_child=1 2 4 -5 -6
leaf_value=0.0040686308175573197 -0.017417594369736691 -0.049002341187301061 0.0042026327531325741 0.0068525537092466327 0.0040780169133528563
leaf_weight=2.4042947376146913 0.67269602068699885 0.302695401478559 1.5977515131235125 0.96205617790110409 0.84846611693501461
leaf_count=14 10 10 4 8 10
internal_value=0 -0.0022315 0.000521314 -0.0065153 0.00415941
internal_weight=0 4.38367 3.71097 1.26475 2.44622
internal_count=56 42 32 18 14
is_linear=0
shrinkage=0.1


Tree=90
num_leaves=8
num_cat=0
split_feature=1 3 4 1 2 3 2
split_gain=0.00599258 0.0188215 0.0132692 0.00320302 0.00721183 0.0159291 1.31457e-06
threshold=0.41000000000000009 0.33050000000000007 0.54305000000000014 0.6100000000000001 0.55000000000000016 0.47130000000000005 0.55000000000000016
decision_type=2 2 2 2 2 2 2
left_child=-1 2 -2 4 5 -3 -5
right_child=1 3 -4 6 -6 -7 -8
leaf_value=0.0045762363972715143 -0.027936943248780689 -0.037314188751372927 -0.0038377870657341356 0.0032734154201768985 0.0016486011613328216 0.004223678290407454 0.0034273697379010623
leaf_weight=2.0125044696033001 0.41799138183705498 0.16874774941243242 0.50392746250145137 1.5975679233670237 1.0287890881299973 0.2038427796214819 0.84957353211939324
leaf_count=6 8 8 6 4 10 4 10
internal_value=0 -0.00193058 -0.0147642 0.00114373 -0.00266855 -0.014589 0.00332686
internal_weight=0 4.77044 0.921919 3.84852 1.40138 0.372591 2.44714
internal_count=56 50 14 36 22 12 14
is_linear=0
shrinkage=0.1


Tree=91
num_leaves=6
num_cat=0
split_feature=1 1 3 4 3
split_gain=0.00595976 0.0217922 0.0118623 0.00583664 0.0088724
threshold=0.63000000000000012 0.69000000000000006 0.30405000000000004 0.55125000000000013 0.42870000000000003
decision_type=2 2 2 2 2
left_child=2 -2 -1 4 -4
right_child=1 -3 3 -5 -6
leaf_value=0.0150533892631366 -0.024757470890446845 0.0051108480168782283 -0.0027862261321465135 -0.0067020410984827451 0.0065519144316450954
leaf_weight=0.56132422713562835 0.41275807982310631 0.59843595419079065 2.2217101878486574 1.1038563261972738 1.8771258033812044
leaf_count=6 10 4 10 16 10
internal_value=0 -0.00708107 0.00124225 -0.000247854 0.00149032
internal_weight=0 1.01119 5.76402 5.20269 4.09884
internal_count=56 14 42 36 20
is_linear=0
shrinkage=0.1


Tree=92
num_leaves=8
num_cat=0
split_feature=1 3 4 1 2 3 2
split_gain=0.0049394 0.0202962 0.00836524 0.00295048 0.00545431 0.00852945 9.75226e-05
threshold=0.41000000000000009 0.33050000000000007 0.54305000000000014 0.6100000000000001 0.55000000000000016 0.47130000000000005 0.55000000000000016
decision_type=2 2 2 2 2 2 2
left_child=-1 2 -2 4 5 -3 -5
right_child=1 3 -4 6 -6 -7 -8
leaf_value=0.0041568182240163979 -0.02557630189772464 -0.029505926315698695 -0.0064181878402509787 0.00307430822216995 0.0015004451782854727 0.0011551823643544303 0.0044017468724881015
leaf_weight=2.0099921450018883 0.41670983773656178 0.16561578190885495 0.50305561372078955 1.5991961229592564 1.0293036380317062 0.20065069012343884 0.84635187918320287
leaf_count=6 8 8 6 4 10 4 10
internal_value=0 -0.00175497 -0.015098 0.00144005 -0.0022288 -0.0127089 0.00353371
internal_weight=0 4.76088 0.919765 3.84112 1.39557 0.366266 2.44555
internal_count=56 50 14 36 22 12 14
is_linear=0
shrinkage=0.1


Tree=93
num_leaves=5
num_cat=0
split_feature=1 3 2 1
split_gain=0.00512147 0.0208863 0.0059616 0.000736608
threshold=0.52500000000000013 0.33050000000000007 0.55000000000000016 0.66500000000000015
decision_type=2 2 2 2
left_child=-1 -2 -3 -4
right_child=1 2 3 -5
leaf_value=0.0037033048867360593 -0.018338321558986761 -0.0030395701748345077 0.0064547276458785142 0.0022046729425712268
leaf_weight=2.4064153926447034 0.66641294979490329 1.8851889624493197 1.1883600300643591 0.62085336633026611
leaf_count=14 10 14 12 6
internal_value=0 -0.00204359 0.000895721 0.00499627
internal_weight=0 4.36082 3.6944 1.80921
internal_count=56 42 32 18
is_linear=0
shrinkage=0.1


Tree=94
num_leaves=8
num_cat=0
split_feature=1 3 4 4 3 3 4
split_gain=0.00500068 0.0169425 0.00637894 0.00384795 0.0204994 0.00560202 0.00484866
threshold=0.41000000000000009 0.33050000000000007 0.54305000000000014 0.55125000000000013 0.39770000000000005 0.42870000000000003 0.50170000000000015
decision_type=2 2 2 2 2 2 2
left_child=-1 2 -2 6 -5 -6 -3
right_child=1 3 -4 4 5 -7 -8
leaf_value=0.0041822515586557168 -0.023186190107870052 0.00016516996560241314 -0.0064142954841185026 0.0041976001523229981 -0.012834783053027696 -0.038606779027424397 0.0092967982179244981
leaf_weight=2.0096996836364269 0.41362110665068019 1.6325900086667395 0.50198451336473227 0.96304144663736202 0.18924196320585907 0.152157929725945 0.90312680602073658
leaf_count=6 8 6 6 8 4 6 12
internal_value=0 -0.00176735 -0.0139909 0.00114711 -0.00326634 -0.0243211 0.00341751
internal_weight=0 4.75576 0.915606 3.84016 1.30444 0.3414 2.53572
internal_count=56 50 14 36 18 10 18
is_linear=0
shrinkage=0.1


Tree=95
num_leaves=5
num_cat=0
split_feature=1 3 2 1
split_gain=0.00508612 0.0178739 0.00665828 0.000807606
threshold=0.52500000000000013 0.33050000000000007 0.55000000000000016 0.66500000000000015
decision_type=2 2 2 2
left_child=-1 -2 -3 -4
right_child=1 2 3 -5
leaf_value=0.0036935042207980259 -0.017120957812986542 -0.0034763458294900119 0.0065535912140499697 0.002106181473844906
leaf_weight=2.4029832668602467 0.66557567648123939 1.8843670677160844 1.1837482112459836 0.62329691834747802
leaf_count=14 10 14 12 6
internal_value=0 -0.00203706 0.000682629 0.00501956
internal_weight=0 4.35699 3.69141 1.80705
internal_count=56 42 32 18
is_linear=0
shrinkage=0.1


Tree=96
num_leaves=5
num_cat=0
split_feature=1 3 2 5
split_gain=0.00487796 0.0151598 0.00599408 0.000605764
threshold=0.52500000000000013 0.33050000000000007 0.55000000000000016 0.20000000000000004
decision_type=2 2 2 2
left_child=-1 -2 -3 -4
right_child=1 2 3 -5
leaf_value=0.0036171264056722116 -0.015905320419461626 -0.0034366083380284115 0.0067830567286718173 0.0030705222884798815
leaf_weight=2.4028302782680839 0.66405369259882707 1.8857553601264954 0.755776015110314 1.050255224574357
leaf_count=14 10 14 6 12
internal_value=0 -0.00199532 0.00050672 0.00462412
internal_weight=0 4.35584 3.69179 1.80603
internal_count=56 42 32 18
is_linear=0
shrinkage=0.1


Tree=97
num_leaves=6
num_cat=0
split_feature=1 3 1 4 2
split_gain=0.00468641 0.0129059 0.00616978 0.0507351 3.57633e-05
threshold=0.52500000000000013 0.33050000000000007 0.6100000000000001 0.58535000000000015 0.55000000000000016
decision_type=2 2 2 2 2
left_child=-1 -2 3 -3 -4
right_child=1 2 4 -5 -6
leaf_value=0.0035462745609237526 -0.014804863784526629 -0.041739544476020345 0.0035586245557515414 0.0057638381069017725 0.0027540432986448617
leaf_weight=2.402193341171369 0.66273465508129437 0.29349362396169476 1.5950194019824269 0.96105936588719487 0.84520261315628875
leaf_count=14 10 10 4 8 10
internal_value=0 -0.00195497 0.000349927 -0.00534924 0.00327995
internal_weight=0 4.35751 3.69478 1.25455 2.44022
internal_count=56 42 32 18 14
is_linear=0
shrinkage=0.1


Tree=98
num_leaves=7
num_cat=0
split_feature=4 3 1 3 3 4
split_gain=0.00527328 0.0210339 0.00652237 0.00895321 0.00464325 0.000650554
threshold=0.55125000000000013 0.39770000000000005 0.52500000000000013 0.33050000000000007 0.42870000000000003 0.50170000000000015
decision_type=2 2 2 2 2 2
left_child=2 -2 -1 -4 -3 -5
right_child=1 4 3 5 -6 -7
leaf_value=0.0053597158322828166 0.0016657256004680083 -0.016614225772865181 -0.012170081582366333 -7.2345050864888323e-05 -0.040380014773727949 0.0033416063373439817
leaf_weight=2.339391112793237 0.98091111553367205 0.17983440938405693 0.63999745692126486 1.629434561589733 0.15143505483865738 0.84900430217385281
leaf_count=12 10 4 8 6 6 10
internal_value=0 -0.00569192 0.00136846 -0.00162571 -0.0274784 0.00109712
internal_weight=0 1.31218 5.45783 3.11844 0.331269 2.47844
internal_count=56 20 36 24 10 16
is_linear=0
shrinkage=0.1


Tree=99
num_leaves=7
num_cat=0
split_feature=1 1 3 4 4 4
split_gain=0.0038608 0.00574671 0.0173683 0.00484245 0.00429426 0.00323943
threshold=0.69000000000000006 0.52500000000000013 0.35230000000000006 0.58535000000000015 0.50170000000000015 0.54930000000000012
decision_type=2 2 2 2 2 2
left_child=1 -1 -3 4 -4 -6
right_child=-2 2 3 -5 5 -7
leaf_value=0.0030655932057308782 0.0075665968835540573 -0.017535072562582282 -0.00016814469535364083 0.0059590740508218233 -0.0015990296144360616 -0.018038177477104921
leaf_weight=2.4020012081600726 0.61323726130649436 0.68971100670751218 1.6258899531094364 0.95011687278747547 0.21257274132221926 0.27486782241612673
leaf_count=14 4 14 6 6 4 8
internal_value=0 -0.000753866 -0.0031983 2.95116e-05 -0.00263632 -0.0108691
internal_weight=0 6.15516 3.75316 3.06345 2.11333 0.487441
internal_count=56 52 38 24 18 12
is_linear=0
shrinkage=0.1


end of trees

feature_importances:
syntactic=212
phonological=174
inventory=146
genetic=59
featural=41
geographical=26

parameters:
[boosting: gbdt]
[objective: lambdarank]
[metric: ndcg]
[tree_learner: serial]
[device_type: cpu]
[data: ]
[valid: ]
[num_iterations: 100]
[learning_rate: 0.1]
[num_leaves: 16]
[num_threads: 6]
[deterministic: 0]
[force_col_wise: 0]
[force_row_wise: 0]
[histogram_pool_size: -1]
[max_depth: -1]
[min_data_in_leaf: 5]
[min_sum_hessian_in_leaf: 0.001]
[bagging_fraction: 1]
[pos_bagging_fraction: 1]
[neg_bagging_fraction: 1]
[bagging_freq: 0]
[bagging_seed: 3]
[feature_fraction: 1]
[feature_fraction_bynode: 1]
[feature_fraction_seed: 2]
[extra_trees: 0]
[extra_seed: 6]
[early_stopping_round: 0]
[first_metric_only: 0]
[max_delta_step: 0]
[lambda_l1: 0]
[lambda_l2: 0]
[linear_lambda: 0]
[min_gain_to_split: 0]
[drop_rate: 0.1]
[max_drop: 50]
[skip_drop: 0.5]
[xgboost_dart_mode: 0]
[uniform_drop: 0]
[drop_seed: 4]
[top_rate: 0.2]
[other_rate: 0.1]
[min_data_per_group: 100]
[max_cat_threshold: 32]
[cat_l2: 10]
[cat_smooth: 10]
[max_cat_to_onehot: 4]
[top_k: 20]
[monotone_constraints: ]
[monotone_constraints_method: basic]
[monotone_penalty: 0]
[feature_contri: ]
[forcedsplits_filename: ]
[refit_decay_rate: 0.9]
[cegb_tradeoff: 1]
[cegb_penalty_split: 0]
[cegb_penalty_feature_lazy: ]
[cegb_penalty_feature_coupled: ]
[path_smooth: 0]
[interaction_constraints: ]
[verbosity: 1]
[saved_feature_importance_type: 0]
[linear_tree: 0]
[max_bin: 255]
[max_bin_by_feature: ]
[min_data_in_bin: 3]
[bin_construct_sample_cnt: 200000]
[data_random_seed: 1]
[is_enable_sparse: 1]
[enable_bundle: 1]
[use_missing: 1]
[zero_as_missing: 0]
[feature_pre_filter: 1]
[pre_partition: 0]
[two_round: 0]
[header: 0]
[label_column: ]
[weight_column: ]
[group_column: ]
[ignore_column: ]
[categorical_feature: ]
[forcedbins_filename: ]
[precise_float_parser: 0]
[parser_config_file: ]
[objective_seed: 5]
[num_class: 1]
[is_unbalance: 0]
[scale_pos_weight: 1]
[sigmoid: 1]
[boost_from_average: 1]
[reg_sqrt: 0]
[alpha: 0.9]
[fair_c: 1]
[poisson_max_delta_step: 0.7]
[tweedie_variance_power: 1.5]
[lambdarank_truncation_level: 30]
[lambdarank_norm: 1]
[label_gain: ]
[eval_at: 1,2,3,4,5]
[multi_error_top_k: 1]
[auc_mu_weights: ]
[num_machines: 1]
[local_listen_port: 12400]
[time_out: 120]
[machine_list_filename: ]
[machines: ]
[gpu_platform_id: -1]
[gpu_device_id: -1]
[gpu_use_dp: 0]
[num_gpu: 1]

end of parameters

pandas_categorical:null
