tree
version=v4
num_class=1
num_tree_per_iteration=1
label_index=0
max_feature_idx=5
objective=lambdarank
feature_names=genetic syntactic featural phonological inventory geographical
feature_infos=[0:1] [0:0.69999999999999996] [0:0.59999999999999998] [0.00020000000000000001:0.53190000000000004] [0:0.63929999999999998] [0:0.5]
tree_sizes=1056 943 1152 1060 1050 1060 1176 1173 1065 1062 1066 1173 1068 1180 861 1074 1075 967 1072 1186 975 975 977 865 869 865 866 762 762 973 977 762 872 975 873 767 767 770 765 970 772 1082 771 973 769 764 1085 873 761 767 874 1084 765 765 874 765 980 872 870 867 873 769 876 660 879 665 1091 879 981 773 666 772 665 771 770 772 774 668 773 668 669 768 776 778 774 773 772 668 771 670 670 771 671 770 775 777 773 776 780 773

Tree=0
num_leaves=9
num_cat=0
split_feature=3 3 1 1 3 0 2 3
split_gain=1.79367 2.05597 1.98237 0.968862 0.592632 0.625821 0.369207 0.00204349
threshold=0.39795000000000008 0.47130000000000005 0.41000000000000009 0.58000000000000007 0.23625000000000004 0.91155000000000019 0.55000000000000016 0.33050000000000007
decision_type=2 2 2 2 2 2 2 2
left_child=2 -2 -1 7 -5 -6 -3 -4
right_child=1 6 3 4 5 -7 -8 -9
leaf_value=0.080544675314325131 0.1638357660385551 0.035526094648302226 -0.18576793268305988 0.078144341730299924 0.0044190993104637069 -0.16088160571635554 -0.079582665476617867 -0.19600514242797318
leaf_weight=0.79305894300341639 1.1045403834432366 0.50384327396750428 0.33830582723021541 0.27885174751281716 0.40930844284594059 0.520017109811306 0.62342739850282669 0.460280641913414
leaf_count=6 8 6 6 2 8 8 6 6
internal_value=0 0.0668734 -0.0533065 -0.106204 -0.0497127 -0.0880772 -0.0281338 -0.191668
internal_weight=0 2.23181 2.79982 2.00676 1.20818 0.929326 1.12727 0.798586
internal_count=56 20 36 30 18 16 12 12
is_linear=0
shrinkage=0.1


Tree=1
num_leaves=8
num_cat=0
split_feature=0 5 1 1 3 1 4
split_gain=6.58216 4.93365 5.36616 2.39232 1.38119 0.759601 0.0530909
threshold=1.0000000180025095e-35 0.35000000000000003 0.66500000000000015 0.59500000000000008 0.39795000000000008 0.51500000000000012 0.54035000000000011
decision_type=2 2 2 2 2 2 2
left_child=-1 2 4 -3 5 -2 -7
right_child=1 3 -4 -5 -6 6 -8
leaf_value=0.20013372245491889 -0.08785636831958038 0.097674176004431165 0.09150589366224611 -0.02260847924557087 -0.032582625585679557 -0.18279289900514445 -0.15494404875617102
leaf_weight=1.4996274709701545 2.2539129182696325 3.8084932565689096 1.7063796557486055 2.9223161935806274 1.902157165110111 1.0356146655976775 2.019382044672966
leaf_count=2 8 10 6 8 6 6 10
internal_value=0 -0.0191795 -0.0679621 0.045451 -0.105698 -0.131894 -0.164385
internal_weight=0 15.6483 8.91745 6.73081 7.21107 5.30891 3.055
internal_count=56 54 36 18 30 24 16
is_linear=0
shrinkage=0.1


Tree=2
num_leaves=10
num_cat=0
split_feature=0 1 4 1 5 2 1 1 3
split_gain=4.27509 3.30877 3.79279 1.94125 1.52053 0.529437 0.132912 0.0653112 0.0166468
threshold=1.0000000180025095e-35 0.55500000000000016 0.55940000000000012 0.41000000000000009 0.35000000000000003 0.55000000000000016 0.51500000000000012 0.59500000000000008 0.49670000000000009
decision_type=2 2 2 2 2 2 2 2 2
left_child=-1 3 4 -2 5 -3 -5 -6 -8
right_child=1 2 -4 6 7 -7 8 -9 -10
leaf_value=0.17465060951953421 0.013133477623175025 -0.13112807976174351 0.1364553478518343 -0.10817146448061604 0.0037743837470288299 -0.040053326962944114 -0.16083219536481741 0.026715419600261994 -0.14150709973598957
leaf_weight=1.2831554412841786 1.2783404439687736 1.0946838259696943 2.0621841587126255 1.1710646897554398 2.3282870501279831 1.5309754312038422 0.92540397122502327 2.6573096141219139 0.85997799038887024
leaf_count=2 4 8 6 8 6 6 8 6 2
internal_value=0 -0.016113 0.0161587 -0.0898308 -0.0164343 -0.078024 -0.134352 0.0160019 -0.151524
internal_weight=0 13.9082 9.67344 4.23479 7.61126 2.62566 2.95645 4.9856 1.78538
internal_count=56 54 32 22 26 14 18 12 10
is_linear=0
shrinkage=0.1


Tree=3
num_leaves=9
num_cat=0
split_feature=0 1 1 4 5 2 1 1
split_gain=2.71512 1.20707 1.12295 0.901449 0.513587 0.730454 0.168056 0.0450777
threshold=1.0000000180025095e-35 0.55500000000000016 0.41000000000000009 0.55940000000000012 0.35000000000000003 0.55000000000000016 0.51500000000000012 0.59500000000000008
decision_type=2 2 2 2 2 2 2 2
left_child=-1 2 -2 4 5 -3 -4 -6
right_child=1 3 6 -5 7 -7 -8 -9
leaf_value=0.16071305466360855 0.0083120439716339173 -0.11143032539963774 -0.083170444721671635 0.074121053385979449 0.021859049129548544 -0.00137770624373769 -0.14148569798843402 0.0021049174698704017
leaf_weight=0.97276350855827409 1.2691156119108193 1.0037392601370794 0.99190063402056672 1.6008216217160223 2.0417826622724533 1.5109970718622208 0.98486859351396561 2.6602408364415169
leaf_count=2 4 8 8 6 6 6 10 6
internal_value=0 -0.0129594 -0.0650956 0.00623265 -0.00882636 -0.0453044 -0.112224 0.0106829
internal_weight=0 12.0635 3.24588 8.81758 7.21676 2.51474 1.97677 4.70202
internal_count=56 54 22 32 26 14 18 12
is_linear=0
shrinkage=0.1


Tree=4
num_leaves=9
num_cat=0
split_feature=3 3 3 3 5 1 1 4
split_gain=2.74249 1.8346 1.43665 0.592249 0.341432 0.544187 0.037307 0.0158406
threshold=0.49670000000000009 0.23625000000000004 0.33050000000000007 0.39795000000000008 0.35000000000000003 0.51500000000000012 0.59500000000000008 0.54035000000000011
decision_type=2 2 2 2 2 2 2 2
left_child=1 -1 7 4 5 -4 -5 -3
right_child=-2 2 3 6 -6 -7 -8 -9
leaf_value=0.10888587394579381 -0.14917535885092617 -0.11086559162549853 0.0099889542678861035 0.024604518738931047 0.026299900132833277 -0.082151401092465201 0.043091343057995904 -0.088651326025185787
leaf_weight=1.7478949911892403 1.1231960020959384 0.69477387890219577 1.2422319874167427 1.722046874463558 1.2428580522537234 1.3243379853665826 2.9817162528634071 0.59668689966201782
leaf_count=6 8 6 4 6 4 10 6 6
internal_value=0 0.0145036 -0.00232215 0.012587 -0.0167218 -0.037555 0.0363233 -0.100602
internal_weight=0 11.5525 9.80465 8.51319 3.80943 2.56657 4.70376 1.29146
internal_count=56 48 42 30 18 14 12 12
is_linear=0
shrinkage=0.1


Tree=5
num_leaves=9
num_cat=0
split_feature=1 1 4 5 2 1 3 1
split_gain=0.671734 1.47799 0.831737 0.321752 0.220764 0.162125 0.0120477 0.00569802
threshold=0.41000000000000009 0.55500000000000016 0.55940000000000012 0.35000000000000003 0.55000000000000016 0.51500000000000012 0.35230000000000006 0.59500000000000008
decision_type=2 2 2 2 2 2 2 2
left_child=-1 5 3 4 -3 -2 -7 -5
right_child=1 2 -4 7 -6 6 -8 -9
leaf_value=0.054472732140083371 -0.068101141429436116 -0.077613671656305214 0.08086623363564889 0.011942696643642087 -0.013286162671268406 -0.14550444226538439 -0.12043900168363807 0.0048051383682170979
leaf_weight=1.8917526528239257 0.78801451250910648 0.8745527379214747 1.2676320783793924 1.9761516600847242 1.3680497631430626 0.37466910853981972 0.3927883505821228 2.5770282782614231
leaf_count=6 8 8 6 6 6 4 6 6
internal_value=0 -0.0107132 0.0065033 -0.00736778 -0.0383721 -0.0999618 -0.132676 0.00790295
internal_weight=0 9.61889 8.06341 6.79578 2.2426 1.55547 0.767457 4.55318
internal_count=56 50 32 26 14 18 10 12
is_linear=0
shrinkage=0.1


Tree=6
num_leaves=10
num_cat=0
split_feature=1 1 1 4 4 1 3 1 3
split_gain=1.37043 0.578161 0.506977 0.302207 0.222634 0.133478 0.0962684 0.0112004 0.00303218
threshold=1.0000000180025095e-35 0.55500000000000016 0.41000000000000009 0.55940000000000012 0.51755000000000007 0.51500000000000012 0.28375000000000006 0.66500000000000015 0.35230000000000006
decision_type=2 2 2 2 2 2 2 2 2
left_child=-1 2 -2 4 -3 -4 -6 -8 -7
right_child=1 3 5 -5 6 8 7 -9 -10
leaf_value=0.14377697031841385 -0.0030923186587461849 0.012465843183090901 -0.061880712182121426 0.052077616344596449 -0.00097840716965012526 -0.13166000109063516 -0.030646837173880795 -0.046525838192086062 -0.11792478936205278
leaf_weight=0.62570187449455339 1.2410831600427612 3.8700604438781738 0.7236495818942783 1.1594394296407697 1.0966871194541457 0.30645712465047836 0.88074502721428849 0.89623066410422325 0.33798686228692532
leaf_count=2 4 10 8 6 6 4 4 6 6
internal_value=0 -0.0085577 -0.049373 0.0049172 -0.00319102 -0.0913571 -0.0242767 -0.0386555 -0.124456
internal_weight=0 10.5123 2.60918 7.90316 6.74372 1.36809 2.87366 1.77698 0.644444
internal_count=56 54 22 32 26 18 16 10 10
is_linear=0
shrinkage=0.1


Tree=7
num_leaves=10
num_cat=0
split_feature=3 3 1 1 1 3 1 4 1
split_gain=0.810406 0.606153 0.23368 0.496942 0.298162 0.150603 0.132509 0.0214244 0.00748743
threshold=0.23625000000000004 0.33050000000000007 0.55500000000000016 0.59500000000000008 0.44500000000000001 0.47130000000000005 0.63000000000000012 0.54035000000000011 0.69000000000000006
decision_type=2 2 2 2 2 2 2 2 2
left_child=-1 7 4 -4 -3 -6 -5 -2 -8
right_child=1 2 3 6 5 -7 8 -9 -10
leaf_value=0.078572915065894797 -0.087456875132630146 -0.00083451989251843355 0.047501027441690373 0.003120822952241897 -0.13004921969518052 -0.036146302946568447 -0.040495647078934771 -0.061373916616800576 -0.02680323225715351
leaf_weight=1.1688766106963164 0.6228121444582928 1.2130738124251346 2.2246774584054947 2.5230147540569305 0.34402459114789952 0.33918930403888226 0.80291260778903939 0.63701208308339119 0.79460113495588303
leaf_count=6 6 4 8 4 6 6 6 6 4
internal_value=0 -0.00966624 0.000209076 0.00941435 -0.0305929 -0.08343 -0.0111487 -0.0742684 -0.0336851
internal_weight=0 9.50132 8.24149 6.34521 1.89629 0.683214 4.12053 1.25982 1.59751
internal_count=56 50 38 22 16 12 14 12 10
is_linear=0
shrinkage=0.1


Tree=8
num_leaves=9
num_cat=0
split_feature=4 3 4 3 4 3 2 4
split_gain=0.65192 0.303193 0.323612 0.20593 0.0567211 0.0519548 0.161581 0.0441951
threshold=0.47425000000000006 0.47130000000000005 0.55940000000000012 0.33050000000000007 0.54765000000000008 0.43675000000000003 0.55000000000000016 0.54930000000000012
decision_type=2 2 2 2 2 2 2 2
left_child=3 2 4 -1 5 6 -2 -3
right_child=1 7 -4 -5 -6 -7 -8 -9
leaf_value=0.0082111019970928147 -0.06635702455021221 -0.042403974749750224 0.045798918656068277 0.067217185386812289 0.0055080812726374002 -0.010145674546050735 -0.0083835835225254986 -0.079694186682690626
leaf_weight=0.95551828667521577 0.7926281746476872 0.79942227713763692 1.0602676309645174 1.5523675978183746 1.1814856752753256 2.8066765964031219 1.2219060622155666 0.52756340615451336
leaf_count=8 10 4 8 4 4 4 6 8
internal_value=0 -0.0133721 -0.00513229 0.0447355 -0.0141284 -0.0189405 -0.0311935 -0.0572293
internal_weight=0 8.38995 7.06296 2.50789 6.0027 4.82121 2.01453 1.32699
internal_count=56 44 32 12 24 20 16 12
is_linear=0
shrinkage=0.1


Tree=9
num_leaves=9
num_cat=0
split_feature=1 1 0 1 3 4 2 1
split_gain=0.245183 1.27383 0.447097 0.401246 0.205579 0.102163 0.0986505 0.0190912
threshold=0.41000000000000009 0.55500000000000016 0.91155000000000019 0.51500000000000012 0.39795000000000008 0.54035000000000011 0.55000000000000016 0.69000000000000006
decision_type=2 2 2 2 2 2 2 2
left_child=-1 3 5 -2 7 -3 -5 -4
right_child=1 2 4 6 -6 -7 -8 -9
leaf_value=0.034349776492975166 -0.039939722634297611 0.02772906594324755 -0.051583412165471999 -0.10902667478746722 0.0058128850457258331 0.070552392285435847 -0.18408600109960294 -0.028359790145907185
leaf_weight=1.7332255914807326 0.6699035856872777 1.2552733272314074 0.6499391160905359 0.33599079865962267 3.6578390393406153 1.001633074134588 0.36567085981369019 0.77733336389064789
leaf_count=6 8 4 6 8 12 6 2 4
internal_value=0 -0.00683254 0.00969307 -0.0952945 -0.00674685 0.0467344 -0.148144 -0.0389352
internal_weight=0 8.71358 7.34202 1.37157 5.08511 2.25691 0.701662 1.42727
internal_count=56 50 32 18 22 10 10 10
is_linear=0
shrinkage=0.1


Tree=10
num_leaves=9
num_cat=0
split_feature=3 3 1 0 1 1 1 4
split_gain=0.529745 0.553617 0.16436 0.201283 0.12021 0.125868 0.0381209 0.0242241
threshold=0.23625000000000004 0.33050000000000007 0.55500000000000016 0.91155000000000019 0.44500000000000001 0.51500000000000012 0.63000000000000012 0.54035000000000011
decision_type=2 2 2 2 2 2 2 2
left_child=-1 7 4 -4 -3 -6 -5 -2
right_child=1 2 3 6 5 -7 -8 -9
leaf_value=0.067304510391126449 -0.084586124617804445 -0.007409058946752093 0.041216799707106982 0.0055847620381435162 -0.0061994111608634599 -0.1040644182272758 -0.014419540442306667 -0.056601788847764928
leaf_weight=1.0472351461648948 0.58800692856311598 1.2605893909931181 1.5416380390524862 2.9910701066255569 0.22362656146287907 0.31872883904725313 1.3977890964597461 0.65266996808350086
leaf_count=6 6 4 6 6 4 8 10 6
internal_value=0 -0.0078541 0.00209426 0.0101324 -0.024346 -0.0637123 -0.000786323 -0.0698647
internal_weight=0 8.97412 7.73344 5.9305 1.80294 0.542355 4.38886 1.24068
internal_count=56 50 38 22 16 12 16 12
is_linear=0
shrinkage=0.1


Tree=11
num_leaves=10
num_cat=0
split_feature=3 3 1 1 0 1 4 1 4
split_gain=0.266075 0.442855 0.141425 0.12784 0.113963 0.0767593 0.0233864 0.120403 0.0225735
threshold=0.23625000000000004 0.33050000000000007 0.55500000000000016 0.44500000000000001 0.91155000000000019 0.51500000000000012 0.51755000000000007 0.66500000000000015 0.54035000000000011
decision_type=2 2 2 2 2 2 2 2 2
left_child=-1 8 3 -3 -4 -5 -6 -8 -2
right_child=1 2 4 5 6 -7 7 -9 -10
leaf_value=0.048124012657054654 -0.076816068173028718 -0.0046760353871358766 0.034753138950751897 -0.018833340614372196 0.009137192693277724 -0.098837673572228099 0.016159483545145997 -0.034789017964548745 -0.049307786374960368
leaf_weight=1.0277989394962794 0.55821200087666312 1.2482002153992651 1.4823553115129469 0.20823857188224781 2.4098355174064636 0.28276816010475159 1.0803867876529691 0.81282152608036984 0.64071821421384811
leaf_count=6 6 4 6 4 4 8 6 6 6
internal_value=0 -0.00566992 0.0033238 -0.0216803 0.0108405 -0.0649074 0.00260289 -0.00571452 -0.0621154
internal_weight=0 8.72354 7.52461 1.73921 5.7854 0.491007 4.30304 1.89321 1.19893
internal_count=56 50 38 16 22 12 16 12 12
is_linear=0
shrinkage=0.1


Tree=12
num_leaves=9
num_cat=0
split_feature=0 3 3 3 4 1 4 1
split_gain=0.240441 0.365041 0.195174 0.28324 0.0838795 0.0929703 0.047253 0.00184115
threshold=0.64285000000000003 0.33050000000000007 0.47130000000000005 0.39795000000000008 0.47425000000000006 0.51500000000000012 0.54930000000000012 0.63000000000000012
decision_type=2 2 2 2 2 2 2 2
left_child=-1 7 3 4 -3 -6 -4 -2
right_child=1 2 6 -5 5 -7 -8 -9
leaf_value=0.051281414703644494 -0.05527185023171758 0.011886397809909799 -0.018545084467886705 0.032386374531677656 -0.0035037075337269181 -0.045401597453298886 -0.062547676195600199 -0.04788525391923458
leaf_weight=0.83469776436686594 0.78972075320780077 1.1595592498779299 0.57802762836217858 3.0508298575878143 1.2365972325205805 0.92635834962129582 0.42237667180597782 0.58920840173959732
leaf_count=6 8 4 4 8 4 10 8 4
internal_value=0 -0.00489045 0.0039409 0.0103866 -0.0098142 -0.0214479 -0.0371232 -0.0521156
internal_weight=0 8.75268 7.37375 6.37334 3.32251 2.16296 1.0004 1.37893
internal_count=56 50 38 26 18 14 12 12
is_linear=0
shrinkage=0.1


Tree=13
num_leaves=10
num_cat=0
split_feature=1 1 3 3 4 3 0 0 3
split_gain=0.193639 0.481195 0.181575 0.141854 0.139859 0.364253 0.0972454 0.00728611 1.78986e-05
threshold=0.41000000000000009 0.55500000000000016 0.47130000000000005 0.33050000000000007 0.52050000000000007 0.47130000000000005 0.64285000000000003 0.91155000000000019 0.43675000000000003
decision_type=2 2 2 2 2 2 2 2 2
left_child=-1 2 6 7 8 -6 -2 -3 -5
right_child=1 3 -4 4 5 -7 -8 -9 -10
leaf_value=0.031129702896376999 -0.062745597127503494 -0.021131122359354694 0.0020221284987887761 0.00084371089783263475 0.095622226239032493 -0.013298606737381542 -0.13557786587061518 -0.037081324085794551 0.0012526633319735355
leaf_weight=1.6463102176785467 0.3910650648176669 0.57078151032328583 0.24816207401454449 1.9128180332481859 0.59351076930761315 0.63608585298061371 0.34510415326803923 0.57480723410844803 2.4295432567596436
leaf_count=6 4 4 6 8 4 6 8 6 4
internal_value=0 -0.00665411 -0.0719517 0.00291403 0.00950313 0.0392761 -0.0968882 -0.0291342 0.00107252
internal_weight=0 7.70188 0.984331 6.71755 5.57196 1.2296 0.736169 1.14559 4.34236
internal_count=56 50 18 32 22 10 12 10 12
is_linear=0
shrinkage=0.1


Tree=14
num_leaves=7
num_cat=0
split_feature=3 3 1 1 4 1
split_gain=0.337065 0.344517 0.0790899 0.148217 0.0343103 0.0109918
threshold=0.23625000000000004 0.33050000000000007 0.55500000000000016 0.59500000000000008 0.54035000000000011 0.63000000000000012
decision_type=2 2 2 2 2 2
left_child=-1 4 -3 -4 -2 -5
right_child=1 2 3 5 -6 -7
leaf_value=0.059671625736797296 -0.077014225456102203 -0.017392597141802909 0.0311105341271153 4.2462969669726751e-05 -0.041801930993987012 -0.011500458304965992
leaf_weight=0.85742302052676755 0.50963087007403174 1.6395168956369159 1.8051551580429075 2.4338498786091809 0.60547422431409359 1.2479729522019622
leaf_count=6 6 16 8 4 6 10
internal_value=0 -0.006208 0.0018796 0.00763816 -0.0578948 -0.00387007
internal_weight=0 8.2416 7.12649 5.48698 1.11511 3.68182
internal_count=56 50 38 22 12 14
is_linear=0
shrinkage=0.1


Tree=15
num_leaves=9
num_cat=0
split_feature=1 1 1 3 0 4 1 0
split_gain=0.156049 0.367824 0.117918 0.111258 0.0758591 0.00817155 0.0654857 0.00449059
threshold=0.41000000000000009 0.55500000000000016 0.51500000000000012 0.33050000000000007 0.91155000000000019 0.51755000000000007 0.66500000000000015 0.91155000000000019
decision_type=2 2 2 2 2 2 2 2
left_child=-1 2 -2 7 -5 -6 -7 -3
right_child=1 3 -4 4 5 6 -8 -9
leaf_value=0.028262401923667097 -0.037760324470123181 -0.021308236765075525 -0.11291899678429747 0.028245978230549685 0.0047315607480879068 0.015090365891805036 -0.024783239899370313 -0.034319713453676348
leaf_weight=1.6040390133857725 0.54009306430816639 0.5585220158100126 0.34025731310248375 1.3680097386240957 2.3994468227028847 0.84205714985728242 0.80625876039266586 0.50514466501772404
leaf_count=6 8 4 10 6 4 6 6 6
internal_value=0 -0.00615969 -0.0668093 0.00208068 0.00788791 0.00100756 -0.00441345 -0.0274875
internal_weight=0 7.35979 0.88035 6.47944 5.41577 4.04776 1.64832 1.06367
internal_count=56 50 18 32 22 16 12 10
is_linear=0
shrinkage=0.1


Tree=16
num_leaves=9
num_cat=0
split_feature=3 3 3 3 4 4 1 4
split_gain=0.257013 0.260922 0.0954579 0.109357 0.0546306 0.0438833 0.0427595 0.0280482
threshold=0.23625000000000004 0.33050000000000007 0.47130000000000005 0.39795000000000008 0.47425000000000006 0.54930000000000012 0.51500000000000012 0.54035000000000011
decision_type=2 2 2 2 2 2 2 2
left_child=-1 7 3 4 -3 -4 -6 -2
right_child=1 2 5 -5 6 -7 -8 -9
leaf_value=0.053908395277083736 -0.069510394552124502 0.011248356422053497 -0.0098690768723422861 0.020216754691892623 -0.0037728180788579565 -0.056393310125379265 -0.032385981671044076 -0.036897471746209151
leaf_weight=0.80381723120808679 0.47589399665593901 1.1279149949550631 0.46139543224126089 2.8647814430296421 1.226577550172806 0.36165361665189266 0.90957381576299656 0.59145453572273254
leaf_count=6 6 4 4 8 4 8 10 6
internal_value=0 -0.00540356 0.00166434 0.00595849 -0.0065556 -0.0303122 -0.0159563 -0.0514385
internal_weight=0 8.01925 6.9519 6.12885 3.26407 0.823049 2.13615 1.06735
internal_count=56 50 38 26 18 12 14 12
is_linear=0
shrinkage=0.1


Tree=17
num_leaves=8
num_cat=0
split_feature=1 1 1 3 0 0 1
split_gain=0.129104 0.274573 0.12221 0.104901 0.0633373 0.0118685 0.0028135
threshold=0.41000000000000009 0.55500000000000016 0.51500000000000012 0.33050000000000007 0.91155000000000019 0.91155000000000019 0.63000000000000012
decision_type=2 2 2 2 2 2 2
left_child=-1 2 -2 5 -5 -3 -6
right_child=1 3 -4 4 6 -7 -8
leaf_value=0.025973404577169019 -0.030149246862061316 -0.018069211459690881 -0.1098741522791029 0.025808855147188083 0.002391145140574476 -0.039710811346662059 -0.0034393497416894321
leaf_weight=1.5683610811829565 0.51005606818944205 0.55262732878327347 0.30860622460022569 1.3400074318051336 2.7608885690569882 0.46801233571022749 1.181936291977763
leaf_count=6 8 4 10 6 6 6 10
internal_value=0 -0.00571959 -0.0602027 0.00135639 0.00702666 -0.0279929 0.000643344
internal_weight=0 7.12213 0.818662 6.30347 5.28283 1.02064 3.94282
internal_count=56 50 18 32 22 10 16
is_linear=0
shrinkage=0.1


Tree=18
num_leaves=9
num_cat=0
split_feature=0 3 4 5 1 4 1 0
split_gain=0.139546 0.164001 0.0649367 0.0329432 0.0197006 0.0125913 0.0052324 0.00320353
threshold=0.64285000000000003 0.33050000000000007 0.55940000000000012 0.35000000000000003 0.44500000000000001 0.54035000000000011 0.59500000000000008 0.91155000000000019
decision_type=2 2 2 2 2 2 2 2
left_child=-1 5 3 4 -3 -2 -5 -4
right_child=1 2 7 6 -6 -7 -8 -9
leaf_value=0.043056147083163174 -0.026070312048797964 -0.0035299243147373649 0.03576413399001549 0.0085172364860717723 -0.02331671171724398 -0.048152168943177337 0.0010184102547284325 0.022856145309714998
leaf_weight=0.69197790138423432 0.41788194514811017 1.2222975417971613 0.38819705694913853 1.5068961735814812 0.85528478538617481 0.67588090337812901 2.4326143953949213 0.3809511736035347
leaf_count=6 4 4 6 8 10 8 6 4
internal_value=0 -0.00378095 0.00201077 -0.00148661 -0.0116756 -0.0397156 0.00388677 0.0293709
internal_weight=0 7.88 6.78624 6.01709 2.07758 1.09376 3.93951 0.769148
internal_count=56 50 38 28 14 12 14 10
is_linear=0
shrinkage=0.1


Tree=19
num_leaves=10
num_cat=0
split_feature=1 1 3 0 3 0 4 1 0
split_gain=0.114654 0.218426 0.0963674 0.0772349 0.0738035 0.0535039 0.0153946 0.0178519 0.000173229
threshold=0.41000000000000009 0.55500000000000016 0.47130000000000005 0.64285000000000003 0.33050000000000007 0.91155000000000019 0.51755000000000007 0.66500000000000015 0.91155000000000019
decision_type=2 2 2 2 2 2 2 2 2
left_child=-1 2 3 -2 8 -6 -7 -8 -3
right_child=1 4 -4 -5 5 6 7 -9 -10
leaf_value=0.024619037513664479 -0.047875160162259851 -0.025790836179773818 0.0049224755167791342 -0.1240378972161385 0.02294046216327477 0.0045898481942428229 0.002987843754273425 -0.018659650574928976 -0.02311112136498622
leaf_weight=1.5470414757728574 0.34641210362315167 0.53127885237336148 0.19184946455061436 0.21627203468233347 1.3068876415491102 2.3835481330752377 0.73233785852789857 0.79395432583987713 0.44188053160905838
leaf_count=6 4 4 6 8 6 4 6 6 6
internal_value=0 -0.00548449 -0.0562812 -0.0771489 0.000707517 0.00542369 -0.000431392 -0.00827286 -0.0245741
internal_weight=0 6.94442 0.754534 0.562684 6.18989 5.21673 3.90984 1.52629 0.973159
internal_count=56 50 18 12 32 22 16 12 10
is_linear=0
shrinkage=0.1


Tree=20
num_leaves=8
num_cat=0
split_feature=0 3 3 1 0 4 4
split_gain=0.110698 0.0972483 0.0474441 0.0289436 0.048159 0.0209196 0.000400115
threshold=0.64285000000000003 0.33050000000000007 0.23625000000000004 0.55500000000000016 0.91155000000000019 0.51755000000000007 0.52050000000000007
decision_type=2 2 2 2 2 2 2
left_child=-1 2 -2 -3 -5 -6 -7
right_child=1 3 -4 4 5 6 -8
leaf_value=0.039210811797917335 -0.0031236227953052708 -0.011091308142619757 -0.047901557930563103 0.021305470210452756 0.0048714169268329914 -0.011811910565859229 -0.0085526976996867943
leaf_weight=0.66313391365110863 0.36763430945575215 1.5210410389117894 0.66398254688829184 1.2942725569009779 2.3802010938525204 0.75520213693380334 0.75148146599531174
leaf_count=6 4 16 8 6 4 4 8
internal_value=0 -0.00336212 -0.0319442 0.00103729 0.0045979 -0.000965458 -0.0101863
internal_weight=0 7.73382 1.03162 6.7022 5.18116 3.88688 1.50668
internal_count=56 50 12 38 22 16 12
is_linear=0
shrinkage=0.1


Tree=21
num_leaves=8
num_cat=0
split_feature=1 1 3 0 3 0 2
split_gain=0.108258 0.203306 0.0764548 0.0602506 0.0571078 0.0388323 0.0150593
threshold=0.41000000000000009 0.55500000000000016 0.47130000000000005 0.64285000000000003 0.33050000000000007 0.91155000000000019 0.55000000000000016
decision_type=2 2 2 2 2 2 2
left_child=-1 2 3 -2 -3 -6 -7
right_child=1 4 -4 -5 5 6 -8
leaf_value=0.024083933363924157 -0.050392694862791881 -0.022155732232107359 -0.00038767397461295685 -0.12105482006103684 0.019757268593778798 0.0037229854366297938 -0.0099348842767056633
leaf_weight=1.5245304405689237 0.34431234933435906 0.9388340227305888 0.18431264720857143 0.18577216984704137 1.2803584784269331 2.7159287631511688 1.1487783193588259
leaf_count=6 4 10 6 8 6 6 10
internal_value=0 -0.00540086 -0.0558665 -0.0751568 0.000525028 0.00466365 -0.000336796
internal_weight=0 6.7983 0.714397 0.530085 6.0839 5.14507 3.86471
internal_count=56 50 18 12 32 22 16
is_linear=0
shrinkage=0.1


Tree=22
num_leaves=8
num_cat=0
split_feature=1 1 3 0 3 5 2
split_gain=0.103653 0.170314 0.0551366 0.0582791 0.0340506 0.0355189 0.0733201
threshold=0.41000000000000009 0.55500000000000016 0.47130000000000005 0.64285000000000003 0.39795000000000008 0.35000000000000003 0.55000000000000016
decision_type=2 2 2 2 2 2 2
left_child=-1 2 3 -2 5 6 -3
right_child=1 4 -4 -5 -6 -7 -8
leaf_value=0.023542785922679933 -0.046173625568744214 -0.043771190937923338 -0.0051961984029732372 -0.11907537603754154 0.0068827989409481248 0.0059349574424305256 -0.00083632435824095507
leaf_weight=1.5245511233806608 0.33637045882642258 0.64437505975365628 0.17861348297446966 0.16269635153003037 3.2802557330578566 1.0846457257866859 1.0391856320202351
leaf_count=6 4 8 6 8 14 4 6
internal_value=0 -0.00533622 -0.0528755 -0.0699397 -9.83607e-06 -0.00817744 -0.0172694
internal_weight=0 6.72614 0.67768 0.499067 6.04846 2.76821 1.68356
internal_count=56 50 18 12 32 18 14
is_linear=0
shrinkage=0.1


Tree=23
num_leaves=7
num_cat=0
split_feature=1 1 1 1 4 3
split_gain=0.0955247 0.195267 0.0608785 0.0313985 0.0234011 0.0108988
threshold=0.41000000000000009 0.55500000000000016 0.51500000000000012 0.63000000000000012 0.52050000000000007 0.39795000000000008
decision_type=2 2 2 2 2 2
left_child=-1 2 -2 5 -5 -3
right_child=1 3 -4 4 -6 -7
leaf_value=0.022597479549023806 -0.036392001801645674 -0.0017842103561425259 -0.1018556913409934 -0.023102441163666838 0.0020239452146779114 0.0084336404894095
leaf_weight=1.5235573425889013 0.46659647859632958 1.6387838367372749 0.20423844456672668 0.83633737266063668 0.66569352895021439 2.8757114708423615
leaf_count=6 8 10 10 6 8 8
internal_value=0 -0.0051483 -0.0563227 0.000557577 -0.0119665 0.00472451
internal_weight=0 6.68736 0.670835 6.01653 1.50203 4.5145
internal_count=56 50 18 32 14 18
is_linear=0
shrinkage=0.1


Tree=24
num_leaves=7
num_cat=0
split_feature=3 3 1 5 3 4
split_gain=0.232212 0.159745 0.0227088 0.0334022 0.0237123 0.0219616
threshold=0.23625000000000004 0.33050000000000007 0.63000000000000012 0.35000000000000003 0.43675000000000003 0.54035000000000011
decision_type=2 2 2 2 2 2
left_child=-1 5 3 -3 -5 -2
right_child=1 2 -4 4 -6 -7
leaf_value=0.059335224104324416 -0.060402904846734662 -0.0095925688725686051 -0.012143606899268453 0.019445615381276541 0.0028952035003127125 -0.029833532091850457
leaf_weight=0.61011069454252709 0.41068561561405648 1.4441153018269686 1.1291846949607132 1.2688640058040621 2.7243787758052349 0.54940835386514664
leaf_count=6 6 14 10 6 8 6
internal_value=0 -0.00480973 0.000760876 0.00344077 0.00815414 -0.0429098
internal_weight=0 7.52664 6.56654 5.43736 3.99324 0.960094
internal_count=56 50 38 28 14 12
is_linear=0
shrinkage=0.1


Tree=25
num_leaves=7
num_cat=0
split_feature=3 3 4 3 1 4
split_gain=0.111101 0.117591 0.0281509 0.0159534 0.0397984 0.0115323
threshold=0.23625000000000004 0.33050000000000007 0.54035000000000011 0.43675000000000003 0.55500000000000016 0.51755000000000007
decision_type=2 2 2 2 2 2
left_child=-1 2 -2 4 -3 -6
right_child=1 3 -4 -5 5 -7
leaf_value=0.041282978576187714 -0.056451576798998843 -0.0078262106020253498 -0.021624933032214452 -0.0038903593621111561 0.0067748717571652992 0.021245510075658953
leaf_weight=0.6030629090964793 0.39699935726821411 1.2994992323219778 0.55876682512462139 2.9877216736786067 1.0681229159235957 1.136964378878474
leaf_count=6 6 10 6 16 4 8
internal_value=0 -0.00334264 -0.036091 0.00147841 0.00605539 0.0142361
internal_weight=0 7.44807 0.955766 6.49231 3.50459 2.20509
internal_count=56 50 12 38 22 12
is_linear=0
shrinkage=0.1


Tree=26
num_leaves=7
num_cat=0
split_feature=3 3 4 1 3 4
split_gain=0.091112 0.113194 0.0198957 0.0163771 0.0391437 0.0126263
threshold=0.23625000000000004 0.33050000000000007 0.54035000000000011 0.55500000000000016 0.43675000000000003 0.51755000000000007
decision_type=2 2 2 2 2 2
left_child=-1 2 -2 -3 5 -5
right_child=1 3 -4 4 -6 -7
leaf_value=0.038290820060226244 -0.052966466839675923 -0.0076551563913002559 -0.02329542498965062 0.0066070132691488388 -0.0034033458941012244 0.02175524505139179
leaf_weight=0.57647353503853072 0.38546699658036221 1.4479664536193011 0.54624426923692226 1.0696109607815745 2.8110604267567396 1.1331827864050863
leaf_count=6 6 16 6 4 10 8
internal_value=0 -0.00298553 -0.0355709 0.00171286 0.00441828 0.0143997
internal_weight=0 7.39353 0.931711 6.46182 5.01385 2.20279
internal_count=56 50 12 38 22 12
is_linear=0
shrinkage=0.1


Tree=27
num_leaves=6
num_cat=0
split_feature=1 3 1 3 4
split_gain=0.0718054 0.136342 0.0323404 0.0520258 0.0128624
threshold=0.41000000000000009 0.33050000000000007 0.66500000000000015 0.43675000000000003 0.52050000000000007
decision_type=2 2 2 2 2
left_child=-1 4 3 -3 -2
right_child=1 2 -4 -5 -6
leaf_value=0.020056564405779343 -0.049891568094046379 0.020656408337070831 -0.016468101650408611 -0.0020653563354641499 -0.027693440927239694
leaf_weight=1.456218861043453 0.37582753226160981 1.5404460032004861 0.7646681535989045 2.9138455116190016 0.85455004218965769
leaf_count=6 6 14 6 14 10
internal_value=0 -0.00452864 0.00253103 0.00579261 -0.034474
internal_weight=0 6.44934 5.21896 4.45429 1.23038
internal_count=56 50 34 28 16
is_linear=0
shrinkage=0.1


Tree=28
num_leaves=6
num_cat=0
split_feature=1 3 1 3 4
split_gain=0.0691643 0.104475 0.0260646 0.0405739 0.013388
threshold=0.41000000000000009 0.33050000000000007 0.66500000000000015 0.43675000000000003 0.52050000000000007
decision_type=2 2 2 2 2
left_child=-1 4 3 -3 -2
right_child=1 2 -4 -5 -6
leaf_value=0.019654036062257699 -0.046887068847168714 0.017864613039361651 -0.01531377588148829 -0.0022883940799046406 -0.024004674050120876
leaf_weight=1.4585509523749349 0.36749760434031464 1.5211842113640157 0.76904936879873265 2.9102431298233569 0.84042198862880468
leaf_count=6 6 14 6 14 10
internal_value=0 -0.00447326 0.00168033 0.00462957 -0.0309664
internal_weight=0 6.4084 5.20048 4.43143 1.20792
internal_count=56 50 34 28 16
is_linear=0
shrinkage=0.1


Tree=29
num_leaves=8
num_cat=0
split_feature=1 3 3 1 2 5 1
split_gain=0.0669289 0.097495 0.128326 0.0803179 0.0497938 0.0276343 0.0252034
threshold=0.41000000000000009 0.47130000000000005 0.39795000000000008 0.58000000000000007 0.55000000000000016 0.35000000000000003 0.66500000000000015
decision_type=2 2 2 2 2 2 2
left_child=-1 2 3 -2 -3 6 -5
right_child=1 4 -4 5 -6 -7 -8
leaf_value=0.019281284557866169 -0.054489984754003934 -0.018706553617198318 0.015218624909927318 -0.032609889471197223 -0.078224665677139843 0.0045308211767718194 -0.0065484575150958043
leaf_weight=1.4642488732933996 0.43289590440690551 0.33604553015902627 2.736153069883585 0.59576650243252516 0.24164106883108616 1.0538735166192055 0.98390746116638184
leaf_count=6 12 6 8 8 6 4 6
internal_value=0 -0.00442498 -0.000524601 -0.0145721 -0.0436024 -0.0080105 -0.0163774
internal_weight=0 6.38028 5.8026 3.06644 0.577687 2.63355 1.57967
internal_count=56 50 38 30 12 18 14
is_linear=0
shrinkage=0.1


Tree=30
num_leaves=8
num_cat=0
split_feature=3 3 1 0 4 4 4
split_gain=0.0894061 0.0704203 0.0134273 0.0273178 0.0114566 0.00911587 0.000313629
threshold=0.23625000000000004 0.33050000000000007 0.55500000000000016 0.91155000000000019 0.54035000000000011 0.51755000000000007 0.52050000000000007
decision_type=2 2 2 2 2 2 2
left_child=-1 4 -3 -4 -2 -5 -7
right_child=1 2 3 5 -6 6 -8
leaf_value=0.0402717474690839 -0.042955054810013306 -0.0076041575598939084 0.016324400342607088 0.0027509505081043913 -0.019853259194545284 -0.0089734572190258953 -0.0058690536600315875
leaf_weight=0.51480029616504897 0.35969067458063353 1.4563916551414875 1.216985587030649 2.3798915073275571 0.53241586405783892 0.74007243476808049 0.58084756694734097
leaf_count=6 6 16 6 4 6 4 8
internal_value=0 -0.00285315 0.00082973 0.0033274 -0.0291677 -0.000946568 -0.00760836
internal_weight=0 7.2663 6.37419 4.9178 0.892107 3.70081 1.32092
internal_count=56 50 38 22 12 16 12
is_linear=0
shrinkage=0.1


Tree=31
num_leaves=6
num_cat=0
split_feature=1 3 1 3 4
split_gain=0.059769 0.0931816 0.0202571 0.030679 0.00627727
threshold=0.41000000000000009 0.33050000000000007 0.66500000000000015 0.43675000000000003 0.52050000000000007
decision_type=2 2 2 2 2
left_child=-1 4 3 -3 -2
right_child=1 2 -4 -5 -6
leaf_value=0.018347938204163403 -0.040801743054901821 0.015845738104624849 -0.01344007791992983 -0.0018371610297844313 -0.024856171677643524
leaf_weight=1.4435548931360243 0.35420218296349026 1.4952441107016055 0.7612660527229308 2.8536471440456808 0.81482201721519232
leaf_count=6 6 14 6 14 10
internal_value=0 -0.00421811 0.0016084 0.00424261 -0.0296875
internal_weight=0 6.27918 5.11016 4.34889 1.16902
internal_count=56 50 34 28 16
is_linear=0
shrinkage=0.1


Tree=32
num_leaves=7
num_cat=0
split_feature=3 3 1 3 4 4
split_gain=0.0661845 0.0543955 0.0122833 0.0240723 0.0110964 0.00917264
threshold=0.23625000000000004 0.33050000000000007 0.55500000000000016 0.43675000000000003 0.51755000000000007 0.54035000000000011
decision_type=2 2 2 2 2 2
left_child=-1 5 -3 4 -4 -2
right_child=1 2 3 -5 -6 -7
leaf_value=0.035315621171664029 -0.038374107164146472 -0.0072580206104557099 0.0038045559509860155 -0.0029830819918232757 0.018231550330295696 -0.017464614104472899
leaf_weight=0.49651126749813546 0.34887259081006039 1.4583905495237557 1.0440351217985155 2.7503752904012799 1.0894447360187767 0.52630211040377617
leaf_count=6 6 16 4 10 8 6
internal_value=0 -0.00242948 0.000795417 0.00320029 0.0111716 -0.0257998
internal_weight=0 7.21742 6.34225 4.88386 2.13348 0.875175
internal_count=56 50 38 22 12 12
is_linear=0
shrinkage=0.1


Tree=33
num_leaves=8
num_cat=0
split_feature=1 1 1 3 3 3 4
split_gain=0.0551245 0.0856528 0.0695638 0.0507149 0.0238367 0.020111 0.0109755
threshold=0.41000000000000009 0.55500000000000016 0.51500000000000012 0.33050000000000007 0.43675000000000003 0.35230000000000006 0.51755000000000007
decision_type=2 2 2 2 2 2 2
left_child=-1 2 -2 -3 6 -4 -5
right_child=1 3 5 4 -6 -7 -8
leaf_value=0.01765996408150225 -0.018433800022110453 -0.02361662794111051 -0.12451261313021389 0.0040804605258076684 -0.0026956168474566266 -0.054085444275096289 0.018452710683304282
leaf_weight=1.4364664703607557 0.39610864594578732 0.80548846535384644 0.097963003441691399 1.0408898666501047 2.7378488266840577 0.069179640850052238 1.0854155439883468
leaf_count=6 8 10 4 4 10 6 8
internal_value=0 -0.00407002 -0.0412623 -0.000375146 0.00347357 -0.0953631 0.0114171
internal_weight=0 6.23289 0.563251 5.66964 4.86415 0.167143 2.12631
internal_count=56 50 18 32 22 10 12
is_linear=0
shrinkage=0.1


Tree=34
num_leaves=7
num_cat=0
split_feature=3 3 3 4 4 4
split_gain=0.0585618 0.0480655 0.00961189 0.0242495 0.0155262 0.00833805
threshold=0.23625000000000004 0.33050000000000007 0.43675000000000003 0.54765000000000008 0.47425000000000006 0.54035000000000011
decision_type=2 2 2 2 2 2
left_child=-1 5 3 4 -3 -2
right_child=1 2 -4 -5 -6 -7
leaf_value=0.034423634953185733 -0.036501727314510374 0.0044410364529336808 -0.0034598354138093653 0.013226940246231104 -0.014231491534641564 -0.016406125224528851
leaf_weight=0.46424355451017607 0.34141288138926018 1.0370839536190035 2.8855803101323545 1.6281825797632334 0.78039603470824648 0.52239749766886234
leaf_count=6 6 4 16 10 8 6
internal_value=0 -0.0022211 0.000797911 0.00436357 -0.00357664 -0.0243487
internal_weight=0 7.19505 6.33124 3.44566 1.81748 0.86381
internal_count=56 50 38 22 12 12
is_linear=0
shrinkage=0.1


Tree=35
num_leaves=6
num_cat=0
split_feature=1 3 1 3 4
split_gain=0.0531829 0.0677987 0.0151351 0.0262687 0.00323754
threshold=0.41000000000000009 0.33050000000000007 0.66500000000000015 0.43675000000000003 0.52050000000000007
decision_type=2 2 2 2 2
left_child=-1 4 3 -3 -2
right_child=1 2 -4 -5 -6
leaf_value=0.017024161068284128 -0.034555143131661657 0.014103193438421062 -0.012186669361603597 -0.0023988130569683893 -0.022827512536021041
leaf_weight=1.4816998466849325 0.33700314490124561 1.4485254145693032 0.75980190746486176 2.8876779484562576 0.78071831911802292
leaf_count=6 6 14 6 14 10
internal_value=0 -0.00405951 0.000832491 0.00311375 -0.0263635
internal_weight=0 6.21373 5.09601 4.3362 1.11772
internal_count=56 50 34 28 16
is_linear=0
shrinkage=0.1


Tree=36
num_leaves=6
num_cat=0
split_feature=1 3 3 2 4
split_gain=0.0661575 0.0500197 0.0126473 0.027769 0.00326289
threshold=0.41000000000000009 0.33050000000000007 0.43675000000000003 0.55000000000000016 0.52050000000000007
decision_type=2 2 2 2 2
left_child=-1 4 3 -3 -2
right_child=1 2 -4 -5 -6
leaf_value=0.018006629796899317 -0.032257367312488593 -0.0058578577005938756 -0.0046495669768034219 0.016865622060043363 -0.020400012210882671
leaf_weight=1.6238447874784467 0.33196065155789234 1.0907627335982397 3.0754367420449853 1.0608067158609629 0.7712715482339263
leaf_count=6 6 10 16 8 10
internal_value=0 -0.00461909 -0.000535262 0.00534569 -0.0239679
internal_weight=0 6.33024 5.22701 2.15157 1.10323
internal_count=56 50 34 18 16
is_linear=0
shrinkage=0.1


Tree=37
num_leaves=6
num_cat=0
split_feature=1 3 3 5 0
split_gain=0.0648934 0.0439725 0.0141235 0.0235032 0.00237553
threshold=0.41000000000000009 0.33050000000000007 0.43675000000000003 0.35000000000000003 0.88750000000000007
decision_type=2 2 2 2 2
left_child=-1 4 3 -3 -2
right_child=1 2 -4 -5 -6
leaf_value=0.018997360728308932 -0.029754557552592011 -0.0057655950044123603 -0.0050855670725065867 0.015107719566169721 -0.019583330398065143
leaf_weight=1.4561605006456373 0.32691796170547582 0.99473066208884131 2.9293148182332516 1.1785896606743336 0.77153634093701839
leaf_count=6 6 12 16 6 10
internal_value=0 -0.00446102 -0.000553957 0.00555398 -0.0226105
internal_weight=0 6.20109 5.10264 2.17332 1.09845
internal_count=56 50 34 18 16
is_linear=0
shrinkage=0.1


Tree=38
num_leaves=6
num_cat=0
split_feature=1 3 3 5 0
split_gain=0.0578239 0.0403614 0.0117557 0.0241708 0.0018254
threshold=0.41000000000000009 0.33050000000000007 0.43675000000000003 0.35000000000000003 0.88750000000000007
decision_type=2 2 2 2 2
left_child=-1 4 3 -3 -2
right_child=1 2 -4 -5 -6
leaf_value=0.018256404990263011 -0.027878821663388245 -0.0063440074605847774 -0.0046166511507096594 0.014813450679253888 -0.018942868006870672
leaf_weight=1.4108888134360311 0.32513412320986368 0.99583959695883106 2.873033463023603 1.1795251592993736 0.76993710827082396
leaf_count=6 6 12 16 6 10
internal_value=0 -0.0041927 -0.000417671 0.00512798 -0.021596
internal_weight=0 6.14347 5.0484 2.17536 1.09507
internal_count=56 50 34 18 16
is_linear=0
shrinkage=0.1


Tree=39
num_leaves=8
num_cat=0
split_feature=1 5 1 0 1 2 0
split_gain=0.0542736 0.0381035 0.043748 0.0638027 0.0483387 0.0286771 0.026234
threshold=0.41000000000000009 0.35000000000000003 0.58000000000000007 0.64285000000000003 0.51500000000000012 0.55000000000000016 0.91155000000000019
decision_type=2 2 2 2 2 2 2
left_child=-1 2 3 -2 -5 -4 -3
right_child=1 6 5 4 -6 -7 -8
leaf_value=0.017819175364811514 -0.0079664143751101615 0.01432851150105055 -0.02520429122070246 -0.027486077254992893 -0.11965669358347197 0.0024370221367383885 -0.0035153231476474944
leaf_weight=1.3921709358692167 0.27672446658834848 1.1772061549127104 0.56556469481438365 0.10150200594216585 0.12948724767193198 1.115886814892292 2.7454973915591836
leaf_count=6 4 6 8 4 8 8 12
internal_value=0 -0.00405888 -0.0146282 -0.0403543 -0.0791548 -0.00686027 0.00183962
internal_weight=0 6.11187 2.18917 0.507714 0.230989 1.68145 3.9227
internal_count=56 50 32 16 12 16 18
is_linear=0
shrinkage=0.1


Tree=40
num_leaves=6
num_cat=0
split_feature=1 3 1 1 0
split_gain=0.0515928 0.0392439 0.0103721 0.00764862 0.0397057
threshold=0.41000000000000009 0.28375000000000006 0.63000000000000012 0.58000000000000007 0.8660500000000001
decision_type=2 2 2 2 2
left_child=-1 -2 3 4 -3
right_child=1 2 -4 -5 -6
leaf_value=0.017437454832477411 -0.024880244775090512 -0.029446188909595973 -0.0098402567597215568 0.0034048259182066797 0.014394123954324684
leaf_weight=1.3817094191908834 0.78214676212519396 0.40927300369366992 1.0374596519395707 3.4135062703862786 0.41715412784833461
leaf_count=6 10 10 10 10 10
internal_value=0 -0.00397612 -0.000877978 0.00131498 -0.00731699
internal_weight=0 6.05954 5.27739 4.23993 0.826427
internal_count=56 50 40 30 20
is_linear=0
shrinkage=0.1


Tree=41
num_leaves=9
num_cat=0
split_feature=1 3 4 3 1 2 1 1
split_gain=0.0487488 0.0436243 0.0129884 0.0908087 0.0435269 0.0336389 0.00345084 0.00057477
threshold=0.41000000000000009 0.28375000000000006 0.49515000000000003 0.47130000000000005 0.69000000000000006 0.55000000000000016 0.59500000000000008 0.59500000000000008
decision_type=2 2 2 2 2 2 2 2
left_child=-1 -2 7 4 6 -5 -4 -3
right_child=1 2 3 5 -6 -7 -8 -9
leaf_value=0.01698314448279092 -0.025811488567204645 0.0010262002493285928 0.024127978674646607 -0.022125660418784814 -0.007318161116865742 -0.076743516797637523 0.042708180020266488 0.0036388932826131627
leaf_weight=1.3769390881061552 0.78773509338498104 1.3113365119788798 0.19580500177107729 0.26244253991171707 0.74119893461465836 0.19771958701312542 0.2042093425989151 2.3526402860879898
leaf_count=6 10 10 6 6 4 6 4 4
internal_value=0 -0.00386328 -0.000579664 -0.00809232 0.00702899 -0.0455935 0.0336133 0.00270381
internal_weight=0 6.05309 5.26535 1.60138 1.14121 0.460162 0.400014 3.66398
internal_count=56 50 40 26 14 12 10 14
is_linear=0
shrinkage=0.1


Tree=42
num_leaves=6
num_cat=0
split_feature=1 3 1 0 2
split_gain=0.0428786 0.0354112 0.0119791 0.00380373 0.00291505
threshold=0.41000000000000009 0.33050000000000007 0.63000000000000012 0.91155000000000019 0.45000000000000007
decision_type=2 2 2 2 2
left_child=-1 4 3 -3 -2
right_child=1 2 -4 -5 -6
leaf_value=0.015949820436729666 -0.011299403922776903 0.0068538930826978414 -0.0097240511702004397 0.00023943331265996719 -0.023253429140386889
leaf_weight=1.3720420002937315 0.27484635589644291 1.3020884143188598 1.0209788940846918 2.6163155268877745 0.79132249765098095
leaf_count=6 4 12 10 12 12
internal_value=0 -0.00364393 -7.63745e-05 0.00243742 -0.0201718
internal_weight=0 6.00555 4.93938 3.9184 1.06617
internal_count=56 50 34 24 16
is_linear=0
shrinkage=0.1


Tree=43
num_leaves=8
num_cat=0
split_feature=1 5 1 0 1 0 2
split_gain=0.0411753 0.0343836 0.0345256 0.0421635 0.0631369 0.0260382 0.0224887
threshold=0.41000000000000009 0.35000000000000003 0.58000000000000007 0.64285000000000003 0.51500000000000012 0.91155000000000019 0.55000000000000016
decision_type=2 2 2 2 2 2 2
left_child=-1 2 3 -2 -5 -3 -4
right_child=1 5 6 4 -6 -7 -8
leaf_value=0.015651571151075204 -0.011041886727412157 0.014539578657346494 -0.023121306068562584 -0.0093929855390002953 -0.11843605385570494 -0.0033457552949024945 0.0015386124898830091
leaf_weight=1.368478402495384 0.27379453228786621 1.1672785095870497 0.55957682896405425 0.095232614316046238 0.12001764972228557 2.689416179433465 1.0904963985085487
leaf_count=6 4 6 8 4 8 12 8
internal_value=0 -0.0035723 -0.0137404 -0.0370767 -0.0701924 0.00206747 -0.00682412
internal_weight=0 5.99581 2.13912 0.489045 0.21525 3.85669 1.65007
internal_count=56 50 32 16 12 18 16
is_linear=0
shrinkage=0.1


Tree=44
num_leaves=6
num_cat=0
split_feature=1 3 1 3 4
split_gain=0.0402208 0.0333859 0.0138751 0.00389844 0.000238399
threshold=0.41000000000000009 0.33050000000000007 0.63000000000000012 0.43675000000000003 0.54035000000000011
decision_type=2 2 2 2 2
left_child=-1 4 3 -3 -2
right_child=1 2 -4 -5 -6
leaf_value=0.015483774704171694 -0.018245749812182629 0.007261035305232956 -0.010492962345200038 0.00045968519450674853 -0.021275197919291763
leaf_weight=1.3646216243505476 0.49964957311749436 1.2345454316819089 1.0184787800535557 2.6555466717109084 0.54105067299678922
leaf_count=6 8 12 10 12 8
internal_value=0 -0.00355161 -0.000102284 0.00261814 -0.0198207
internal_weight=0 5.94927 4.90857 3.89009 1.0407
internal_count=56 50 34 24 16
is_linear=0
shrinkage=0.1


Tree=45
num_leaves=6
num_cat=0
split_feature=1 5 4 1 0
split_gain=0.0390607 0.0318581 0.0259698 0.0242008 0.0241443
threshold=0.41000000000000009 0.35000000000000003 0.51755000000000007 0.63000000000000012 0.91155000000000019
decision_type=2 2 2 2 2
left_child=-1 2 -2 -4 -3
right_child=1 4 3 -5 -6
leaf_value=0.015271939450760212 -0.038123590322595935 0.013928193364944634 -0.023424238627776275 0.00080141135910835853 -0.0033192644874144557
leaf_weight=1.362371578812599 0.35327861807309124 1.165748540312052 0.66493209544569243 1.0856138803064821 2.671984285581857
leaf_count=6 10 6 14 8 12
internal_value=0 -0.00350178 -0.0133917 -0.00840052 0.00191982
internal_weight=0 5.94156 2.10382 1.75055 3.83773
internal_count=56 50 32 22 18
is_linear=0
shrinkage=0.1


Tree=46
num_leaves=9
num_cat=0
split_feature=0 5 3 1 4 4 1 4
split_gain=0.0384964 0.109949 0.0598556 0.0185591 0.0116599 0.0152501 0.0100624 0.00438829
threshold=0.88750000000000007 1.0000000180025095e-35 0.39795000000000008 0.63000000000000012 0.52050000000000007 0.54765000000000008 0.69000000000000006 0.55940000000000012
decision_type=2 2 2 2 2 2 2 2
left_child=1 -1 -3 4 -2 -6 7 -5
right_child=3 2 -4 6 5 -7 -8 -9
leaf_value=0.083565681285386051 0.0036529847166750736 -0.029178072643514765 0.040202203879734895 -0.033948398303146415 -0.017881746301132057 0.00068650261992943837 -0.0060733507100902938 -0.015166474327137996
leaf_weight=0.20653965324163426 3.3987539570080116 0.32390431244857609 0.20182768534868956 0.24591003963723757 0.69829763006418932 1.2065964378416536 0.74313474074006081 0.25175243243575096
leaf_count=4 12 8 4 6 8 6 4 4
internal_value=0 0.0217442 -0.00254309 -0.002433 0.00014276 -0.00612026 -0.0134428 -0.0244472
internal_weight=0 0.732272 0.525732 6.54445 5.30365 1.90489 1.2408 0.497662
internal_count=56 16 12 40 26 14 14 10
is_linear=0
shrinkage=0.1


Tree=47
num_leaves=7
num_cat=0
split_feature=1 5 0 0 0 2
split_gain=0.0345057 0.0305853 0.0272863 0.0512457 0.0227777 0.0208778
threshold=0.41000000000000009 0.35000000000000003 0.88750000000000007 0.64285000000000003 0.91155000000000019 0.55000000000000016
decision_type=2 2 2 2 2 2
left_child=-1 2 3 -2 -3 -4
right_child=1 4 5 -5 -6 -7
leaf_value=0.014491416194341104 -0.0088493805428827618 0.013803269902696863 -0.022508016264646283 -0.080449919064066233 -0.0030417967839884829 0.00098335013672170386
leaf_weight=1.3391291834414003 0.26820169528946292 1.1504330411553385 0.58112614438869048 0.15935014770366251 2.6558501706458628 1.0841087643057108
leaf_count=6 4 6 12 8 12 8
internal_value=0 -0.00328965 -0.0130004 -0.0355352 0.00204955 -0.00721456
internal_weight=0 5.89907 2.09279 0.427552 3.80628 1.66523
internal_count=56 50 32 12 18 20
is_linear=0
shrinkage=0.1


Tree=48
num_leaves=6
num_cat=0
split_feature=1 5 4 0 0
split_gain=0.0341023 0.0279456 0.0220085 0.0218084 0.0206539
threshold=0.41000000000000009 0.35000000000000003 0.51755000000000007 0.91155000000000019 0.91155000000000019
decision_type=2 2 2 2 2
left_child=-1 2 -2 -3 -4
right_child=1 3 4 -5 -6
leaf_value=0.014412311719579907 -0.03573420385226949 0.013332221844874096 -0.022770636183954099 -0.003174872070404536 6.0941816801397865e-05
leaf_weight=1.3370889425277708 0.3435270227491859 1.14777447283268 0.6135379881598052 2.644132194109261 1.1185704176314175
leaf_count=6 10 6 10 12 12
internal_value=0 -0.00328426 -0.0126121 0.00182167 -0.00802634
internal_weight=0 5.86754 2.07564 3.79191 1.73211
internal_count=56 50 32 18 22
is_linear=0
shrinkage=0.1


Tree=49
num_leaves=6
num_cat=0
split_feature=1 5 0 4 0
split_gain=0.0339064 0.0267758 0.0207605 0.020009 0.0187811
threshold=0.41000000000000009 0.35000000000000003 0.91155000000000019 0.51755000000000007 0.91155000000000019
decision_type=2 2 2 2 2
left_child=-1 3 -3 -2 -5
right_child=1 2 -4 4 -6
leaf_value=0.014380119734091186 -0.034595867998006298 0.012961768036729616 -0.0031637132359317237 -0.022177264387859101 -0.00035901763891257253
leaf_weight=1.334952440112829 0.34031130850780789 1.1452929414808752 2.6358354575932026 0.61001298669725623 1.1168926418758929
leaf_count=6 10 6 12 10 12
internal_value=0 -0.00328243 0.00172065 -0.0124335 -0.00806611
internal_weight=0 5.84835 3.78113 2.06722 1.72691
internal_count=56 50 18 32 22
is_linear=0
shrinkage=0.1


Tree=50
num_leaves=7
num_cat=0
split_feature=1 5 0 0 2 2
split_gain=0.0338324 0.0257871 0.0198374 0.0172459 0.0365517 0.0163824
threshold=0.41000000000000009 0.35000000000000003 0.91155000000000019 0.88750000000000007 0.45000000000000007 0.55000000000000016
decision_type=2 2 2 2 2 2
left_child=-1 3 -3 4 -2 -5
right_child=1 2 -4 5 -6 -7
leaf_value=0.014372448718531619 -0.0087418540591969029 0.012626717106440448 -0.0031542076045080972 -0.021406039160531271 -0.071450619150331809 -0.00047503036516262956
leaf_weight=1.3330661877989767 0.26574055384844553 1.1429838649928572 2.6281688218005002 0.57237837073625986 0.14295204391237348 1.0785602312535048
leaf_count=6 4 6 12 12 8 8
internal_value=0 -0.00328591 0.00162877 -0.0122846 -0.0306761 -0.00773179
internal_weight=0 5.83078 3.77115 2.05963 0.408693 1.65094
internal_count=56 50 18 32 12 20
is_linear=0
shrinkage=0.1


Tree=51
num_leaves=9
num_cat=0
split_feature=0 3 3 1 1 4 4 4
split_gain=0.0354315 0.0916233 0.0527388 0.0229735 0.0154756 0.00916448 0.0160988 0.0019052
threshold=0.88750000000000007 0.28375000000000006 0.39795000000000008 0.63000000000000012 0.69000000000000006 0.52050000000000007 0.54765000000000008 0.55940000000000012
decision_type=2 2 2 2 2 2 2 2
left_child=1 -1 -3 5 7 -2 -7 -5
right_child=3 2 -4 4 -6 6 -8 -9
leaf_value=0.083561969020818583 0.0037197135855157725 -0.025090640016132534 0.042273276327240684 -0.035014213449201206 -0.0055092879440808125 -0.017445942680231186 0.0019212952594334376 -0.022469265463397656
leaf_weight=0.17715456243604411 3.3705382144544274 0.31405718228779733 0.18449042364954948 0.2326732352375982 0.74074753187596798 0.66860692342743266 1.198634694330394 0.25236828438937664
leaf_count=4 12 8 4 6 4 8 6 4
internal_value=0 0.0217885 -0.000162233 -0.00227777 -0.0146015 0.000606343 -0.00501357 -0.028487
internal_weight=0 0.675702 0.498548 6.46357 1.22579 5.23778 1.86724 0.485042
internal_count=56 16 12 40 14 26 14 10
is_linear=0
shrinkage=0.1


Tree=52
num_leaves=6
num_cat=0
split_feature=1 5 0 4 0
split_gain=0.0320657 0.0251674 0.0194483 0.018036 0.0161273
threshold=0.41000000000000009 0.35000000000000003 0.91155000000000019 0.51755000000000007 0.91155000000000019
decision_type=2 2 2 2 2
left_child=-1 3 -3 -2 -5
right_child=1 2 -4 4 -6
leaf_value=0.014104916067472648 -0.033417853039302309 0.012651775766360255 -0.0030553205564482172 -0.021160699928528239 -0.00086642636293929223
leaf_weight=1.3138618469238279 0.33245023124618489 1.1288873478770258 2.612794125918299 0.6026762546971437 1.1179184298962355
leaf_count=6 10 6 12 10 12
internal_value=0 -0.00319807 0.0016836 -0.0120949 -0.00797494
internal_weight=0 5.79473 3.74168 2.05304 1.72059
internal_count=56 50 18 32 22
is_linear=0
shrinkage=0.1


Tree=53
num_leaves=6
num_cat=0
split_feature=1 5 0 4 0
split_gain=0.0326182 0.0245873 0.0187025 0.0162833 0.0144975
threshold=0.41000000000000009 0.35000000000000003 0.91155000000000019 0.51755000000000007 0.91155000000000019
decision_type=2 2 2 2 2
left_child=-1 3 -3 -2 -5
right_child=1 2 -4 4 -6
leaf_value=0.014231580506409134 -0.032394354387489763 0.012362411111337956 -0.0030562860670719652 -0.020675292598382224 -0.001400974889510527
leaf_weight=1.3124511018395422 0.32970920723164487 1.1268491744995119 2.606108502484858 0.59962565498426523 1.1175718880258501
leaf_count=6 10 6 12 10 12
internal_value=0 -0.00323161 0.00159808 -0.0120396 -0.00813135
internal_weight=0 5.77986 3.73296 2.04691 1.7172
internal_count=56 50 18 32 22
is_linear=0
shrinkage=0.1


Tree=54
num_leaves=7
num_cat=0
split_feature=1 4 1 3 1 4
split_gain=0.0338896 0.0220518 0.0184657 0.0127155 0.0332242 0.00168764
threshold=0.63000000000000012 0.47425000000000006 0.69000000000000006 0.39795000000000008 0.51500000000000012 0.54930000000000012
decision_type=2 2 2 2 2 2
left_child=1 -1 5 4 -3 -2
right_child=2 3 -4 -5 -6 -7
leaf_value=0.014067715013836718 -0.023406368765181644 0.0027608645363344712 -0.0051414655750240471 0.0040373234839561753 -0.026480706566145946 -0.035291198309314223
leaf_weight=1.4093449951615182 0.20887728221714474 1.1752618104219434 0.7392289973795414 2.6854072106070817 0.58046473987633351 0.27916271612048149
leaf_count=10 4 4 4 14 14 6
internal_value=0 0.00316927 -0.0151082 -0.000289232 -0.00690676 -0.0302046
internal_weight=0 5.85048 1.22727 4.44113 1.75573 0.48804
internal_count=56 42 14 32 18 10
is_linear=0
shrinkage=0.1


Tree=55
num_leaves=6
num_cat=0
split_feature=1 5 0 0 2
split_gain=0.0403051 0.0254807 0.0165787 0.0151598 0.00770274
threshold=0.41000000000000009 0.35000000000000003 0.91155000000000019 0.88750000000000007 0.55000000000000016
decision_type=2 2 2 2 2
left_child=-1 3 -3 -2 -5
right_child=1 2 -4 4 -6
leaf_value=0.015841390701390332 -0.030187928603739797 0.01149631027984338 -0.0030513213355297221 -0.017851304438403968 -0.0034550138606296178
leaf_weight=1.3089791797101495 0.39366162358783197 1.121980492025614 2.5956864482723176 0.56342821882572014 1.0919476170092821
leaf_count=6 12 6 12 12 8
internal_value=0 -0.00359583 0.00133911 -0.0125495 -0.00835497
internal_weight=0 5.7667 3.71767 2.04904 1.65538
internal_count=56 50 18 32 20
is_linear=0
shrinkage=0.1


Tree=56
num_leaves=8
num_cat=0
split_feature=1 1 5 1 1 4 1
split_gain=0.042719 0.0266388 0.0374409 0.0244508 0.00843286 0.0025562 0.0014638
threshold=0.41000000000000009 0.63000000000000012 0.35000000000000003 0.69000000000000006 0.51500000000000012 0.54930000000000012 0.59500000000000008
decision_type=2 2 2 2 2 2 2
left_child=-1 2 4 5 -2 -3 -4
right_child=1 3 6 -5 -6 -7 -8
leaf_value=0.016311828170495864 -0.0057201078133494072 -0.025299585619485771 0.0071198991637931273 -0.0051545141582574391 -0.025574093695407502 -0.039837525544238944 0.0029243583043074704
leaf_weight=1.3082341514527795 0.34037473890930403 0.20634630927816011 1.3017172622494402 0.73794493451714516 0.57590316020650789 0.2922287080436945 2.3024957962334156
leaf_count=6 8 4 10 4 14 6 4
internal_value=0 -0.00370672 -0.000149046 -0.0167129 -0.0181988 -0.0338207 0.00443964
internal_weight=0 5.75701 4.52049 1.23652 0.916278 0.498575 3.60421
internal_count=56 50 36 14 22 10 14
is_linear=0
shrinkage=0.1


Tree=57
num_leaves=7
num_cat=0
split_feature=1 1 1 5 1 1
split_gain=0.0593295 0.037757 0.0366435 0.0352668 0.00918553 0.001232
threshold=0.41000000000000009 0.63000000000000012 0.69000000000000006 0.35000000000000003 0.51500000000000012 0.59500000000000008
decision_type=2 2 2 2 2 2
left_child=-1 3 -3 4 -2 -5
right_child=1 2 -4 5 -6 -7
leaf_value=0.019206345799116939 -0.0045994442425953677 -0.039911012185322753 -0.0053020941694296182 0.0068299031086781637 -0.025318710105904103 0.002978754646003016
leaf_weight=1.3108026720583437 0.34078930597752322 0.52295449702069141 0.73718126304447651 1.3010903503745797 0.57499107223702595 2.2974907159805298
leaf_count=6 8 10 4 10 14 4
internal_value=0 -0.00435981 -0.0196647 -8.76074e-05 -0.0176085 0.00437116
internal_weight=0 5.7745 1.26014 4.51436 0.91578 3.59858
internal_count=56 50 14 36 22 14
is_linear=0
shrinkage=0.1


Tree=58
num_leaves=7
num_cat=0
split_feature=1 1 1 5 1 1
split_gain=0.116904 0.0774483 0.0689378 0.0308919 0.012696 0.00117677
threshold=0.63000000000000012 0.69000000000000006 0.41000000000000009 0.35000000000000003 0.51500000000000012 0.59500000000000008
decision_type=2 2 2 2 2 2
left_child=2 -2 -1 4 -4 -5
right_child=1 -3 3 5 -6 -7
leaf_value=0.026209771379088944 -0.054163051048253044 -0.0053597114328821568 -0.00099847882499480502 0.0068008682929046023 -0.025257236768129573 0.0030327267432841733
leaf_weight=1.3175356797873972 0.5816840501502154 0.73738169856369495 0.3455634235870092 1.3001292156986894 0.57425633148523048 2.2859858013689518
leaf_count=6 10 4 8 10 14 4
internal_value=0 -0.0268811 0.0060888 0.000205421 -0.0161436 0.00439885
internal_weight=0 1.31907 5.82347 4.50593 0.91982 3.58612
internal_count=56 14 42 36 22 14
is_linear=0
shrinkage=0.1


Tree=59
num_leaves=7
num_cat=0
split_feature=4 1 4 1 3 3
split_gain=1.25249 0.65051 0.018461 0.00422493 0.0116075 0.00140222
threshold=0.55940000000000012 0.41000000000000009 0.49515000000000003 0.69000000000000006 0.28375000000000006 0.43675000000000003
decision_type=2 2 2 2 2 2
left_child=1 -1 5 4 -4 -3
right_child=-2 2 3 -5 -6 -7
leaf_value=0.069112919402111103 -0.10558187111107926 -0.00093421533164175514 -0.0085150021452950388 -0.0054583153992936225 -0.033441144696196176 0.0031657780615768102
leaf_weight=1.6815477386116979 0.98398915445432056 1.3124518770782745 0.65495097544044234 0.73790126107633114 0.26137919328175485 2.2889596372842789
leaf_count=6 12 12 6 4 12 4
internal_value=0 0.014976 -0.00234514 -0.01109 -0.0156251 0.00167163
internal_weight=0 6.93719 5.25564 1.65423 0.91633 3.60141
internal_count=56 44 38 22 18 16
is_linear=0
shrinkage=0.1


Tree=60
num_leaves=7
num_cat=0
split_feature=0 3 4 2 1 1
split_gain=0.040155 0.0261812 0.0109257 0.00779895 0.00582061 0.00239383
threshold=0.88750000000000007 0.33050000000000007 0.51755000000000007 0.55000000000000016 0.55500000000000016 0.69000000000000006
decision_type=2 2 2 2 2 2
left_child=3 -2 -3 -1 -4 -6
right_child=1 2 4 -5 5 -7
leaf_value=0.016667258617200024 -0.020487333049684017 0.0037195352531889376 -0.00081379441048116453 0.040692858233338 -0.015729625732219678 -0.006501865179537338
leaf_weight=0.42418116587214161 0.70313743338920165 3.3639000986586325 1.6047938019037249 0.198259491706267 0.45652211830019929 0.73171365167945623
leaf_count=10 10 12 6 6 8 4
internal_value=0 -0.00220663 -0.000118931 0.0243199 -0.00474195 -0.0100472
internal_weight=0 6.86007 6.15693 0.622441 2.79303 1.18824
internal_count=56 40 30 16 18 12
is_linear=0
shrinkage=0.1


Tree=61
num_leaves=6
num_cat=0
split_feature=0 3 4 3 2
split_gain=0.0298474 0.0242535 0.0105999 0.00440931 0.00383698
threshold=0.88750000000000007 0.33050000000000007 0.47425000000000006 0.39795000000000008 0.55000000000000016
decision_type=2 2 2 2 2
left_child=4 -2 -3 -4 -1
right_child=1 2 3 -5 -6
leaf_value=0.015711391786421072 -0.019497493577077776 0.0093723483114000593 -0.0049632878400966592 0.00093159333905149617 0.032678968015438702
leaf_weight=0.4218844020506366 0.70262980507686723 1.0296326875686643 2.326280107605271 2.7915313462726772 0.19481970509514213
leaf_count=10 10 4 10 16 6
internal_value=0 -0.00189704 0.000114625 -0.0017479 0.0210715
internal_weight=0 6.85007 6.14744 5.11781 0.616704
internal_count=56 40 30 26 16
is_linear=0
shrinkage=0.1


Tree=62
num_leaves=7
num_cat=0
split_feature=0 3 3 4 1 3
split_gain=0.0209204 0.0284584 0.0204693 0.00899795 0.00379826 0.0022731
threshold=0.88750000000000007 0.39795000000000008 0.33050000000000007 0.47425000000000006 0.63000000000000012 0.43675000000000003
decision_type=2 2 2 2 2 2
left_child=1 -1 -2 -4 5 -5
right_child=2 -3 3 4 -6 -7
leaf_value=0.0046214973185540187 -0.01775274689061326 0.053271342936468007 0.0088283699964502305 -0.0030274645764687804 -0.0068436864295058552 0.0018174036907420881
leaf_weight=0.44616208178922523 0.7025292208418249 0.16459812968969345 1.0230227783322332 1.5859692206722682 1.0386727033182976 2.4869221528060734
leaf_count=12 10 4 4 6 10 10
internal_value=0 0.0177325 -0.00158404 0.000267589 -0.00144576 -6.91705e-05
internal_weight=0 0.61076 6.83712 6.13459 5.11156 4.07289
internal_count=56 16 40 30 26 16
is_linear=0
shrinkage=0.1


Tree=63
num_leaves=5
num_cat=0
split_feature=4 3 1 1
split_gain=0.019634 0.0191294 0.0135952 0.0111944
threshold=0.47425000000000006 0.39795000000000008 0.51500000000000012 0.69000000000000006
decision_type=2 2 2 2
left_child=-1 2 -2 -4
right_child=1 -3 3 -5
leaf_value=0.01058014473704106 -0.0015288360656350729 0.0032483552905973436 -0.023366799045253604 -0.006050908896278997
leaf_weight=1.4190111039206383 1.567014876753092 2.9502997417002916 0.76011603558436014 0.73373707663267851
leaf_count=12 4 20 16 4
internal_value=0 -0.00249757 -0.00803594 -0.0148617
internal_weight=0 6.01117 3.06087 1.49385
internal_count=56 44 24 20
is_linear=0
shrinkage=0.1


Tree=64
num_leaves=7
num_cat=0
split_feature=1 4 3 1 1 4
split_gain=0.0178758 0.0187324 0.0166141 0.0240413 0.00492857 0.0136139
threshold=0.63000000000000012 0.47425000000000006 0.39795000000000008 0.51500000000000012 0.69000000000000006 0.55940000000000012
decision_type=2 2 2 2 2 2
left_child=1 -1 3 -3 5 -2
right_child=4 2 -4 -5 -6 -7
leaf_value=0.012437109217888421 -0.036563058817409164 -0.00087496540586536476 0.0045348813488717303 -0.024762311294612135 -0.0056956663686019522 -0.0037010682249410606
leaf_weight=1.3869432618375865 0.22928109345957615 1.5631642341613772 2.6478251367807388 0.57679904444375996 0.73509871866554022 0.28003576025366783
leaf_count=10 6 4 14 14 4 4
internal_value=0 0.00220358 -0.000760898 -0.00731349 -0.0109341 -0.0184947
internal_weight=0 6.17473 4.78779 2.13996 1.24442 0.509317
internal_count=56 42 32 18 14 10
is_linear=0
shrinkage=0.1


Tree=65
num_leaves=5
num_cat=0
split_feature=4 3 1 1
split_gain=0.0141192 0.012922 0.0119564 0.0121228
threshold=0.47425000000000006 0.39795000000000008 0.51500000000000012 0.66500000000000015
decision_type=2 2 2 2
left_child=-1 2 -2 -4
right_child=1 -3 3 -5
leaf_value=0.0090102790026646857 -0.00054872375184577974 0.0026021748307119212 -0.024475177802433846 -0.0059494326929697841
leaf_weight=1.4084360508713869 1.5560489296913149 2.9502492919564247 0.57412194751668699 0.91805113758891821
leaf_count=12 4 20 14 6
internal_value=0 -0.00211561 -0.00668175 -0.0130773
internal_weight=0 5.99847 3.04822 1.49217
internal_count=56 44 24 20
is_linear=0
shrinkage=0.1


Tree=66
num_leaves=9
num_cat=0
split_feature=1 4 5 1 1 3 1 4
split_gain=0.0148197 0.0139747 0.0157748 0.0231766 0.0323466 0.0364252 0.00424029 0.00349605
threshold=0.63000000000000012 0.47425000000000006 0.35000000000000003 0.44500000000000001 0.58000000000000007 0.47130000000000005 0.69000000000000006 0.55940000000000012
decision_type=2 2 2 2 2 2 2 2
left_child=1 -1 3 -3 5 -5 7 -2
right_child=6 2 -4 4 -6 -7 -8 -9
leaf_value=0.010877781004224901 -0.026204572954021406 -0.00010825312525167306 0.0047754588394556012 -0.10838204260330792 -0.0096949893150264643 -0.013986969230294955 -0.0051308930700720255 -0.009477504177529187
leaf_weight=1.3790413327515123 0.22780083911493398 1.5534338988363745 2.569448433816433 0.081558289122767635 0.48929987661540508 0.081959836184978485 0.73693540785461664 0.27674967981874943
leaf_count=10 6 4 10 8 6 4 4 4
internal_value=0 0.00201039 -0.000550171 -0.00675251 -0.0225631 -0.0610686 -0.00996665 -0.0170297
internal_weight=0 6.15474 4.7757 2.20625 0.652818 0.163518 1.24149 0.504551
internal_count=56 42 32 22 18 12 14 10
is_linear=0
shrinkage=0.1


Tree=67
num_leaves=7
num_cat=0
split_feature=0 3 1 4 1 4
split_gain=0.0130675 0.0126444 0.00891522 0.00435576 0.00292476 0.001597
threshold=0.88750000000000007 0.39795000000000008 0.63000000000000012 0.52050000000000007 0.69000000000000006 0.55940000000000012
decision_type=2 2 2 2 2 2
left_child=1 -1 3 -2 5 -4
right_child=2 -3 4 -5 -6 -7
leaf_value=0.0051720129172253687 0.0027422487267874489 0.037714008317968568 -0.020940463996004827 -0.0029895361133247928 -0.0049053270113174445 -0.0096211219806251417
leaf_weight=0.43028825218789268 3.3416438429849222 0.16525943297892809 0.22971628373488762 2.1978164697065949 0.73780499119311571 0.27249262481927872
leaf_count=12 12 4 6 14 4 4
internal_value=0 0.0142021 -0.0012476 0.000468126 -0.00891218 -0.0147987
internal_weight=0 0.595548 6.77947 5.53946 1.24001 0.502209
internal_count=56 16 40 26 14 10
is_linear=0
shrinkage=0.1


Tree=68
num_leaves=8
num_cat=0
split_feature=0 3 1 5 1 4 0
split_gain=0.0136458 0.0160455 0.0100324 0.00422458 0.00401596 0.00312052 0.00158365
threshold=0.88750000000000007 0.39795000000000008 0.63000000000000012 0.15000000000000005 0.69000000000000006 0.55940000000000012 0.91155000000000019
decision_type=2 2 2 2 2 2 2
left_child=1 -1 3 -2 5 -4 -5
right_child=2 -3 4 6 -6 -7 -8
leaf_value=0.0047528667470474592 -0.0030638155928362412 0.042389320688117932 -0.025160294507490345 0.0060163162939140561 -0.0047545517540416686 -0.0091912901619802048 0.0013118998073270542
leaf_weight=0.42976956744678307 2.0427309942315333 0.15381696168333292 0.22310834936797597 1.0024393871426585 0.73847824707627296 0.2710118256509304 2.5004277843981981
leaf_count=12 10 4 6 4 4 4 12
internal_value=0 0.0146728 -0.00126329 0.000550482 -0.00942363 -0.0164017 0.00265819
internal_weight=0 0.583587 6.7782 5.5456 1.2326 0.49412 3.50287
internal_count=56 16 40 26 14 10 16
is_linear=0
shrinkage=0.1


Tree=69
num_leaves=6
num_cat=0
split_feature=1 3 1 3 1
split_gain=0.0118469 0.0243948 0.00908802 0.00456894 0.00430402
threshold=0.41000000000000009 0.33050000000000007 0.63000000000000012 0.43675000000000003 0.58000000000000007
decision_type=2 2 2 2 2
left_child=-1 4 3 -3 -2
right_child=1 2 -4 -5 -6
leaf_value=0.0074217381550096481 -0.026892450730537244 0.0084037321005933866 -0.0075117841751618638 0.00078048737647586259 -0.012288850800882344
leaf_weight=1.6640514209866522 0.28427086258307088 1.1372353732585909 1.0250825267285106 2.5470676049590111 0.69577127019874752
leaf_count=6 6 12 10 12 10
internal_value=0 -0.00217073 0.000816407 0.00313356 -0.0165248
internal_weight=0 5.68943 4.70939 3.6843 0.980042
internal_count=56 50 34 24 16
is_linear=0
shrinkage=0.1


Tree=70
num_leaves=5
num_cat=0
split_feature=4 3 1 1
split_gain=0.0117352 0.00921596 0.00857314 0.0135064
threshold=0.47425000000000006 0.39795000000000008 0.51500000000000012 0.66500000000000015
decision_type=2 2 2 2
left_child=-1 2 -2 -4
right_child=1 -3 3 -5
leaf_value=0.0082756611655332782 -0.00059282319428403322 0.0020838670782000338 -0.023456315609209324 -0.0037841995835583087
leaf_weight=1.3893526969477532 1.553474508225918 2.9170088768005371 0.56110647233435862 0.92331658024340868
leaf_count=12 4 20 14 6
internal_value=0 -0.00193081 -0.00578573 -0.0112202
internal_weight=0 5.95491 3.0379 1.48442
internal_count=56 44 24 20
is_linear=0
shrinkage=0.1


Tree=71
num_leaves=6
num_cat=0
split_feature=1 3 1 1 3
split_gain=0.0111956 0.0223647 0.00831189 0.00401094 0.00393116
threshold=0.41000000000000009 0.33050000000000007 0.63000000000000012 0.58000000000000007 0.43675000000000003
decision_type=2 2 2 2 2
left_child=-1 3 4 -2 -3
right_child=1 2 -4 -5 -6
leaf_value=0.0072206483423292098 -0.025940442754264381 0.0078577286092530989 -0.0072386813647178404 -0.011800353383869209 0.00077906026578033148
leaf_weight=1.661077383905649 0.28230432327836741 1.1343159753596412 1.0204318533651529 0.69317136448808014 2.5442941999062896
leaf_count=6 6 12 10 10 12
internal_value=0 -0.00211367 0.000746689 -0.0158925 0.0029618
internal_weight=0 5.67452 4.69904 0.975476 3.67861
internal_count=56 50 34 16 24
is_linear=0
shrinkage=0.1


Tree=72
num_leaves=5
num_cat=0
split_feature=4 3 1 1
split_gain=0.010449 0.00889231 0.00770241 0.0130207
threshold=0.47425000000000006 0.39795000000000008 0.51500000000000012 0.66500000000000015
decision_type=2 2 2 2
left_child=-1 2 -2 -4
right_child=1 -3 3 -5
leaf_value=0.0078231583167743604 -0.00069021245466357409 0.0021249775623896866 -0.022830415707029691 -0.0034776118289320344
leaf_weight=1.3846738641150294 1.5516309738159182 2.910859040915966 0.55803774215746649 0.9221419095993042
leaf_count=12 4 20 14 6
internal_value=0 -0.00182284 -0.00561316 -0.0107737
internal_weight=0 5.94267 3.03181 1.48018
internal_count=56 44 24 20
is_linear=0
shrinkage=0.1


Tree=73
num_leaves=6
num_cat=0
split_feature=1 3 3 1 1
split_gain=0.0106437 0.0205033 0.00837805 0.0104865 0.00376926
threshold=0.41000000000000009 0.33050000000000007 0.43675000000000003 0.69000000000000006 0.58000000000000007
decision_type=2 2 2 2 2
left_child=-1 4 3 -3 -2
right_child=1 2 -4 -5 -6
leaf_value=0.0070456740365808061 -0.025063378984978235 0.010841683332347403 -0.0030491970039959078 -0.0040559664507270879 -0.011318129182941316
leaf_weight=1.6583342328667638 0.28051747800782312 1.3108616230310874 2.6401374195702374 0.73878715746104706 0.69079571426846087
leaf_count=6 6 14 16 4 10
internal_value=0 -0.00206392 0.000674903 0.00547189 -0.0152878
internal_weight=0 5.6611 4.68979 2.04965 0.971313
internal_count=56 50 34 18 16
is_linear=0
shrinkage=0.1


Tree=74
num_leaves=6
num_cat=0
split_feature=1 3 1 4 3
split_gain=0.0110338 0.0182092 0.00845899 0.00359401 0.00293469
threshold=0.41000000000000009 0.33050000000000007 0.63000000000000012 0.52050000000000007 0.43675000000000003
decision_type=2 2 2 2 2
left_child=-1 3 4 -2 -3
right_child=1 2 -4 -5 -6
leaf_value=0.00717588445411395 -0.024151198630107097 0.0069486718118207851 -0.0076012582883309421 -0.0107061790178867 0.00082444345617997271
leaf_weight=1.6570802442729471 0.27947397041134525 1.1310089945327493 1.0153621113859115 0.68890955299139023 2.5389559571631253
leaf_count=6 6 12 10 10 12
internal_value=0 -0.00210322 0.000476852 -0.0145864 0.00271181
internal_weight=0 5.65371 4.68533 0.968384 3.66996
internal_count=56 50 34 16 24
is_linear=0
shrinkage=0.1


Tree=75
num_leaves=6
num_cat=0
split_feature=1 3 3 1 4
split_gain=0.00979519 0.0173829 0.00811108 0.00914044 0.00319626
threshold=0.41000000000000009 0.33050000000000007 0.43675000000000003 0.69000000000000006 0.52050000000000007
decision_type=2 2 2 2 2
left_child=-1 4 3 -3 -2
right_child=1 2 -4 -5 -6
leaf_value=0.0067605150319113606 -0.023243434837002648 0.010298897541189031 -0.0031278058407697459 -0.003619854850542217 -0.010538882402211135
leaf_weight=1.6569437794387338 0.27792000677436579 1.3048068230855281 2.6360205509699881 0.73904171120375384 0.68886485509574413
leaf_count=6 6 14 16 4 10
internal_value=0 -0.00198379 0.000538025 0.00526597 -0.014191
internal_weight=0 5.64665 4.67987 2.04385 0.966785
internal_count=56 50 34 18 16
is_linear=0
shrinkage=0.1


Tree=76
num_leaves=6
num_cat=0
split_feature=1 3 1 1 3
split_gain=0.0101176 0.0154495 0.00799539 0.00309679 0.00238258
threshold=0.41000000000000009 0.33050000000000007 0.63000000000000012 0.58000000000000007 0.43675000000000003
decision_type=2 2 2 2 2
left_child=-1 3 4 -2 -3
right_child=1 2 -4 -5 -6
leaf_value=0.0068729408843540302 -0.022471367893252471 0.0063486436168503513 -0.0075138305076672199 -0.0099456801494379656 0.00082822884023417117
leaf_weight=1.6557874567806719 0.27683675405569363 1.1306186493020507 1.0109452796168623 0.68772857752628624 2.5341826449148357
leaf_count=6 6 12 10 10 12
internal_value=0 -0.00201764 0.000359452 -0.0135406 0.00253132
internal_weight=0 5.64031 4.67575 0.964565 3.6648
internal_count=56 50 34 16 24
is_linear=0
shrinkage=0.1


Tree=77
num_leaves=5
num_cat=0
split_feature=4 0 3 1
split_gain=0.00977744 0.00754739 0.00316395 0.00344488
threshold=0.49515000000000003 0.91155000000000019 0.33050000000000007 0.63000000000000012
decision_type=2 2 2 2
left_child=1 -1 -2 -4
right_child=2 -3 3 -5
leaf_value=0.0095804688779318956 -0.0097978044123029732 0.00017940222009737376 0.00022617403992102806 -0.0069933551930814845
leaf_weight=1.349765873514116 0.6873616082593802 2.3248639359953813 1.9201617741491648 1.0078321527689693
leaf_count=10 10 8 18 10
internal_value=0 0.0036326 -0.00369216 -0.00225883
internal_weight=0 3.67463 3.61536 2.92799
internal_count=56 18 38 28
is_linear=0
shrinkage=0.1


Tree=78
num_leaves=6
num_cat=0
split_feature=1 3 3 2 4
split_gain=0.00902203 0.0147288 0.00765113 0.00920682 0.00304719
threshold=0.41000000000000009 0.33050000000000007 0.43675000000000003 0.55000000000000016 0.52050000000000007
decision_type=2 2 2 2 2
left_child=-1 4 3 -3 -2
right_child=1 2 -4 -5 -6
leaf_value=0.0064953904423122088 -0.02203648823548944 -0.0015709966212576591 -0.0031437298595859879 0.011880165316836453 -0.0095990320175348004
leaf_weight=1.6531778015196321 0.27609144733287383 1.0385384362307379 2.6323837391100824 0.99768256954848755 0.68752295663580298
leaf_count=6 6 10 16 8 10
internal_value=0 -0.00190654 0.000416739 0.00501964 -0.0131626
internal_weight=0 5.63222 4.6686 2.03622 0.963614
internal_count=56 50 34 18 16
is_linear=0
shrinkage=0.1


Tree=79
num_leaves=5
num_cat=0
split_feature=4 0 3 1
split_gain=0.00979568 0.00722073 0.00266232 0.00359163
threshold=0.49515000000000003 0.91155000000000019 0.33050000000000007 0.63000000000000012
decision_type=2 2 2 2
left_child=1 -1 -2 -4
right_child=2 -3 3 -5
leaf_value=0.0094654442915364668 -0.0092971114793933968 0.00026179386184317237 0.00015860071977678324 -0.0072148740642721879
leaf_weight=1.3465968212112787 0.6872080059256408 2.3228872776962817 1.9184255864238369 1.0075723510235546
leaf_count=10 10 8 18 10
internal_value=0 0.00363927 -0.00369597 -0.00238047
internal_weight=0 3.66948 3.61321 2.926
internal_count=56 18 38 28
is_linear=0
shrinkage=0.1


Tree=80
num_leaves=5
num_cat=0
split_feature=4 0 3 1
split_gain=0.00880375 0.006312 0.00268596 0.00353138
threshold=0.49515000000000003 0.91155000000000019 0.33050000000000007 0.63000000000000012
decision_type=2 2 2 2
left_child=1 -1 -2 -4
right_child=2 -3 3 -5
leaf_value=0.0089053097828428081 -0.0091286993875420823 0.00029492070922429198 0.00033463326197774357 -0.0069800135875011347
leaf_weight=1.3443049076013269 0.68739443947561119 2.3218561979010701 1.9184656904544684 1.0061860885471103
leaf_count=10 10 8 18 10
internal_value=0 0.00345217 -0.00350389 -0.00218187
internal_weight=0 3.66616 3.61205 2.92465
internal_count=56 18 38 28
is_linear=0
shrinkage=0.1


Tree=81
num_leaves=6
num_cat=0
split_feature=1 3 3 2 4
split_gain=0.00865858 0.0136171 0.00732919 0.0106144 0.00336744
threshold=0.41000000000000009 0.33050000000000007 0.43675000000000003 0.55000000000000016 0.52050000000000007
decision_type=2 2 2 2 2
left_child=-1 4 3 -3 -2
right_child=1 2 -4 -5 -6
leaf_value=0.0063728635297294004 -0.022031660235279586 -0.0022022458026424649 -0.003115639002606134 0.01225710161429764 -0.0089488061858837131
leaf_weight=1.6487470231950281 0.27559248078614462 1.0364789658924567 2.6308537828736007 0.99512507207691658 0.68762780306860805
leaf_count=6 6 10 16 8 10
internal_value=0 -0.00186773 0.00036847 0.00488027 -0.012692
internal_weight=0 5.62568 4.66246 2.0316 0.96322
internal_count=56 50 34 18 16
is_linear=0
shrinkage=0.1


Tree=82
num_leaves=6
num_cat=0
split_feature=4 0 1 4 3
split_gain=0.0089384 0.00614882 0.00243102 0.00667887 0.00359431
threshold=0.49515000000000003 0.91155000000000019 0.58000000000000007 0.54035000000000011 0.28375000000000006
decision_type=2 2 2 2 2
left_child=1 -1 -2 -4 -5
right_child=2 -3 3 4 -6
leaf_value=0.0088707186213405204 -0.001121325641305023 0.00036527364906496735 -0.00065621072980139332 -0.0080537856531934168 -0.022441286520108142
leaf_weight=1.3414640780538323 1.9390908542554828 2.3197839425411075 0.92640499677509047 0.46961673954501748 0.27550456183962524
leaf_count=10 20 8 6 4 8
internal_value=0 0.00348163 -0.00353046 -0.00632523 -0.0133735
internal_weight=0 3.66125 3.61062 1.67153 0.745121
internal_count=56 18 38 18 12
is_linear=0
shrinkage=0.1


Tree=83
num_leaves=6
num_cat=0
split_feature=4 0 3 0 1
split_gain=0.00837216 0.00329612 0.00326872 0.00362708 0.00270244
threshold=0.51755000000000007 0.91155000000000019 0.33050000000000007 0.91155000000000019 0.69000000000000006
decision_type=2 2 2 2 2
left_child=1 -1 -2 -4 -5
right_child=2 -3 3 4 -6
leaf_value=0.0072661426492771838 -0.0096540697195649366 0.0010685592797118355 0.00094178171009244712 -0.012703201912612093 -0.002663247583822235
leaf_weight=1.3512194798095154 0.68750800378620658 2.3516306280216668 1.7158834235742688 0.42005644366145134 0.74109725840389729
leaf_count=12 10 10 10 10 4
internal_value=0 0.00333014 -0.00345936 -0.00197905 -0.00629528
internal_weight=0 3.70285 3.56455 2.87704 1.16115
internal_count=56 22 34 24 14
is_linear=0
shrinkage=0.1


Tree=84
num_leaves=6
num_cat=0
split_feature=4 1 1 3 1
split_gain=0.00878779 0.00390467 0.00818361 0.00331526 0.00386217
threshold=0.51755000000000007 0.59500000000000008 0.58000000000000007 0.33050000000000007 0.63000000000000012
decision_type=2 2 2 2 2
left_child=1 2 -1 -2 -5
right_child=3 -3 -4 4 -6
leaf_value=0.019111225017234824 -0.0097749608668763477 0.00086676759569922427 0.0025317483799984983 0.00064201985175482397 -0.0070278657478181593
leaf_weight=0.42716800275957234 0.68825875571928952 2.2906617945991457 0.98241563141345978 1.87039613397792 1.011616524774581
leaf_count=12 10 6 4 14 10
internal_value=0 0.00341502 0.00755608 -0.00353933 -0.00205019
internal_weight=0 3.70025 1.40958 3.57027 2.88201
internal_count=56 22 16 34 24
is_linear=0
shrinkage=0.1


Tree=85
num_leaves=6
num_cat=0
split_feature=1 3 3 2 1
split_gain=0.00692305 0.0158735 0.00752449 0.0140099 0.00389399
threshold=0.41000000000000009 0.33050000000000007 0.43675000000000003 0.55000000000000016 0.58000000000000007
decision_type=2 2 2 2 2
left_child=-1 4 3 -3 -2
right_child=1 2 -4 -5 -6
leaf_value=0.005711917702441797 -0.023341363683818308 -0.0028031497131462339 -0.0027812065733493971 0.013818292212334993 -0.0093061228830983809
leaf_weight=1.6422928459942339 0.27738622645847488 1.0370384236448447 2.6284186560660601 0.99236817006021727 0.68790803058072925
leaf_count=6 6 10 16 8 10
internal_value=0 -0.00166823 0.000750497 0.00532464 -0.0133393
internal_weight=0 5.62312 4.65783 2.02941 0.965294
internal_count=56 50 34 18 16
is_linear=0
shrinkage=0.1


Tree=86
num_leaves=6
num_cat=0
split_feature=1 3 3 2 1
split_gain=0.00672527 0.015015 0.00764324 0.0122975 0.00330381
threshold=0.41000000000000009 0.33050000000000007 0.43675000000000003 0.55000000000000016 0.58000000000000007
decision_type=2 2 2 2 2
left_child=-1 4 3 -3 -2
right_child=1 2 -4 -5 -6
leaf_value=0.0056286349260776785 -0.022255613817677298 -0.0022918462507341493 -0.0028552217460409029 0.013280852450451545 -0.0093003117849719871
leaf_weight=1.6426334194838998 0.27580563654191781 1.0380816475371832 2.6268914444372058 0.99137620255351055 0.68754618568345904
leaf_count=6 6 10 16 8 10
internal_value=0 -0.00164524 0.000705883 0.00531531 -0.0130094
internal_weight=0 5.6197 4.65635 2.02946 0.963352
internal_count=56 50 34 18 16
is_linear=0
shrinkage=0.1


Tree=87
num_leaves=5
num_cat=0
split_feature=4 0 3 1
split_gain=0.00734836 0.00610797 0.00309343 0.00248194
threshold=0.49515000000000003 0.91155000000000019 0.33050000000000007 0.63000000000000012
decision_type=2 2 2 2
left_child=1 -1 -2 -4
right_child=2 -3 3 -5
leaf_value=0.0085508335129183873 -0.009236591660352322 5.911376463014711e-05 0.0003317765164738441 -0.0058052088936832976
leaf_weight=1.3345561989117416 0.68750821228604797 2.3187673439388163 1.9144864898407834 1.0048902845010159
leaf_count=10 10 8 18 10
internal_value=0 0.00316113 -0.00320183 -0.00178066
internal_weight=0 3.65332 3.60688 2.91938
internal_count=56 18 38 28
is_linear=0
shrinkage=0.1


Tree=88
num_leaves=6
num_cat=0
split_feature=1 3 3 2 4
split_gain=0.00659652 0.0142027 0.0076069 0.0121783 0.00329472
threshold=0.41000000000000009 0.33050000000000007 0.43675000000000003 0.55000000000000016 0.52050000000000007
decision_type=2 2 2 2 2
left_child=-1 4 3 -3 -2
right_child=1 2 -4 -5 -6
leaf_value=0.0055778642327421399 -0.021933516638758834 -0.0023110328980664482 -0.002895306851244759 0.013192369210420517 -0.0089849280290424278
leaf_weight=1.6408270858228204 0.27505279006436456 1.0377105136285538 2.6252027442678809 0.99012422747910012 0.68810515129007399
leaf_count=6 6 10 16 8 10
internal_value=0 -0.00162963 0.000658308 0.00525876 -0.0126827
internal_weight=0 5.6162 4.65304 2.02783 0.963158
internal_count=56 50 34 18 16
is_linear=0
shrinkage=0.1


Tree=89
num_leaves=5
num_cat=0
split_feature=4 0 3 1
split_gain=0.00751639 0.00598272 0.00283969 0.00235401
threshold=0.49515000000000003 0.91155000000000019 0.33050000000000007 0.63000000000000012
decision_type=2 2 2 2
left_child=1 -1 -2 -4
right_child=2 -3 3 -5
leaf_value=0.0085397783201384882 -0.0090146214377136782 0.00013002450467142836 0.00018464647124380191 -0.0057936477881954359
leaf_weight=1.331961863441393 0.68860206601675633 2.3182172850065399 1.9118069962132724 1.0048265312798319
leaf_count=10 10 8 18 10
internal_value=0 0.00319877 -0.00323865 -0.00187497
internal_weight=0 3.65018 3.60524 2.91663
internal_count=56 18 38 28
is_linear=0
shrinkage=0.1


Tree=90
num_leaves=5
num_cat=0
split_feature=4 0 3 1
split_gain=0.00671953 0.00521027 0.00277581 0.00221714
threshold=0.49515000000000003 0.91155000000000019 0.33050000000000007 0.63000000000000012
decision_type=2 2 2 2
left_child=1 -1 -2 -4
right_child=2 -3 3 -5
leaf_value=0.0080138155380446944 -0.0087696523846905478 0.00016260414117524606 0.00028538272633815026 -0.005519521801838824
leaf_weight=1.3302784787956627 0.68927016831003163 2.3182812645973172 1.9112044860376047 1.0034065935760734
leaf_count=10 10 8 18 10
internal_value=0 0.00302519 -0.00306269 -0.00171306
internal_weight=0 3.64856 3.60388 2.91461
internal_count=56 18 38 28
is_linear=0
shrinkage=0.1


Tree=91
num_leaves=6
num_cat=0
split_feature=1 3 3 2 4
split_gain=0.00652837 0.0134957 0.00749204 0.0134417 0.00370793
threshold=0.41000000000000009 0.33050000000000007 0.43675000000000003 0.55000000000000016 0.52050000000000007
decision_type=2 2 2 2 2
left_child=-1 4 3 -3 -2
right_child=1 2 -4 -5 -6
leaf_value=0.0055565055004258047 -0.022199736450082282 -0.0027750446725976182 -0.0029131380234926501 0.013525365903374121 -0.0084682357055366805
leaf_weight=1.637044198811054 0.275013405131176 1.0360981393605473 2.6234253612346947 0.98858184274286021 0.69014721782878041
leaf_count=6 6 10 16 8 10
internal_value=0 -0.00162049 0.000613866 0.00518389 -0.0123809
internal_weight=0 5.61327 4.64811 2.02468 0.965161
internal_count=56 50 34 18 16
is_linear=0
shrinkage=0.1


Tree=92
num_leaves=5
num_cat=0
split_feature=4 0 3 1
split_gain=0.00694017 0.00518408 0.00265705 0.00209401
threshold=0.49515000000000003 0.91155000000000019 0.33050000000000007 0.63000000000000012
decision_type=2 2 2 2
left_child=1 -1 -2 -4
right_child=2 -3 3 -5
leaf_value=0.0080582055629420425 -0.0086880172951708731 0.00022180823260674483 0.00015474253186069796 -0.0054871693091232193
leaf_weight=1.3278925970662387 0.69080402294639531 2.3175006682286039 1.9087268445873635 1.0038182949647305
leaf_count=10 10 8 18 10
internal_value=0 0.00307634 -0.00311224 -0.00178976
internal_weight=0 3.64539 3.60335 2.91255
internal_count=56 18 38 28
is_linear=0
shrinkage=0.1


Tree=93
num_leaves=6
num_cat=0
split_feature=1 3 3 2 1
split_gain=0.00641208 0.0131438 0.00763528 0.0133957 0.00363203
threshold=0.41000000000000009 0.33050000000000007 0.43675000000000003 0.55000000000000016 0.58000000000000007
decision_type=2 2 2 2 2
left_child=-1 4 3 -3 -2
right_child=1 2 -4 -5 -6
leaf_value=0.0055099306001676184 -0.021941869729659422 -0.002728288431984941 -0.002960395515794704 0.013549267271562446 -0.0083520141686108176
leaf_weight=1.6354219578206537 0.27487112162634719 1.0358969197841363 2.621869707480073 0.98756907507777203 0.6911780561786145
leaf_count=6 6 10 16 8 10
internal_value=0 -0.00160586 0.000601214 0.00521611 -0.0122188
internal_weight=0 5.61138 4.64534 2.02347 0.966049
internal_count=56 50 34 18 16
is_linear=0
shrinkage=0.1


Tree=94
num_leaves=6
num_cat=0
split_feature=4 1 0 0 1
split_gain=0.00754515 0.00493891 0.00371539 0.000876995 0.00121798
threshold=0.52050000000000007 0.58000000000000007 0.91155000000000019 0.91155000000000019 0.66500000000000015
decision_type=2 2 2 2 2
left_child=2 -2 -1 -3 -5
right_child=1 3 -4 4 -6
leaf_value=0.0069711875999601261 -0.0011141960589657477 -0.0069864612600587577 0.00066596891891982702 -0.017862577864431191 -0.0075157619224981743
leaf_weight=1.338281166157685 1.8832401662366467 0.46783244260586787 3.0978707138856407 0.24928038031794131 0.2092861901037395
leaf_count=12 16 4 14 6 4
internal_value=0 -0.0040548 0.0025681 -0.0100326 -0.0131404
internal_weight=0 2.80964 4.43615 0.926399 0.458567
internal_count=56 30 26 14 10
is_linear=0
shrinkage=0.1


Tree=95
num_leaves=6
num_cat=0
split_feature=4 1 0 0 1
split_gain=0.00649891 0.0040993 0.00320039 0.000587365 0.000203437
threshold=0.52050000000000007 0.58000000000000007 0.91155000000000019 0.91155000000000019 0.66500000000000015
decision_type=2 2 2 2 2
left_child=2 -2 -1 -3 -5
right_child=1 3 -4 4 -6
leaf_value=0.0064722205710123137 -0.0010848031276758283 -0.0067241165573032353 0.00061891415758956589 -0.0137008044452231 -0.0094668217683213842
leaf_weight=1.3372527471510691 1.8833396683912726 0.46889400365762401 3.0985536007501651 0.24775825371034443 0.20939382771030068
leaf_count=12 16 4 14 6 4
internal_value=0 -0.00376336 0.0023835 -0.00921086 -0.0117615
internal_weight=0 2.80939 4.43581 0.926046 0.457152
internal_count=56 30 26 14 10
is_linear=0
shrinkage=0.1


Tree=96
num_leaves=6
num_cat=0
split_feature=1 3 3 2 1
split_gain=0.00578907 0.0157925 0.00821771 0.0164689 0.00328567
threshold=0.41000000000000009 0.33050000000000007 0.43675000000000003 0.55000000000000016 0.58000000000000007
decision_type=2 2 2 2 2
left_child=-1 4 3 -3 -2
right_child=1 2 -4 -5 -6
leaf_value=0.0052415116824457387 -0.022357171058325079 -0.0031239106459220408 -0.0027966559103932533 0.014921516308631567 -0.0094575476193002987
leaf_weight=1.6324744336307047 0.2756497818045317 1.0357244478946088 2.6184704746119678 0.98835501726716746 0.69607302150689065
leaf_count=6 6 10 16 8 10
internal_value=0 -0.00152408 0.000902367 0.00568764 -0.0131168
internal_weight=0 5.61427 4.64255 2.02408 0.971723
internal_count=56 50 34 18 16
is_linear=0
shrinkage=0.1


Tree=97
num_leaves=6
num_cat=0
split_feature=4 1 0 0 1
split_gain=0.00766341 0.00474084 0.00306077 0.000990343 2.519e-05
threshold=0.52050000000000007 0.58000000000000007 0.91155000000000019 0.91155000000000019 0.66500000000000015
decision_type=2 2 2 2 2
left_child=2 -2 -1 -3 -5
right_child=1 3 -4 4 -6
leaf_value=0.0065904283111880846 -0.001200165803719114 -0.0066966596013509211 0.0008643359639289739 -0.013916703639351692 -0.012433029386686358
leaf_weight=1.3355046400101853 1.8811288576107474 0.46863830625079561 3.1011731825128663 0.24649844248779118 0.21358791366219521
leaf_count=12 16 4 14 6 4
internal_value=0 -0.00408632 0.00258797 -0.00993222 -0.0132279
internal_weight=0 2.80985 4.43668 0.928725 0.460086
internal_count=56 30 26 14 10
is_linear=0
shrinkage=0.1


Tree=98
num_leaves=6
num_cat=0
split_feature=4 1 0 0 1
split_gain=0.00693556 0.00440131 0.00247891 0.000947107 5.87708e-05
threshold=0.52050000000000007 0.58000000000000007 0.91155000000000019 0.91155000000000019 0.66500000000000015
decision_type=2 2 2 2 2
left_child=2 -2 -1 -3 -5
right_child=1 3 -4 4 -6
leaf_value=0.0060656417682080528 -0.0011017188877650147 -0.0063452967439216346 0.00091201562095163827 -0.011666543383059872 -0.013927799051328888
leaf_weight=1.3348871039925141 1.8811781249241906 0.46956282947212447 3.1026216012542136 0.24586445954628289 0.21583870379254222
leaf_count=12 16 4 14 6 4
internal_value=0 -0.00388509 0.00246232 -0.00950755 -0.0127236
internal_weight=0 2.81244 4.43751 0.931266 0.461703
internal_count=56 30 26 14 10
is_linear=0
shrinkage=0.1


Tree=99
num_leaves=6
num_cat=0
split_feature=4 3 0 3 3
split_gain=0.00632918 0.00463284 0.00186096 0.000849913 0.146598
threshold=0.52050000000000007 0.33050000000000007 0.91155000000000019 0.39795000000000008 0.47130000000000005
decision_type=2 2 2 2 2
left_child=2 -2 -1 -3 -5
right_child=1 3 -4 4 -6
leaf_value=0.0054747613816486995 -0.010710822908451979 -0.0025397544609055576 0.0010099224014344136 0.061456938816398278 -0.043463782591410323
leaf_weight=1.3349721058038992 0.70739697047974948 1.567235969938338 3.1043204928864725 0.23520980030298222 0.30696495249867439
leaf_count=12 10 6 14 4 10
internal_value=0 -0.00370767 0.00235258 -0.00135914 0.00205361
internal_weight=0 2.81681 4.43929 2.10941 0.542175
internal_count=56 30 26 20 14
is_linear=0
shrinkage=0.1


end of trees

feature_importances:
syntactic=213
phonological=152
inventory=103
genetic=76
featural=28
geographical=27

parameters:
[boosting: gbdt]
[objective: lambdarank]
[metric: ndcg]
[tree_learner: serial]
[device_type: cpu]
[data: ]
[valid: ]
[num_iterations: 100]
[learning_rate: 0.1]
[num_leaves: 16]
[num_threads: 6]
[deterministic: 0]
[force_col_wise: 0]
[force_row_wise: 0]
[histogram_pool_size: -1]
[max_depth: -1]
[min_data_in_leaf: 5]
[min_sum_hessian_in_leaf: 0.001]
[bagging_fraction: 1]
[pos_bagging_fraction: 1]
[neg_bagging_fraction: 1]
[bagging_freq: 0]
[bagging_seed: 3]
[feature_fraction: 1]
[feature_fraction_bynode: 1]
[feature_fraction_seed: 2]
[extra_trees: 0]
[extra_seed: 6]
[early_stopping_round: 0]
[first_metric_only: 0]
[max_delta_step: 0]
[lambda_l1: 0]
[lambda_l2: 0]
[linear_lambda: 0]
[min_gain_to_split: 0]
[drop_rate: 0.1]
[max_drop: 50]
[skip_drop: 0.5]
[xgboost_dart_mode: 0]
[uniform_drop: 0]
[drop_seed: 4]
[top_rate: 0.2]
[other_rate: 0.1]
[min_data_per_group: 100]
[max_cat_threshold: 32]
[cat_l2: 10]
[cat_smooth: 10]
[max_cat_to_onehot: 4]
[top_k: 20]
[monotone_constraints: ]
[monotone_constraints_method: basic]
[monotone_penalty: 0]
[feature_contri: ]
[forcedsplits_filename: ]
[refit_decay_rate: 0.9]
[cegb_tradeoff: 1]
[cegb_penalty_split: 0]
[cegb_penalty_feature_lazy: ]
[cegb_penalty_feature_coupled: ]
[path_smooth: 0]
[interaction_constraints: ]
[verbosity: 1]
[saved_feature_importance_type: 0]
[linear_tree: 0]
[max_bin: 255]
[max_bin_by_feature: ]
[min_data_in_bin: 3]
[bin_construct_sample_cnt: 200000]
[data_random_seed: 1]
[is_enable_sparse: 1]
[enable_bundle: 1]
[use_missing: 1]
[zero_as_missing: 0]
[feature_pre_filter: 1]
[pre_partition: 0]
[two_round: 0]
[header: 0]
[label_column: ]
[weight_column: ]
[group_column: ]
[ignore_column: ]
[categorical_feature: ]
[forcedbins_filename: ]
[precise_float_parser: 0]
[parser_config_file: ]
[objective_seed: 5]
[num_class: 1]
[is_unbalance: 0]
[scale_pos_weight: 1]
[sigmoid: 1]
[boost_from_average: 1]
[reg_sqrt: 0]
[alpha: 0.9]
[fair_c: 1]
[poisson_max_delta_step: 0.7]
[tweedie_variance_power: 1.5]
[lambdarank_truncation_level: 30]
[lambdarank_norm: 1]
[label_gain: ]
[eval_at: 1,2,3,4,5]
[multi_error_top_k: 1]
[auc_mu_weights: ]
[num_machines: 1]
[local_listen_port: 12400]
[time_out: 120]
[machine_list_filename: ]
[machines: ]
[gpu_platform_id: -1]
[gpu_device_id: -1]
[gpu_use_dp: 0]
[num_gpu: 1]

end of parameters

pandas_categorical:null
