tree
version=v4
num_class=1
num_tree_per_iteration=1
label_index=0
max_feature_idx=5
objective=lambdarank
feature_names=genetic syntactic featural phonological inventory geographical
feature_infos=[0:1] [0:0.69999999999999996] [0:0.59999999999999998] [0.00020000000000000001:0.53190000000000004] [0:0.63270000000000004] [0:0.40000000000000002]
tree_sizes=1060 1147 1161 955 854 1060 854 1060 758 957 859 756 1058 757 1066 758 867 760 865 961 758 654 869 866 862 864 867 964 762 766 763 766 866 760 660 762 660 864 764 870 766 759 768 759 762 661 970 761 861 870 662 766 869 869 864 867 966 868 760 661 867 870 868 758 866 970 763 868 862 760 765 762 760 661 864 660 760 764 758 762 660 762 764 764 762 764 871 864 766 764 762 765 763 764 865 764 765 767 759 865

Tree=0
num_leaves=9
num_cat=0
split_feature=3 4 4 5 0 1 4 3
split_gain=1.00499 0.948371 1.72285 0.549236 0.360396 0.20012 0.169388 0.00617904
threshold=0.45575000000000004 0.59255000000000013 0.54885000000000017 0.35000000000000003 0.64285000000000003 0.66500000000000015 0.54885000000000017 0.39770000000000005
decision_type=2 2 2 2 2 2 2 2
left_child=1 2 3 4 -1 -6 -2 -4
right_child=6 -3 7 -5 5 -7 -8 -9
leaf_value=0.043674392710177659 0.036945825901547727 0.069145254507586504 -0.18393179446380481 0.11658544107841651 -0.10203207162349817 -0.0059928407435357531 0.10853249800655743 -0.1667722184512794
leaf_weight=0.46146649122238226 0.64540519937872864 0.75072703137993801 0.44201012514531601 0.32281181961297978 0.55884947068989277 0.35465793125331402 0.67751878127455711 0.39953165873885155
leaf_count=6 8 6 6 4 10 6 6 4
internal_value=0 -0.0295976 -0.05879 -0.000799012 -0.0283581 -0.064746 0.073608 -0.175785
internal_weight=0 3.29005 2.53933 1.69779 1.37497 0.913507 1.32292 0.841542
internal_count=56 42 36 26 22 16 14 10
is_linear=0
shrinkage=0.1


Tree=1
num_leaves=10
num_cat=0
split_feature=1 3 4 5 1 3 4 1 4
split_gain=5.87871 8.04521 4.81841 3.74545 2.80543 0.918952 0.503594 0.653857 0.492008
threshold=1.0000000180025095e-35 0.33050000000000007 0.55500000000000016 0.35000000000000003 0.50000000000000011 0.47860000000000008 0.47750000000000004 0.66500000000000015 0.54035000000000011
decision_type=2 2 2 2 2 2 2 2 2
left_child=-1 8 4 -4 -3 6 -6 -8 -2
right_child=1 2 3 -5 5 -7 7 -9 -10
leaf_value=0.2016398101739213 -0.16207974597361891 0.17809410173624093 -0.15223146624941253 0.021051985088717296 0.048562838346055938 0.10116384505825722 -0.062059800408361787 0.038240536868289737 -0.087794659433744704
leaf_weight=1.3441167473793054 2.7800497002899673 1.8000131249427775 2.2450360395014277 2.8068614602088928 2.4950872659683228 1.7098823785781858 1.3647896535694599 1.2408890128135681 1.3125483356416223
leaf_count=2 8 2 8 6 4 4 8 4 10
internal_value=0 -0.0152647 0.021577 -0.0559542 0.0670648 0.0377204 0.0164529 -0.0142943 -0.138256
internal_weight=0 17.7552 13.6626 5.0519 8.61066 6.81065 5.10077 2.60568 4.0926
internal_count=56 54 36 14 22 20 16 12 18
is_linear=0
shrinkage=0.1


Tree=2
num_leaves=10
num_cat=0
split_feature=0 3 4 5 5 0 0 3 0
split_gain=5.31157 3.03788 0.586862 0.530725 0.802518 0.221433 0.110076 0.191154 0.0563987
threshold=1.0000000180025095e-35 0.45575000000000004 0.52050000000000007 0.35000000000000003 0.15000000000000005 0.95000000000000007 0.8660500000000001 0.33050000000000007 0.95000000000000007
decision_type=2 2 2 2 2 2 2 2 2
left_child=-1 3 -3 4 6 -5 -2 -8 -6
right_child=1 2 -4 5 8 -7 7 -9 -10
leaf_value=0.1802089115752773 -0.080035104030629717 0.0024958244710361812 0.081542582510239922 -0.0032916831217708626 -0.17557399002600427 -0.05124064012558445 -0.068841328549133482 -0.020875694102769536 -0.12833972196472954
leaf_weight=1.4743528962135304 1.1109047085046748 1.4788287281990058 2.5739997029304504 2.3384698629379272 0.49528530240058877 1.6375835686922076 1.5842142477631569 1.7471493482589722 0.51629939675331116
leaf_count=2 6 6 8 4 4 8 8 4 6
internal_value=0 -0.0197061 0.0526994 -0.0508248 -0.0710809 -0.02304 -0.0527757 -0.0436855 -0.151466
internal_weight=0 13.4827 4.05283 9.42991 5.45385 3.97605 4.44227 3.33136 1.01158
internal_count=56 54 14 40 28 12 18 12 10
is_linear=0
shrinkage=0.1


Tree=3
num_leaves=8
num_cat=0
split_feature=4 3 0 3 5 4 1
split_gain=2.80766 1.02938 1.24952 0.500349 0.711255 0.541608 0.286037
threshold=1.0000000180025095e-35 0.33050000000000007 0.95000000000000007 0.45575000000000004 0.35000000000000003 0.52050000000000007 0.57000000000000017
decision_type=2 2 2 2 2 2 2
left_child=-1 2 6 4 -3 -5 -2
right_child=1 3 -4 5 -6 -7 -8
leaf_value=0.16342475562072309 -0.057439319418315052 -0.055227446431280573 -0.15738634276738905 -0.017593083549286917 0.014173405402457071 0.063700209059756596 0.018366153147475674
leaf_weight=0.97560882568359453 0.97971356287598532 2.489333149045704 0.96881456673145283 1.3081539645791056 3.6302098780870438 2.1942067369818687 1.0118492096662521
leaf_count=2 6 12 8 6 10 8 4
internal_value=0 -0.0126717 -0.0642379 0.00319374 -0.0140578 0.0333366 -0.018925
internal_weight=0 12.5823 2.96038 9.6219 6.11954 3.50236 1.99156
internal_count=56 54 18 36 22 14 10
is_linear=0
shrinkage=0.1


Tree=4
num_leaves=7
num_cat=0
split_feature=4 3 3 5 3 4
split_gain=2.00541 0.659387 0.298709 0.491027 0.309064 0.0764313
threshold=1.0000000180025095e-35 0.33050000000000007 0.45575000000000004 0.35000000000000003 0.47860000000000008 0.54035000000000011
decision_type=2 2 2 2 2 2
left_child=-1 5 3 -3 -4 -2
right_child=1 2 4 -5 -6 -7
leaf_value=0.15262749856294694 -0.07229627211352245 -0.045552870255016246 0.059734715584698277 0.013146564423847233 -0.0021699041837806589 -0.038783907081978139
leaf_weight=0.80641669034957963 1.1692073717713349 2.398930970579384 1.5305891335010531 3.5104306042194366 1.7047697454690931 1.6283572912216184
leaf_count=2 8 12 6 10 8 10
internal_value=0 -0.0103063 0.0026903 -0.0106827 0.027116 -0.05279
internal_weight=0 11.9423 9.14472 5.90936 3.23536 2.79756
internal_count=56 54 36 22 14 18
is_linear=0
shrinkage=0.1


Tree=5
num_leaves=9
num_cat=0
split_feature=4 3 5 4 1 0 0 0
split_gain=1.51098 0.405162 0.355905 0.260567 0.253895 0.528407 0.212416 0.147806
threshold=1.0000000180025095e-35 0.45575000000000004 0.35000000000000003 0.52050000000000007 0.57000000000000017 0.64285000000000003 0.95000000000000007 0.95000000000000007
decision_type=2 2 2 2 2 2 2 2
left_child=-1 2 4 -3 5 -2 -4 -6
right_child=1 3 6 -5 7 -7 -8 -9
leaf_value=0.14496755417038051 -0.021751928713026801 -0.01401910559651918 0.023926602536375106 0.045133888081980239 0.0094222761247956272 -0.1457989880137156 -0.023387442734792839 -0.037456061813943411
leaf_weight=0.67901998758316118 0.81299705803394118 1.2178489714860909 2.0964372307062149 1.9166257381439207 0.96950294077396426 0.59450475499033928 1.7334507033228876 2.1961615867912769
leaf_count=2 4 6 4 8 4 8 8 12
internal_value=0 -0.00853179 -0.019977 0.022151 -0.0388105 -0.0741473 0.00251173 -0.0230993
internal_weight=0 11.5375 8.40305 3.13447 4.57317 1.4075 3.82989 3.16566
internal_count=56 54 40 14 28 12 12 16
is_linear=0
shrinkage=0.1


Tree=6
num_leaves=7
num_cat=0
split_feature=1 5 3 3 1 3
split_gain=0.352606 0.402318 0.317628 0.38758 0.0979008 0.444679
threshold=0.50000000000000011 0.35000000000000003 0.39770000000000005 0.47860000000000008 0.66500000000000015 0.28375000000000006
decision_type=2 2 2 2 2 2
left_child=-1 4 -3 -4 5 -2
right_child=1 2 3 -5 -6 -7
leaf_value=0.035352826555051384 -0.018990553812719087 0.02765626510261477 -0.058761652430965976 0.021850155189726495 -0.016363649103991948 -0.12209458050210809
leaf_weight=2.2815615013241777 1.4636085927486404 3.4351219832897186 1.2348199635744097 1.153680197894573 1.7724805474281313 0.58570467308163632
leaf_count=10 8 10 6 6 6 10
internal_value=0 -0.00836249 0.00818231 -0.019825 -0.0335733 -0.0484582
internal_weight=0 9.64542 5.82362 2.3885 3.82179 2.04931
internal_count=56 46 22 12 24 18
is_linear=0
shrinkage=0.1


Tree=7
num_leaves=9
num_cat=0
split_feature=4 5 1 5 0 3 3 4
split_gain=0.298322 1.01174 0.661448 0.2659 0.104464 0.0364702 0.0208156 0.0148056
threshold=0.55500000000000016 0.35000000000000003 0.50000000000000011 0.35000000000000003 0.95000000000000007 0.33050000000000007 0.51595000000000013 0.49515000000000003
decision_type=2 2 2 2 2 2 2 2
left_child=2 6 -1 5 -5 -4 -2 -6
right_child=1 -3 3 4 7 -7 -8 -9
leaf_value=0.060041839810143133 -0.11177466180094656 0.012050754190268085 -0.037567641477313313 0.02772280172613403 0.0043560892733051837 -0.016600304934354392 -0.14513647291565485 -0.014401946256501886
leaf_weight=1.9437377974390964 0.39172467961907487 1.6767134517431259 1.5509892813861372 2.042288139462471 0.77314951270818733 1.7834885679185388 0.35788685083389282 0.92322960495948792
leaf_count=8 8 8 10 4 4 6 2 6
internal_value=0 -0.0311259 0.00837559 -0.00582257 0.0124883 -0.026353 -0.127703 -0.0058527
internal_weight=0 2.42632 9.01688 7.07315 3.73867 3.33448 0.749612 1.69638
internal_count=56 18 38 30 14 16 10 10
is_linear=0
shrinkage=0.1


Tree=8
num_leaves=6
num_cat=0
split_feature=1 3 5 4 0
split_gain=0.352437 0.273355 0.183139 0.0384116 0.0166992
threshold=0.50000000000000011 0.33050000000000007 0.35000000000000003 0.54885000000000017 0.95000000000000007
decision_type=2 2 2 2 2
left_child=-1 -2 -3 4 -4
right_child=1 2 3 -5 -6
leaf_value=0.037863018520179509 -0.043562878571833184 -0.025364513799656069 0.0099994539633802299 -0.0023591327005821529 0.023817471022559669
leaf_weight=2.0135039091110238 1.776428259909151 2.0327125228941441 2.0736058577895164 1.7175423577427862 1.5125339701771738
leaf_count=10 14 12 4 8 8
internal_value=0 -0.00836594 0.000156614 0.00993795 0.0158275
internal_weight=0 9.11282 7.33639 5.30368 3.58614
internal_count=56 46 32 20 12
is_linear=0
shrinkage=0.1


Tree=9
num_leaves=8
num_cat=0
split_feature=3 3 0 0 4 1 4
split_gain=0.23598 0.368899 0.432191 0.266159 0.490913 1.04251 0.130116
threshold=0.45575000000000004 0.23625000000000004 0.8660500000000001 0.95000000000000007 0.59255000000000013 0.66500000000000015 0.52050000000000007
decision_type=2 2 2 2 2 2 2
left_child=1 -1 -3 -4 5 -5 -2
right_child=6 2 3 4 -6 -7 -8
leaf_value=0.061131864408409113 -7.9178332338896698e-05 -0.073010258387196686 0.017082568835520746 -0.14265305967651826 0.027997965204255845 -0.0031973970891002162 0.04644629227609063
leaf_weight=0.70954108797013571 1.0264901220798504 1.0764883682131765 3.0488628074526787 0.79907712712884005 1.2516840472817419 1.6285379901528358 1.4505203440785406
leaf_count=6 6 8 8 10 6 4 8
internal_value=0 -0.00790327 -0.0141794 -0.00476666 -0.0228721 -0.0491008 0.0271658
internal_weight=0 8.51419 7.80465 6.72816 3.6793 2.42762 2.47701
internal_count=56 42 36 28 20 14 14
is_linear=0
shrinkage=0.1


Tree=10
num_leaves=7
num_cat=0
split_feature=1 3 5 2 0 4
split_gain=0.244985 0.34027 0.148872 0.0364957 0.0133882 0.0206302
threshold=0.50000000000000011 0.33050000000000007 0.35000000000000003 0.55000000000000016 0.95000000000000007 0.49515000000000003
decision_type=2 2 2 2 2 2
left_child=-1 -2 -3 4 -4 -6
right_child=1 2 3 -5 5 -7
leaf_value=0.032269610137439945 -0.047581203055684973 -0.020883236892525241 0.011457177475379526 0.024972085406842766 0.010656393039482608 -0.012333208946399367
leaf_weight=1.927093222737313 1.679059287533162 1.9625637661665676 2.0769528225064278 1.4472526684403417 0.78337930887937568 0.77799060568213463
leaf_count=10 14 12 4 6 4 6
internal_value=0 -0.0071256 0.00251203 0.0115404 0.00619761 -0.000798736
internal_weight=0 8.7272 7.04814 5.08558 3.63832 1.56137
internal_count=56 46 32 20 14 10
is_linear=0
shrinkage=0.1


Tree=11
num_leaves=6
num_cat=0
split_feature=1 3 5 3 3
split_gain=0.128416 0.286849 0.130307 0.0164816 0.0349427
threshold=0.50000000000000011 0.33050000000000007 0.35000000000000003 0.39770000000000005 0.47860000000000008
decision_type=2 2 2 2 2
left_child=-1 -2 -3 -4 -5
right_child=1 2 3 4 -6
leaf_value=0.023274875142004488 -0.042746235315138083 -0.018308225778964678 0.0164838414148227 -0.009298807843534769 0.018285102581085014
leaf_weight=1.9361057132482535 1.6481066904962043 1.9499747436493633 3.1937432289123535 0.91169700771570183 0.92538820207118988
leaf_count=10 14 12 8 6 6
internal_value=0 -0.00522229 0.00363679 0.0121428 0.00459593
internal_weight=0 8.62891 6.9808 5.03083 1.83709
internal_count=56 46 32 20 12
is_linear=0
shrinkage=0.1


Tree=12
num_leaves=9
num_cat=0
split_feature=3 3 4 4 4 3 4 4
split_gain=0.111681 0.31335 0.110151 0.0753609 0.321203 0.225526 0.11005 0.0736922
threshold=0.33050000000000007 0.28375000000000006 0.54035000000000011 0.55500000000000016 0.59255000000000013 0.45575000000000004 0.49515000000000003 0.49515000000000003
decision_type=2 2 2 2 2 2 2 2
left_child=1 2 -1 5 -5 7 -7 -2
right_child=3 -3 -4 4 -6 6 -8 -9
leaf_value=0.038806272080665852 0.01191449833786707 -0.061586474157964192 -0.01080881402973595 -0.067171157225718661 0.019779387226291884 0.013722455699452596 0.064346217362001384 -0.015483496374219891
leaf_weight=0.69856313057243835 2.0695179104804997 1.0123712494969368 1.2448862958699463 0.65797380544245232 1.19910117611289 0.76555577665567376 0.97799775004386902 1.8676754683256147
leaf_count=6 4 8 6 8 6 4 6 8
internal_value=0 -0.0164744 0.00702508 0.00646016 -0.0110278 0.0121771 0.0421184 -0.00108221
internal_weight=0 2.95582 1.94345 7.53782 1.85707 5.68075 1.74355 3.93719
internal_count=56 20 12 36 14 22 10 12
is_linear=0
shrinkage=0.1


Tree=13
num_leaves=6
num_cat=0
split_feature=1 3 5 2 3
split_gain=0.170579 0.212858 0.0778114 0.0359331 0.0161432
threshold=0.50000000000000011 0.33050000000000007 0.35000000000000003 0.55000000000000016 0.45575000000000004
decision_type=2 2 2 2 2
left_child=-1 -2 -3 4 -4
right_child=1 2 3 -5 -6
leaf_value=0.028129822408413427 -0.038361657649448912 -0.015257534517743698 -0.0021002996063617767 0.02209956735157521 0.011836833233004579
leaf_weight=1.7817036509513862 1.6320697404444198 1.9202700508758423 2.2160978019237523 1.3892916515469549 1.3297666534781454
leaf_count=10 14 12 6 6 8
internal_value=0 -0.00590504 0.0018219 0.00846751 0.00312639
internal_weight=0 8.4875 6.85543 4.93516 3.54586
internal_count=56 46 32 20 14
is_linear=0
shrinkage=0.1


Tree=14
num_leaves=9
num_cat=0
split_feature=3 3 4 4 0 0 5 5
split_gain=0.0924423 0.151598 0.0797816 0.250467 0.470157 0.0222199 0.0374374 0.00336735
threshold=0.45575000000000004 0.47860000000000008 0.59255000000000013 0.52050000000000007 0.95000000000000007 0.64285000000000003 0.35000000000000003 0.35000000000000003
decision_type=2 2 2 2 2 2 2 2
left_child=2 -2 3 5 -5 -1 -7 -6
right_child=1 -3 -4 4 7 6 -8 -9
leaf_value=0.013747497091655679 0.043752868226989136 -0.010038081499585613 0.019105814238130989 -0.010181701452014223 -0.13490492466781367 -0.011963012850161537 0.0076563124832418339 -0.1180983027420146
leaf_weight=1.267556719481943 1.1240901201963436 0.98131904006004322 1.1901350505650041 1.3115348629653452 0.22358368802815665 1.8218213301151993 2.0865357667207718 0.25538327917456627
leaf_count=6 6 8 6 8 6 8 4 4
internal_value=0 0.0186812 -0.00482209 -0.0089099 -0.0411485 0.00224239 -0.00148894 -0.125944
internal_weight=0 2.10541 8.15655 6.96642 1.7905 5.17591 3.90836 0.478967
internal_count=56 14 42 36 18 18 12 10
is_linear=0
shrinkage=0.1


Tree=15
num_leaves=6
num_cat=0
split_feature=1 3 5 2 3
split_gain=0.0886528 0.170084 0.0732308 0.0280194 0.0123518
threshold=0.50000000000000011 0.33050000000000007 0.35000000000000003 0.55000000000000016 0.45575000000000004
decision_type=2 2 2 2 2
left_child=-1 -2 -3 4 -4
right_child=1 2 3 -5 -6
leaf_value=0.020513166675881628 -0.034488186449857648 -0.014157821116197228 -0.00043124904426817775 0.020975714855011495 0.011705179423219183
leaf_weight=1.74372747540474 1.5238318694755415 1.9133871272206304 2.2013054788112645 1.3809937611222265 1.354631148278713
leaf_count=10 14 12 6 6 8
internal_value=0 -0.0042714 0.00245023 0.00888694 0.00419211
internal_weight=0 8.37415 6.85032 4.93693 3.55594
internal_count=56 46 32 20 14
is_linear=0
shrinkage=0.1


Tree=16
num_leaves=7
num_cat=0
split_feature=1 5 1 4 4 4
split_gain=0.0829736 0.15093 0.0453582 0.0390179 0.0543258 0.0559698
threshold=0.50000000000000011 0.35000000000000003 0.66500000000000015 0.59255000000000013 0.49515000000000003 0.54885000000000017
decision_type=2 2 2 2 2 2
left_child=-1 2 -2 4 -3 -6
right_child=1 3 -4 -5 5 -7
leaf_value=0.019926770194325608 -0.032949679310258474 0.0089030921465465089 -0.0095262500341387283 0.023218998222507586 0.0033386524976169365 -0.044743963703295551
leaf_weight=1.7302678897976882 1.5808438770472986 2.9163207113742833 1.7329953424632549 1.1233050525188444 0.53710562735795964 0.44075027294456959
leaf_count=10 18 8 6 4 4 6
internal_value=0 -0.00413844 -0.0207002 0.00679994 0.00206374 -0.0183337
internal_weight=0 8.33132 3.31384 5.01748 3.89418 0.977856
internal_count=56 46 24 22 18 10
is_linear=0
shrinkage=0.1


Tree=17
num_leaves=6
num_cat=0
split_feature=1 5 4 1 1
split_gain=0.0675434 0.148253 0.0387635 0.0369199 0.0277229
threshold=0.50000000000000011 0.35000000000000003 0.59255000000000013 0.66500000000000015 0.6100000000000001
decision_type=2 2 2 2 2
left_child=-1 3 4 -2 -3
right_child=1 2 -4 -5 -6
leaf_value=0.018044585488108545 -0.031425593920876481 -0.0028506970202672082 0.023368785316237813 -0.010195565278035969 0.016055856777332411
leaf_weight=1.7189196124672896 1.5560435252264124 2.8272279314696793 1.1304802298545835 1.7297046966850758 1.0687256678938863
leaf_count=10 18 12 4 6 6
internal_value=0 -0.00373154 0.00706618 -0.0202495 0.00233569
internal_weight=0 8.31218 5.02643 3.28575 3.89595
internal_count=56 46 22 24 18
is_linear=0
shrinkage=0.1


Tree=18
num_leaves=7
num_cat=0
split_feature=4 4 1 1 4 0
split_gain=0.0748536 0.272533 0.149827 0.142387 0.0468122 0.00548893
threshold=0.59255000000000013 0.55500000000000016 0.50000000000000011 0.59500000000000008 0.49515000000000003 0.95000000000000007
decision_type=2 2 2 2 2 2
left_child=1 2 -1 -3 -4 -6
right_child=-2 3 4 -5 5 -7
leaf_value=0.030430965637664134 0.023288480006148665 -0.10522777069407073 0.0046719106582863929 -0.014869757289630255 -0.0066859889292744312 -0.014946860188362008
leaf_weight=1.5058958828449212 1.2136717699468142 0.37353489920497018 3.0256762858480215 0.32712460868060589 1.2079722322523596 2.4071362037211657
leaf_count=8 6 8 10 4 6 14
internal_value=0 -0.0031947 0.00195244 -0.0630413 -0.00450548 -0.0121865
internal_weight=0 8.84734 8.14668 0.70066 6.64078 3.61511
internal_count=56 50 38 12 30 20
is_linear=0
shrinkage=0.1


Tree=19
num_leaves=8
num_cat=0
split_feature=5 3 1 4 3 4 4
split_gain=0.141756 0.136747 0.174341 0.285572 0.126772 0.0199467 0.041209
threshold=0.35000000000000003 0.28375000000000006 0.66500000000000015 0.55500000000000016 0.36475000000000007 0.49515000000000003 0.59255000000000013
decision_type=2 2 2 2 2 2 2
left_child=1 -1 3 -3 -2 -6 -7
right_child=4 2 -4 -5 5 6 -8
leaf_value=0.010344423984302673 -0.0063580326452503215 -0.020915800669627321 -0.0010621664241357459 -0.11401333711482263 0.036930484352240611 0.0023095937081756253 0.031372880570900395
leaf_weight=1.7634683689102528 2.2590451594442129 1.152772565372288 1.6161884255707264 0.46135341376066219 0.95965649187564883 0.82902314513921749 1.1855458468198776
leaf_count=12 6 10 4 8 4 8 4
internal_value=0 -0.0120522 -0.0242788 -0.0475252 0.0115007 0.0250651 0.0194129
internal_weight=0 4.99378 3.23031 1.61413 5.23327 2.97423 2.01457
internal_count=56 34 22 18 22 16 12
is_linear=0
shrinkage=0.1


Tree=20
num_leaves=6
num_cat=0
split_feature=4 3 5 3 3
split_gain=0.471015 0.23236 0.145682 0.0843663 0.074805
threshold=0.59255000000000013 0.45575000000000004 0.15000000000000005 0.47860000000000008 0.28375000000000006
decision_type=2 2 2 2 2
left_child=1 2 4 -3 -1
right_child=-2 3 -4 -5 -6
leaf_value=0.010864643329525601 0.052855560211546415 0.038334890821892759 -0.035316002414094071 -0.0026114846045480742 -0.016711402136417416
leaf_weight=1.6556111425161342 1.4494291432201869 1.1777983456850054 2.7451372118666768 0.87854112684726704 2.4239253588020802
leaf_count=10 6 6 16 8 10
internal_value=0 -0.00862631 -0.0175051 0.0208411 -0.00552013
internal_weight=0 8.88101 6.82467 2.05634 4.07954
internal_count=56 50 36 14 20
is_linear=0
shrinkage=0.1


Tree=21
num_leaves=5
num_cat=0
split_feature=4 1 3 1
split_gain=0.150781 0.11863 0.080511 0.039728
threshold=0.59255000000000013 0.50000000000000011 0.33050000000000007 0.6100000000000001
decision_type=2 2 2 2
left_child=1 -1 -3 -4
right_child=-2 2 3 -5
leaf_value=0.020047683224645344 0.031796208714632145 -0.031001714857385038 -0.013044555412817398 0.0035985463131196476
leaf_weight=1.5878812000155429 1.2994732894003398 1.4728258503600953 2.8923672251403332 2.8450609110295773
leaf_count=10 6 14 16 10
internal_value=0 -0.00469626 -0.0101455 -0.00479162
internal_weight=0 8.79814 7.21025 5.73743
internal_count=56 50 40 26
is_linear=0
shrinkage=0.1


Tree=22
num_leaves=7
num_cat=0
split_feature=4 1 3 1 1 1
split_gain=0.0808564 0.0852708 0.0801867 0.123852 0.17757 0.00531131
threshold=0.59255000000000013 0.50000000000000011 0.33050000000000007 0.57000000000000017 0.55500000000000016 0.66500000000000015
decision_type=2 2 2 2 2 2
left_child=1 -1 -3 4 -4 -5
right_child=-2 2 3 5 -6 -7
leaf_value=0.017496801890073434 0.023751550204058839 -0.028959137016859628 -0.09306872343020689 0.0055396527856016601 0.0016593519800192078 -0.0014472348289816751
leaf_weight=1.5995861850678901 1.2543924599885947 1.4592861449345944 0.34671049006283272 3.3084029853343964 0.46099747344851494 1.6211493015289304
leaf_count=10 6 14 8 10 4 4
internal_value=0 -0.00338714 -0.00802904 -0.00270542 -0.0390029 0.00324192
internal_weight=0 8.79613 7.19655 5.73726 0.807708 4.92955
internal_count=56 50 40 26 12 14
is_linear=0
shrinkage=0.1


Tree=23
num_leaves=7
num_cat=0
split_feature=4 3 4 4 0 5
split_gain=0.0588686 0.0733906 0.106633 0.0782843 0.0156406 0.0151611
threshold=0.59255000000000013 0.45575000000000004 0.52050000000000007 0.52050000000000007 0.64285000000000003 0.35000000000000003
decision_type=2 2 2 2 2 2
left_child=1 2 4 -3 -1 -6
right_child=-2 3 -4 -5 5 -7
leaf_value=0.0087238669596431603 0.020395669575650165 -0.0032310319099372606 -0.031230644585358958 0.034421395468421837 -0.011175264504160207 0.0014772988047302242
leaf_weight=1.2137944400310496 1.2408753149211413 1.3080413043498995 1.5408715866506097 0.95559566468000401 1.7450302168726923 2.0710376426577568
leaf_count=6 6 6 18 8 8 4
internal_value=0 -0.00286477 -0.00821447 0.012664 -0.00116358 -0.00430853
internal_weight=0 8.83437 6.57073 2.26364 5.02986 3.81607
internal_count=56 50 36 14 18 12
is_linear=0
shrinkage=0.1


Tree=24
num_leaves=7
num_cat=0
split_feature=4 3 4 3 0 5
split_gain=0.0433734 0.0532532 0.0993981 0.0705973 0.0148008 0.0169723
threshold=0.59255000000000013 0.45575000000000004 0.52050000000000007 0.47860000000000008 0.64285000000000003 0.35000000000000003
decision_type=2 2 2 2 2 2
left_child=1 2 4 -3 -1 -6
right_child=-2 3 -4 -5 5 -7
leaf_value=0.0093788499627472637 0.017610338285777669 0.025130845895735943 -0.029404777441974873 -0.011303476944125999 -0.010577703153634078 0.0028373699065157758
leaf_weight=1.2155751958489398 1.2269313428550965 1.358768589794636 1.5216378658078609 0.87384548783302296 1.7380039691925051 2.0619913190603256
leaf_count=6 6 6 18 8 8 4
internal_value=0 -0.00246375 -0.0070177 0.0108704 -0.000225849 -0.00329828
internal_weight=0 8.76982 6.53721 2.23261 5.01557 3.8
internal_count=56 50 36 14 18 12
is_linear=0
shrinkage=0.1


Tree=25
num_leaves=7
num_cat=0
split_feature=3 0 3 4 4 0
split_gain=0.039509 0.31676 0.0225333 0.0348107 0.0474607 0.00950585
threshold=0.28375000000000006 0.8660500000000001 0.36475000000000007 0.52050000000000007 0.55500000000000016 0.95000000000000007
decision_type=2 2 2 2 2 2
left_child=-1 -2 5 -4 -5 -3
right_child=1 2 3 4 -6 -7
leaf_value=0.013643330299041226 -0.058383851339597538 0.0033367126016790693 -0.0032141966762953174 0.03957543793530878 0.0077193012819250385 -0.0066871272358519779
leaf_weight=1.7494993703439838 0.91456385981291344 2.0614575818181038 1.2838997617363932 0.67528393864631664 1.5212379368022084 1.748520188033581
leaf_count=12 8 4 6 6 10 10
internal_value=0 -0.00290909 0.00405009 0.00986686 0.0175129 -0.00126355
internal_weight=0 8.20496 7.2904 3.48042 2.19652 3.80998
internal_count=56 44 36 22 16 14
is_linear=0
shrinkage=0.1


Tree=26
num_leaves=7
num_cat=0
split_feature=1 0 3 4 4 4
split_gain=0.66741 0.221652 0.0812654 0.0213991 0.0330598 0.00897274
threshold=1.0000000180025095e-35 0.8660500000000001 0.33050000000000007 0.52050000000000007 0.55500000000000016 0.49515000000000003
decision_type=2 2 2 2 2 2
left_child=-1 -2 -3 5 -5 -4
right_child=1 2 3 4 -6 -7
leaf_value=0.12698505441316496 -0.052824697560561053 -0.022152763368997182 0.0034843416129114175 0.031278358094573126 0.0043202682125168474 -0.0053941210320989268
leaf_weight=0.3972416818141945 0.89005444757640262 1.431080749258397 3.1688580065965652 0.64045167900621924 1.5702126268297432 1.7763685323297975
leaf_count=2 8 14 8 6 12 6
internal_value=0 -0.00532275 -0.000399086 0.00395135 0.0121303 0.00029512
internal_weight=0 9.47703 8.58697 7.15589 2.21066 4.94523
internal_count=56 54 46 32 18 14
is_linear=0
shrinkage=0.1


Tree=27
num_leaves=8
num_cat=0
split_feature=3 0 4 5 4 4 1
split_gain=0.0566697 0.221759 0.0346774 0.0431308 0.137432 0.118853 0.252925
threshold=0.28375000000000006 0.8660500000000001 0.59255000000000013 0.15000000000000005 0.49515000000000003 0.54035000000000011 0.59500000000000008
decision_type=2 2 2 2 2 2 2
left_child=-1 -2 3 -3 -5 -6 -7
right_child=1 2 -4 4 5 6 -8
leaf_value=0.016711225345032724 -0.051029927154300783 0.011983020524732381 0.017761152924611633 0.0039704585003036584 0.00098654412112936457 -0.12901326505264898 0.0022892923227823044
leaf_weight=1.6803722921758897 0.87445140443742087 1.8315225169062612 1.2068080250173805 3.1473160460591316 0.44442918151617028 0.3131920425221324 0.2759794108569622
leaf_count=12 8 6 6 8 4 6 6
internal_value=0 -0.0034695 0.00229139 -0.000813683 -0.0064195 -0.0380569 -0.0675086
internal_weight=0 8.0937 7.21925 6.01244 4.18092 1.0336 0.589171
internal_count=56 44 36 30 24 16 12
is_linear=0
shrinkage=0.1


Tree=28
num_leaves=6
num_cat=0
split_feature=1 3 4 1 3
split_gain=0.0546995 0.0837385 0.0285404 0.011346 0.000902078
threshold=0.50000000000000011 0.33050000000000007 0.59255000000000013 0.6100000000000001 0.45575000000000004
decision_type=2 2 2 2 2
left_child=-1 -2 3 -3 -5
right_child=1 2 -4 4 -6
leaf_value=0.018048262881663595 -0.025208963830705557 -0.0062469703518051008 0.015492617145089356 0.0012249660629415245 0.0047766230796764475
leaf_weight=1.4293472319841392 1.4222254185006002 2.658306734636426 1.1973515357822178 1.6132953427731993 1.2845090776681898
leaf_count=10 14 16 6 4 6
internal_value=0 -0.00315536 0.00148895 -0.00152886 0.00279931
internal_weight=0 8.17569 6.75346 5.55611 2.8978
internal_count=56 46 32 26 10
is_linear=0
shrinkage=0.1


Tree=29
num_leaves=6
num_cat=0
split_feature=1 3 5 2 0
split_gain=0.0455197 0.0712583 0.0230866 0.0305669 0.00367055
threshold=0.50000000000000011 0.33050000000000007 0.35000000000000003 0.55000000000000016 0.95000000000000007
decision_type=2 2 2 2 2
left_child=-1 -2 -3 4 -4
right_child=1 2 3 -5 -6
leaf_value=0.016480420355601915 -0.023291767744184302 -0.008406195083966183 0.0030075804343035542 0.017980165929002933 -0.0033759610151146385
leaf_weight=1.4263556078076369 1.4141288483515362 1.7700683763250706 2.0418345406651497 1.3131456673145292 1.6118045020848515
leaf_count=10 14 12 4 6 10
internal_value=0 -0.00288394 0.00139986 0.00489455 0.000191478
internal_weight=0 8.15098 6.73685 4.96678 3.65364
internal_count=56 46 32 20 14
is_linear=0
shrinkage=0.1


Tree=30
num_leaves=6
num_cat=0
split_feature=1 5 4 1 3
split_gain=0.039195 0.0607468 0.0247611 0.0148286 0.00491394
threshold=0.50000000000000011 0.35000000000000003 0.59255000000000013 0.66500000000000015 0.45575000000000004
decision_type=2 2 2 2 2
left_child=-1 3 4 -2 -3
right_child=1 2 -4 -5 -6
leaf_value=0.015302223170679294 -0.021102236427231205 -0.0028018921764384041 0.017222778801122985 -0.0072799986146530118 0.0043803063767456048
leaf_weight=1.4240087978541858 1.4327616393566114 2.1615810347720985 1.124620124697685 1.6935741435736418 1.7032217159867284
leaf_count=10 18 8 4 6 10
internal_value=0 -0.00268496 0.00416345 -0.0136146 0.000363309
internal_weight=0 8.11576 4.98942 3.12634 3.8648
internal_count=56 46 22 24 18
is_linear=0
shrinkage=0.1


Tree=31
num_leaves=6
num_cat=0
split_feature=1 3 5 2 0
split_gain=0.0328512 0.0538116 0.0217332 0.0186821 0.00487209
threshold=0.50000000000000011 0.33050000000000007 0.35000000000000003 0.55000000000000016 0.95000000000000007
decision_type=2 2 2 2 2
left_child=-1 -2 -3 4 -4
right_child=1 2 3 -5 -6
leaf_value=0.013997133446310898 -0.020272538332141224 -0.0082789690962350344 0.0042643484176608194 0.015028456645608972 -0.0031047108166146978
leaf_weight=1.4254816174507148 1.4029236743226627 1.7569035314954815 2.0332132428884506 1.2874745018780229 1.6058017034083607
leaf_count=10 14 12 4 6 10
internal_value=0 -0.00246746 0.00127004 0.00467545 0.00101258
internal_weight=0 8.08632 6.68339 4.92649 3.63901
internal_count=56 46 32 20 14
is_linear=0
shrinkage=0.1


Tree=32
num_leaves=7
num_cat=0
split_feature=1 5 4 1 0 1
split_gain=0.0272942 0.0489288 0.0166893 0.00810745 0.0056085 0.0319108
threshold=0.50000000000000011 0.35000000000000003 0.59255000000000013 0.66500000000000015 0.95000000000000007 0.6100000000000001
decision_type=2 2 2 2 2 2
left_child=-1 3 4 -2 -3 -6
right_child=1 2 -4 -5 5 -7
leaf_value=0.012756344509536372 -0.0176653975395142 0.0044043266169731992 0.014700680089857046 -0.0074103279551998571 -0.023000471962324145 0.0056598090020548346
leaf_weight=1.4253081940114505 1.4187812269665283 2.0280178338289261 1.1123999953269956 1.6882547456771135 0.56372946593910489 1.2497075200080869
leaf_count=10 18 4 4 6 8 6
internal_value=0 -0.00225555 0.00391456 -0.0120932 0.000791136 -0.0032496
internal_weight=0 8.06089 4.95385 3.10704 3.84145 1.81344
internal_count=56 46 22 24 18 14
is_linear=0
shrinkage=0.1


Tree=33
num_leaves=6
num_cat=0
split_feature=1 3 0 1 3
split_gain=0.0254891 0.107825 0.215528 0.00850124 0.0193768
threshold=0.63000000000000012 0.28375000000000006 0.8660500000000001 0.55500000000000016 0.45575000000000004
decision_type=2 2 2 2 2
left_child=1 -1 -3 -4 -5
right_child=-2 2 3 4 -6
leaf_value=0.026620674217923586 -0.01033404433651758 -0.049625671659956093 0.010410741680429497 -0.0041089889173286601 0.010978131079340536
leaf_weight=1.4990025712177155 1.9064904209226368 0.86261980794370163 1.5992795834317801 2.2296238755807285 1.3770285993814466
leaf_count=8 10 8 12 12 6
internal_value=0 0.00260345 -0.00332908 0.00434224 0.00165131
internal_weight=0 7.56755 6.06855 5.20593 3.60665
internal_count=56 46 38 30 18
is_linear=0
shrinkage=0.1


Tree=34
num_leaves=5
num_cat=0
split_feature=1 3 5 3
split_gain=0.0242526 0.0559992 0.0178164 0.0108065
threshold=0.50000000000000011 0.33050000000000007 0.35000000000000003 0.39770000000000005
decision_type=2 2 2 2
left_child=-1 -2 -3 -4
right_child=1 2 3 -5
leaf_value=0.012100375314118379 -0.020397163651943717 -0.006988039135153174 0.0083149161757536828 -0.0014950033421979566
leaf_weight=1.4086370468139655 1.3872374063357691 1.7404085020534692 3.1305763497948647 1.7510223798453806
leaf_count=10 14 12 8 12
internal_value=0 -0.00212817 0.00169898 0.00479611
internal_weight=0 8.00924 6.62201 4.8816
internal_count=56 46 32 20
is_linear=0
shrinkage=0.1


Tree=35
num_leaves=6
num_cat=0
split_feature=1 3 0 4 3
split_gain=0.020621 0.0863379 0.175671 0.0111596 0.0233869
threshold=0.63000000000000012 0.28375000000000006 0.8660500000000001 0.55500000000000016 0.45575000000000004
decision_type=2 2 2 2 2
left_child=1 -1 -3 4 -4
right_child=-2 2 3 -5 -6
leaf_value=0.023957341799047457 -0.0093095392975549428 -0.045276148082222169 -0.0003368085823037372 -0.0039373417786610137 0.01537126469511528
leaf_weight=1.4842381579801438 1.8987061437219379 0.84392048139125098 2.1242702640593056 1.3370707491412757 1.7114469185471533
leaf_count=8 10 8 8 12 10
internal_value=0 0.00235651 -0.00297211 0.00392963 0.00667193
internal_weight=0 7.50095 6.01671 5.17279 3.83572
internal_count=56 46 38 30 18
is_linear=0
shrinkage=0.1


Tree=36
num_leaves=5
num_cat=0
split_feature=1 3 5 3
split_gain=0.0228792 0.055395 0.0150791 0.0146034
threshold=0.50000000000000011 0.33050000000000007 0.35000000000000003 0.39770000000000005
decision_type=2 2 2 2
left_child=-1 -2 -3 -4
right_child=1 2 3 -5
leaf_value=0.011886745955922769 -0.020300435025239837 -0.0062581796679276299 0.0086861437967482181 -0.0027438253582269738
leaf_weight=1.3804161623120306 1.3770682886242864 1.7340719890780745 3.1280830129981041 1.7393380440771578
leaf_count=10 14 12 8 12
internal_value=0 -0.0020566 0.00174906 0.00460173
internal_weight=0 7.97856 6.60149 4.86742
internal_count=56 46 32 20
is_linear=0
shrinkage=0.1


Tree=37
num_leaves=7
num_cat=0
split_feature=3 1 3 5 0 3
split_gain=0.022127 0.0592925 0.0487597 0.0162073 3.16905e-05 0.0161969
threshold=0.47860000000000008 0.50000000000000011 0.33050000000000007 0.35000000000000003 0.95000000000000007 0.39770000000000005
decision_type=2 2 2 2 2 2
left_child=1 -1 -3 -4 -5 -6
right_child=-2 2 3 4 5 -7
leaf_value=0.021529349429740479 -0.017045761050988564 -0.019036979963641606 -0.0063039466038376339 0.0054489077993181978 0.013603315074714822 -0.003338711071285957
leaf_weight=1.2502093762159328 0.70411784201860506 1.371118946932256 1.731398331467062 2.0234282612800598 1.098960816860199 1.1598353907465935
leaf_count=8 8 14 12 4 4 6
internal_value=0 0.00138996 -0.00201957 0.00186044 0.00516148 0.00490401
internal_weight=0 8.63495 7.38474 6.01362 4.28222 2.2588
internal_count=56 48 40 26 14 10
is_linear=0
shrinkage=0.1


Tree=38
num_leaves=6
num_cat=0
split_feature=1 3 0 4 3
split_gain=0.0177054 0.0759806 0.164745 0.00754233 0.0247729
threshold=0.63000000000000012 0.28375000000000006 0.8660500000000001 0.55500000000000016 0.45575000000000004
decision_type=2 2 2 2 2
left_child=1 -1 -3 4 -4
right_child=-2 2 3 -5 -6
leaf_value=0.022613847282266893 -0.0086397609478770301 -0.044021327169989674 -0.0010384767582165663 -0.0026217450091210667 0.015201408005278697
leaf_weight=1.4638037746772168 1.8905425574630497 0.83436370268464077 2.121541879139841 1.3194411853328345 1.6856221891939638
leaf_count=8 10 8 8 12 10
internal_value=0 0.00219991 -0.00281303 0.00389369 0.00615173
internal_weight=0 7.42477 5.96097 5.12661 3.80716
internal_count=56 46 38 30 18
is_linear=0
shrinkage=0.1


Tree=39
num_leaves=7
num_cat=0
split_feature=3 1 3 5 0 3
split_gain=0.0214357 0.0511107 0.0511239 0.0151076 3.65656e-07 0.0158231
threshold=0.47860000000000008 0.50000000000000011 0.33050000000000007 0.35000000000000003 0.95000000000000007 0.39770000000000005
decision_type=2 2 2 2 2 2
left_child=1 -1 -3 -4 -5 -6
right_child=-2 2 3 4 5 -7
leaf_value=0.020310342360684203 -0.016940020364148645 -0.019257061062510294 -0.0057085386028880103 0.0054079978539507551 0.013977844850098351 -0.0027772015589929075
leaf_weight=1.2213134616613368 0.69133412092924196 1.3635444194078443 1.7248503048904238 2.0226924791932106 1.0945012122392654 1.1620769761502743
leaf_count=8 8 14 12 4 4 6
internal_value=0 0.00136352 -0.00177723 0.00219246 0.00537712 0.00534945
internal_weight=0 8.58898 7.36767 6.00412 4.27927 2.25658
internal_count=56 48 40 26 14 10
is_linear=0
shrinkage=0.1


Tree=40
num_leaves=6
num_cat=0
split_feature=3 3 5 4 2
split_gain=0.0187466 0.112106 0.00788594 0.0230182 0.0945302
threshold=0.33050000000000007 0.28375000000000006 0.15000000000000005 0.49515000000000003 0.55000000000000016
decision_type=2 2 2 2 2
left_child=1 -1 -2 -4 -5
right_child=2 -3 3 4 -6
leaf_value=0.0079688697520124471 0.0083337332560901017 -0.037688706446792224 0.0059889829300239349 -0.039666198458343072 0.0073084399811845007
leaf_weight=1.57450048904866 1.8033111281692979 0.81673866324126709 3.1050410196185112 0.63254018314182725 1.3273664088919759
leaf_count=12 8 8 8 10 10
internal_value=0 -0.00762568 0.00265495 0.000633087 -0.00785215
internal_weight=0 2.39124 6.86826 5.06495 1.95991
internal_count=56 20 36 28 20
is_linear=0
shrinkage=0.1


Tree=41
num_leaves=6
num_cat=0
split_feature=3 3 3 3 5
split_gain=0.0232801 0.102843 0.0073 0.0453906 0.0107977
threshold=0.33050000000000007 0.28375000000000006 0.45575000000000004 0.47860000000000008 0.35000000000000003
decision_type=2 2 2 2 2
left_child=1 -1 4 -4 -2
right_child=2 -3 3 -5 -6
leaf_value=0.0063967048833009745 -0.0054743793240544583 -0.037413318139283856 0.019389325541087837 -0.012442358760284686 0.0043577233174458187
leaf_weight=1.5753519488498571 1.7234718631952999 0.8120308769866823 1.265421614050865 0.69345605000853527 3.1739534111693501
leaf_count=12 12 8 6 8 10
internal_value=0 -0.00850459 0.00296132 0.00812069 0.00089767
internal_weight=0 2.38738 6.8563 1.95888 4.89743
internal_count=56 20 36 14 22
is_linear=0
shrinkage=0.1


Tree=42
num_leaves=6
num_cat=0
split_feature=3 3 5 4 2
split_gain=0.0227829 0.0945451 0.00788988 0.0215818 0.0766526
threshold=0.33050000000000007 0.28375000000000006 0.15000000000000005 0.49515000000000003 0.55000000000000016
decision_type=2 2 2 2 2
left_child=1 -1 -2 -4 -5
right_child=2 -3 3 4 -6
leaf_value=0.0058393863547519442 0.0086091525618366398 -0.036255820722558584 0.0060587333328498442 -0.036360949487080546 0.0061754592156663315
leaf_weight=1.5739158624783161 1.7991892136633394 0.80717603676021088 3.1241335794329643 0.62093650083988872 1.3333721836097538
leaf_count=12 8 8 8 10 10
internal_value=0 -0.00843064 0.00291876 0.000902764 -0.0073395
internal_weight=0 2.38109 6.87763 5.07844 1.95431
internal_count=56 20 36 28 20
is_linear=0
shrinkage=0.1


Tree=43
num_leaves=6
num_cat=0
split_feature=3 3 5 4 2
split_gain=0.0384086 0.10981 0.0136408 0.0241074 0.0714272
threshold=0.33050000000000007 0.28375000000000006 0.15000000000000005 0.49515000000000003 0.55000000000000016
decision_type=2 2 2 2 2
left_child=1 -1 -2 -4 -5
right_child=2 -3 3 4 -6
leaf_value=0.0046143265304991249 0.011217422160233361 -0.04042328397018019 0.0065802212112331731 -0.035319009588054374 0.0055792231498851003
leaf_weight=1.5710558975115421 1.8197161136195061 0.82599570509046305 3.1233689710497856 0.62948044482618537 1.327732911799103
leaf_count=12 8 8 8 10 10
internal_value=0 -0.0109051 0.00378825 0.00112734 -0.0075745
internal_weight=0 2.39705 6.9003 5.08058 1.95721
internal_count=56 20 36 28 20
is_linear=0
shrinkage=0.1


Tree=44
num_leaves=6
num_cat=0
split_feature=3 3 4 3 1
split_gain=0.0301073 0.0836297 0.0097292 0.0371077 0.0204516
threshold=0.33050000000000007 0.28375000000000006 0.49515000000000003 0.47860000000000008 0.55500000000000016
decision_type=2 2 2 2 2
left_child=1 -1 -2 4 -4
right_child=2 -3 3 -5 -6
leaf_value=0.0037033403751707303 0.0074648099140914737 -0.03586557344896301 0.014108950836678054 -0.02004686072946793 -0.0024400385501606118
leaf_weight=1.578645848669112 3.132503904402256 0.80728139262646426 1.3341766805388038 0.74632328376173962 1.6961132576689124
leaf_count=12 8 8 12 8 8
internal_value=0 -0.00968485 0.00334447 -7.3131e-05 0.00484615
internal_weight=0 2.38593 6.90912 3.77661 3.03029
internal_count=56 20 36 28 20
is_linear=0
shrinkage=0.1


Tree=45
num_leaves=5
num_cat=0
split_feature=4 3 3 1
split_gain=0.0408096 0.0387311 0.0335216 0.0162894
threshold=0.49515000000000003 0.47860000000000008 0.33050000000000007 0.55500000000000016
decision_type=2 2 2 2
left_child=-1 2 -2 -4
right_child=1 -3 3 -5
leaf_value=0.0072917682639717435 -0.015667748401119268 -0.026557639910632393 0.011713929940998758 -0.0030610344527609167
leaf_weight=4.2099883835762739 1.3119996064342556 0.77732745930552472 1.3375626159831882 1.687760709784925
leaf_count=16 12 8 12 8
internal_value=0 -0.00600202 -0.00231808 0.00347131
internal_weight=0 5.11465 4.33732 3.02532
internal_count=56 40 32 20
is_linear=0
shrinkage=0.1


Tree=46
num_leaves=8
num_cat=0
split_feature=3 4 3 0 3 2 5
split_gain=0.129895 0.379633 0.225729 0.109402 0.0614826 0.00332018 0.00819225
threshold=0.47860000000000008 1.0000000180025095e-35 0.45575000000000004 0.8660500000000001 0.33050000000000007 0.55000000000000016 0.35000000000000003
decision_type=2 2 2 2 2 2 2
left_child=1 -1 3 -3 -5 -6 -7
right_child=-2 2 -4 4 5 6 -8
leaf_value=0.12039599950727303 -0.037256929444253094 -0.04154559800997551 0.038280982934641758 -0.021303332429605654 -0.00031275335699414559 0.0005445079006535994 0.011758098828852155
leaf_weight=0.27000260353088279 0.8511489927768715 0.81854139268398096 1.2934848889708517 1.3727853661403058 2.0817813938483596 1.6424835352227092 1.0798110216856003
leaf_count=2 8 8 6 14 6 8 4
internal_value=0 0.00370506 -9.60365e-05 -0.00719214 -0.00263971 0.0026935 0.00499243
internal_weight=0 8.55889 8.28889 6.9954 6.17686 4.80408 2.72229
internal_count=56 48 46 40 32 18 12
is_linear=0
shrinkage=0.1


Tree=47
num_leaves=6
num_cat=0
split_feature=3 3 5 4 1
split_gain=1.1339 0.674529 0.0340952 0.0296265 0.0116182
threshold=0.47860000000000008 0.45575000000000004 0.35000000000000003 0.52050000000000007 0.66500000000000015
decision_type=2 2 2 2 2
left_child=1 2 3 4 -1
right_child=-2 -3 -4 -5 -6
leaf_value=-0.0097373579216152029 -0.090711680942086079 0.065684113431847907 0.0059323686325397943 -0.019862207409777753 0.0037810477375257046
leaf_weight=1.0699550043791519 1.2154375575482852 1.8684862367808817 3.2191547802649438 1.3632714813575146 1.5666032209992409
leaf_count=10 8 6 12 16 4
internal_value=0 0.0121326 -0.00172815 -0.00789351 -0.00170492
internal_weight=0 9.08747 7.21898 3.99983 2.63656
internal_count=56 48 42 30 14
is_linear=0
shrinkage=0.1


Tree=48
num_leaves=7
num_cat=0
split_feature=1 5 3 2 4 1
split_gain=0.0639516 0.0447157 0.121523 0.0217265 0.0161503 0.00721476
threshold=0.59500000000000008 0.35000000000000003 0.28375000000000006 0.55000000000000016 0.54885000000000017 0.55500000000000016
decision_type=2 2 2 2 2 2
left_child=1 2 -1 -2 -4 -3
right_child=3 5 4 -5 -6 -7
leaf_value=0.015158883270468436 -0.01748952913734577 0.006875778608196945 -0.03766833215978431 -0.0024531157355181274 -0.0094230047662441294 0.01614884336792782
leaf_weight=1.3740118537098172 1.9632957205176353 1.2559310700744393 0.76271486748009898 1.8822254738770425 0.275578907225281 2.5275731980800629
leaf_count=8 8 6 6 10 10 8
internal_value=0 0.00628722 -0.00435206 -0.0101298 -0.0301716 0.0130707
internal_weight=0 6.19581 2.41231 3.84552 1.03829 3.7835
internal_count=56 38 24 18 16 14
is_linear=0
shrinkage=0.1


Tree=49
num_leaves=7
num_cat=0
split_feature=3 3 4 4 3 4
split_gain=0.0310733 0.0495683 0.0100608 0.0315097 0.0329439 0.0124663
threshold=0.33050000000000007 0.28375000000000006 0.47750000000000004 0.51755000000000007 0.45575000000000004 0.59255000000000013
decision_type=2 2 2 2 2 2
left_child=1 -1 -2 -4 5 -5
right_child=2 -3 3 4 -6 -7
leaf_value=0.00026801541074159783 0.0090161199385631711 -0.030751422079555779 -0.008982072630868157 -0.0036319838329697592 0.026380169971824824 0.0099933559919811177
leaf_weight=1.5321241458877923 2.0785040631890297 0.77610588073730458 2.0486998343840241 1.6699094651266939 0.68076083622872818 1.1231198422610758
leaf_count=12 4 8 8 10 8 6
internal_value=0 -0.0101618 0.00308587 0.000853903 0.00665476 0.00184697
internal_weight=0 2.30823 7.60099 5.52249 3.47379 2.79303
internal_count=56 20 36 32 24 16
is_linear=0
shrinkage=0.1


Tree=50
num_leaves=5
num_cat=0
split_feature=1 3 5 3
split_gain=0.0257244 0.0578745 0.00971666 0.0167953
threshold=0.50000000000000011 0.33050000000000007 0.35000000000000003 0.39770000000000005
decision_type=2 2 2 2
left_child=-1 -2 -3 -4
right_child=1 2 3 -5
leaf_value=0.014279133228281289 -0.020748308845308608 -0.0049600578490599208 0.0085898293975244424 -0.002337543387239932
leaf_weight=1.1185750216245658 1.3642669003456811 1.7005186560563741 3.1155984923243523 2.5641578501090407
leaf_count=10 14 12 8 12
internal_value=0 -0.00182654 0.00167121 0.00365661
internal_weight=0 8.74454 7.38027 5.67976
internal_count=56 46 32 20
is_linear=0
shrinkage=0.1


Tree=51
num_leaves=6
num_cat=0
split_feature=1 3 4 1 1
split_gain=0.0221766 0.0479311 0.0149331 0.00390475 0.000442389
threshold=0.50000000000000011 0.28375000000000006 0.54885000000000017 0.59500000000000008 0.66500000000000015
decision_type=2 2 2 2 2
left_child=-1 -2 3 -3 -5
right_child=1 2 -4 4 -6
leaf_value=0.013261237186974945 -0.019423363729556734 0.00073601532105470075 -0.007451250791638081 0.0069968454939987245 0.0046908248476986558
leaf_weight=1.1177533548325307 1.2986309723928551 2.5610107993707061 1.5161564718000589 1.7894594827666879 1.5546761676669121
leaf_count=10 10 10 16 6 4
internal_value=0 -0.00169988 0.0014015 0.00367446 0.00592479
internal_weight=0 8.71993 7.4213 5.90515 3.34414
internal_count=56 46 36 20 10
is_linear=0
shrinkage=0.1


Tree=52
num_leaves=7
num_cat=0
split_feature=1 3 4 4 1 1
split_gain=0.0178217 0.0441555 0.0108729 0.0190837 0.0595511 0.0439577
threshold=0.50000000000000011 0.28375000000000006 0.59255000000000013 0.49515000000000003 0.59500000000000008 0.55500000000000016
decision_type=2 2 2 2 2 2
left_child=-1 -2 3 -3 5 -5
right_child=1 2 -4 4 -6 -7
leaf_value=0.011921015351188025 -0.018570262263900499 0.0042941985453540032 0.010515145099760835 -0.061065283302564922 0.002284000764700245 -0.0092018754133189468
leaf_weight=1.1122306305915124 1.2936266660690288 3.8048142641782761 1.1228859256952999 0.29923693742603075 1.8407858181744814 0.3600667929276824
leaf_count=10 10 8 6 8 10 4
internal_value=0 -0.00152028 0.00144915 -0.000165473 -0.00695252 -0.032741
internal_weight=0 8.72142 7.42779 6.3049 2.50009 0.659304
internal_count=56 46 36 30 22 12
is_linear=0
shrinkage=0.1


Tree=53
num_leaves=7
num_cat=0
split_feature=3 3 5 3 4 4
split_gain=0.0237627 0.0591755 0.0133967 0.0159842 0.0309393 0.0605935
threshold=0.33050000000000007 0.28375000000000006 0.15000000000000005 0.39770000000000005 0.49515000000000003 0.54885000000000017
decision_type=2 2 2 2 2 2
left_child=1 -1 -2 -4 -5 -6
right_child=2 -3 3 4 5 -7
leaf_value=0.0025542859966150981 0.010542558380478594 -0.031430411308029309 0.005205544190980016 0.0023670838081705711 0.00035162113160274833 -0.053108595166720576
leaf_weight=1.5173308849334719 1.692453729920089 0.77357409195974458 3.2000056183896959 1.7708059027791025 0.54422997869551171 0.34731725277379155
leaf_count=12 8 8 12 4 4 8
internal_value=0 -0.00892139 0.0027053 0.000442697 -0.00528199 -0.0204747
internal_weight=0 2.2909 7.55481 5.86236 2.66235 0.891547
internal_count=56 20 36 28 16 12
is_linear=0
shrinkage=0.1


Tree=54
num_leaves=7
num_cat=0
split_feature=3 3 4 3 3 3
split_gain=0.0237761 0.0456155 0.0159319 0.0145709 0.0141757 0.0155612
threshold=0.33050000000000007 0.28375000000000006 0.51755000000000007 0.36475000000000007 0.36475000000000007 0.45575000000000004
decision_type=2 2 2 2 2 2
left_child=1 -1 3 -2 -4 -6
right_child=2 -3 4 -5 5 -7
leaf_value=0.0011008265737567596 0.0045199665882654765 -0.028823698815402005 0.0010064234680567925 -0.0073802039882903949 0.0068457480659191456 0.02622110376638977
leaf_weight=1.5188983362168076 2.03954017162323 0.7664441056549548 1.6314392210915687 2.0764495912007987 1.1398791410028932 0.65139993838965882
leaf_count=12 4 8 8 8 8 8
internal_value=0 -0.00893508 0.00270865 -0.00148348 0.00774988 0.0138916
internal_weight=0 2.28534 7.53871 4.11599 3.42272 1.79128
internal_count=56 20 36 12 24 16
is_linear=0
shrinkage=0.1


Tree=55
num_leaves=7
num_cat=0
split_feature=3 1 3 2 1 5
split_gain=0.0297898 0.0359078 0.0556196 0.00949237 0.0107777 0.0074531
threshold=0.47860000000000008 0.50000000000000011 0.33050000000000007 0.55000000000000016 0.6100000000000001 0.35000000000000003
decision_type=2 2 2 2 2 2
left_child=1 -1 -3 4 -4 -5
right_child=-2 2 3 5 -6 -7
leaf_value=0.019151042402958975 -0.017983858089768649 -0.019121832844522638 -0.0046704957554710947 0.0034664706325817488 0.005875004140442233 0.014247420737618078
leaf_weight=1.0408130995929221 0.84212014824152071 1.3467234084382651 2.1665488509461284 1.6043666678015143 1.7535785734653475 1.0681807920336723
leaf_count=8 8 14 10 8 4 4
internal_value=0 0.00168644 -0.000603079 0.00317985 4.67904e-05 0.00777547
internal_weight=0 8.98021 7.9394 6.59267 3.92013 2.67255
internal_count=56 48 40 26 14 12
is_linear=0
shrinkage=0.1


Tree=56
num_leaves=8
num_cat=0
split_feature=1 3 2 4 1 1 5
split_gain=0.0183969 0.0431956 0.0237891 0.022467 0.0750082 0.0424197 0.004727
threshold=0.50000000000000011 0.28375000000000006 0.55000000000000016 0.47750000000000004 0.59500000000000008 0.55500000000000016 0.35000000000000003
decision_type=2 2 2 2 2 2 2
left_child=-1 -2 3 -3 5 -5 -4
right_child=1 2 6 4 -6 -7 -8
leaf_value=0.012295299888911903 -0.01845249747876105 0.0047236389461479955 0.004809408155213986 -0.05716790263020452 0.001828294574495873 -0.0096132709967623482 0.012907659023357608
leaf_weight=1.0831513386219747 1.2855355255305747 2.0332367792725563 1.6014221853110939 0.41622028686106216 1.7810418102890253 0.3414674736559391 1.3107176828198135
leaf_count=10 10 4 8 6 6 4 8
internal_value=0 -0.00151861 0.0013901 -0.0031095 -0.00938296 -0.0357364 0.00845433
internal_weight=0 8.76964 7.48411 4.57197 2.53873 0.757688 2.91214
internal_count=56 46 36 20 16 10 16
is_linear=0
shrinkage=0.1


Tree=57
num_leaves=7
num_cat=0
split_feature=3 3 5 3 4 3
split_gain=0.255919 0.0419428 0.072365 0.0525527 0.00444098 0.00418141
threshold=0.51595000000000013 0.33050000000000007 0.15000000000000005 0.28375000000000006 0.59255000000000013 0.45575000000000004
decision_type=2 2 2 2 2 2
left_child=1 3 -3 -1 5 -4
right_child=-2 2 4 -5 -6 -7
leaf_value=0.0037016158777537795 -0.053283720752858359 0.026444594020164976 -0.0017688174940259441 -0.028565880084383079 0.0085081219849244116 0.0044166105829789703
leaf_weight=1.4921402819454654 0.82857104763388711 1.6999963214620946 2.1354133107233793 0.76274536596611131 1.0988006535917518 2.2386473044753075
leaf_count=12 4 8 10 8 6 8
internal_value=0 0.00468292 0.00842266 -0.0072133 0.00282463 0.00139689
internal_weight=0 9.42774 7.17286 2.25489 5.47286 4.37406
internal_count=56 52 32 20 24 18
is_linear=0
shrinkage=0.1


Tree=58
num_leaves=6
num_cat=0
split_feature=1 3 0 1 0
split_gain=0.0423896 0.0247252 0.112593 0.0320838 0.00438739
threshold=0.63000000000000012 0.28375000000000006 0.8660500000000001 0.55500000000000016 0.95000000000000007
decision_type=2 2 2 2 2
left_child=1 -1 -3 -4 -5
right_child=-2 2 3 4 -6
leaf_value=0.015859126330171239 -0.011140465989642108 -0.034503108209135401 0.01949925347002384 0.0051168458455396011 -0.0013375144896562293
leaf_weight=1.3746030535548923 2.5639309585094452 0.78048666892573226 1.3457396745216099 2.0287775546312332 2.1900784443132579
leaf_count=8 10 8 12 4 14
internal_value=0 0.00370007 0.00106593 0.00605482 0.00176628
internal_weight=0 7.71969 6.34508 5.5646 4.21886
internal_count=56 46 38 30 18
is_linear=0
shrinkage=0.1


Tree=59
num_leaves=5
num_cat=0
split_feature=1 4 1 3
split_gain=0.0532974 0.0218122 0.0405393 0.00173639
threshold=0.63000000000000012 0.55500000000000016 0.55500000000000016 0.39770000000000005
decision_type=2 2 2 2
left_child=1 2 -1 -4
right_child=-2 -3 3 -5
leaf_value=0.02274656748319738 -0.012565990705613539 -0.0078567693251216635 0.0041090646009294962 0.00038735648690540661
leaf_weight=1.2385082775726912 2.5409537767991424 1.2697883844375608 3.1459566103294492 2.0840726727619767
leaf_count=12 10 16 10 8
internal_value=0 0.00412616 0.00647844 0.00262603
internal_weight=0 7.73833 6.46854 5.23003
internal_count=56 46 30 18
is_linear=0
shrinkage=0.1


Tree=60
num_leaves=7
num_cat=0
split_feature=3 1 3 3 1 0
split_gain=0.194218 0.12706 0.0236924 0.0444119 0.00848737 0.00613343
threshold=0.47860000000000008 0.63000000000000012 0.28375000000000006 0.33050000000000007 0.55500000000000016 0.95000000000000007
decision_type=2 2 2 2 2 2
left_child=1 2 -1 -4 -5 -6
right_child=-2 -3 3 4 5 -7
leaf_value=0.014022223310665334 0.043199649483715963 -0.024976703702988694 -0.023125636599539034 0.0099677864368463449 0.0042746401074766653 -0.0037050085488867391
leaf_weight=1.3673041583970169 0.94635939039290029 2.2644970007240772 0.76133019407279778 1.2391746789216993 2.0126896724104881 1.8473647329956295
leaf_count=8 8 8 8 12 4 8
internal_value=0 -0.00430688 0.002169 -0.000596427 0.00276725 0.000455699
internal_weight=0 9.49236 7.22786 5.86056 5.09923 3.86005
internal_count=56 48 40 32 24 12
is_linear=0
shrinkage=0.1


Tree=61
num_leaves=7
num_cat=0
split_feature=3 3 4 4 1 0
split_gain=0.0764917 0.0297012 0.0223346 0.0418757 0.00778618 0.00917629
threshold=0.47860000000000008 0.45575000000000004 0.52050000000000007 0.59255000000000013 0.66500000000000015 0.64285000000000003
decision_type=2 2 2 2 2 2
left_child=1 2 4 -4 5 -1
right_child=-2 -3 3 -5 -6 -7
leaf_value=0.0094533211891188601 -0.027819947720639556 0.014143614658992415 -0.019392748704415413 0.0067707642297441806 0.0098143651979287969 -0.0025547226454962187
leaf_weight=0.91133642010390614 0.89750951528549272 1.8354277685284612 1.3783653778955343 1.0999005911871789 1.535080214962363 2.1093654586002231
leaf_count=6 8 6 18 6 4 8
internal_value=0 0.00281512 -0.000140883 -0.00778089 0.00401515 0.00106807
internal_weight=0 8.86948 7.03405 2.47827 4.55578 3.0207
internal_count=56 48 42 24 18 14
is_linear=0
shrinkage=0.1


Tree=62
num_leaves=7
num_cat=0
split_feature=3 3 5 0 4 4
split_gain=0.0636428 0.021987 0.0389494 0.0299118 0.00576293 0.0128053
threshold=0.47860000000000008 0.33050000000000007 0.15000000000000005 0.8660500000000001 0.47750000000000004 0.59255000000000013
decision_type=2 2 2 2 2 2
left_child=1 3 -3 -1 -4 -6
right_child=-2 2 4 -5 5 -7
leaf_value=0.0081693412540450525 -0.023342991393520793 0.018887493900832317 0.0053268790232689238 -0.015395091862441704 -0.0066078764023815226 0.0070075593670319266
leaf_weight=0.90617633610963677 1.0451116971671588 1.6617329288274048 2.0244344770908356 1.3282643267884848 1.8752462998963895 1.0935944775119422
leaf_count=6 8 8 4 14 10 6
internal_value=0 0.00274438 0.00562613 -0.00583855 0.00121282 -0.00159253
internal_weight=0 8.88945 6.65501 2.23444 4.99328 2.96884
internal_count=56 48 28 20 20 16
is_linear=0
shrinkage=0.1


Tree=63
num_leaves=6
num_cat=0
split_feature=5 1 1 4 3
split_gain=0.0912933 0.062908 0.0584405 0.00942553 0.00252456
threshold=0.35000000000000003 0.55500000000000016 0.50000000000000011 0.54035000000000011 0.45575000000000004
decision_type=2 2 2 2 2
left_child=2 -2 -1 -4 -3
right_child=1 4 3 -5 -6
leaf_value=0.010343101242391135 0.027509944172587175 0.00019414499344029318 -0.020210538092626407 -0.0094546405291051627 0.0050367734852163294
leaf_weight=1.0514825265854595 1.335128044709563 2.1086845314130187 2.3389459154568617 1.2502181294839827 2.1993135660886765
leaf_count=10 6 8 10 14 8
internal_value=0 0.00854422 -0.01039 -0.0164639 0.0026664
internal_weight=0 5.64313 4.64065 3.58916 4.308
internal_count=56 22 34 24 16
is_linear=0
shrinkage=0.1


Tree=64
num_leaves=7
num_cat=0
split_feature=3 3 5 3 4 4
split_gain=0.036296 0.0194566 0.0348205 0.031702 0.00622382 0.00977573
threshold=0.47860000000000008 0.33050000000000007 0.15000000000000005 0.28375000000000006 0.47750000000000004 0.59255000000000013
decision_type=2 2 2 2 2 2
left_child=1 3 -3 -1 -4 -6
right_child=-2 2 4 -5 5 -7
leaf_value=0.0025185144275322339 -0.018160725475614866 0.017284862920226737 0.0048377877934330966 -0.022652612303345903 -0.0067651003875375277 0.0051696352234798931
leaf_weight=1.4690826665610059 0.98985856398940164 1.6603355947881935 2.0171266570687294 0.75880135083571065 1.8636630394030365 1.0863901814445851
leaf_count=12 8 8 4 8 10 6
internal_value=0 0.00203001 0.0047477 -0.00605459 0.000557017 -0.00237
internal_weight=0 8.8554 6.62752 2.22788 4.96718 2.95005
internal_count=56 48 28 20 20 16
is_linear=0
shrinkage=0.1


Tree=65
num_leaves=8
num_cat=0
split_feature=3 1 3 5 3 1 1
split_gain=0.241606 0.121451 0.023854 0.0485101 0.00827154 0.00310253 0.0281457
threshold=0.47860000000000008 0.63000000000000012 0.28375000000000006 0.35000000000000003 0.39770000000000005 0.44000000000000006 0.54500000000000015
decision_type=2 2 2 2 2 2 2
left_child=1 2 -1 5 -5 -4 -7
right_child=-2 -3 3 4 -6 6 -8
leaf_value=0.013471466282815765 0.048492930742604856 -0.025072924248356582 -0.02552909964929307 0.0058723181483174083 -0.0026595164647152145 0.014506656218454157 -0.059138159962739772
leaf_weight=1.360218963585792 0.93471067957580167 2.2513186507858336 0.69954094663262356 3.0897222561761737 1.7973378915339706 0.14400636125355959 0.081133117200806737
leaf_count=8 8 8 4 10 6 6 6
internal_value=0 -0.0048101 0.00155052 -0.00123954 0.00273452 -0.022243 -0.0120326
internal_weight=0 9.42328 7.17196 5.81174 4.88706 0.92468 0.225139
internal_count=56 48 40 32 16 16 12
is_linear=0
shrinkage=0.1


Tree=66
num_leaves=6
num_cat=0
split_feature=3 1 3 1 4
split_gain=0.0510438 0.024464 0.0468806 0.0139168 0.00986916
threshold=0.47860000000000008 0.50000000000000011 0.33050000000000007 0.6100000000000001 0.49515000000000003
decision_type=2 2 2 2 2
left_child=1 -1 -3 4 -4
right_child=-2 2 3 -5 -6
leaf_value=0.017036160705814988 -0.02352642003704853 -0.016863334838779578 0.003491349703176111 0.0084540162219464282 -0.0079353973469175176
leaf_weight=0.99284997954964449 0.84166435897350389 1.3128910502418873 2.0086597129702572 3.2683217376470566 1.211868906393647
leaf_count=8 8 14 4 8 14
internal_value=0 0.00225154 0.000370045 0.00385688 -0.000808478
internal_weight=0 8.79459 7.80174 6.48885 3.22053
internal_count=56 48 40 26 18
is_linear=0
shrinkage=0.1


Tree=67
num_leaves=7
num_cat=0
split_feature=3 3 3 5 1 0
split_gain=0.0433485 0.0241061 0.0344122 0.0239258 0.00262813 0.00411995
threshold=0.47860000000000008 0.33050000000000007 0.28375000000000006 0.15000000000000005 0.55500000000000016 0.95000000000000007
decision_type=2 2 2 2 2 2
left_child=1 2 -1 -3 -5 -6
right_child=-2 3 -4 4 5 -7
leaf_value=0.0020757652205702281 -0.020391243057485433 0.015620384644057118 -0.024309527205355747 0.0060710155343167652 0.0036204614556679805 -0.0029355387928836681
leaf_weight=1.4596504615619763 0.94163960404694158 1.6549261612817643 0.74739605374634255 1.0842728349380193 2.0114672034978867 1.8311879960820081
leaf_count=12 8 8 8 8 4 8
internal_value=0 0.00218471 -0.00685937 0.0052174 0.00172309 0.00049625
internal_weight=0 8.7889 2.20705 6.58185 4.92693 3.84266
internal_count=56 48 20 28 20 12
is_linear=0
shrinkage=0.1


Tree=68
num_leaves=7
num_cat=0
split_feature=3 1 1 5 2 3
split_gain=0.3626 0.0827969 0.0202671 0.0485214 0.00486679 0.00323669
threshold=0.51595000000000013 0.66500000000000015 0.50000000000000011 0.35000000000000003 0.55000000000000016 0.45575000000000004
decision_type=2 2 2 2 2 2
left_child=1 2 -1 -4 5 -5
right_child=-2 -3 3 4 -6 -7
leaf_value=0.01525625731884276 -0.055672814041726172 0.026563263525555294 -0.01734787655456228 -0.00029922632760537706 0.0096128312786197736 0.0053579865260416464
leaf_weight=0.98833625949919035 1.0505871511995799 1.6585540585219858 1.3077677113469688 2.061828306876123 1.2506888750940559 1.9849781617522237
leaf_count=8 4 6 18 6 8 6
internal_value=0 0.00632168 0.00190062 -9.77703e-05 0.00416068 0.00247566
internal_weight=0 9.25215 7.5936 6.60526 5.2975 4.04681
internal_count=56 52 46 38 20 12
is_linear=0
shrinkage=0.1


Tree=69
num_leaves=6
num_cat=0
split_feature=5 1 1 1 3
split_gain=0.0346634 0.036523 0.0178141 0.00448027 0.00426282
threshold=0.35000000000000003 0.50000000000000011 0.55500000000000016 0.66500000000000015 0.45575000000000004
decision_type=2 2 2 2 2
left_child=1 -1 -2 -3 -4
right_child=2 3 4 -5 -6
leaf_value=0.01029971710691438 0.016478382974941402 -0.015737068957172692 -0.00075698939462854567 -0.008413627302256239 0.005566808409690779
leaf_weight=1.0275731626898048 1.1506140809506176 1.3089963896200063 2.0971736498177052 2.3087049853056669 2.1678375601768494
leaf_count=10 6 18 8 6 8
internal_value=0 -0.00633776 0.00543624 -0.0110635 0.0024573
internal_weight=0 4.64527 5.41563 3.6177 4.26501
internal_count=56 34 22 24 16
is_linear=0
shrinkage=0.1


Tree=70
num_leaves=6
num_cat=0
split_feature=5 1 1 4 3
split_gain=0.0410387 0.0373454 0.020851 0.00333018 0.00278895
threshold=0.35000000000000003 0.50000000000000011 0.55500000000000016 0.54035000000000011 0.45575000000000004
decision_type=2 2 2 2 2
left_child=1 -1 -2 -3 -4
right_child=2 3 4 -5 -6
leaf_value=0.0099172906112508594 0.01766346199847435 -0.013896691262532686 4.0031225544459747e-05 -0.0074819946217583536 0.0051524524155777719
leaf_weight=1.0252921376377342 1.1777086611837146 2.3770995312370364 2.1031518736854196 1.2270866953767834 2.1659950986504555
leaf_count=10 6 10 8 14 8
internal_value=0 -0.00692233 0.00588354 -0.0117127 0.00263387
internal_weight=0 4.62948 5.44686 3.60419 4.26915
internal_count=56 34 22 24 16
is_linear=0
shrinkage=0.1


Tree=71
num_leaves=6
num_cat=0
split_feature=5 1 1 4 3
split_gain=0.0703119 0.0467988 0.0362096 0.0102738 0.00171082
threshold=0.35000000000000003 0.50000000000000011 0.55500000000000016 0.54035000000000011 0.39770000000000005
decision_type=2 2 2 2 2
left_child=1 -1 -2 -3 -4
right_child=2 3 4 -5 -6
leaf_value=0.0097635031863054274 0.022430476739866347 -0.01839690635009765 0.005258180603916752 -0.0071023768148685031 0.0012564733917829135
leaf_weight=1.0186847578734157 1.2668034732341764 2.3529239646159117 2.0605417140759528 1.2244993988424537 2.2187101817689836
leaf_count=10 6 10 6 14 10
internal_value=0 -0.00914631 0.0075797 -0.014531 0.00318337
internal_weight=0 4.59611 5.54606 3.57742 4.27925
internal_count=56 34 22 24 16
is_linear=0
shrinkage=0.1


Tree=72
num_leaves=6
num_cat=0
split_feature=3 1 1 5 3
split_gain=0.0832009 0.027467 0.0185404 0.034955 0.00630716
threshold=0.47860000000000008 0.66500000000000015 0.50000000000000011 0.35000000000000003 0.39770000000000005
decision_type=2 2 2 2 2
left_child=1 2 -1 -4 -5
right_child=-2 -3 3 4 -6
leaf_value=0.013379296038136224 -0.025711192107361825 0.015131306960241104 -0.015911867672715557 0.0052570667820603699 -0.0022127148765115267
leaf_weight=0.98384002223610689 1.1161727830767638 1.5984233254566786 1.308212629985064 3.0674134027212858 1.7899875547736881
leaf_count=8 8 6 18 10 6
internal_value=0 0.00328058 0.000631076 -0.00140314 0.0025044
internal_weight=0 8.74788 7.14945 6.16561 4.8574
internal_count=56 48 42 34 16
is_linear=0
shrinkage=0.1


Tree=73
num_leaves=5
num_cat=0
split_feature=3 1 3 5
split_gain=0.0753942 0.0386863 0.0383906 0.0903778
threshold=0.45575000000000004 0.59500000000000008 0.28375000000000006 0.35000000000000003
decision_type=2 2 2 2
left_child=1 2 -1 -4
right_child=-2 -3 3 -5
leaf_value=0.014395338091759222 0.01499863360972775 -0.015658020774633252 -0.035064648728791982 0.0025544114013165828
leaf_weight=1.3407401484437285 2.5160593912005424 2.343594825360924 0.80510746221989427 3.0883815046399832
leaf_count=8 14 12 12 10
internal_value=0 -0.00497999 -0.000198961 -0.00522457
internal_weight=0 7.57782 5.23423 3.89349
internal_count=56 42 30 22
is_linear=0
shrinkage=0.1


Tree=74
num_leaves=7
num_cat=0
split_feature=3 1 1 5 1 0
split_gain=0.293195 0.0536112 0.0137766 0.0331017 0.00333066 0.000351993
threshold=0.51595000000000013 0.66500000000000015 0.50000000000000011 0.35000000000000003 0.59500000000000008 0.95000000000000007
decision_type=2 2 2 2 2 2
left_child=1 2 -1 -4 5 -5
right_child=-2 -3 3 4 -6 -7
leaf_value=0.012859718849136887 -0.054846735482839394 0.021810698860016176 -0.014236800519654747 0.0047252150609255221 0.00034267090668788709 0.006828533561880153
leaf_weight=0.97532610408961584 0.88844137638807374 1.6225639153271911 1.2897766728419808 2.012105405330658 1.9385581519454715 1.3160707275383177
leaf_count=8 4 6 18 4 8 8
internal_value=0 0.00532292 0.001771 0.000121476 0.00363769 0.00555694
internal_weight=0 9.1544 7.53184 6.55651 5.26673 3.32818
internal_count=56 52 46 38 20 12
is_linear=0
shrinkage=0.1


Tree=75
num_leaves=5
num_cat=0
split_feature=3 1 3 5
split_gain=0.0322661 0.0214599 0.0349371 0.0792663
threshold=0.45575000000000004 0.59500000000000008 0.28375000000000006 0.35000000000000003
decision_type=2 2 2 2
left_child=1 2 -1 -4
right_child=-2 -3 3 -5
leaf_value=0.014353041298899707 0.010127376345186876 -0.011064214081436784 -0.032560374192470314 0.0028454688159867381
leaf_weight=1.3351113526150582 2.3925887458026409 2.3774795818608254 0.79494705144315991 3.0909462482668459
leaf_count=8 14 12 12 10
internal_value=0 -0.00318888 0.000397304 -0.00439759
internal_weight=0 7.59848 5.221 3.88589
internal_count=56 42 30 22
is_linear=0
shrinkage=0.1


Tree=76
num_leaves=6
num_cat=0
split_feature=1 3 0 1 0
split_gain=0.0345756 0.0166601 0.0848855 0.0296974 0.00473091
threshold=0.63000000000000012 0.28375000000000006 0.8660500000000001 0.55500000000000016 0.95000000000000007
decision_type=2 2 2 2 2
left_child=1 -1 -3 -4 -5
right_child=-2 2 3 4 -6
leaf_value=0.013532639845708287 -0.010195135417959404 -0.030202167024643584 0.018691114482134241 0.0048580483553482198 -0.0019351537969733588
leaf_weight=1.3324773474596439 2.4958915701135993 0.75530570838600386 1.3102749017998574 2.0128385499119759 2.089260530192405
leaf_count=8 10 8 12 4 14
internal_value=0 0.00339273 0.00120208 0.0055846 0.00139817
internal_weight=0 7.50016 6.16768 5.41237 4.1021
internal_count=56 46 38 30 18
is_linear=0
shrinkage=0.1


Tree=77
num_leaves=6
num_cat=0
split_feature=3 1 3 0 1
split_gain=0.0663871 0.0476004 0.0262972 0.0594901 0.00388722
threshold=0.45575000000000004 0.59500000000000008 0.28375000000000006 0.8660500000000001 0.55500000000000016
decision_type=2 2 2 2 2
left_child=1 2 -1 -4 -5
right_child=-2 -3 3 4 -6
leaf_value=0.012737976705465058 0.014067480278339579 -0.016594749043706343 -0.028828012652261356 0.0075771425666438328 5.8532891762563466e-05
leaf_weight=1.3316907729022203 2.514066930860281 2.3253113636747003 0.75056526856496963 1.0259284593630584 2.0854520960710943
leaf_count=8 14 12 8 6 8
internal_value=0 -0.00470366 0.000620262 -0.00355821 0.00253768
internal_weight=0 7.51895 5.19364 3.86195 3.11138
internal_count=56 42 30 22 14
is_linear=0
shrinkage=0.1


Tree=78
num_leaves=6
num_cat=0
split_feature=3 1 1 5 3
split_gain=0.120308 0.0448826 0.0222177 0.0251735 0.012966
threshold=0.47860000000000008 0.66500000000000015 0.50000000000000011 0.35000000000000003 0.39770000000000005
decision_type=2 2 2 2 2
left_child=1 2 -1 -4 -5
right_child=-2 -3 3 4 -6
leaf_value=0.014856907017326582 -0.030003399733013022 0.01917144175838113 -0.014021676880979123 0.0056938123610066138 -0.005002293952005933
leaf_weight=0.9524022974073868 1.1771321445703513 1.6033245595172045 1.2822238369844852 3.0586602059192955 1.8004396958276627
leaf_count=8 8 6 18 10 6
internal_value=0 0.00406091 0.000645631 -0.00155827 0.00173059
internal_weight=0 8.69705 7.09373 6.14132 4.8591
internal_count=56 48 42 34 16
is_linear=0
shrinkage=0.1


Tree=79
num_leaves=6
num_cat=0
split_feature=3 1 3 0 1
split_gain=0.0417434 0.0314661 0.0237924 0.0588325 0.00360051
threshold=0.45575000000000004 0.59500000000000008 0.28375000000000006 0.8660500000000001 0.55500000000000016
decision_type=2 2 2 2 2
left_child=1 2 -1 -4 -5
right_child=-2 -3 3 4 -6
leaf_value=0.012235534084867427 0.011418108797555414 -0.013270566453816119 -0.028487280801043176 0.0076215765199867946 0.00037911766594491981
leaf_weight=1.3259114758111534 2.4226518366485834 2.3499849787913263 0.747265886049718 1.0230090729892256 2.086300203576684
leaf_count=8 14 12 8 6 8
internal_value=0 -0.00367238 0.000679897 -0.00329299 0.00276199
internal_weight=0 7.53247 5.18249 3.85658 3.10931
internal_count=56 42 30 22 14
is_linear=0
shrinkage=0.1


Tree=80
num_leaves=5
num_cat=0
split_feature=1 3 4 4
split_gain=0.0772511 0.0344806 0.0135422 0.0270941
threshold=0.66500000000000015 0.45575000000000004 0.49515000000000003 0.59255000000000013
decision_type=2 2 2 2
left_child=1 2 -1 -4
right_child=-2 -3 3 -5
leaf_value=0.0045955263565515686 -0.016395952135067952 0.014230722087777092 -0.015272579510128177 0.0064338875520429939
leaf_weight=2.9206291232258081 2.2339387005195022 2.5517047457396984 1.2941555448342117 1.0348650650121269
leaf_count=12 6 14 18 6
internal_value=0 0.00469502 5.99926e-05 -0.00562764
internal_weight=0 7.80135 5.24965 2.32902
internal_count=56 50 36 24
is_linear=0
shrinkage=0.1


Tree=81
num_leaves=6
num_cat=0
split_feature=3 1 1 5 3
split_gain=0.0767086 0.0312062 0.0206794 0.0222825 0.0229735
threshold=0.47860000000000008 0.66500000000000015 0.50000000000000011 0.35000000000000003 0.39770000000000005
decision_type=2 2 2 2 2
left_child=1 2 -1 -4 -5
right_child=-2 -3 3 4 -6
leaf_value=0.014047345164910517 -0.02546846414393529 0.015746596070778503 -0.013605977004874707 0.0065020910510237388 -0.0076997022987546643
leaf_weight=0.94252268224954416 1.0546175632625825 1.591505574993789 1.2791421697475014 3.0640258309431374 1.8130376772023735
leaf_count=8 8 6 18 10 6
internal_value=0 0.00309077 0.000253382 -0.00185849 0.00122261
internal_weight=0 8.69023 7.09873 6.15621 4.87706
internal_count=56 48 42 34 16
is_linear=0
shrinkage=0.1


Tree=82
num_leaves=6
num_cat=0
split_feature=1 0 3 3 3
split_gain=0.0535215 0.033162 0.115209 0.0244793 0.0219189
threshold=0.59500000000000008 0.95000000000000007 0.45575000000000004 0.45575000000000004 0.28375000000000006
decision_type=2 2 2 2 2
left_child=1 4 -3 -2 -1
right_child=3 2 -4 -5 -6
leaf_value=0.01204322309441481 -0.015407959601309704 -0.00064623145065896385 0.055071770834490767 -0.00011874204171623208 -0.0036311579382189841
leaf_weight=1.3197244070470331 2.3278267960995436 1.0955660420004276 0.56120058149099339 1.9035171978175638 2.7536534145474434
leaf_count=8 12 10 8 6 12
internal_value=0 0.00629881 0.0182273 -0.00852993 0.00144715
internal_weight=0 5.73014 1.65677 4.23134 4.07338
internal_count=56 38 18 18 20
is_linear=0
shrinkage=0.1


Tree=83
num_leaves=6
num_cat=0
split_feature=3 3 0 5 3
split_gain=0.0317106 0.0187931 0.0255049 0.0203501 0.0100646
threshold=0.47860000000000008 0.33050000000000007 0.8660500000000001 0.25000000000000006 0.39770000000000005
decision_type=2 2 2 2 2
left_child=1 2 -1 -3 -5
right_child=-2 3 -4 4 -6
leaf_value=0.0069324226582404185 -0.018738058382567081 0.014116965492269469 -0.015325482715753789 0.0046940717906301284 -0.0047266940984332243
leaf_weight=0.86305014416575287 0.82451048865914423 1.6341457327362148 1.2759170974604783 3.076472750864923 1.7961052046157417
leaf_count=6 8 10 14 12 6
internal_value=0 0.00178698 -0.00634466 0.00446011 0.00122144
internal_weight=0 8.64569 2.13897 6.50672 4.87258
internal_count=56 48 20 28 18
is_linear=0
shrinkage=0.1


Tree=84
num_leaves=6
num_cat=0
split_feature=3 1 1 5 3
split_gain=0.0952279 0.038597 0.0150558 0.0218674 0.0113324
threshold=0.47860000000000008 0.66500000000000015 0.50000000000000011 0.35000000000000003 0.39770000000000005
decision_type=2 2 2 2 2
left_child=1 2 -1 -4 -5
right_child=-2 -3 3 4 -6
leaf_value=0.01219874025665894 -0.027498343130039883 0.017582614254080021 -0.013118976635783423 0.0053440221398747051 -0.0046876286609984635
leaf_weight=0.93259997293352892 1.1152296792715795 1.5980007043108342 1.2701731116976587 3.0393620897084475 1.7888842956162987
leaf_count=8 8 6 18 10 6
internal_value=0 0.00355394 0.000365518 -0.00144408 0.00162726
internal_weight=0 8.62902 7.03102 6.09842 4.82825
internal_count=56 48 42 34 16
is_linear=0
shrinkage=0.1


Tree=85
num_leaves=6
num_cat=0
split_feature=3 1 3 0 1
split_gain=0.0504785 0.0336763 0.0220658 0.0569382 0.00468614
threshold=0.45575000000000004 0.59500000000000008 0.28375000000000006 0.8660500000000001 0.55500000000000016
decision_type=2 2 2 2 2
left_child=1 2 -1 -4 -5
right_child=-2 -3 3 4 -6
leaf_value=0.011650625651612819 0.012577140136531382 -0.014012559315436346 -0.028217102646822225 0.0081708315112744151 -0.00011715211879380111
leaf_weight=1.313365787733346 2.4131169300526381 2.3362347453366965 0.7433522138744596 1.0162238113116475 2.0755940866656601
leaf_count=8 14 12 8 6 8
internal_value=0 -0.00405491 0.000463534 -0.00336752 0.00260696
internal_weight=0 7.48477 5.14854 3.83517 3.09182
internal_count=56 42 30 22 14
is_linear=0
shrinkage=0.1


Tree=86
num_leaves=7
num_cat=0
split_feature=3 1 3 1 1 0
split_gain=0.270547 0.0973475 0.0166718 0.0293223 0.00595219 0.0143116
threshold=0.47860000000000008 0.63000000000000012 0.28375000000000006 0.44000000000000006 0.55500000000000016 0.95000000000000007
decision_type=2 2 2 2 2 2
left_child=1 2 -1 -4 -5 -6
right_child=-2 -3 3 4 5 -7
leaf_value=0.01105593604147858 0.054774652611286459 -0.023088835590275789 -0.020764132184058929 0.0076080568825785504 0.0051947008799250296 -0.0070125416416796822
leaf_weight=1.3115715384483317 0.82743541151285249 2.2337806676514447 0.69063510000705708 1.1291486164554951 2.0062244981527328 1.8423665943555536
leaf_count=8 8 8 4 12 4 12
internal_value=0 -0.00491902 0.000895838 -0.00145505 0.00122399 -0.000649052
internal_weight=0 9.21373 6.97995 5.66837 4.97774 3.84859
internal_count=56 48 40 32 28 16
is_linear=0
shrinkage=0.1


Tree=87
num_leaves=7
num_cat=0
split_feature=1 3 3 1 1 0
split_gain=0.0144269 0.0533259 0.0266512 0.024385 0.00585622 0.000565068
threshold=0.57000000000000017 0.47860000000000008 0.33050000000000007 0.50000000000000011 0.63000000000000012 0.95000000000000007
decision_type=2 2 2 2 2 2
left_child=1 3 -2 -1 5 -4
right_child=2 -3 4 -5 -6 -7
leaf_value=0.01336267314410333 -0.010815986613333942 -0.033185275058253083 0.0044238044964864717 -0.0084698954077628112 0.010354983226325522 0.0019626931728815465
leaf_weight=0.92066496424377042 1.2301951767876742 0.57517623156309117 1.997202031314373 1.151332856621593 1.6968677937984464 1.7506456892006099
leaf_count=8 12 6 4 14 6 6
internal_value=0 -0.00624685 0.00247741 0.00123112 0.00548096 0.0032742
internal_weight=0 2.64717 6.67491 2.072 5.44472 3.74785
internal_count=56 28 28 22 16 10
is_linear=0
shrinkage=0.1


Tree=88
num_leaves=6
num_cat=0
split_feature=3 3 5 3 3
split_gain=0.0657715 0.0212532 0.0311665 0.0248485 0.00392485
threshold=0.47860000000000008 0.33050000000000007 0.25000000000000006 0.28375000000000006 0.39770000000000005
decision_type=2 2 2 2 2
left_child=1 3 -3 -1 -4
right_child=-2 2 4 -5 -6
leaf_value=0.0018243868185790627 -0.025414363396713682 0.01753548609570417 0.0037142418943781463 -0.021021425819187284 -0.0022014792693347144
leaf_weight=1.3965489142574354 0.91966086067259389 1.6296301533002404 3.0520872045308352 0.72233471856452514 1.7730435696430502
leaf_count=12 8 10 12 8 6
internal_value=0 0.00272609 0.00557871 -0.00596383 0.00154045
internal_weight=0 8.57364 6.45476 2.11888 4.82513
internal_count=56 48 28 20 18
is_linear=0
shrinkage=0.1


Tree=89
num_leaves=6
num_cat=0
split_feature=3 1 3 0 1
split_gain=0.0788247 0.0557471 0.0175461 0.0492195 0.0052993
threshold=0.45575000000000004 0.59500000000000008 0.28375000000000006 0.8660500000000001 0.55500000000000016
decision_type=2 2 2 2 2
left_child=1 2 -1 -4 -5
right_child=-2 -3 3 4 -6
leaf_value=0.01061284781886794 0.015369843014110863 -0.018132155600101313 -0.026014482704121641 0.0086780146747082957 -0.00015157342537033716
leaf_weight=1.3097196924500165 2.4964743759483099 2.2932345313020051 0.73699280107393894 1.0136285147164019 2.0635018520988524
leaf_count=8 14 12 8 6 8
internal_value=0 -0.00517325 0.000626655 -0.00280247 0.00275696
internal_weight=0 7.41708 5.12384 3.81412 3.07713
internal_count=56 42 30 22 14
is_linear=0
shrinkage=0.1


Tree=90
num_leaves=6
num_cat=0
split_feature=3 1 1 5 3
split_gain=0.0810337 0.0272458 0.0151789 0.022522 0.0101871
threshold=0.47860000000000008 0.66500000000000015 0.50000000000000011 0.35000000000000003 0.39770000000000005
decision_type=2 2 2 2 2
left_child=1 2 -1 -4 -5
right_child=-2 -3 3 4 -6
leaf_value=0.012497770233666555 -0.026952645270131276 0.014979879875511257 -0.013179867613492789 0.0053141532251595692 -0.0042187510926743992
leaf_weight=0.91051542758941462 0.99907223135233003 1.5845464514568446 1.271948409033939 3.0270944873336703 1.7802442028187213
leaf_count=8 8 6 18 10 6
internal_value=0 0.00314049 0.000456571 -0.00134688 0.00178395
internal_weight=0 8.57435 6.9898 6.07929 4.80734
internal_count=56 48 42 34 16
is_linear=0
shrinkage=0.1


Tree=91
num_leaves=6
num_cat=0
split_feature=5 1 1 4 3
split_gain=0.0561386 0.0399012 0.032851 0.00854635 0.00234901
threshold=0.35000000000000003 0.55500000000000016 0.50000000000000011 0.54035000000000011 0.45575000000000004
decision_type=2 2 2 2 2
left_child=2 -2 -1 -4 -3
right_child=1 4 3 -5 -6
leaf_value=0.0081801660037233714 0.022524247640842241 -0.000245689376089168 -0.016336739126959716 -0.0059406486428144872 0.0045160016292843984
leaf_weight=0.95144495554268349 1.2498958110809324 2.0678880210034549 2.3047884604893629 1.2037473747041074 2.0761495642364025
leaf_count=10 6 8 10 14 8
internal_value=0 0.00686341 -0.00830066 -0.0127699 0.0021399
internal_weight=0 5.39393 4.45998 3.50854 4.14404
internal_count=56 22 34 24 16
is_linear=0
shrinkage=0.1


Tree=92
num_leaves=6
num_cat=0
split_feature=3 1 1 5 3
split_gain=0.074741 0.0344886 0.0129519 0.0188503 0.0103673
threshold=0.47860000000000008 0.66500000000000015 0.50000000000000011 0.35000000000000003 0.39770000000000005
decision_type=2 2 2 2 2
left_child=1 2 -1 -4 -5
right_child=-2 -3 3 4 -6
leaf_value=0.011169797077442322 -0.025274881430702573 0.016381583139217691 -0.012465046230820393 0.0048144023900059466 -0.0048227661490605096
leaf_weight=0.91056470759212782 1.0428573228418834 1.5877447044476865 1.2676754398271439 3.0168756651692092 1.7718708408065138
leaf_count=8 8 6 18 10 6
internal_value=0 0.00308111 4.99965e-05 -0.00162183 0.00124858
internal_weight=0 8.55473 6.96699 6.05642 4.78875
internal_count=56 48 42 34 16
is_linear=0
shrinkage=0.1


Tree=93
num_leaves=6
num_cat=0
split_feature=3 1 3 0 1
split_gain=0.0587712 0.0364088 0.0182508 0.0530305 0.00443002
threshold=0.45575000000000004 0.59500000000000008 0.28375000000000006 0.8660500000000001 0.55500000000000016
decision_type=2 2 2 2 2
left_child=1 2 -1 -4 -5
right_child=-2 -3 3 4 -6
leaf_value=0.010532311469682866 0.013579378277960824 -0.014804263509369678 -0.027262415687984178 0.0080317411886174847 -5.6461200563758852e-05
leaf_weight=1.3020064732991157 2.4068054463714361 2.3155378706287593 0.73742703767493401 1.009002924198285 2.0591296441853046
leaf_count=8 14 12 8 6 8
internal_value=0 -0.00440287 0.000312651 -0.00318383 0.00260347
internal_weight=0 7.4231 5.10757 3.80556 3.06813
internal_count=56 42 30 22 14
is_linear=0
shrinkage=0.1


Tree=94
num_leaves=7
num_cat=0
split_feature=3 1 1 5 4 0
split_gain=0.333975 0.0813393 0.00880926 0.0225686 0.00479805 0.00430358
threshold=0.51595000000000013 0.66500000000000015 0.50000000000000011 0.35000000000000003 0.55500000000000016 0.95000000000000007
decision_type=2 2 2 2 2 2
left_child=1 2 -1 -4 5 -5
right_child=-2 -3 3 4 -6 -7
leaf_value=0.01083822120341023 -0.055072852875788426 0.026309934048375783 -0.011736126098852148 0.0048355000550055656 0.0088462762432124191 -0.0017577287877650971
leaf_weight=0.9046434983611088 0.99105109460651952 1.6303352657705543 1.2533341031521557 1.9970275685191154 1.1739134336821733 1.9632425396703184
leaf_count=8 4 6 18 4 8 8
internal_value=0 0.00611712 0.00160254 0.00029452 0.00323139 0.00156701
internal_weight=0 8.9225 7.29216 6.38752 5.13418 3.96027
internal_count=56 52 46 38 20 12
is_linear=0
shrinkage=0.1


Tree=95
num_leaves=6
num_cat=0
split_feature=3 1 3 1 2
split_gain=0.0228348 0.0181953 0.017286 0.0185846 0.0708139
threshold=0.45575000000000004 0.59500000000000008 0.28375000000000006 0.57000000000000017 0.55000000000000016
decision_type=2 2 2 2 2
left_child=1 2 -1 4 -4
right_child=-2 -3 3 -5 -6
leaf_value=0.010634725479995232 0.0087502217544112929 -0.0099533353652435513 -0.032725011953236231 0.0038633617374549119 0.0073987023341069965
leaf_weight=1.2990396581590173 2.2829863540828228 2.353583327960223 0.78172029973939072 2.0123664326965809 1.0058220904320478
leaf_count=8 14 12 10 6 6
internal_value=0 -0.00268051 0.000676493 -0.00272784 -0.010148
internal_weight=0 7.45253 5.09895 3.79991 1.78754
internal_count=56 42 30 22 16
is_linear=0
shrinkage=0.1


Tree=96
num_leaves=6
num_cat=0
split_feature=5 1 1 0 4
split_gain=0.0252528 0.0268218 0.012466 0.00239684 0.00224533
threshold=0.35000000000000003 0.50000000000000011 0.55500000000000016 0.95000000000000007 0.54035000000000011
decision_type=2 2 2 2 2
left_child=1 -1 -2 -4 -3
right_child=2 4 3 -5 -6
leaf_value=0.009477789936796488 0.013967209833056687 -0.011327049263889694 0.0046293258601845019 -0.00019506387874333451 -0.0060026347432012963
leaf_weight=0.941171284765005 1.1370699424296615 2.3335266252979641 1.996368885040283 2.1269839243032038 1.1989546732511369
leaf_count=10 6 10 4 12 14
internal_value=0 -0.00552315 0.00469708 0.00214072 -0.0095199
internal_weight=0 4.47365 5.26042 4.12335 3.53248
internal_count=56 34 22 16 24
is_linear=0
shrinkage=0.1


Tree=97
num_leaves=6
num_cat=0
split_feature=3 1 3 1 2
split_gain=0.0393279 0.0303042 0.0146143 0.0171584 0.0602504
threshold=0.45575000000000004 0.59500000000000008 0.28375000000000006 0.57000000000000017 0.55000000000000016
decision_type=2 2 2 2 2
left_child=1 2 -1 4 -4
right_child=-2 -3 3 -5 -6
leaf_value=0.0099022267443492715 0.011255064327857892 -0.013044431159470612 -0.030561684981770233 0.0039251744579592738 0.0066155907223928558
leaf_weight=1.2975907674990592 2.3554062526673079 2.3221726871561259 0.77191237825900327 2.0120764002203941 1.0014762750361115
leaf_count=8 14 12 10 6 6
internal_value=0 -0.00357993 0.000743884 -0.00239543 -0.00956676
internal_weight=0 7.40523 5.08306 3.78547 1.77339
internal_count=56 42 30 22 16
is_linear=0
shrinkage=0.1


Tree=98
num_leaves=6
num_cat=0
split_feature=1 3 1 5 3
split_gain=0.092139 0.171164 0.0134457 0.0144801 0.0106363
threshold=0.66500000000000015 0.47860000000000008 0.50000000000000011 0.35000000000000003 0.39770000000000005
decision_type=2 2 2 2 2
left_child=1 2 -1 -4 -5
right_child=-2 -3 3 4 -6
leaf_value=0.011780275994323335 -0.017981310701985602 0.05124184970192313 -0.010966556631868889 0.0047509966322010419 -0.0050289259404151902
leaf_weight=0.8939837235957383 2.2105457149446011 0.7302793152630328 1.2452072037849573 3.0131543243769556 1.7625153437256811
leaf_count=8 6 8 18 10 6
internal_value=0 0.00519919 0.000336618 -0.00136254 0.0011416
internal_weight=0 7.64514 6.91486 6.02088 4.77567
internal_count=56 50 42 34 16
is_linear=0
shrinkage=0.1


Tree=99
num_leaves=7
num_cat=0
split_feature=1 3 3 1 1 0
split_gain=0.0125442 0.0460433 0.02237 0.0188303 0.00775217 0.00136203
threshold=0.57000000000000017 0.47860000000000008 0.33050000000000007 0.50000000000000011 0.63000000000000012 0.95000000000000007
decision_type=2 2 2 2 2 2
left_child=1 3 -2 -1 5 -4
right_child=2 -3 4 -5 -6 -7
leaf_value=0.012142864257923373 -0.0099259323506000526 -0.030558688345164526 0.0043083245830652173 -0.0073413568474180796 0.010703087413859114 0.00047468920091667727
leaf_weight=0.89120410755276758 1.2194703198038039 0.58594651147723187 1.990546103566885 1.1185525089967994 1.6818460300564764 1.7341326554305851
leaf_count=8 12 6 4 14 6 6
internal_value=0 -0.00589269 0.00230843 0.0012987 0.00506796 0.00252346
internal_weight=0 2.5957 6.626 2.00976 5.40652 3.72468
internal_count=56 28 28 22 16 10
is_linear=0
shrinkage=0.1


end of trees

feature_importances:
phonological=190
syntactic=141
inventory=92
geographical=68
genetic=53
featural=15

parameters:
[boosting: gbdt]
[objective: lambdarank]
[metric: ndcg]
[tree_learner: serial]
[device_type: cpu]
[data: ]
[valid: ]
[num_iterations: 100]
[learning_rate: 0.1]
[num_leaves: 16]
[num_threads: 6]
[deterministic: 0]
[force_col_wise: 0]
[force_row_wise: 0]
[histogram_pool_size: -1]
[max_depth: -1]
[min_data_in_leaf: 5]
[min_sum_hessian_in_leaf: 0.001]
[bagging_fraction: 1]
[pos_bagging_fraction: 1]
[neg_bagging_fraction: 1]
[bagging_freq: 0]
[bagging_seed: 3]
[feature_fraction: 1]
[feature_fraction_bynode: 1]
[feature_fraction_seed: 2]
[extra_trees: 0]
[extra_seed: 6]
[early_stopping_round: 0]
[first_metric_only: 0]
[max_delta_step: 0]
[lambda_l1: 0]
[lambda_l2: 0]
[linear_lambda: 0]
[min_gain_to_split: 0]
[drop_rate: 0.1]
[max_drop: 50]
[skip_drop: 0.5]
[xgboost_dart_mode: 0]
[uniform_drop: 0]
[drop_seed: 4]
[top_rate: 0.2]
[other_rate: 0.1]
[min_data_per_group: 100]
[max_cat_threshold: 32]
[cat_l2: 10]
[cat_smooth: 10]
[max_cat_to_onehot: 4]
[top_k: 20]
[monotone_constraints: ]
[monotone_constraints_method: basic]
[monotone_penalty: 0]
[feature_contri: ]
[forcedsplits_filename: ]
[refit_decay_rate: 0.9]
[cegb_tradeoff: 1]
[cegb_penalty_split: 0]
[cegb_penalty_feature_lazy: ]
[cegb_penalty_feature_coupled: ]
[path_smooth: 0]
[interaction_constraints: ]
[verbosity: 1]
[saved_feature_importance_type: 0]
[linear_tree: 0]
[max_bin: 255]
[max_bin_by_feature: ]
[min_data_in_bin: 3]
[bin_construct_sample_cnt: 200000]
[data_random_seed: 1]
[is_enable_sparse: 1]
[enable_bundle: 1]
[use_missing: 1]
[zero_as_missing: 0]
[feature_pre_filter: 1]
[pre_partition: 0]
[two_round: 0]
[header: 0]
[label_column: ]
[weight_column: ]
[group_column: ]
[ignore_column: ]
[categorical_feature: ]
[forcedbins_filename: ]
[precise_float_parser: 0]
[parser_config_file: ]
[objective_seed: 5]
[num_class: 1]
[is_unbalance: 0]
[scale_pos_weight: 1]
[sigmoid: 1]
[boost_from_average: 1]
[reg_sqrt: 0]
[alpha: 0.9]
[fair_c: 1]
[poisson_max_delta_step: 0.7]
[tweedie_variance_power: 1.5]
[lambdarank_truncation_level: 30]
[lambdarank_norm: 1]
[label_gain: ]
[eval_at: 1,2,3,4,5]
[multi_error_top_k: 1]
[auc_mu_weights: ]
[num_machines: 1]
[local_listen_port: 12400]
[time_out: 120]
[machine_list_filename: ]
[machines: ]
[gpu_platform_id: -1]
[gpu_device_id: -1]
[gpu_use_dp: 0]
[num_gpu: 1]

end of parameters

pandas_categorical:null
