tree
version=v4
num_class=1
num_tree_per_iteration=1
label_index=0
max_feature_idx=5
objective=lambdarank
feature_names=genetic syntactic featural phonological inventory geographical
feature_infos=[0:1] [0:0.69999999999999996] [0:0.59999999999999998] [0.00020000000000000001:0.53190000000000004] [0:0.63929999999999998] [0:0.5]
tree_sizes=1053 1159 1150 1167 1057 1164 964 1063 856 858 859 964 956 962 969 859 857 959 1068 973 972 966 866 863 969 868 974 871 973 978 973 975 865 980 868 974 868 1084 867 975 974 661 971 772 970 974 975 772 978 867 976 871 873 874 976 871 985 981 981 661 981 871 983 663 984 875 878 981 665 981 877 878 874 1091 663 989 668 879 983 981 1091 668 868 661 987 665 668 663 988 983 879 989 669 980 775 663 666 667 877 669

Tree=0
num_leaves=9
num_cat=0
split_feature=1 4 5 1 1 3 1 3
split_gain=2.17584 0.735861 0.623853 1.09775 0.364663 0.430381 0.175201 0.0065222
threshold=0.57500000000000007 0.5697000000000001 0.35000000000000003 0.48500000000000004 0.66500000000000015 0.39985000000000009 0.41000000000000009 0.39985000000000009
decision_type=2 2 2 2 2 2 2 2
left_child=2 4 3 6 5 -2 -1 -4
right_child=1 -3 7 -5 -6 -7 -8 -9
leaf_value=0.10212147266905434 -0.078206219126179713 -0.16638170318612189 0.12018870567355636 -0.13294204510959781 -0.12388643427477875 0.060731380079760137 0.025910930411437806 0.10523043013841192
leaf_weight=0.57994500175118424 0.4110426716506479 0.67035058513283718 0.54984460771083832 0.37713899835944187 0.3443024717271328 0.48723096959292889 0.62862778268754482 0.62038809806108475
leaf_count=6 8 6 4 6 6 6 8 6
internal_value=0 -0.0819396 0.056875 0.0160026 -0.0363843 -0.00284533 0.0624813 0.112259
internal_weight=0 1.91293 2.75594 1.58571 1.24258 0.898274 1.20857 1.17023
internal_count=56 26 30 20 20 14 14 10
is_linear=0
shrinkage=0.1


Tree=1
num_leaves=10
num_cat=0
split_feature=1 3 1 4 0 2 3 2 3
split_gain=6.50758 5.12889 1.51118 1.30274 0.504625 0.179755 0.332693 0.0233824 0.00795109
threshold=1.0000000180025095e-35 0.33550000000000008 0.55500000000000016 0.54930000000000012 0.95000000000000007 0.55000000000000016 0.39985000000000009 0.45000000000000007 0.42870000000000003
decision_type=2 2 2 2 2 2 2 2 2
left_child=-1 7 3 -3 -4 -6 -7 -2 -5
right_child=1 2 4 8 5 6 -8 -9 -10
leaf_value=0.19914483155647381 -0.15997377287468767 -0.073777989507148617 0.075361613961927434 0.012976392040904523 0.032898368727758802 -0.05778216368771736 0.029799038378072379 -0.18219771383314162 0.0036594956160353599
leaf_weight=1.5021036267280603 0.8603054285049464 3.4705356955528242 2.2172069698572159 2.640441358089447 2.8413790762424469 0.75830853730440129 1.0133271366357801 1.0527306124567983 1.4025100320577619
leaf_count=2 4 8 6 4 6 6 6 6 8
internal_value=0 -0.0184007 0.00211209 -0.0288352 0.0361553 0.0173111 -0.00768811 -0.172203 0.00974434
internal_weight=0 16.2567 14.3437 7.51349 6.83022 4.61301 1.77164 1.91304 4.04295
internal_count=56 54 44 20 24 18 12 10 12
is_linear=0
shrinkage=0.1


Tree=2
num_leaves=10
num_cat=0
split_feature=4 3 4 4 5 3 4 1 0
split_gain=4.0089 3.58141 1.42165 0.909517 0.571167 1.3988 1.36233 0.0963897 0.00350151
threshold=1.0000000180025095e-35 0.33550000000000008 0.52050000000000007 0.49515000000000003 0.15000000000000005 0.42870000000000003 0.54930000000000012 0.48500000000000004 0.95000000000000007
decision_type=2 2 2 2 2 2 2 2 2
left_child=-1 8 3 -3 7 -6 -7 -4 -2
right_child=1 2 4 -5 5 6 -8 -9 -10
leaf_value=0.17421457616760916 -0.1562268198945366 -0.0096204159278126741 0.044640417693837114 -0.10577698418807298 0.04814816885771897 0.025829868435756149 -0.1409390734733913 0.079562162374924361 -0.165898817832521
leaf_weight=1.2152975797653205 0.82208329439163097 2.7168900966644278 1.8603716045618042 1.5419597178697584 3.0273566022515297 0.94890016317367543 1.0125167258083818 1.3742332160472868 0.68718307837843895
leaf_count=2 4 8 6 8 8 2 8 4 6
internal_value=0 -0.0151322 0.00246044 -0.0444349 0.0267473 0.0055261 -0.0602591 0.059477 -0.160631
internal_weight=0 13.9915 12.4822 4.25885 8.22338 4.98877 1.96142 3.2346 1.50927
internal_count=56 54 44 16 28 18 10 10 10
is_linear=0
shrinkage=0.1


Tree=3
num_leaves=10
num_cat=0
split_feature=2 3 3 3 5 1 4 4 0
split_gain=2.64834 1.61004 0.574996 1.16982 0.334806 0.455086 0.315494 1.12393 0.0956916
threshold=1.0000000180025095e-35 0.33550000000000008 0.39985000000000009 0.42870000000000003 0.35000000000000003 0.48500000000000004 0.54930000000000012 0.55425000000000013 0.95000000000000007
decision_type=2 2 2 2 2 2 2 2 2
left_child=-1 8 4 -4 5 -3 -5 -8 -2
right_child=1 2 3 6 -6 -7 7 -9 -10
leaf_value=0.16142184851216004 -0.095999989354534479 -0.010306168237928693 0.095334769434162331 0.013890546282034847 -0.00084607561146175184 -0.094846009927481489 0.048300489390461734 -0.12273124988578328 -0.15352624193733858
leaf_weight=0.94519898295402605 0.58230267465114482 1.3319773823022827 1.5513689815998075 2.9039408043026924 2.8482353836297989 1.2199514396488664 0.72709507867693879 0.81478909030556679 0.57439998164772987
leaf_count=2 4 4 4 8 8 8 4 8 6
internal_value=0 -0.0121535 -0.000744843 0.0205689 -0.024415 -0.0507205 -0.00552062 -0.0420791 -0.124567
internal_weight=0 12.5541 11.3974 5.99719 5.40016 2.55193 4.44582 1.54188 1.1567
internal_count=56 54 44 24 20 12 20 12 10
is_linear=0
shrinkage=0.1


Tree=4
num_leaves=9
num_cat=0
split_feature=1 3 3 1 3 5 1 0
split_gain=1.83278 1.14573 1.02753 1.28255 0.636722 0.216419 0.254701 0.0974715
threshold=1.0000000180025095e-35 0.39985000000000009 0.47130000000000005 0.59500000000000008 0.33550000000000008 0.35000000000000003 0.48500000000000004 0.95000000000000007
decision_type=2 2 2 2 2 2 2 2
left_child=-1 4 3 -3 7 6 -6 -2
right_child=1 2 -4 -5 5 -7 -8 -9
leaf_value=0.15130385303982277 -0.081958523675359121 0.12264665667132291 -0.041326385366384867 0.0029776502993083386 -0.015515833035695821 -0.0060798912300254341 -0.080462378906776322 -0.14374006003108689
leaf_weight=0.75201860070228654 0.55265680700540343 1.5611417517066004 1.6361470520496366 2.1007575020194054 1.262050122022629 2.8983306437730789 1.1577810347080228 0.47471365332603455
leaf_count=2 4 6 10 8 4 8 8 6
internal_value=0 -0.0097722 0.0245577 0.053995 -0.0384351 -0.0245124 -0.0465899 -0.110506
internal_weight=0 11.6436 5.29805 3.6619 6.34553 5.31816 2.41983 1.02737
internal_count=56 54 24 14 30 20 12 10
is_linear=0
shrinkage=0.1


Tree=5
num_leaves=10
num_cat=0
split_feature=4 3 5 3 1 5 1 1 4
split_gain=1.32137 1.03007 1.08816 0.48358 0.160193 0.15682 0.268926 0.0973533 0.0103356
threshold=1.0000000180025095e-35 0.39985000000000009 0.15000000000000005 0.33550000000000008 0.59500000000000008 0.35000000000000003 0.48500000000000004 0.59500000000000008 0.55425000000000013
decision_type=2 2 2 2 2 2 2 2 2
left_child=-1 3 -3 7 8 6 -5 -2 -4
right_child=1 2 4 5 -6 -7 -8 -9 -10
leaf_value=0.14331172786439419 -0.073349437773816153 0.092182381042702211 0.0068486301620737482 -0.010717020816291702 -0.02893054344410341 -0.0059696362167592498 -0.076905923949116578 -0.13786726499646926 0.02207510641542839
leaf_weight=0.60944116115570146 0.5252090021967869 1.6319613009691236 0.94485763460397743 1.3081906586885454 1.6856293082237241 2.4283574596047401 1.1565392613410947 0.42163644731044769 0.84401474148035049
leaf_count=2 4 6 4 4 8 8 8 6 6
internal_value=0 -0.00797889 0.0248263 -0.0366639 -0.00681061 -0.0240055 -0.0417752 -0.10208 0.0140327
internal_weight=0 10.9464 5.10646 5.83993 3.4745 4.89309 2.46473 0.946845 1.78887
internal_count=56 54 24 30 18 20 12 10 10
is_linear=0
shrinkage=0.1


Tree=6
num_leaves=8
num_cat=0
split_feature=1 1 1 4 5 3 1
split_gain=0.610385 0.722344 0.632365 0.302587 0.736822 0.00632651 0.000127534
threshold=0.57500000000000007 0.55500000000000016 0.48500000000000004 0.52050000000000007 0.15000000000000005 0.45575000000000004 0.41000000000000009
decision_type=2 2 2 2 2 2 2
left_child=1 2 6 5 -5 -2 -1
right_child=3 -3 -4 4 -6 -7 -8
leaf_value=0.031863966890005521 -0.017632598169266184 0.090139177281283289 -0.038019855172085157 0.030320218062477668 -0.14019913970564393 -0.0087664746468964997 0.033154238711667561
leaf_weight=1.7785517722368243 1.8893801756203175 1.1831151396036146 2.1526103690266609 0.41025766730308511 0.66279511153697968 1.4020393788814545 1.3456810638308523
leaf_count=6 10 4 12 2 10 4 8
internal_value=0 0.0195187 0.00368493 -0.0288901 -0.0750049 -0.0138559 0.0324197
internal_weight=0 6.45996 5.27684 4.36447 1.07305 3.29142 3.12423
internal_count=56 30 26 26 12 14 14
is_linear=0
shrinkage=0.1


Tree=7
num_leaves=9
num_cat=0
split_feature=1 5 3 0 4 5 3 3
split_gain=0.685148 0.527458 0.279939 0.27096 0.184371 0.286783 0.0169683 0.00590815
threshold=0.57500000000000007 0.35000000000000003 0.45575000000000004 0.64285000000000003 0.52050000000000007 0.25000000000000006 0.45575000000000004 0.39985000000000009
decision_type=2 2 2 2 2 2 2 2
left_child=1 2 3 -1 6 -6 -2 -3
right_child=4 7 -4 -5 5 -7 -8 -9
leaf_value=0.024724443412257133 -0.013638537558598007 0.051620306506268698 0.04213128452816791 -0.043250572136028495 -0.0064476733051355983 -0.1198970303340685 -0.027565562518268902 0.061216614043689478
leaf_weight=0.88556638360023576 2.0452830828726292 1.4230731129646303 0.98975738883018483 1.7359664663672445 0.39696660637855519 0.50790375471115112 1.5286927968263628 1.1682581901550291
leaf_count=6 10 4 6 8 4 8 4 6
internal_value=0 0.0215215 -0.00318076 -0.0202883 -0.0298045 -0.0701268 -0.0195955 0.0559466
internal_weight=0 6.20262 3.61129 2.62153 4.47885 0.90487 3.57398 2.59133
internal_count=56 30 20 14 26 12 14 10
is_linear=0
shrinkage=0.1


Tree=8
num_leaves=7
num_cat=0
split_feature=1 1 5 0 3 0
split_gain=0.247194 0.505289 0.403646 0.104951 0.143811 0.0998334
threshold=0.57500000000000007 0.55500000000000016 0.15000000000000005 0.95000000000000007 0.39985000000000009 0.8660500000000001
decision_type=2 2 2 2 2 2
left_child=1 2 5 -2 -5 -1
right_child=3 -3 -4 4 -6 -7
leaf_value=3.5055093706677979e-05 0.0085655703392325741 0.080703245964685644 -0.035263292025255279 -0.053750714220855714 -0.010093476933159984 0.03703244642480414
leaf_weight=1.1773076094686987 1.0605073943734167 0.93218152225017537 1.9361137971282003 1.2712077610194685 1.8564406484365461 1.916827470064163
leaf_count=8 4 4 12 12 10 6
internal_value=0 0.013079 0.000547157 -0.0186198 -0.0278376 0.0229551
internal_weight=0 5.96243 5.03025 4.18816 3.12765 3.09414
internal_count=56 30 26 26 22 14
is_linear=0
shrinkage=0.1


Tree=9
num_leaves=7
num_cat=0
split_feature=1 3 4 2 0 3
split_gain=0.349224 0.363293 0.547648 0.14654 0.0820221 0.0776046
threshold=0.57500000000000007 0.47130000000000005 0.54930000000000012 0.45000000000000007 0.95000000000000007 0.39985000000000009
decision_type=2 2 2 2 2 2
left_child=1 2 3 -1 -2 -6
right_child=4 -3 -4 -5 5 -7
leaf_value=0.025357945516852866 0.0015113477628712858 -0.036363409771690634 0.061640783298051116 -0.025500204257782069 -0.050056171043916131 -0.017515972440527151
leaf_weight=0.91577826440334331 1.0633046999573705 1.0926970019936559 2.3717634044587612 1.4856365881860256 1.2359964493662121 1.8005956541746853
leaf_count=6 4 8 10 6 12 10
internal_value=0 0.0156501 0.0275572 -0.00610548 -0.0223912 -0.0307609
internal_weight=0 5.86588 4.77318 2.40141 4.0999 3.03659
internal_count=56 30 22 12 26 22
is_linear=0
shrinkage=0.1


Tree=10
num_leaves=7
num_cat=0
split_feature=1 0 1 4 0 3
split_gain=0.220156 0.741093 0.401548 0.248045 0.0961226 0.0917821
threshold=0.41000000000000009 0.8660500000000001 0.57500000000000007 0.55425000000000013 0.95000000000000007 0.39985000000000009
decision_type=2 2 2 2 2 2
left_child=-1 -2 3 -3 -4 -6
right_child=1 2 4 -5 5 -7
leaf_value=0.031710211343510909 -0.09663882922423303 0.068321515122426069 0.0087122056547026278 0.0086139767479897489 -0.047335638258702073 -0.011778057333954883
leaf_weight=1.7848543375730512 0.82871771603822697 1.1290693804621696 1.0808482021093366 1.8130674846470356 1.2118069436401131 1.8105018660426138
leaf_count=6 8 6 4 10 12 10
internal_value=0 -0.00718797 0.00333388 0.0315272 -0.0168819 -0.026035
internal_weight=0 7.87401 7.04529 2.94214 4.10316 3.02231
internal_count=56 50 42 16 26 22
is_linear=0
shrinkage=0.1


Tree=11
num_leaves=8
num_cat=0
split_feature=1 0 1 5 1 4 1
split_gain=0.167861 0.467031 0.253037 0.204142 0.188814 0.258511 0.0834963
threshold=0.41000000000000009 0.8660500000000001 0.53500000000000014 0.35000000000000003 0.59500000000000008 0.52050000000000007 0.66500000000000015
decision_type=2 2 2 2 2 2 2
left_child=-1 -2 -3 6 5 -5 -4
right_child=1 2 3 4 -6 -7 -8
leaf_value=0.027899540669497392 -0.081513225583350613 0.065664296557961133 -0.060111088527864925 -0.014573534465801433 -0.022122083205507979 0.043232377081284384 -0.013812441625909583
leaf_weight=1.7553524672985075 0.74681635573506344 0.56807861849665631 0.72818938456475713 1.2894558236002922 1.5765532422810791 1.9339333549141884 0.83752930536866188
leaf_count=6 8 4 10 6 10 8 4
internal_value=0 -0.0063763 0.00171651 -0.00399026 0.00623757 0.0201082 -0.0353452
internal_weight=0 7.68056 6.93374 6.36566 4.79994 3.22339 1.56572
internal_count=56 50 42 38 24 14 14
is_linear=0
shrinkage=0.1


Tree=12
num_leaves=8
num_cat=0
split_feature=3 3 1 3 4 1 3
split_gain=0.279209 0.753782 0.177673 0.110911 0.0872783 0.194791 0.173207
threshold=0.47130000000000005 0.51265000000000016 0.59500000000000008 0.39985000000000009 0.54930000000000012 0.41000000000000009 0.39985000000000009
decision_type=2 2 2 2 2 2 2
left_child=2 -2 4 -4 5 -1 -6
right_child=1 -3 3 -5 6 -7 -8
leaf_value=0.030003527105933531 0.030930362464087948 -0.14232770060583685 -0.039679258615489155 0.0012134281074382297 0.010251078576562931 -0.018140480998805421 0.070209544750125627
leaf_weight=1.7425850182771665 0.53998463600874014 0.4693823903799057 1.0674728322774172 1.751584691926837 1.2715635672211649 1.6232336796820164 0.77571980655193318
leaf_count=6 4 6 10 8 6 10 6
internal_value=0 -0.0496392 0.0060864 -0.0142711 0.0166883 0.00678511 0.0329695
internal_weight=0 1.00937 8.23216 2.81906 5.4131 3.36582 2.04728
internal_count=56 10 46 18 28 16 12
is_linear=0
shrinkage=0.1


Tree=13
num_leaves=8
num_cat=0
split_feature=1 1 5 3 4 5 3
split_gain=0.185419 0.088459 0.323632 0.621527 0.127376 0.0788119 0.0406791
threshold=0.59500000000000008 0.41000000000000009 0.35000000000000003 0.45575000000000004 0.52050000000000007 0.15000000000000005 0.39985000000000009
decision_type=2 2 2 2 2 2 2
left_child=1 -1 3 5 -4 -3 -2
right_child=6 2 4 -5 -6 -7 -8
leaf_value=0.028858367641321582 -0.036545205115103181 -0.0691384320022599 -0.0045061606676658136 0.035151443973904961 0.037763728138801522 -0.13385731022721231 -0.011828702569228163
leaf_weight=1.7425611987709997 1.067145297303796 0.41184683144092538 1.1872220300137997 0.63933186605572701 1.7843345478177071 0.34643954783678055 1.7708858195692299
leaf_count=6 10 4 6 6 8 6 10
internal_value=0 0.00980839 0.00221068 -0.0374741 0.0208757 -0.0987067 -0.0211225
internal_weight=0 6.11174 4.36917 1.39762 2.97156 0.758286 2.83803
internal_count=56 36 30 16 14 10 20
is_linear=0
shrinkage=0.1


Tree=14
num_leaves=8
num_cat=0
split_feature=1 3 3 1 1 0 3
split_gain=0.20948 0.395953 0.126324 0.273364 0.142909 0.0369525 0.00633597
threshold=0.41000000000000009 0.33550000000000008 0.47130000000000005 0.55500000000000016 0.57500000000000007 0.95000000000000007 0.39985000000000009
decision_type=2 2 2 2 2 2 2
left_child=-1 -2 4 -4 -3 -6 -7
right_child=1 2 3 -5 5 6 -8
leaf_value=0.031143588503706771 -0.084523920798651245 0.0270365000547758 -0.093003729929233253 0.023079441747900581 0.0092890766798803225 -0.019646029524104106 -0.0093280674338358342
leaf_weight=1.7328395247459409 0.61207462288439263 1.9291482288390396 0.42195955291390408 0.39069630019366741 1.0502835959196093 0.91034082137048256 1.7189108245074749
leaf_count=6 10 12 6 4 4 6 8
internal_value=0 -0.00767292 -0.000347572 -0.037195 0.00499135 -0.00656674 -0.0129005
internal_weight=0 7.03341 6.42134 0.812656 5.60868 3.67954 2.62925
internal_count=56 50 40 10 30 18 14
is_linear=0
shrinkage=0.1


Tree=15
num_leaves=7
num_cat=0
split_feature=1 5 1 3 1 1
split_gain=0.286978 0.120691 0.15155 0.0140521 0.0974722 0.0120846
threshold=0.59500000000000008 0.15000000000000005 0.55500000000000016 0.45575000000000004 0.66500000000000015 0.41000000000000009
decision_type=2 2 2 2 2 2
left_child=1 5 -3 4 -2 -1
right_child=3 2 -4 -5 -6 -7
leaf_value=0.03376994363879883 -0.063699471270371982 -0.021779425273298778 0.02124033346179692 -0.018894261529194552 -0.010970713673572307 0.019120629287145585
leaf_weight=1.7224063873291018 0.60080520622432254 1.617692144587636 1.6583399120718241 1.4103918578475712 0.84175599738955498 0.83664092607796181
leaf_count=6 10 12 10 6 4 8
internal_value=0 0.0127083 -2.65945e-06 -0.025992 -0.0329315 0.0289806
internal_weight=0 5.83508 3.27603 2.85295 1.44256 2.55905
internal_count=56 36 22 20 14 14
is_linear=0
shrinkage=0.1


Tree=16
num_leaves=7
num_cat=0
split_feature=1 1 4 2 3 1
split_gain=0.614846 0.159142 0.226926 0.092692 0.0803981 0.263552
threshold=0.59500000000000008 0.41000000000000009 0.52050000000000007 0.55000000000000016 0.45575000000000004 0.66500000000000015
decision_type=2 2 2 2 2 2
left_child=1 -1 -3 -4 5 -2
right_child=4 2 3 -5 -6 -7
leaf_value=0.040509298077949306 -0.093240965108102938 -0.022061563953587361 0.056130858115975957 0.013358882271884474 -0.019356280502936099 -0.012738524764156154
leaf_weight=2.0980211943387985 0.792827411554754 1.6456388942897318 0.71991312131285679 1.7105046883225441 1.4147122725844381 0.83496348187327385
leaf_count=6 10 12 6 12 6 4
internal_value=0 0.0181313 0.00661286 0.0260284 -0.0367933 -0.0519478
internal_weight=0 6.17408 4.07606 2.43042 3.0425 1.62779
internal_count=56 36 30 18 20 14
is_linear=0
shrinkage=0.1


Tree=17
num_leaves=8
num_cat=0
split_feature=4 4 5 3 1 3 3
split_gain=0.13307 0.185182 0.150464 0.148814 0.0415657 0.0114996 0.00215251
threshold=0.54930000000000012 0.47750000000000004 0.15000000000000005 0.39985000000000009 0.55500000000000016 0.45575000000000004 0.33550000000000008
decision_type=2 2 2 2 2 2 2
left_child=1 6 -2 -4 -3 -6 -1
right_child=2 4 3 -5 5 -7 -8
leaf_value=0.022592690526296921 0.057855775379826703 -0.029576238707490432 0.021136126583353287 -0.04262562209201709 -0.019461299438550239 -0.0052751697892163057 0.015739709080830493
leaf_weight=0.81537084653973546 0.72241280600428615 1.9845337402075527 1.3720881901681421 0.499210501089692 0.87724606692791018 1.639065086841583 1.046722486615181
leaf_count=8 6 8 8 10 6 6 4
internal_value=0 -0.00778213 0.0190913 0.00412626 -0.0187551 -0.0102208 0.0187405
internal_weight=0 6.36294 2.59371 1.8713 4.50084 2.51631 1.86209
internal_count=56 32 24 18 20 12 12
is_linear=0
shrinkage=0.1


Tree=18
num_leaves=9
num_cat=0
split_feature=1 0 5 4 1 1 3 1
split_gain=0.192215 0.0677936 0.0994971 0.131102 0.0434672 0.493557 0.0155283 0.0589065
threshold=0.59500000000000008 0.64285000000000003 0.35000000000000003 0.52050000000000007 0.44000000000000006 0.48500000000000004 0.45575000000000004 0.66500000000000015
decision_type=2 2 2 2 2 2 2 2
left_child=1 -1 4 -4 -3 -6 7 -2
right_child=6 2 3 -5 5 -7 -8 -9
leaf_value=0.038093479957388932 -0.05375528061987303 0.00045322743324078684 -0.0069310369814881492 0.037033088042781964 0.056589361828090184 -0.10249862878953078 -0.014167055675809691 -0.012119461639755628
leaf_weight=0.75453462079167355 0.57347436435520671 1.6790540590882304 1.1528823971748352 1.647675484418869 0.36644139140844334 0.416854003444314 1.3839910253882406 0.83395176008343697
leaf_count=6 10 4 6 8 4 8 6 4
internal_value=0 0.010061 0.00604201 0.0189347 -0.00862156 -0.0280741 -0.0216884 -0.0290845
internal_weight=0 6.01744 5.26291 2.80056 2.46235 0.783295 2.79142 1.40743
internal_count=56 36 30 14 16 12 20 14
is_linear=0
shrinkage=0.1


Tree=19
num_leaves=8
num_cat=0
split_feature=1 0 1 0 3 4 4
split_gain=0.110861 0.188971 0.119243 0.0473031 0.0543819 0.0453781 0.00423422
threshold=0.41000000000000009 0.8660500000000001 0.57500000000000007 0.95000000000000007 0.39985000000000009 0.59120000000000006 0.54930000000000012
decision_type=2 2 2 2 2 2 2
left_child=-1 -2 5 -4 -5 6 -3
right_child=1 2 3 4 -6 -7 -8
leaf_value=0.02036605674416176 -0.060633535957028944 -0.0082967505428003865 0.0067990728825695988 -0.036198812096180394 -0.0074425030461964387 0.029213635161740636 0.0060649228325140676
leaf_weight=2.0379882231354713 0.58392642810940731 0.38544852286577236 1.0166881904006007 1.0623915800824764 1.7261742576956747 1.3290285281836987 0.43920742534101009
leaf_count=6 8 4 4 12 10 6 6
internal_value=0 -0.00634368 -0.00102372 -0.0116659 -0.0183981 0.0177796 -0.000647799
internal_weight=0 6.54286 5.95894 3.80525 2.78857 2.15368 0.824656
internal_count=56 50 42 26 22 16 10
is_linear=0
shrinkage=0.1


Tree=20
num_leaves=8
num_cat=0
split_feature=0 4 5 3 5 4 1
split_gain=0.10244 0.0602685 0.168234 0.072765 0.0279937 0.0468393 0.00222407
threshold=0.64285000000000003 0.54930000000000012 0.15000000000000005 0.39985000000000009 0.35000000000000003 0.54495000000000016 0.6100000000000001
decision_type=2 2 2 2 2 2 2
left_child=-1 4 -3 -4 5 -2 -6
right_child=1 2 3 -5 6 -7 -8
leaf_value=0.035359134231304747 -0.033422598631942718 0.053073212579468655 0.0057136506272428876 -0.041281230065937445 0.00073087514611086784 -0.006154908930989484 -0.0050089914957253201
leaf_weight=0.7471228390932082 1.0158954868093133 0.65298603475093875 1.2531642196699975 0.44699512422084797 1.3780955299735069 1.6582487523555756 1.3232772722840309
leaf_count=6 10 6 8 10 8 4 4
internal_value=0 -0.00341813 0.00992871 -0.00664195 -0.00926075 -0.0165138 -0.00208082
internal_weight=0 7.72866 2.35315 1.70016 5.37552 2.67414 2.70137
internal_count=56 50 24 18 26 14 12
is_linear=0
shrinkage=0.1


Tree=21
num_leaves=8
num_cat=0
split_feature=1 4 3 1 1 4 1
split_gain=0.141537 0.188027 0.075192 0.168119 0.135358 0.0427296 0.0357087
threshold=0.41000000000000009 0.45240000000000008 0.47130000000000005 0.55500000000000016 0.57500000000000007 0.51755000000000007 0.66500000000000015
decision_type=2 2 2 2 2 2 2
left_child=-1 -2 4 -4 -3 -6 -7
right_child=1 2 3 -5 5 6 -8
leaf_value=0.023177510682080286 -0.070098201305185653 0.024848122016487218 -0.08084844220047134 0.022010272504325148 -0.0013006325166973285 -0.044773328227287676 -0.010986984091984599
leaf_weight=2.0068342313170433 0.44316481053829182 1.67511117644608 0.35566142573952664 0.2872361708432436 2.3232205286622052 0.50342770479619481 0.82619800791144371
leaf_count=6 6 12 6 4 8 10 4
internal_value=0 -0.00725184 -0.0025873 -0.0348928 0.00131085 -0.0094828 -0.0237793
internal_weight=0 6.41402 5.97086 0.642898 5.32796 3.65285 1.32963
internal_count=56 50 44 10 34 22 14
is_linear=0
shrinkage=0.1


Tree=22
num_leaves=7
num_cat=0
split_feature=0 4 5 4 1 1
split_gain=0.0954373 0.0607445 0.0455686 0.204388 0.173683 0.0207781
threshold=0.64285000000000003 0.59120000000000006 0.15000000000000005 0.49515000000000003 0.55500000000000016 0.63000000000000012
decision_type=2 2 2 2 2 2
left_child=-1 2 5 -4 -5 -2
right_child=1 -3 3 4 -6 -7
leaf_value=0.034811464629364977 0.0074204763046412537 0.014561154387287889 -0.0021307012499495741 -0.11266736924913134 -0.013417758385519877 -0.0096214251242952905
leaf_weight=0.71916238591074932 1.8622206076979639 1.5197979640215633 2.3144242987036709 0.35677641071379174 0.34859649930149317 1.1617673523724077
leaf_count=6 6 12 8 8 8 8
internal_value=0 -0.00330995 -0.0078039 -0.0164931 -0.063618 0.000873253
internal_weight=0 7.56358 6.04379 3.0198 0.705373 3.02399
internal_count=56 50 38 24 16 14
is_linear=0
shrinkage=0.1


Tree=23
num_leaves=7
num_cat=0
split_feature=1 4 4 0 3 3
split_gain=0.0914851 0.0410578 0.0263387 0.0225907 0.040907 0.0139628
threshold=0.57500000000000007 0.54930000000000012 0.54495000000000016 0.95000000000000007 0.39985000000000009 0.39985000000000009
decision_type=2 2 2 2 2 2
left_child=1 2 -1 -2 -5 -3
right_child=3 5 -4 4 -6 -7
leaf_value=0.013805599425725904 0.001178257381297656 0.014778943760260822 -0.0061260171118656436 -0.031897707969359472 -0.0066071574185364692 0.033320026075303252
leaf_weight=1.1112777180969715 0.99541511386632953 1.1271447986364362 1.6435312181711197 1.0474059768021109 1.642473032698035 0.6349795963615178
leaf_count=12 4 4 4 12 10 10
internal_value=0 0.00953946 0.00191431 -0.0116922 -0.016455 0.0214602
internal_weight=0 4.51693 2.75481 3.68529 2.68988 1.76212
internal_count=56 30 16 26 22 14
is_linear=0
shrinkage=0.1


Tree=24
num_leaves=8
num_cat=0
split_feature=1 0 1 0 3 3 3
split_gain=0.0818031 0.159992 0.107637 0.0212806 0.0391345 0.00660053 0.119362
threshold=0.41000000000000009 0.8660500000000001 0.57500000000000007 0.95000000000000007 0.39985000000000009 0.39985000000000009 0.47130000000000005
decision_type=2 2 2 2 2 2 2
left_child=-1 -2 5 -4 -5 -3 -7
right_child=1 2 3 4 -6 6 -8
leaf_value=0.017686353803319416 -0.057232521784811287 0.013283224255209418 0.0017435746191388241 -0.030627942378248969 -0.0057739794371860888 0.062095188030416776 -0.013487351297247678
leaf_weight=1.9794375300407407 0.54843575321137894 1.117271617054939 0.99268420040607486 1.0344001548364761 1.6347621437162159 0.42608559690415848 0.40998697653412819
leaf_count=6 8 4 4 12 10 6 6
internal_value=0 -0.00567993 -0.00064479 -0.0107568 -0.0154058 0.0183118 0.0250316
internal_weight=0 6.16363 5.61519 3.66185 2.66916 1.95334 0.836073
internal_count=56 50 42 26 22 16 12
is_linear=0
shrinkage=0.1


Tree=25
num_leaves=7
num_cat=0
split_feature=0 4 5 5 4 1
split_gain=0.0764957 0.0426576 0.107561 0.0222849 0.0269349 0.00370121
threshold=0.64285000000000003 0.54930000000000012 0.15000000000000005 0.35000000000000003 0.54495000000000016 0.6100000000000001
decision_type=2 2 2 2 2 2
left_child=-1 3 -3 4 -2 -5
right_child=1 2 -4 5 -6 -7
leaf_value=0.031650021044870628 -0.027407825716729901 0.047609844512661301 -0.00417371202420293 0.0024667809202165969 -0.006493836139494987 -0.0050577468471137282
leaf_weight=0.69751599431037892 0.9860027413815261 0.53771121799945865 1.5790346288122235 1.3042751774191856 1.6401541903614998 1.3105802983045578
leaf_count=6 10 6 18 8 4 4
internal_value=0 -0.00300042 0.00898072 -0.00783938 -0.0143461 -0.00130455
internal_weight=0 7.35776 2.11675 5.24101 2.62616 2.61486
internal_count=56 50 24 26 14 12
is_linear=0
shrinkage=0.1


Tree=26
num_leaves=8
num_cat=0
split_feature=1 0 1 4 4 3 4
split_gain=0.0824419 0.149411 0.103564 0.0232957 0.0428506 0.012035 8.57389e-05
threshold=0.41000000000000009 0.8660500000000001 0.57500000000000007 0.51755000000000007 0.52050000000000007 0.42870000000000003 0.54930000000000012
decision_type=2 2 2 2 2 2 2
left_child=-1 -2 5 -4 -5 -3 -7
right_child=1 2 3 4 -6 6 -8
leaf_value=0.017832509234037293 -0.056312403988691875 0.023758206560940791 -0.0048699409996356977 -0.0080739611227709437 -0.046349137923326567 0.0080639452265881418 0.0057452789505735603
leaf_weight=1.9589787945151327 0.53332792967557896 1.2552691549062727 2.3524254783988003 0.82518934085965134 0.45310593210160732 0.31518087163567532 0.32282338477671146
leaf_count=6 8 6 10 4 12 4 6
internal_value=0 -0.00576715 -0.000887136 -0.0107747 -0.021641 0.0180741 0.00689072
internal_weight=0 6.05732 5.52399 3.63072 1.2783 1.89327 0.638004
internal_count=56 50 42 26 16 16 10
is_linear=0
shrinkage=0.1


Tree=27
num_leaves=7
num_cat=0
split_feature=0 4 5 5 4 1
split_gain=0.0689128 0.0379007 0.0950694 0.0204635 0.0227561 0.00228396
threshold=0.64285000000000003 0.54930000000000012 0.15000000000000005 0.35000000000000003 0.54495000000000016 0.6100000000000001
decision_type=2 2 2 2 2 2
left_child=-1 3 -3 4 -2 -5
right_child=1 2 -4 5 -6 -7
leaf_value=0.030563206273453304 -0.025763814109980659 0.045950249786006994 -0.0037101525183494176 0.0018872364230135769 -0.0064434551341693118 -0.0040494124225425683
leaf_weight=0.675016339868307 0.97217605635523807 0.51282544992864165 1.5526070073246954 1.2874305546283722 1.6347560659050941 1.3048748299479485
leaf_count=6 10 6 18 8 4 4
internal_value=0 -0.00283987 0.00862001 -0.00739238 -0.0136484 -0.00110106
internal_weight=0 7.26467 2.06543 5.19924 2.60693 2.59231
internal_count=56 50 24 26 14 12
is_linear=0
shrinkage=0.1


Tree=28
num_leaves=8
num_cat=0
split_feature=1 0 1 4 3 1 4
split_gain=0.0711325 0.138232 0.082425 0.019655 0.0165275 0.0113869 0.000170781
threshold=0.41000000000000009 0.8660500000000001 0.57500000000000007 0.51755000000000007 0.42870000000000003 0.66500000000000015 0.54930000000000012
decision_type=2 2 2 2 2 2 2
left_child=-1 -2 4 -4 -3 -5 -6
right_child=1 2 3 5 6 -7 -8
leaf_value=0.016643410493701868 -0.054747820418577092 0.023025515242826648 -0.0041533828209492345 -0.033897318060617319 0.0046660720076716084 -0.013273685311713877 0.0013337968360148734
leaf_weight=1.9382386207580564 0.51846087723970402 1.2424574643373487 2.3403987232595687 0.388535759411752 0.30474687740206707 0.86093158833682537 0.3105100579559803
leaf_count=6 8 6 10 10 4 6 6
internal_value=0 -0.00540708 -0.000711192 -0.00955986 0.0163881 -0.0196868 0.00298433
internal_weight=0 5.96604 5.44758 3.58987 1.85771 1.24947 0.615257
internal_count=56 50 42 26 16 16 10
is_linear=0
shrinkage=0.1


Tree=29
num_leaves=8
num_cat=0
split_feature=1 0 1 3 0 3 4
split_gain=0.0543215 0.117116 0.0593798 0.0173577 0.0153321 0.0338079 0.000308245
threshold=0.41000000000000009 0.8660500000000001 0.57500000000000007 0.42870000000000003 0.95000000000000007 0.39985000000000009 0.54930000000000012
decision_type=2 2 2 2 2 2 2
left_child=-1 -2 3 -3 -4 -6 -5
right_child=1 2 4 6 5 -7 -8
leaf_value=0.014540255350698195 -0.050872546568982838 0.020949744929930566 0.0026790202659223872 -0.0019998192763500153 -0.026408938610229041 -0.0029373138178096377 0.0025024209973131535
leaf_weight=1.9352415129542349 0.50388506520539511 1.2315990105271337 0.97606435418129001 0.29678865894675244 1.0017746379598977 1.5839807074517009 0.31185684539377689
leaf_count=6 8 6 4 4 12 10 6
internal_value=0 -0.0047645 -0.000463711 0.0141223 -0.00799972 -0.0120307 0.000307032
internal_weight=0 5.90595 5.40206 1.84024 3.56182 2.58576 0.608646
internal_count=56 50 42 16 26 22 10
is_linear=0
shrinkage=0.1


Tree=30
num_leaves=8
num_cat=0
split_feature=1 0 1 3 0 3 4
split_gain=0.0497033 0.0997468 0.0484761 0.0164013 0.0135078 0.0338289 0.00127252
threshold=0.41000000000000009 0.8660500000000001 0.57500000000000007 0.42870000000000003 0.95000000000000007 0.39985000000000009 0.54930000000000012
decision_type=2 2 2 2 2 2 2
left_child=-1 -2 3 -3 -4 -6 -5
right_child=1 2 4 6 5 -7 -8
leaf_value=0.013909662370330061 -0.047692326624452983 0.019256998809923497 0.0025790362410644989 -0.0057312543711969255 -0.025664336247257308 -0.0021173425319925636 0.0034888691860444545
leaf_weight=1.9317602589726446 0.49177522957324971 1.2230061925947664 0.9729704745113853 0.2875283621251582 0.997097852174193 1.572072156704962 0.31224686279892921
leaf_count=6 8 6 4 4 12 10 6
internal_value=0 -0.00458793 -0.000636771 0.0126142 -0.0074557 -0.011256 -0.000931198
internal_weight=0 5.8567 5.36492 1.82278 3.54214 2.56917 0.599775
internal_count=56 50 42 16 26 22 10
is_linear=0
shrinkage=0.1


Tree=31
num_leaves=8
num_cat=0
split_feature=1 0 1 3 0 3 4
split_gain=0.0459264 0.0862067 0.0402834 0.0153409 0.0122077 0.0333864 0.00222833
threshold=0.41000000000000009 0.8660500000000001 0.57500000000000007 0.42870000000000003 0.95000000000000007 0.39985000000000009 0.54930000000000012
decision_type=2 2 2 2 2 2 2
left_child=-1 -2 3 -3 -4 -6 -5
right_child=1 2 4 6 5 -7 -8
leaf_value=0.01337264935600338 -0.044949427695050628 0.01779044132255888 0.0025504768183503479 -0.0083385065368677003 -0.024960615602571432 -0.001510075283401644 0.0039572948041537524
leaf_weight=1.9285159930586813 0.48169879894703616 1.2156688496470449 0.97028397396206889 0.27912773936986912 0.99312139162793789 1.5619316929951308 0.31228994578123093
leaf_count=6 8 6 4 4 12 10 6
internal_value=0 -0.00443564 -0.00077587 0.0113639 -0.00699873 -0.010625 -0.00184588
internal_weight=0 5.81412 5.33242 1.80709 3.52534 2.55505 0.591418
internal_count=56 50 42 16 26 22 10
is_linear=0
shrinkage=0.1


Tree=32
num_leaves=7
num_cat=0
split_feature=2 3 4 0 4 3
split_gain=0.078553 0.0294133 0.058804 0.0304368 0.0275827 0.10147
threshold=0.45000000000000007 0.36475000000000007 0.52050000000000007 0.95000000000000007 0.5697000000000001 0.47130000000000005
decision_type=2 2 2 2 2 2
left_child=-1 3 -3 -2 5 -4
right_child=1 2 4 -5 -6 -7
leaf_value=0.033846277671795669 -0.0036837694417748467 -0.012056570208240346 0.066249969293256619 -0.024295106086522932 0.0064397400625038409 -0.013047855665651507
leaf_weight=0.62965520843863476 2.5948448218405251 1.4295651763677599 0.36607801169157062 0.98971838364377607 1.4039129763841627 0.28856804221868515
leaf_count=6 8 8 4 12 12 6
internal_value=0 -0.00301321 0.00352414 -0.00937468 0.0143442 0.0312955
internal_weight=0 7.07269 3.48812 3.58456 2.05856 0.654646
internal_count=56 50 30 20 22 10
is_linear=0
shrinkage=0.1


Tree=33
num_leaves=8
num_cat=0
split_feature=1 0 1 4 3 1 4
split_gain=0.0540011 0.0797361 0.0392238 0.0163805 0.0157012 0.0120122 2.20379e-05
threshold=0.41000000000000009 0.8660500000000001 0.57500000000000007 0.51755000000000007 0.42870000000000003 0.66500000000000015 0.54930000000000012
decision_type=2 2 2 2 2 2 2
left_child=-1 -2 4 -4 -3 -5 -6
right_child=1 2 3 5 6 -7 -8
leaf_value=0.014586011670910405 -0.043923259804326466 0.017315453426789924 -0.0025102806448997314 -0.032914219394719266 -0.0035215557077946931 -0.010631331039216133 -0.0022735175941302715
leaf_weight=1.9060903266072271 0.47847984265536059 1.2022423744201658 2.3082609530538325 0.33769892295822479 0.26763642579317082 0.85302435513585806 0.30017314292490482
leaf_count=6 8 6 10 10 4 6 6
internal_value=0 -0.00483726 -0.00128787 -0.00742452 0.0108429 -0.0169509 -0.00286178
internal_weight=0 5.74752 5.26904 3.49898 1.77005 1.19072 0.56781
internal_count=56 50 42 26 16 16 10
is_linear=0
shrinkage=0.1


Tree=34
num_leaves=7
num_cat=0
split_feature=2 4 5 4 1 0
split_gain=0.0642297 0.0276869 0.0146802 0.158519 0.11616 0.0116356
threshold=0.45000000000000007 0.59120000000000006 0.15000000000000005 0.49515000000000003 0.55500000000000016 0.95000000000000007
decision_type=2 2 2 2 2 2
left_child=-1 2 5 -4 -5 -2
right_child=1 -3 3 4 -6 -7
leaf_value=0.030970359560917617 -0.0063118782243288723 0.010044991301724641 0.00076494175406541503 -0.10388475258487949 -0.011523976968631673 0.0066220700470867259
leaf_weight=0.61551007814705361 1.6197034269571304 1.366560725495219 2.2478825747966771 0.28230204246938218 0.26305667217820883 1.2190389130264521
leaf_count=6 4 12 8 8 8 10
internal_value=0 -0.00272379 -0.00582204 -0.0109689 -0.059334 -0.000757663
internal_weight=0 6.99854 5.63198 2.79324 0.545359 2.83874
internal_count=56 50 38 24 16 14
is_linear=0
shrinkage=0.1


Tree=35
num_leaves=8
num_cat=0
split_feature=2 3 4 5 0 3 3
split_gain=0.049884 0.0229559 0.0441045 0.0495746 0.0272093 0.0050992 0.000515847
threshold=0.45000000000000007 0.36475000000000007 0.52050000000000007 0.15000000000000005 0.95000000000000007 0.39985000000000009 0.47130000000000005
decision_type=2 2 2 2 2 2 2
left_child=-1 4 -3 -4 -2 -5 -7
right_child=1 2 3 5 -6 6 -8
leaf_value=0.027386641358408344 -0.0026184530704107894 -0.010058695233231177 0.04264563204085705 0.0084524578152771253 -0.022182970545819043 -0.0078812441153728301 -0.0011980860852936646
leaf_weight=0.61132722534239281 2.5710575617849831 1.4098412850871684 0.44090110063552845 1.0719678252935407 0.98249379592016328 0.19888597354292858 0.2754444545134902
leaf_count=6 8 8 6 4 12 6 6
internal_value=0 -0.00240874 0.00346909 0.0130665 -0.00802769 0.00463254 -0.00400032
internal_weight=0 6.95059 3.39704 1.9872 3.55355 1.5463 0.47433
internal_count=56 50 30 22 20 16 12
is_linear=0
shrinkage=0.1


Tree=36
num_leaves=7
num_cat=0
split_feature=1 0 1 4 3 3
split_gain=0.0561665 0.0828455 0.048289 0.0172204 0.00419895 0.0418865
threshold=0.41000000000000009 0.8660500000000001 0.57500000000000007 0.51755000000000007 0.39985000000000009 0.47130000000000005
decision_type=2 2 2 2 2 2
left_child=-1 -2 4 -4 -3 -6
right_child=1 2 3 -5 5 -7
leaf_value=0.015005992704586453 -0.044971797802473769 0.0086225005848386774 -0.0030359337276810797 -0.01791470027065865 0.04476487739822687 -0.0064175010150592186
leaf_weight=1.8733731880784033 0.47437231335788954 1.0670964047312734 2.2940497305244212 1.1769587867893276 0.31602651812136162 0.32364093884825706
leaf_count=6 8 4 10 16 6 6
internal_value=0 -0.00497366 -0.00130915 -0.00808107 0.0124627 0.0188691
internal_weight=0 5.65214 5.17777 3.47101 1.70676 0.639667
internal_count=56 50 42 26 16 12
is_linear=0
shrinkage=0.1


Tree=37
num_leaves=9
num_cat=0
split_feature=2 5 1 1 1 1 1 1
split_gain=0.0443773 0.0223335 0.0338448 0.0567381 0.0257601 0.0475107 0.0246655 0.00513618
threshold=0.45000000000000007 0.35000000000000003 0.48500000000000004 0.66500000000000015 0.63000000000000012 0.53500000000000014 0.57500000000000007 0.59500000000000008
decision_type=2 2 2 2 2 2 2 2
left_child=-1 2 -2 4 5 -4 -3 -8
right_child=1 6 3 -5 -6 -7 7 -9
leaf_value=0.026176110878961822 0.00041056653554407156 0.013296310612958703 -0.025779018522137428 -0.0042544007473703559 -0.023070993224730753 -0.10978713446828842 0.0022001721917548362 -0.0073646208615203955
leaf_weight=0.59603321366012085 1.8090961817651989 1.4260093607008459 0.13392557483166434 0.81696852296590805 0.24240119569003582 0.13536505354568362 0.95547237992286715 1.3613041774369774
leaf_count=6 8 10 4 4 4 6 4 10
internal_value=0 -0.00226753 -0.00848989 -0.0206087 -0.04672 -0.0680076 0.00294897 -0.00341996
internal_weight=0 6.88054 3.13776 1.32866 0.511692 0.269291 3.74279 2.31678
internal_count=56 50 26 18 14 10 24 14
is_linear=0
shrinkage=0.1


Tree=38
num_leaves=7
num_cat=0
split_feature=1 3 4 5 4 0
split_gain=0.0400939 0.0507295 0.103267 0.0668528 0.0406645 0.0108427
threshold=0.41000000000000009 0.36475000000000007 0.45240000000000008 0.15000000000000005 0.59120000000000006 0.95000000000000007
decision_type=2 2 2 2 2 2
left_child=-1 2 -2 -3 -5 -4
right_child=1 3 5 4 -6 -7
leaf_value=0.012698040332528479 -0.062580888349998295 0.041279250556019144 0.0014095442354933188 -0.011606101744465365 0.01248887294984587 -0.013854397667435943
leaf_weight=1.8627840429544447 0.39051840640604529 0.41276259720325503 0.95566736534237839 1.710170364007354 1.1862915782257912 0.90710142906755209
leaf_count=6 6 6 4 16 8 10
internal_value=0 -0.00425234 -0.0158254 0.00362791 -0.00173763 -0.00602345
internal_weight=0 5.56251 2.25329 3.30922 2.89646 1.86277
internal_count=56 50 20 30 24 14
is_linear=0
shrinkage=0.1


Tree=39
num_leaves=8
num_cat=0
split_feature=0 5 1 1 3 1 1
split_gain=0.0461663 0.0187992 0.0333744 0.0554996 0.0778243 0.0198276 0.0028598
threshold=0.64285000000000003 0.35000000000000003 0.48500000000000004 0.66500000000000015 0.39985000000000009 0.57500000000000007 0.59500000000000008
decision_type=2 2 2 2 2 2 2
left_child=-1 2 -2 4 -4 -3 -7
right_child=1 5 3 -5 -6 6 -8
leaf_value=0.027091815403461113 0.00076262930186770067 0.011833206494649829 -0.10731593425306561 -0.0045345933399584667 -0.020115202956929701 0.00096634204682529096 -0.006187215116502027
leaf_weight=0.57955145277082909 1.788323473185301 1.4074688740074637 0.14924133475869872 0.81757865846157074 0.32571879960596561 0.95260309055447612 1.3519959789700804
leaf_count=6 8 10 8 4 6 4 10
internal_value=0 -0.00231139 -0.00808586 -0.0203284 -0.0475153 0.00248118 -0.0032303
internal_weight=0 6.79293 3.08086 1.29254 0.47496 3.71207 2.3046
internal_count=56 50 26 18 14 24 14
is_linear=0
shrinkage=0.1


Tree=40
num_leaves=8
num_cat=0
split_feature=1 5 4 4 4 1 0
split_gain=0.039542 0.046234 0.105268 0.0320836 0.0156619 0.0144808 0.00161072
threshold=0.41000000000000009 0.35000000000000003 0.51755000000000007 0.55425000000000013 0.59120000000000006 0.57500000000000007 0.95000000000000007
decision_type=2 2 2 2 2 2 2
left_child=-1 2 -2 -4 6 -5 -3
right_child=1 4 3 5 -6 -7 -8
leaf_value=0.012644876838729344 -0.062392265547757564 0.00091014934996517735 0.0056296625354766957 -0.046690219493433716 0.011637274881560205 -0.0091266957527525502 -0.0043044624536490951
leaf_weight=1.8489033579826353 0.40398261696100224 0.95085319504141863 0.96501543885096885 0.20349875465035439 1.1756773404777048 0.20703673642128706 1.571066633798182
leaf_count=6 8 4 8 6 8 4 12
internal_value=0 -0.0042685 -0.0175123 -0.00433154 0.00210529 -0.0277466 -0.00233837
internal_weight=0 5.47713 1.77953 1.37555 3.6976 0.410535 2.52192
internal_count=56 50 26 18 24 10 16
is_linear=0
shrinkage=0.1


Tree=41
num_leaves=5
num_cat=0
split_feature=0 4 3 0
split_gain=0.0406379 0.017124 0.00972 0.00918031
threshold=0.64285000000000003 0.59120000000000006 0.45575000000000004 0.95000000000000007
decision_type=2 2 2 2
left_child=-1 2 3 -2
right_child=1 -3 -4 -5
leaf_value=0.025704199797353996 -0.004227715299486106 0.0081634891118277514 0.0015746944560796417 -0.015045999299797913
leaf_weight=0.56722051091492165 2.5796725014224648 1.2951874914579091 1.7221392421051858 1.1271350677125158
leaf_count=6 10 12 14 14
internal_value=0 -0.00216829 -0.00463315 -0.00751725
internal_weight=0 6.72413 5.42895 3.70681
internal_count=56 50 38 24
is_linear=0
shrinkage=0.1


Tree=42
num_leaves=8
num_cat=0
split_feature=1 4 5 5 4 4 1
split_gain=0.0333929 0.0416501 0.049035 0.0322451 0.0313198 0.105214 0.00443859
threshold=0.41000000000000009 0.52050000000000007 0.15000000000000005 0.35000000000000003 0.59120000000000006 0.54930000000000012 0.6100000000000001
decision_type=2 2 2 2 2 2 2
left_child=-1 3 -3 -2 5 -4 -5
right_child=1 2 4 6 -6 -7 -8
leaf_value=0.011661601904542868 -0.023604309880348243 0.039870237561555305 0.027223893694512221 -0.0083091148880361232 0.0075361112704787174 -0.083622053707096577 0.00052332248899704392
leaf_weight=1.8358318060636518 1.213633959181607 0.38369054906070221 0.17590469913557161 1.0353367328643799 1.2004432016983626 0.16686169151216745 1.2630818150937557
leaf_count=6 12 6 4 6 10 8 4
internal_value=0 -0.00393619 0.00787794 -0.010418 -7.63558e-05 -0.0267369 -0.0034553
internal_weight=0 5.43895 1.9269 3.51205 1.54321 0.342766 2.29842
internal_count=56 50 28 22 22 12 10
is_linear=0
shrinkage=0.1


Tree=43
num_leaves=6
num_cat=0
split_feature=0 4 2 4 0
split_gain=0.0386179 0.0128716 0.00890446 0.0102426 0.00263876
threshold=0.64285000000000003 0.59120000000000006 0.55000000000000016 0.52050000000000007 0.95000000000000007
decision_type=2 2 2 2 2
left_child=-1 2 3 4 -2
right_child=1 -3 -4 -5 -6
leaf_value=0.025367018390354757 -0.0026632231046819672 0.0068848029668488733 -0.012394180792776746 0.0031610334552558878 -0.0094541522964488832
leaf_weight=0.55404268205165852 0.97516882233321678 1.2840490429662166 1.0761446359101681 1.9395166509784756 1.3846494797617197
leaf_count=6 6 12 12 12 8
internal_value=0 -0.00211042 -0.00425912 -0.00222288 -0.00664788
internal_weight=0 6.65953 5.37548 4.29933 2.35982
internal_count=56 50 38 26 14
is_linear=0
shrinkage=0.1


Tree=44
num_leaves=8
num_cat=0
split_feature=1 3 4 5 1 4 3
split_gain=0.0319796 0.0344356 0.0274582 0.0261774 0.0840833 0.0123381 0.0238474
threshold=0.41000000000000009 0.36475000000000007 0.52050000000000007 0.35000000000000003 0.66500000000000015 0.5697000000000001 0.47130000000000005
decision_type=2 2 2 2 2 2 2
left_child=-1 3 -3 4 -2 6 -4
right_child=1 2 5 -5 -6 -7 -8
leaf_value=0.011442243758984606 -0.059509710796617349 -0.0078889050884480404 0.043533652396766313 -0.0011647178866706789 -0.004417441804134792 0.0056540451277001793 0.0003483331893412967
leaf_weight=1.8237662538886068 0.41966184461489342 1.3702887436375024 0.2820480428636073 0.9660087008960544 0.81510786060243845 1.2878915118053553 0.23392150178551674
leaf_count=6 10 8 4 6 4 12 6
internal_value=0 -0.00388247 0.00278241 -0.0134951 -0.0231417 0.0108888 0.023955
internal_weight=0 5.37493 3.17415 2.20078 1.23477 1.80386 0.51597
internal_count=56 50 30 20 14 22 10
is_linear=0
shrinkage=0.1


Tree=45
num_leaves=8
num_cat=0
split_feature=2 1 4 1 3 3 1
split_gain=0.0385856 0.0138498 0.0105947 0.0138517 0.0056818 0.0349579 0.0030247
threshold=0.45000000000000007 0.63000000000000012 0.54930000000000012 0.55500000000000016 0.39985000000000009 0.47130000000000005 0.59500000000000008
decision_type=2 2 2 2 2 2 2
left_child=-1 2 3 -2 -4 -6 -5
right_child=1 -3 4 6 5 -7 -8
leaf_value=0.025721732552085281 -0.009656190151887456 -0.012635337350553819 0.0033226209040421797 0.0060625589976771067 0.038755717999442295 -0.022709660273324831 -0.0011100312555448269
leaf_weight=0.53927590511739243 1.697886887937784 1.0491458019241688 1.0982764409855006 1.0859313327819109 0.26343906298279751 0.14262618497014046 1.2820596094243228
leaf_count=6 8 10 8 6 8 4 6
internal_value=0 -0.00209553 -0.000110371 -0.00276317 0.00705952 0.0171666 0.00217923
internal_weight=0 6.61937 5.57022 4.06588 1.50434 0.406065 2.36799
internal_count=56 50 40 20 20 12 12
is_linear=0
shrinkage=0.1


Tree=46
num_leaves=8
num_cat=0
split_feature=1 5 4 4 4 1 4
split_gain=0.0340942 0.0401241 0.0792027 0.029925 0.0141243 0.00390863 0.00143164
threshold=0.41000000000000009 0.35000000000000003 0.51755000000000007 0.55425000000000013 0.59120000000000006 0.57500000000000007 0.47750000000000004
decision_type=2 2 2 2 2 2 2
left_child=-1 2 -2 -4 6 -5 -3
right_child=1 4 3 5 -6 -7 -8
leaf_value=0.011861359825665829 -0.056931686512118766 0.00072862464242397749 0.004378946832474531 -0.03949647207228376 0.011072067097837243 -0.019117691839798175 -0.0042279331156129833
leaf_weight=1.8087678253650663 0.37999175675213326 0.94105049222707826 0.94453069102019049 0.18183746282011271 1.1506270281970499 0.19509685877710581 1.5304645658470688
leaf_count=6 8 4 8 6 8 4 12
internal_value=0 -0.00403007 -0.016697 -0.00512741 0.00192008 -0.0289487 -0.00234068
internal_weight=0 5.3236 1.70146 1.32147 3.62214 0.376934 2.47152
internal_count=56 50 26 18 24 10 16
is_linear=0
shrinkage=0.1


Tree=47
num_leaves=6
num_cat=0
split_feature=2 4 2 3 5
split_gain=0.0341021 0.0137301 0.0072445 0.00959444 0.00603248
threshold=0.45000000000000007 0.59120000000000006 0.55000000000000016 0.45575000000000004 0.35000000000000003
decision_type=2 2 2 2 2
left_child=-1 2 3 4 -2
right_child=1 -3 -4 -5 -6
leaf_value=0.024462924212604226 -0.0096765181129618849 0.0074130577683529791 -0.01154123457085543 0.0036983380406367047 0.00033492644272038979
leaf_weight=0.52752559818327416 1.6773657849989834 1.2620190326124427 1.0705382595770059 1.6255316138267515 0.93868784606456745
leaf_count=6 10 12 12 12 4
internal_value=0 -0.00196297 -0.00419046 -0.00233519 -0.00608423
internal_weight=0 6.57414 5.31212 4.24159 2.61605
internal_count=56 50 38 26 14
is_linear=0
shrinkage=0.1


Tree=48
num_leaves=8
num_cat=0
split_feature=1 5 4 4 4 1 4
split_gain=0.0289807 0.0326631 0.0840724 0.0199352 0.0129447 0.00766358 0.00143363
threshold=0.41000000000000009 0.35000000000000003 0.51755000000000007 0.55425000000000013 0.59120000000000006 0.57500000000000007 0.47750000000000004
decision_type=2 2 2 2 2 2 2
left_child=-1 2 -2 -4 6 -5 -3
right_child=1 4 3 5 -6 -7 -8
leaf_value=0.010988215333145831 -0.056913568225863125 0.00063512515996377362 0.0044020762448847553 -0.038536490029837611 0.010421799207064174 -0.0093515419466920959 -0.0043294885203293615
leaf_weight=1.7930144146084783 0.37581735476851452 0.9385927580297001 0.94437718810513593 0.17158615402877331 1.1453831717371938 0.18916392233222723 1.5294965556822715
leaf_count=6 8 4 8 6 8 4 12
internal_value=0 -0.00372129 -0.0152374 -0.00323653 0.00163586 -0.023233 -0.00244149
internal_weight=0 5.29442 1.68094 1.30513 3.61347 0.36075 2.46809
internal_count=56 50 26 18 24 10 16
is_linear=0
shrinkage=0.1


Tree=49
num_leaves=7
num_cat=0
split_feature=1 4 5 4 4 5
split_gain=0.0255365 0.0285857 0.0299758 0.0364123 0.0819951 0.0251424
threshold=0.41000000000000009 0.52050000000000007 0.15000000000000005 0.59120000000000006 0.54930000000000012 0.35000000000000003
decision_type=2 2 2 2 2 2
left_child=-1 5 -3 4 -4 -2
right_child=1 2 3 -5 -6 -7
leaf_value=0.010348764010922466 -0.020608087195024577 0.033393393675213538 0.02068749950567228 0.0084789828823125888 -0.082627009715965566 -0.0026609424021532954
leaf_weight=1.783080145716667 1.1901146247982981 0.34039082936942566 0.1560791959054767 1.1808608151040969 0.15126953762955964 2.2683547548949718
leaf_count=6 12 6 4 10 8 10
internal_value=0 -0.00349016 0.00662214 0.00049888 -0.0301614 -0.00883684
internal_weight=0 5.28707 1.8286 1.48821 0.307349 3.45847
internal_count=56 50 28 22 12 22
is_linear=0
shrinkage=0.1


Tree=50
num_leaves=8
num_cat=0
split_feature=1 5 4 4 1 4 4
split_gain=0.0273398 0.0252239 0.0684516 0.019503 0.0176471 0.00980886 0.000830941
threshold=0.41000000000000009 0.35000000000000003 0.51755000000000007 0.55425000000000013 0.63000000000000012 0.59120000000000006 0.47750000000000004
decision_type=2 2 2 2 2 2 2
left_child=-1 2 -2 -4 -5 6 -3
right_child=1 5 3 4 -6 -7 -8
leaf_value=0.010649262757084371 -0.051861797313829019 -0.00015602930414291823 0.0044069592664978683 -0.044326272279443975 0.0014927957497233584 0.008756477137048824 -0.0039553162854742124
leaf_weight=1.794448524713516 0.36852947156876315 0.93178051337599832 0.94559701252728678 0.18533023912459612 0.15382887423038483 1.1333432532846925 1.5061991433613
leaf_count=6 8 4 8 8 2 8 12
internal_value=0 -0.0036576 -0.0138698 -0.00297189 -0.0235446 0.00106997 -0.00250325
internal_weight=0 5.22461 1.65329 1.28476 0.339159 3.57132 2.43798
internal_count=56 50 26 18 10 24 16
is_linear=0
shrinkage=0.1


Tree=51
num_leaves=7
num_cat=0
split_feature=1 4 2 5 3 3
split_gain=0.0250941 0.0277712 0.0350819 0.0224829 0.00467917 0.0505973
threshold=0.41000000000000009 0.52050000000000007 0.55000000000000016 0.35000000000000003 0.39985000000000009 0.42870000000000003
decision_type=2 2 2 2 2 2
left_child=-1 3 -3 -2 -4 -6
right_child=1 2 4 -5 5 -7
leaf_value=0.010204816898316229 -0.019872804400924558 0.038445618931364264 0.0038458925775804033 -0.0028759697265952015 0.0216791034484436 -0.050522554892207243
leaf_weight=1.7929114103317259 1.1883366741240027 0.29048460070043769 1.0800500214099882 2.2551525235176086 0.22960845381021511 0.16812839452177286
leaf_count=6 12 8 8 10 4 8
internal_value=0 -0.00351058 0.00667604 -0.00874152 0.000431176 -0.00884145
internal_weight=0 5.21176 1.76827 3.44349 1.47779 0.397737
internal_count=56 50 28 22 20 12
is_linear=0
shrinkage=0.1


Tree=52
num_leaves=7
num_cat=0
split_feature=1 4 5 1 4 1
split_gain=0.0243251 0.0252316 0.0211535 0.0159392 0.00366041 0.00665763
threshold=0.41000000000000009 0.52050000000000007 0.35000000000000003 0.53500000000000014 0.59120000000000006 0.63000000000000012
decision_type=2 2 2 2 2 2
left_child=-1 2 -2 -3 5 -5
right_child=1 3 -4 4 -6 -7
leaf_value=0.010044662222887423 -0.019282858275421085 0.032321792616609613 -0.0027678218340748597 0.0065645652537921128 0.0056021691552653611 -0.020064798617944801
leaf_weight=1.791570261120796 1.1811710335314276 0.20781576074659813 2.2586020156741142 0.20326048275455821 1.1569782621227203 0.17447464540600777
leaf_count=6 12 6 10 8 10 4
internal_value=0 -0.00347253 -0.00843886 0.00633108 0.00281167 -0.00573545
internal_weight=0 5.1823 3.43977 1.74253 1.53471 0.377735
internal_count=56 50 22 28 22 12
is_linear=0
shrinkage=0.1


Tree=53
num_leaves=7
num_cat=0
split_feature=1 4 5 5 3 3
split_gain=0.0204383 0.0205657 0.0176721 0.0165591 0.00171874 0.000966156
threshold=0.41000000000000009 0.52050000000000007 0.15000000000000005 0.35000000000000003 0.39985000000000009 0.47130000000000005
decision_type=2 2 2 2 2 2
left_child=-1 3 -3 -2 -4 -6
right_child=1 2 4 -5 5 -7
leaf_value=0.0092009103360604551 -0.017338711410224139 0.027315802702896925 0.002827676628845071 -0.002678454577601156 0.00070214399017895816 -0.010473896760601101
leaf_weight=1.7913979366421697 1.1695289784111085 0.3103704061359166 1.1003606645390389 2.2580072470009327 0.13804118614643801 0.1759417150169611
leaf_count=6 12 6 10 10 6 6
internal_value=0 -0.00319908 0.00570739 -0.00768076 0.000965532 -0.0055604
internal_weight=0 5.15225 1.72471 3.42754 1.41434 0.313983
internal_count=56 50 28 22 22 12
is_linear=0
shrinkage=0.1


Tree=54
num_leaves=8
num_cat=0
split_feature=1 5 4 4 3 3 1
split_gain=0.0208785 0.0215748 0.056557 0.0153403 0.0107164 0.00805371 0.00100071
threshold=0.41000000000000009 0.35000000000000003 0.51755000000000007 0.55425000000000013 0.42870000000000003 0.36475000000000007 0.57500000000000007
decision_type=2 2 2 2 2 2 2
left_child=-1 2 -2 -4 5 -3 -5
right_child=1 4 3 6 -6 -7 -8
leaf_value=0.0093003161542938462 -0.048421307838172549 -0.00093584288541697551 0.0036129385460842312 -0.027756739427066964 -0.0053529746804873808 0.011624676199888821 -0.016588728322906036
leaf_weight=1.7901064082980154 0.34978241473436344 0.95207704184576947 0.92668980499729492 0.14750429149717093 1.4851808538660405 1.100598271936178 0.1759296846576035
leaf_count=6 8 6 8 6 12 6 4
internal_value=0 -0.00324043 -0.0128767 -0.0029314 0.00111733 0.00579882 -0.021682
internal_weight=0 5.13776 1.59991 1.25012 3.53786 2.05268 0.323434
internal_count=56 50 26 18 24 12 10
is_linear=0
shrinkage=0.1


Tree=55
num_leaves=7
num_cat=0
split_feature=0 3 1 0 3 3
split_gain=0.0198741 0.0117164 0.0154293 0.00506578 0.00204148 0.0741591
threshold=0.8660500000000001 0.36475000000000007 0.59500000000000008 0.95000000000000007 0.39985000000000009 0.47130000000000005
decision_type=2 2 2 2 2 2
left_child=-1 3 4 -2 -3 -6
right_child=1 2 -4 -5 5 -7
leaf_value=0.017647321607247992 -0.0032495726960343552 0.0079698365296598916 -0.004194182206038964 -0.011911983108051132 0.058565083254685325 -0.024982006106355349
leaf_weight=0.58427038323134173 2.519050527364016 1.0124213621020319 1.4556790255010126 0.92226787307299662 0.20965715870261181 0.21539355628192425
leaf_count=10 8 4 10 12 6 6
internal_value=0 -0.00162773 0.00306278 -0.00557108 0.0104117 0.0162278
internal_weight=0 6.33447 2.89315 3.44132 1.43747 0.425051
internal_count=56 46 26 20 16 12
is_linear=0
shrinkage=0.1


Tree=56
num_leaves=8
num_cat=0
split_feature=1 5 4 4 3 1 4
split_gain=0.0186153 0.0218523 0.0523935 0.00906226 0.00473963 0.0077649 0.000991382
threshold=0.41000000000000009 0.35000000000000003 0.51755000000000007 0.59120000000000006 0.39985000000000009 0.53500000000000014 0.47750000000000004
decision_type=2 2 2 2 2 2 2
left_child=-1 2 -2 6 -4 -6 -3
right_child=1 3 4 -5 5 -7 -8
leaf_value=0.0087963054471554957 -0.047294135723396274 0.00041701378437794832 -0.0072217442316679613 0.0087760716147268041 0.020259203202879938 -0.0090280751137635142 -0.0037531850676983253
leaf_weight=1.7821816205978391 0.34515862632542837 0.92856409028172571 0.86801379732787587 1.1112350048497317 0.19108907785266638 0.17201993986964226 1.4765760793816296
leaf_count=6 8 4 8 8 6 4 12
internal_value=0 -0.00307828 -0.0128621 0.00130749 -0.00320867 0.00638459 -0.00214318
internal_weight=0 5.09266 1.57628 3.51638 1.23112 0.363109 2.40514
internal_count=56 50 26 24 18 10 16
is_linear=0
shrinkage=0.1


Tree=57
num_leaves=8
num_cat=0
split_feature=1 5 4 4 3 1 4
split_gain=0.0169963 0.0190149 0.0536762 0.00848627 0.00379963 0.00315819 0.00102363
threshold=0.41000000000000009 0.35000000000000003 0.51755000000000007 0.59120000000000006 0.39985000000000009 0.53500000000000014 0.47750000000000004
decision_type=2 2 2 2 2 2 2
left_child=-1 2 -2 6 -4 -6 -3
right_child=1 3 4 -5 5 -7 -8
leaf_value=0.0084093060734951701 -0.047055175916945038 0.00041077046012654269 -0.0058867198309081412 0.0083874036544379985 0.015249950320056497 -0.0035573774721476591 -0.0038305992761549787
leaf_weight=1.7800364494323728 0.34308846248313773 0.92760320007801134 0.87303597154095747 1.1087660687044261 0.1885705403983593 0.16958071477711201 1.4719965620897708
leaf_count=6 8 4 8 8 6 4 12
internal_value=0 -0.0029451 -0.012076 0.00115212 -0.00232856 0.00634489 -0.00219103
internal_weight=0 5.08264 1.57428 3.50837 1.23119 0.358151 2.3996
internal_count=56 50 26 24 18 10 16
is_linear=0
shrinkage=0.1


Tree=58
num_leaves=8
num_cat=0
split_feature=1 5 4 4 3 1 4
split_gain=0.0159521 0.0171843 0.0460452 0.00791159 0.00376822 0.00116185 0.00104396
threshold=0.41000000000000009 0.35000000000000003 0.51755000000000007 0.59120000000000006 0.39985000000000009 0.53500000000000014 0.47750000000000004
decision_type=2 2 2 2 2 2 2
left_child=-1 2 -2 6 -4 -6 -3
right_child=1 3 4 -5 5 -7 -8
leaf_value=0.0081443214070897243 -0.044323336300971468 0.00042190289726708923 -0.0061249354349638668 0.0080157307382929463 0.011528944930932877 7.3296888416239539e-05 -0.0038644295228256321
leaf_weight=1.7795176878571508 0.33695726096630085 0.9269779101014145 0.8684408660046754 1.107418213970959 0.18689183797687292 0.16822585184127092 1.468151372624561
leaf_count=6 8 4 8 8 6 4 12
internal_value=0 -0.00286248 -0.0115905 0.00102619 -0.00257621 0.00610219 -0.00220551
internal_weight=0 5.06306 1.56052 3.50255 1.22356 0.355118 2.39513
internal_count=56 50 26 24 18 10 16
is_linear=0
shrinkage=0.1


Tree=59
num_leaves=5
num_cat=0
split_feature=0 3 3 0
split_gain=0.0206467 0.0116601 0.012235 0.00503786
threshold=0.8660500000000001 0.36475000000000007 0.42870000000000003 0.95000000000000007
decision_type=2 2 2 2
left_child=-1 3 -3 -2
right_child=1 2 -4 -5
leaf_value=0.018401971692256523 -0.0032715275254952426 0.01067910271314481 -0.0025875295079063137 -0.011964746455285254
leaf_weight=0.55967279290780414 2.5136416703462605 1.2155320793390276 1.6238012397661803 0.90723165008239437
leaf_count=10 8 8 18 12
internal_value=0 -0.00164517 0.00309198 -0.00557701
internal_weight=0 6.26021 2.83933 3.42087
internal_count=56 46 26 20
is_linear=0
shrinkage=0.1


Tree=60
num_leaves=8
num_cat=0
split_feature=1 5 4 4 1 3 3
split_gain=0.016636 0.0164998 0.0391092 0.0169614 0.00838901 0.00703114 0.00557467
threshold=0.41000000000000009 0.35000000000000003 0.51755000000000007 0.55425000000000013 0.57500000000000007 0.42870000000000003 0.36475000000000007
decision_type=2 2 2 2 2 2 2
left_child=-1 2 -2 -4 -5 6 -3
right_child=1 5 3 4 -6 -7 -8
leaf_value=0.008337149479612933 -0.042064894200586678 -0.00090753373059763824 0.003527666538570172 -0.041451321595804613 -0.0081211104708392278 -0.004379009718395715 0.0096204777534016558
leaf_weight=1.7711045891046522 0.32987705571576942 0.94256968609988767 0.91652358043938853 0.14224369637668133 0.16097444016486406 1.4702791096642611 1.0783625338226555
leaf_count=6 8 6 8 6 4 12 6
internal_value=0 -0.00292927 -0.0115167 -0.00325503 -0.0237568 0.000882382 0.00471018
internal_weight=0 5.04083 1.54962 1.21974 0.303218 3.49121 2.02093
internal_count=56 50 26 18 10 24 12
is_linear=0
shrinkage=0.1


Tree=61
num_leaves=7
num_cat=0
split_feature=0 3 1 0 3 3
split_gain=0.0204967 0.0102547 0.0100727 0.00500339 0.0014386 0.0616039
threshold=0.8660500000000001 0.36475000000000007 0.59500000000000008 0.95000000000000007 0.39985000000000009 0.47130000000000005
decision_type=2 2 2 2 2 2
left_child=-1 3 4 -2 -3 -6
right_child=1 2 -4 -5 5 -7
leaf_value=0.018479334157859958 -0.0030278662619568223 0.0068256912728540554 -0.0030654352340542105 -0.011708860601697277 0.054844082750227889 -0.023769529811489023
leaf_weight=0.55152996256947506 2.5074242129921918 0.99924718588590644 1.43817344866693 0.9030514177866279 0.19151225686073303 0.20788293331861496
leaf_count=10 8 4 10 12 6 6
internal_value=0 -0.00163141 0.00281088 -0.00532649 0.00885329 0.0139261
internal_weight=0 6.24729 2.83682 3.41048 1.39864 0.399395
internal_count=56 46 26 20 16 12
is_linear=0
shrinkage=0.1


Tree=62
num_leaves=8
num_cat=0
split_feature=1 5 4 3 3 3 1
split_gain=0.0153945 0.0172379 0.0347644 0.00563193 0.0047389 0.00224045 0.00114975
threshold=0.41000000000000009 0.35000000000000003 0.51755000000000007 0.42870000000000003 0.36475000000000007 0.39985000000000009 0.53500000000000014
decision_type=2 2 2 2 2 2 2
left_child=-1 2 -2 4 -3 -4 -7
right_child=1 3 5 -5 -6 6 -8
leaf_value=0.0080321577268147731 -0.040666599781252477 -0.00068394632041302028 -0.0065433507309046839 -0.0036555863589711282 0.0090477843115788197 0.0085709399885823684 -0.003077696003678698
leaf_weight=1.7641154453158376 0.3256533914245664 0.93979214108549136 0.86291337665170409 1.4646050631999967 1.0701717305928466 0.17854833789169788 0.16126411315053701
leaf_count=6 8 6 8 12 6 6 4
internal_value=0 -0.00283226 -0.0116827 0.00106083 0.00449755 -0.00383491 0.00304287
internal_weight=0 5.00295 1.52838 3.47457 2.00996 1.20273 0.339812
internal_count=56 50 26 24 12 18 10
is_linear=0
shrinkage=0.1


Tree=63
num_leaves=5
num_cat=0
split_feature=0 3 3 0
split_gain=0.0170999 0.00946323 0.00891743 0.00503154
threshold=0.8660500000000001 0.36475000000000007 0.42870000000000003 0.95000000000000007
decision_type=2 2 2 2
left_child=-1 3 -3 -2
right_child=1 2 -4 -5
leaf_value=0.016983189668573203 -0.0027274960601856636 0.0093519233375880095 -0.0020572621856406186 -0.011442464646236885
leaf_weight=0.54498576279729594 2.5024977698922162 1.1955105774104597 1.6044754497706888 0.9009891569148748
leaf_count=10 8 8 18 12
internal_value=0 -0.001492 0.00281412 -0.00503457
internal_weight=0 6.20347 2.79999 3.40349
internal_count=56 46 26 20
is_linear=0
shrinkage=0.1


Tree=64
num_leaves=8
num_cat=0
split_feature=1 5 4 3 3 1 3
split_gain=0.0156667 0.0168584 0.0307307 0.00480887 0.00376619 0.00197917 0.00871128
threshold=0.41000000000000009 0.35000000000000003 0.51755000000000007 0.42870000000000003 0.36475000000000007 0.66500000000000015 0.45575000000000004
decision_type=2 2 2 2 2 2 2
left_child=-1 2 -2 4 -3 6 -4
right_child=1 3 5 -5 -6 -7 -8
leaf_value=0.0081206056579091138 -0.039136408675398658 -0.00044917872273095467 -0.024142578877860196 -0.0033721994986151459 0.0082408564298349762 -0.0014858924612540186 0.0059722187068031634
leaf_weight=1.7566080689430235 0.3207566482014953 0.93784605967812318 0.20718461694195844 1.4614092614501712 1.0651319641619919 0.81243743747472763 0.17908197734504938
leaf_count=6 8 6 8 12 6 4 6
internal_value=0 -0.00286219 -0.0116442 0.000989547 0.00417196 -0.00428767 -0.0101807
internal_weight=0 4.98385 1.51946 3.46439 2.00298 1.1987 0.386267
internal_count=56 50 26 24 12 18 14
is_linear=0
shrinkage=0.1


Tree=65
num_leaves=7
num_cat=0
split_feature=0 3 4 4 3 0
split_gain=0.0152529 0.00911714 0.00826912 0.00665231 0.0166607 0.00484588
threshold=0.8660500000000001 0.36475000000000007 0.52050000000000007 0.5697000000000001 0.47130000000000005 0.95000000000000007
decision_type=2 2 2 2 2 2
left_child=-1 5 -3 4 -4 -2
right_child=1 2 3 -5 -6 -7
leaf_value=0.016148159415716703 -0.0026216649244492139 -0.0029556349421364769 0.039241215555451292 0.0041256631401930619 -0.0037467570340757985 -0.011190221891401996
leaf_weight=0.53812788659706701 2.498060774058104 1.3109211027622225 0.19830934889614571 1.1172323254868386 0.16531221196055412 0.89702666853554536
leaf_count=10 8 6 4 10 6 12
internal_value=0 -0.00140455 0.00282875 0.00794936 0.0196977 -0.00488559
internal_weight=0 6.18686 2.79177 1.48085 0.363622 3.39509
internal_count=56 46 26 20 10 20
is_linear=0
shrinkage=0.1


Tree=66
num_leaves=7
num_cat=0
split_feature=1 5 0 3 3 3
split_gain=0.0158987 0.0170965 0.0274821 0.00785394 0.00487691 0.00365299
threshold=0.41000000000000009 0.35000000000000003 0.95000000000000007 0.39985000000000009 0.42870000000000003 0.36475000000000007
decision_type=2 2 2 2 2 2
left_child=-1 2 -2 -4 5 -3
right_child=1 4 3 -5 -6 -7
leaf_value=0.0081958606615616849 -0.035769160709977398 -0.00034929542152333692 -0.0087300318697151758 0.010887842808006167 -0.0034030395926659533 0.0082254061839209646
leaf_weight=1.7499048709869383 0.36255326913669672 0.93604968115687404 0.87958139553666115 0.26572256535291672 1.4606301826424894 1.0588435642421243
leaf_count=6 8 6 10 8 12 6
internal_value=0 -0.00288956 -0.0117742 -0.00417848 0.000987369 0.00420196
internal_weight=0 4.96338 1.50786 1.1453 3.45552 1.99489
internal_count=56 50 26 18 24 12
is_linear=0
shrinkage=0.1


Tree=67
num_leaves=8
num_cat=0
split_feature=1 5 4 3 1 3 3
split_gain=0.0155574 0.0171372 0.0234588 0.00453436 0.00353621 0.00783174 0.00351589
threshold=0.41000000000000009 0.35000000000000003 0.51755000000000007 0.42870000000000003 0.66500000000000015 0.45575000000000004 0.36475000000000007
decision_type=2 2 2 2 2 2 2
left_child=-1 2 -2 6 5 -4 -3
right_child=1 3 4 -5 -6 -7 -8
leaf_value=0.0081066851495802793 -0.036141148010799533 -0.00035820357040964175 -0.026847729674009415 -0.0032338544726723596 -0.0016514250122294169 0.0021506556775370178 0.0080547407155685674
leaf_weight=1.7489442601799963 0.31308932928368438 0.93548816279508207 0.2008440615609286 1.4539121743291614 0.8106108857318759 0.17366629093885422 1.0591928269714115
leaf_count=6 8 6 8 12 4 6 6
internal_value=0 -0.00286611 -0.0117959 0.00101337 -0.00536432 -0.0134007 0.00410914
internal_weight=0 4.9468 1.49821 3.44859 1.18512 0.37451 1.99468
internal_count=56 50 26 24 18 14 12
is_linear=0
shrinkage=0.1


Tree=68
num_leaves=5
num_cat=0
split_feature=0 3 3 0
split_gain=0.0160324 0.00748348 0.00688081 0.0045509
threshold=0.8660500000000001 0.36475000000000007 0.42870000000000003 0.95000000000000007
decision_type=2 2 2 2
left_child=-1 3 -3 -2
right_child=1 2 -4 -5
leaf_value=0.016749151640553215 -0.0023937392326180834 0.0082295773509043317 -0.0018511440257613018 -0.010716448079302788
leaf_weight=0.52648505475372065 2.4931845776736741 1.1748373508453371 1.5982288033701477 0.89208544371649612
leaf_count=10 8 8 18 12
internal_value=0 -0.00143191 0.00241965 -0.00458694
internal_weight=0 6.15834 2.77307 3.38527
internal_count=56 46 26 20
is_linear=0
shrinkage=0.1


Tree=69
num_leaves=8
num_cat=0
split_feature=4 3 3 3 0 4 1
split_gain=0.0144653 0.0139164 0.0693784 0.00996866 0.00710078 0.00159908 9.78053e-06
threshold=0.49515000000000003 0.42870000000000003 0.51265000000000016 0.36475000000000007 0.95000000000000007 0.52050000000000007 0.55500000000000016
decision_type=2 2 2 2 2 2 2
left_child=4 3 6 5 -1 -2 -3
right_child=1 2 -4 -5 -6 -7 -8
leaf_value=0.010799896478756293 -0.0017706084685010595 0.0052139262388191249 -0.085109335145123019 0.0057627620959382914 0.0003889262691225399 -0.0072052247381661555 0.0040624566245074456
leaf_weight=1.359936835244298 0.80991020984947759 0.17139096371829499 0.12038000160828233 1.1883862656541166 1.2640627585351467 1.6331822136417029 0.12950470391660929
leaf_count=10 4 6 6 10 6 10 4
internal_value=0 -0.00374531 -0.02095 -0.00174945 0.00578461 -0.00540359 0.00471834
internal_weight=0 4.05275 0.421276 3.63148 2.624 2.44309 0.300896
internal_count=56 40 16 24 16 14 10
is_linear=0
shrinkage=0.1


Tree=70
num_leaves=7
num_cat=0
split_feature=1 5 0 3 3 3
split_gain=0.0154238 0.0134843 0.0260734 0.00928102 0.00376863 0.00288348
threshold=0.41000000000000009 0.35000000000000003 0.95000000000000007 0.39985000000000009 0.42870000000000003 0.36475000000000007
decision_type=2 2 2 2 2 2
left_child=-1 2 -2 -4 5 -3
right_child=1 4 3 -5 -6 -7
leaf_value=0.0080983108673874874 -0.034391398315060176 -0.00061913638206399085 -0.0083062609412049831 0.0132270098440713 -0.0032804839555790853 0.0070252202952347607
leaf_weight=1.7381739690899847 0.35640982724726167 0.93184389197267625 0.87686647428199649 0.25936313159763813 1.4501772522926328 1.0488288775086401
leaf_count=6 8 6 10 8 12 6
internal_value=0 -0.00285901 -0.0107932 -0.00339094 0.000592865 0.00342879
internal_weight=0 4.92349 1.49264 1.13623 3.43085 1.98067
internal_count=56 50 26 18 24 12
is_linear=0
shrinkage=0.1


Tree=71
num_leaves=7
num_cat=0
split_feature=1 5 0 3 3 3
split_gain=0.0151697 0.0143439 0.0211626 0.00593952 0.00337677 0.00281721
threshold=0.41000000000000009 0.35000000000000003 0.95000000000000007 0.39985000000000009 0.42870000000000003 0.36475000000000007
decision_type=2 2 2 2 2 2
left_child=-1 2 -2 -4 5 -3
right_child=1 4 3 -5 -6 -7
leaf_value=0.0080307903958438207 -0.03246806108530563 -0.00060951631356696292 -0.0083097321359132999 0.0090140751332513803 -0.0029652729269004745 0.0069448415300454912
leaf_weight=1.7371926903724668 0.35206512687727776 0.93137290049344335 0.87545002088882029 0.25571731943637133 1.4425829532556234 1.0503981709480283
leaf_count=6 8 6 10 8 12 6
internal_value=0 -0.00284275 -0.0110573 -0.00439343 0.00071532 0.00339452
internal_weight=0 4.90759 1.48323 1.13117 3.42435 1.98177
internal_count=56 50 26 18 24 12
is_linear=0
shrinkage=0.1


Tree=72
num_leaves=7
num_cat=0
split_feature=0 3 0 4 4 3
split_gain=0.016243 0.00504449 0.00433618 0.00379889 0.00286648 0.00538418
threshold=0.8660500000000001 0.36475000000000007 0.95000000000000007 0.52050000000000007 0.5697000000000001 0.47130000000000005
decision_type=2 2 2 2 2 2
left_child=-1 2 -2 -3 5 -5
right_child=1 3 -4 4 -6 -7
leaf_value=0.017056153673138591 -0.0018771463512810135 -0.0021693907993976537 -0.0100078977442952 0.024776967955379894 0.0028049565697621233 -0.00047326242688368856
leaf_weight=0.51498765358701337 2.4836821332573895 1.3000688925385477 0.89129412453621615 0.18582873977720726 1.1008518324233589 0.15479099657386541
leaf_count=10 8 6 12 4 10 6
internal_value=0 -0.00143606 -0.00402439 0.00175029 0.00528547 0.0133023
internal_weight=0 6.11652 3.37498 2.74154 1.44147 0.34062
internal_count=56 46 20 26 20 10
is_linear=0
shrinkage=0.1


Tree=73
num_leaves=9
num_cat=0
split_feature=1 5 1 1 1 3 3 1
split_gain=0.0161674 0.0169878 0.0208485 0.0306809 0.0120933 0.00317551 0.0027326 0.000836568
threshold=0.41000000000000009 0.35000000000000003 0.66500000000000015 0.48500000000000004 0.63000000000000012 0.42870000000000003 0.36475000000000007 0.53500000000000014
decision_type=2 2 2 2 2 2 2 2
left_child=-1 2 3 -2 7 6 -3 -5
right_child=1 5 -4 4 -6 -7 -8 -9
leaf_value=0.0083074519741182951 -0.0060444189420386643 -0.00041082644174746997 -0.0011283310248938836 -0.061478658255044207 -0.027825511674539546 -0.0026408562260044118 0.0070356045432229362 -0.076236363500794102
leaf_weight=1.7305329293012617 0.37428250722587086 0.92980974493548307 0.81094967667013407 0.079900190699845552 0.13829185720533133 1.4368294146843252 1.0485609360039232 0.073974785162135959
leaf_count=6 8 6 4 4 4 12 6 6
internal_value=0 -0.00293838 -0.0118973 -0.0250013 -0.0492861 0.000937225 0.00353587 -0.0685734
internal_weight=0 4.8926 1.4774 0.666449 0.292167 3.4152 1.97837 0.153875
internal_count=56 50 26 22 14 24 12 10
is_linear=0
shrinkage=0.1


Tree=74
num_leaves=5
num_cat=0
split_feature=0 3 1 0
split_gain=0.0150633 0.0047277 0.00416462 0.00356267
threshold=0.8660500000000001 0.36475000000000007 0.59500000000000008 0.95000000000000007
decision_type=2 2 2 2
left_child=-1 3 -3 -2
right_child=1 2 -4 -5
leaf_value=0.01649522716867963 -0.0019445572863556041 0.0057008863040019161 -0.0021123526804208074 -0.0093298274905685343
leaf_weight=0.51081921625882376 2.481258694082499 1.3358669709414246 1.3941876180469988 0.88658974249847222
leaf_count=10 8 16 10 12
internal_value=0 -0.0013818 0.00171081 -0.00388874
internal_weight=0 6.0979 2.73005 3.36785
internal_count=56 46 26 20
is_linear=0
shrinkage=0.1


Tree=75
num_leaves=8
num_cat=0
split_feature=1 5 4 3 3 3 1
split_gain=0.0135133 0.00934939 0.0251273 0.00438661 0.00243282 0.00145522 0.000609581
threshold=0.41000000000000009 0.35000000000000003 0.51755000000000007 0.42870000000000003 0.36475000000000007 0.39985000000000009 0.53500000000000014
decision_type=2 2 2 2 2 2 2
left_child=-1 2 -2 4 -3 -4 -7
right_child=1 3 5 -5 -6 6 -8
leaf_value=0.0076070628228986845 -0.034773087184077692 -0.00045831221615025416 -0.0047872433270458627 -0.0040032537405767978 0.0065870654269727094 0.0073753298800536028 -0.0014337068045840254
leaf_weight=1.7252633310854433 0.30753006367012847 0.92890769313089583 0.84970928053371586 1.4413540540263055 1.037572583183646 0.16461112536489964 0.15026344545185566
leaf_count=6 8 6 8 12 6 6 4
internal_value=0 -0.00268941 -0.00934908 0.000187428 0.00325904 -0.00263539 0.00317151
internal_weight=0 4.87995 1.47211 3.40783 1.96648 1.16458 0.314875
internal_count=56 50 26 24 12 18 10
is_linear=0
shrinkage=0.1


Tree=76
num_leaves=5
num_cat=0
split_feature=0 3 1 0
split_gain=0.0134514 0.00447761 0.00514626 0.00343223
threshold=0.8660500000000001 0.36475000000000007 0.59500000000000008 0.95000000000000007
decision_type=2 2 2 2
left_child=-1 3 -3 -2
right_child=1 2 -4 -5
leaf_value=0.015690296991540207 -0.0018341177655900294 0.0061527145150506238 -0.0025349382511358977 -0.0090918526270911907
leaf_weight=0.50459211063571263 2.4780662544071679 1.3332533342763784 1.3955552750267086 0.88404279551468778
leaf_count=10 8 16 10 12
internal_value=0 -0.00129983 0.00170971 -0.00374249
internal_weight=0 6.09092 2.72881 3.36211
internal_count=56 46 26 20
is_linear=0
shrinkage=0.1


Tree=77
num_leaves=7
num_cat=0
split_feature=1 5 0 3 3 3
split_gain=0.012813 0.00472153 0.0265768 0.0190971 0.00661155 0.00217136
threshold=0.41000000000000009 0.35000000000000003 0.95000000000000007 0.39985000000000009 0.42870000000000003 0.36475000000000007
decision_type=2 2 2 2 2 2
left_child=-1 2 -2 -4 5 -3
right_child=1 4 3 -5 -6 -7
leaf_value=0.0074222312458802862 -0.031519616831880946 -0.00026790187670877678 -0.0070665197763189157 0.023665834165290681 -0.0056748836507888537 0.0064124403826572715
leaf_weight=1.719874497503042 0.34753239201381769 0.92730439966544542 0.86720282887108624 0.26367553696036339 1.4518585908226667 1.0236881673336027
leaf_count=6 8 6 10 8 12 6
internal_value=0 -0.00261517 -0.00733361 9.90342e-05 -0.000565178 0.00323728
internal_weight=0 4.88126 1.47841 1.13088 3.40285 1.95099
internal_count=56 50 26 18 24 12
is_linear=0
shrinkage=0.1


Tree=78
num_leaves=8
num_cat=0
split_feature=4 3 3 4 0 1 1
split_gain=0.0136322 0.0116743 0.0533655 0.00657429 0.00544587 0.00323985 0.00141858
threshold=0.49515000000000003 0.42870000000000003 0.51265000000000016 0.59120000000000006 0.95000000000000007 0.53500000000000014 0.66500000000000015
decision_type=2 2 2 2 2 2 2
left_child=4 3 5 6 -1 -3 -2
right_child=1 2 -4 -5 -6 -7 -8
leaf_value=0.010098287788803471 -0.0062709572490812233 0.015665856374139388 -0.076997002575242099 0.0047354437734710882 0.00091820318451927879 -0.0060835317100652285 -0.0011966920781330238
leaf_weight=1.334103113040328 1.7230412717908632 0.12612451426684845 0.11592173343524337 1.0586193425115196 1.2532634185627103 0.1498831370845437 0.80991875007748593
leaf_count=10 12 4 6 8 6 6 4
internal_value=0 -0.00367086 -0.0200587 -0.00188254 0.00565166 0.00385507 -0.00464845
internal_weight=0 3.98351 0.391929 3.59158 2.58737 0.276008 2.53296
internal_count=56 40 16 24 16 10 16
is_linear=0
shrinkage=0.1


Tree=79
num_leaves=8
num_cat=0
split_feature=1 5 4 3 1 4 3
split_gain=0.0135424 0.0112878 0.0199296 0.00292947 0.00265619 0.0226559 0.00223464
threshold=0.41000000000000009 0.35000000000000003 0.51755000000000007 0.42870000000000003 0.66500000000000015 0.5697000000000001 0.36475000000000007
decision_type=2 2 2 2 2 2 2
left_child=-1 2 -2 6 5 -4 -3
right_child=1 3 4 -5 -6 -7 -8
leaf_value=0.0076360693473141233 -0.032911996730361125 -0.00060096297520927685 0.0069164742938714859 -0.0029855060837820531 -0.0009589354244878617 -0.047464549727217774 0.0061608532673996744
leaf_weight=1.7152416519820688 0.30252471240237344 0.92563579068519208 0.22668655309826113 1.4274413622915743 0.81133261602371931 0.11571771278977394 1.0354945864528415
leaf_count=6 8 6 8 12 4 6 6
internal_value=0 -0.00270344 -0.0100664 0.00046085 -0.004076 -0.0114619 0.00296934
internal_weight=0 4.84483 1.45626 3.38857 1.15374 0.342404 1.96113
internal_count=56 50 26 24 18 14 12
is_linear=0
shrinkage=0.1


Tree=80
num_leaves=9
num_cat=0
split_feature=1 5 4 3 3 1 1 1
split_gain=0.0130331 0.00843064 0.0195712 0.00354438 0.00227255 0.00110791 0.032938 0.00529044
threshold=0.41000000000000009 0.35000000000000003 0.51755000000000007 0.42870000000000003 0.36475000000000007 0.66500000000000015 0.48500000000000004 0.63000000000000012
decision_type=2 2 2 2 2 2 2 2
left_child=-1 2 -2 4 -3 6 -4 -8
right_child=1 3 5 -5 -6 -7 7 -9
leaf_value=0.0074908116672653298 -0.031778805095535607 -0.00075765758201473026 0.04039405170936098 -0.0037154368251977815 0.0060666869834010992 -0.001095013816529508 -0.041581423747532008 -0.011685098139159421
leaf_weight=1.7144968919456003 0.30010300339199592 0.92592468438670072 0.099636500701308028 1.426175176631659 1.0316605456173418 0.81090713292360306 0.13077057688497007 0.10813797265291214
leaf_count=6 8 6 4 12 6 4 8 2
internal_value=0 -0.00265718 -0.00903821 7.63541e-05 0.00283882 -0.00310101 -0.00790591 -0.0280494
internal_weight=0 4.83332 1.44956 3.38376 1.95759 1.14945 0.338545 0.238909
internal_count=56 50 26 24 12 18 14 10
is_linear=0
shrinkage=0.1


Tree=81
num_leaves=5
num_cat=0
split_feature=1 5 3 3
split_gain=0.0137752 0.00824627 0.00603002 0.00240009
threshold=0.48500000000000004 0.35000000000000003 0.42870000000000003 0.36475000000000007
decision_type=2 2 2 2
left_child=-1 -2 3 -3
right_child=1 2 -4 -5
leaf_value=0.0066792134102252425 -0.01081352936191317 -0.00084126890718919925 -0.0057055317616852858 0.0061651788025820914
leaf_weight=2.0977330976165831 1.0675237518735228 0.92589689046144519 1.4153409115970133 1.0359262358397243
leaf_count=14 18 6 12 6
internal_value=0 -0.00315235 -0.000730652 0.00285843
internal_weight=0 4.44469 3.37716 1.96182
internal_count=56 42 24 12
is_linear=0
shrinkage=0.1


Tree=82
num_leaves=7
num_cat=0
split_feature=4 4 3 4 0 4
split_gain=0.0128799 0.00787781 0.00960458 0.00677026 0.004739 0.00252848
threshold=0.49515000000000003 0.52050000000000007 0.36475000000000007 0.5697000000000001 0.95000000000000007 0.55425000000000013
decision_type=2 2 2 2 2 2
left_child=4 -2 -3 5 -1 -4
right_child=1 2 3 -5 -6 -7
leaf_value=0.009674260353998463 -0.011817061027855872 -0.0064706715965706877 0.026088308368367469 0.00112718372526665 0.0010735060378697194 0.0082094039124236077
leaf_weight=1.3265014728531241 0.896915239747614 1.6141863605007531 0.16757530998438586 1.1347720483317969 1.2390375109389424 0.14981891214847565
leaf_count=10 8 10 6 12 6 4
internal_value=0 -0.00357356 -0.00116232 0.00473828 0.00552049 0.017649
internal_weight=0 3.96327 3.06635 1.45217 2.56554 0.317394
internal_count=56 40 32 22 16 10
is_linear=0
shrinkage=0.1


Tree=83
num_leaves=5
num_cat=0
split_feature=4 1 4 0
split_gain=0.012301 0.00553813 0.0104752 0.00433827
threshold=0.49515000000000003 0.57500000000000007 0.54930000000000012 0.95000000000000007
decision_type=2 2 2 2
left_child=3 2 -2 -1
right_child=1 -3 -4 -5
leaf_value=0.0093638533088792452 -0.0063291030859419593 -0.0099425158820605 0.0057975664878233447 0.0011452096246137617
leaf_weight=1.3248949274420738 1.7264116255100823 0.99951210897415865 1.2126797148957846 1.2465622685849667
leaf_count=10 10 16 14 6
internal_value=0 -0.00351234 -0.0013256 0.00537971
internal_weight=0 3.9386 2.93909 2.57146
internal_count=56 40 24 16
is_linear=0
shrinkage=0.1


Tree=84
num_leaves=8
num_cat=0
split_feature=1 5 4 3 3 1 3
split_gain=0.0117868 0.00936586 0.0192593 0.00254826 0.00235904 0.00174002 0.0102534
threshold=0.41000000000000009 0.35000000000000003 0.51755000000000007 0.42870000000000003 0.36475000000000007 0.66500000000000015 0.45575000000000004
decision_type=2 2 2 2 2 2 2
left_child=-1 2 -2 4 -3 6 -4
right_child=1 3 5 -5 -6 -7 -8
leaf_value=0.0071377299903177122 -0.031884551615770647 -0.00099286874209855605 -0.026987111166389882 -0.002895721068713266 0.0059639702569599931 -0.00088946383733020079 0.009025483998378549
leaf_weight=1.7065461389720438 0.29921053396537889 0.92460371064953539 0.16404423117637612 1.4159188680350778 1.0308881290256975 0.81066688476130366 0.15261031873524189
leaf_count=6 8 6 8 12 6 4 6
internal_value=0 -0.00253877 -0.00933099 0.000335192 0.00267461 -0.00334488 -0.00963099
internal_weight=0 4.79794 1.42653 3.37141 1.95549 1.12732 0.316655
internal_count=56 50 26 24 12 18 14
is_linear=0
shrinkage=0.1


Tree=85
num_leaves=5
num_cat=0
split_feature=4 0 1 4
split_gain=0.0125958 0.00407556 0.00372073 0.00835762
threshold=0.49515000000000003 0.95000000000000007 0.57500000000000007 0.54930000000000012
decision_type=2 2 2 2
left_child=1 -1 3 -2
right_child=2 -3 -4 -5
leaf_value=0.0093159347342443959 -0.0062413758338458651 0.0013462956182163489 -0.0088514991417521643 0.0046163241795705665
leaf_weight=1.3204269874840975 1.7216958140488721 1.2482707276940346 0.99411082733422507 1.2051932690665124
leaf_count=10 10 6 16 14
internal_value=0 0.00544305 -0.00356581 -0.00177054
internal_weight=0 2.5687 3.921 2.92689
internal_count=56 16 40 24
is_linear=0
shrinkage=0.1


Tree=86
num_leaves=5
num_cat=0
split_feature=4 1 4 0
split_gain=0.0119262 0.00376579 0.00753815 0.00368998
threshold=0.49515000000000003 0.57500000000000007 0.54930000000000012 0.95000000000000007
decision_type=2 2 2 2
left_child=3 2 -2 -1
right_child=1 -3 -4 -5
leaf_value=0.0089828595505076336 -0.0059115781709860905 -0.0087889496855505182 0.0044076745080407808 0.0013991788177473742
leaf_weight=1.3196771643124521 1.7198355477303273 0.99414467671886075 1.2030959129333494 1.2486821906641126
leaf_count=10 10 16 14 6
internal_value=0 -0.00347238 -0.00166411 0.00529583
internal_weight=0 3.91708 2.92293 2.56836
internal_count=56 40 24 16
is_linear=0
shrinkage=0.1


Tree=87
num_leaves=5
num_cat=0
split_feature=4 1 4 0
split_gain=0.0112662 0.00390662 0.00700402 0.003332
threshold=0.49515000000000003 0.57500000000000007 0.54930000000000012 0.95000000000000007
decision_type=2 2 2 2
left_child=3 2 -2 -1
right_child=1 -3 -4 -5
leaf_value=0.0086520154851498082 -0.0056281006738966542 -0.0087890940143952167 0.004324783694399841 0.0014451423550657819
leaf_weight=1.3190807770006359 1.7183257536962635 0.99468999612145115 1.2013933155685661 1.2489201361313462
leaf_count=10 10 16 14 6
internal_value=0 -0.00337664 -0.00153273 0.00514703
internal_weight=0 3.91441 2.91972 2.568
internal_count=56 40 24 16
is_linear=0
shrinkage=0.1


Tree=88
num_leaves=8
num_cat=0
split_feature=1 5 4 4 1 3 1
split_gain=0.0107806 0.00831325 0.0202095 0.00186628 0.00101925 0.0116644 1.54408e-05
threshold=0.41000000000000009 0.35000000000000003 0.51755000000000007 0.49515000000000003 0.66500000000000015 0.47130000000000005 0.63000000000000012
decision_type=2 2 2 2 2 2 2
left_child=-1 2 -2 -3 5 6 -4
right_child=1 3 4 -5 -6 -7 -8
leaf_value=0.0068470826065183329 -0.031978794911813289 0.0020614100517745604 0.0058207479961130699 -0.0028331354651603066 -0.00082487665736978165 -0.037318844566041967 0.0041336188384045658
leaf_weight=1.6972901187837122 0.29831545636989165 2.138795237988234 0.11808046908117809 1.2253365564392877 0.81034973682835698 0.092520446516573429 0.10034662112593651
leaf_count=6 8 8 8 16 4 4 2
internal_value=0 -0.00242937 -0.00884667 0.000278642 -0.00269249 -0.00755962 0.00504567
internal_weight=0 4.78374 1.41961 3.36413 1.1213 0.310948 0.218427
internal_count=56 50 26 24 18 14 10
is_linear=0
shrinkage=0.1


Tree=89
num_leaves=8
num_cat=0
split_feature=4 3 3 3 0 1 4
split_gain=0.0106475 0.0113958 0.0457622 0.00573618 0.00312178 0.00210367 0.00134115
threshold=0.49515000000000003 0.42870000000000003 0.51265000000000016 0.36475000000000007 0.95000000000000007 0.55500000000000016 0.52050000000000007
decision_type=2 2 2 2 2 2 2
left_child=4 3 5 6 -1 -3 -2
right_child=1 2 -4 -5 -6 -7 -8
leaf_value=0.0084093210130531046 -0.0009849728627992038 0.011200447416296555 -0.073770491079380981 0.0043190713989452222 0.001425616720072416 -0.0070996489075286079 -0.0059772688328670167
leaf_weight=1.3156259418465197 0.8096389137208474 0.14376981928944577 0.11072681332007051 1.1340550265740601 1.2465328816324472 0.11155804572626948 1.6045944141224024
leaf_count=10 4 6 6 10 6 4 10
internal_value=0 -0.0032804 -0.0200793 -0.00154737 0.00501163 0.00320476 -0.00430305
internal_weight=0 3.91434 0.366055 3.54829 2.56216 0.255328 2.41423
internal_count=56 40 16 24 16 10 14
is_linear=0
shrinkage=0.1


Tree=90
num_leaves=7
num_cat=0
split_feature=1 3 1 1 3 3
split_gain=0.0105045 0.0050082 0.00433694 0.00397713 0.000798225 0.055387
threshold=0.41000000000000009 0.36475000000000007 0.59500000000000008 0.66500000000000015 0.39985000000000009 0.47130000000000005
decision_type=2 2 2 2 2 2
left_child=-1 3 4 -2 -3 -6
right_child=1 2 -4 -5 5 -7
leaf_value=0.0067684477330875459 -0.0096879932301516362 0.0028661995538236257 -0.0035451170391623309 -0.0006831885158882754 0.055475280178465494 -0.021616329087899785
leaf_weight=1.6942829266190527 1.2407650282839315 0.96903077815659366 1.3810447277501223 0.81111704371869553 0.15200463961809874 0.24088153149932623
leaf_count=6 16 6 10 4 6 8
internal_value=0 -0.00239167 0.000403577 -0.00612836 0.00440773 0.00820982
internal_weight=0 4.79484 2.74296 2.05188 1.36192 0.392886
internal_count=56 50 30 20 20 14
is_linear=0
shrinkage=0.1


Tree=91
num_leaves=8
num_cat=0
split_feature=1 3 4 3 3 5 1
split_gain=0.00973974 0.0355214 0.00139922 0.0121437 0.0288187 0.00399609 0.000731011
threshold=0.41000000000000009 0.33550000000000008 0.49515000000000003 0.42870000000000003 0.51265000000000016 0.35000000000000003 0.55500000000000016
decision_type=2 2 2 2 2 2 2
left_child=-1 -2 -3 5 6 -4 -5
right_child=1 2 3 4 -6 -7 -8
leaf_value=0.0065122404238039822 -0.034710110078265057 0.0018330490838738033 -0.0033555420133575911 -0.0046012567261669345 -0.061784036549600165 0.0056840208931412707 0.0064362790288716061
leaf_weight=1.6939078494906423 0.31604856264311809 2.1334016881883144 0.93888150993734609 0.13669962622225273 0.10815272899344563 1.0206723585724831 0.10694871330633759
leaf_count=6 10 8 10 6 6 6 4
internal_value=0 -0.00231707 -1.37361e-05 -0.00171834 -0.0188253 0.00135289 0.000243637
internal_weight=0 4.76081 4.44476 2.31135 0.351801 1.95955 0.243648
internal_count=56 50 40 32 16 16 10
is_linear=0
shrinkage=0.1


Tree=92
num_leaves=5
num_cat=0
split_feature=4 0 1 4
split_gain=0.00959579 0.00373411 0.00362227 0.00776007
threshold=0.49515000000000003 0.95000000000000007 0.57500000000000007 0.54930000000000012
decision_type=2 2 2 2
left_child=1 -1 3 -2
right_child=2 -3 -4 -5
leaf_value=0.0085291153521565351 -0.0056614035555849042 0.00086591658273212969 -0.0083505104854559292 0.0048044790757434726
leaf_weight=1.2994916578754783 1.716793846338988 1.2451424980536103 0.98646585398819286 1.2062205327674744
leaf_count=10 10 6 16 14
internal_value=0 0.00477935 -0.00311082 -0.00134252
internal_weight=0 2.54463 3.90948 2.92301
internal_count=56 16 40 24
is_linear=0
shrinkage=0.1


Tree=93
num_leaves=8
num_cat=0
split_feature=1 5 4 1 4 4 1
split_gain=0.00939643 0.00795799 0.0178853 0.00155448 0.0492973 0.00151794 0.00133297
threshold=0.41000000000000009 0.35000000000000003 0.51755000000000007 0.66500000000000015 0.5697000000000001 0.59120000000000006 0.6100000000000001
decision_type=2 2 2 2 2 2 2
left_child=-1 2 -2 4 -4 6 -3
right_child=1 5 3 -5 -6 -7 -8
leaf_value=0.0064031427847867769 -0.030487395889761605 -0.0036394551301613606 0.02025220767267058 -0.00049656854222018582 -0.062962905632434202 0.0035748236921501961 0.0011866815528044602
leaf_weight=1.690843343734741 0.29446928831748653 1.0613185781985528 0.2039940769318489 0.81203907309100032 0.10935152461752295 1.0340702710673211 1.2420559949241576
leaf_count=6 8 10 8 4 6 8 6
internal_value=0 -0.0022758 -0.00854637 -0.00280526 -0.00878825 0.000391893 -0.00103704
internal_weight=0 4.7573 1.41985 1.12538 0.313346 3.33744 2.30337
internal_count=56 50 26 18 14 24 16
is_linear=0
shrinkage=0.1


Tree=94
num_leaves=6
num_cat=0
split_feature=1 3 1 2 3
split_gain=0.0094248 0.0321429 0.00193939 0.00664698 0.000443694
threshold=0.41000000000000009 0.33550000000000008 0.57500000000000007 0.55000000000000016 0.42870000000000003
decision_type=2 2 2 2 2
left_child=-1 -2 4 -4 -3
right_child=1 2 3 -5 -6
leaf_value=0.0064134365840298928 -0.033301767807531642 0.0041023568372520252 0.001641295829405818 -0.0083585291212966793 -0.00017223603123167446
leaf_weight=1.6899404749274252 0.31210035108961154 1.0182433756999669 2.1340409200638537 0.96544129878748197 0.31886691320687521
leaf_count=6 10 8 8 12 12
internal_value=0 -0.00228237 -0.000100257 -0.0014735 0.00308297
internal_weight=0 4.74869 4.43659 3.09948 1.33711
internal_count=56 50 40 20 20
is_linear=0
shrinkage=0.1


Tree=95
num_leaves=5
num_cat=0
split_feature=4 1 4 0
split_gain=0.00996047 0.0123638 0.014468 0.00358212
threshold=0.49515000000000003 0.57500000000000007 0.54930000000000012 0.95000000000000007
decision_type=2 2 2 2
left_child=3 2 -2 -1
right_child=1 -3 -4 -5
leaf_value=0.0085252475585375648 -0.0057401678886093042 -0.012741033552425417 0.008659046274803562 0.0010256046633152708
leaf_weight=1.3029747596010566 1.7084770710207529 1.0040791310602797 1.1795824971050022 1.2458345140330493
leaf_count=10 10 16 14 6
internal_value=0 -0.00318228 0.000140965 0.00485949
internal_weight=0 3.89214 2.88806 2.54881
internal_count=56 40 24 16
is_linear=0
shrinkage=0.1


Tree=96
num_leaves=5
num_cat=0
split_feature=4 1 4 0
split_gain=0.00967771 0.00422822 0.00759348 0.00332824
threshold=0.49515000000000003 0.57500000000000007 0.54930000000000012 0.95000000000000007
decision_type=2 2 2 2
left_child=3 2 -2 -1
right_child=1 -3 -4 -5
leaf_value=0.0083187871238784208 -0.0054805753358121495 -0.0088152829165595702 0.0049664667563100885 0.001089164066236447
leaf_weight=1.302365321200341 1.7067138117272413 0.98361622600350518 1.1745720347389577 1.2459644800983369
leaf_count=10 10 16 14 6
internal_value=0 -0.00315432 -0.00122178 0.00478398
internal_weight=0 3.8649 2.88129 2.54833
internal_count=56 40 24 16
is_linear=0
shrinkage=0.1


Tree=97
num_leaves=5
num_cat=0
split_feature=4 1 4 0
split_gain=0.00927066 0.0031969 0.00621869 0.00305725
threshold=0.49515000000000003 0.57500000000000007 0.54930000000000012 0.95000000000000007
decision_type=2 2 2 2
left_child=3 2 -2 -1
right_child=1 -3 -4 -5
leaf_value=0.008070352022506987 -0.0052661626856728237 -0.0080254223117122696 0.0041937639616397527 0.0011405339639275049
leaf_weight=1.3017939105629921 1.7056187263224281 0.97973305266350497 1.1726690698415039 1.2459496036171913
leaf_count=10 10 16 14 6
internal_value=0 -0.00309147 -0.00141201 0.00468139
internal_weight=0 3.85802 2.87829 2.54774
internal_count=56 40 24 16
is_linear=0
shrinkage=0.1


Tree=98
num_leaves=7
num_cat=0
split_feature=1 5 4 1 1 4
split_gain=0.00917639 0.00759732 0.0171667 0.00168912 0.00512911 0.00110218
threshold=0.41000000000000009 0.35000000000000003 0.51755000000000007 0.66500000000000015 0.53500000000000014 0.49515000000000003
decision_type=2 2 2 2 2 2
left_child=-1 2 -2 4 -4 -3
right_child=1 5 3 -5 -6 -7
leaf_value=0.0063418799200873777 -0.030003239903887136 0.0016901392685969225 0.0047596442855763945 -0.00040867128195333106 -0.022251470427140083 -0.00209807901119753
leaf_weight=1.6820120476186273 0.29246695991605509 2.1331544928252701 0.13415203522890784 0.81104998756200075 0.14770006446633488 1.2001504924846811
leaf_count=6 8 8 6 4 8 16
internal_value=0 -0.00226062 -0.0084847 -0.00272621 -0.0093951 0.000326198
internal_weight=0 4.71867 1.38537 1.0929 0.281852 3.3333
internal_count=56 50 26 18 14 24
is_linear=0
shrinkage=0.1


Tree=99
num_leaves=5
num_cat=0
split_feature=4 0 1 4
split_gain=0.00919362 0.00288563 0.00282644 0.00661613
threshold=0.49515000000000003 0.95000000000000007 0.57500000000000007 0.54930000000000012
decision_type=2 2 2 2
left_child=1 -1 3 -2
right_child=2 -3 -4 -5
leaf_value=0.0079633554216886667 -0.0054749953544494627 0.0012263519146845279 -0.0077231499661332527 0.0042912815344480423
leaf_weight=1.2986335549503565 1.7044691704213626 1.2455958826467395 0.97842091263737518 1.1696766084060071
leaf_count=10 10 6 16 14
internal_value=0 0.00466507 -0.00308081 -0.00150046
internal_weight=0 2.54423 3.85257 2.87415
internal_count=56 16 40 24
is_linear=0
shrinkage=0.1


end of trees

feature_importances:
syntactic=179
phonological=152
inventory=146
genetic=77
geographical=64
featural=15

parameters:
[boosting: gbdt]
[objective: lambdarank]
[metric: ndcg]
[tree_learner: serial]
[device_type: cpu]
[data: ]
[valid: ]
[num_iterations: 100]
[learning_rate: 0.1]
[num_leaves: 16]
[num_threads: 6]
[deterministic: 0]
[force_col_wise: 0]
[force_row_wise: 0]
[histogram_pool_size: -1]
[max_depth: -1]
[min_data_in_leaf: 5]
[min_sum_hessian_in_leaf: 0.001]
[bagging_fraction: 1]
[pos_bagging_fraction: 1]
[neg_bagging_fraction: 1]
[bagging_freq: 0]
[bagging_seed: 3]
[feature_fraction: 1]
[feature_fraction_bynode: 1]
[feature_fraction_seed: 2]
[extra_trees: 0]
[extra_seed: 6]
[early_stopping_round: 0]
[first_metric_only: 0]
[max_delta_step: 0]
[lambda_l1: 0]
[lambda_l2: 0]
[linear_lambda: 0]
[min_gain_to_split: 0]
[drop_rate: 0.1]
[max_drop: 50]
[skip_drop: 0.5]
[xgboost_dart_mode: 0]
[uniform_drop: 0]
[drop_seed: 4]
[top_rate: 0.2]
[other_rate: 0.1]
[min_data_per_group: 100]
[max_cat_threshold: 32]
[cat_l2: 10]
[cat_smooth: 10]
[max_cat_to_onehot: 4]
[top_k: 20]
[monotone_constraints: ]
[monotone_constraints_method: basic]
[monotone_penalty: 0]
[feature_contri: ]
[forcedsplits_filename: ]
[refit_decay_rate: 0.9]
[cegb_tradeoff: 1]
[cegb_penalty_split: 0]
[cegb_penalty_feature_lazy: ]
[cegb_penalty_feature_coupled: ]
[path_smooth: 0]
[interaction_constraints: ]
[verbosity: 1]
[saved_feature_importance_type: 0]
[linear_tree: 0]
[max_bin: 255]
[max_bin_by_feature: ]
[min_data_in_bin: 3]
[bin_construct_sample_cnt: 200000]
[data_random_seed: 1]
[is_enable_sparse: 1]
[enable_bundle: 1]
[use_missing: 1]
[zero_as_missing: 0]
[feature_pre_filter: 1]
[pre_partition: 0]
[two_round: 0]
[header: 0]
[label_column: ]
[weight_column: ]
[group_column: ]
[ignore_column: ]
[categorical_feature: ]
[forcedbins_filename: ]
[precise_float_parser: 0]
[parser_config_file: ]
[objective_seed: 5]
[num_class: 1]
[is_unbalance: 0]
[scale_pos_weight: 1]
[sigmoid: 1]
[boost_from_average: 1]
[reg_sqrt: 0]
[alpha: 0.9]
[fair_c: 1]
[poisson_max_delta_step: 0.7]
[tweedie_variance_power: 1.5]
[lambdarank_truncation_level: 30]
[lambdarank_norm: 1]
[label_gain: ]
[eval_at: 1,2,3,4,5]
[multi_error_top_k: 1]
[auc_mu_weights: ]
[num_machines: 1]
[local_listen_port: 12400]
[time_out: 120]
[machine_list_filename: ]
[machines: ]
[gpu_platform_id: -1]
[gpu_device_id: -1]
[gpu_use_dp: 0]
[num_gpu: 1]

end of parameters

pandas_categorical:null
