tree
version=v4
num_class=1
num_tree_per_iteration=1
label_index=0
max_feature_idx=5
objective=lambdarank
feature_names=genetic syntactic featural phonological inventory geographical
feature_infos=[0:1] [0:0.69999999999999996] [0:0.59999999999999998] [0.00020000000000000001:0.53190000000000004] [0:0.63270000000000004] [0:0.5]
tree_sizes=1052 946 1051 1051 1057 1161 850 1063 962 954 956 862 967 863 860 1072 964 863 865 860 861 867 862 978 766 766 761 769 659 766 766 868 767 766 763 660 1073 654 874 977 767 873 759 871 764 763 768 764 766 768 766 661 773 663 767 874 772 764 772 872 768 770 773 659 775 663 773 984 770 662 773 768 879 662 772 767 772 985 772 774 773 773 767 774 985 776 661 774 771 777 877 770 772 771 773 768 878 984 775 662

Tree=0
num_leaves=9
num_cat=0
split_feature=1 3 2 3 0 3 1 0
split_gain=1.34096 0.876414 1.77959 1.62398 0.429934 0.39776 0.261216 0.00517383
threshold=0.50500000000000012 0.42870000000000003 0.55000000000000016 0.35230000000000006 0.91155000000000019 0.28375000000000006 0.6100000000000001 0.91155000000000019
decision_type=2 2 2 2 2 2 2 2
left_child=7 2 4 5 -2 -4 -3 -1
right_child=1 6 3 -5 -6 -7 -8 -9
leaf_value=0.09752556044480222 -0.043656270927973119 -0.14987803101285294 0.02513054983185796 0.13660154341341099 -0.18687003103298169 -0.12107918080104477 -0.050922193175963242 0.11211545356636626
leaf_weight=0.53030027449131001 0.40774618647992666 0.57090845704078652 0.34097507596015941 1.0869150832295416 0.43140070140361786 0.40955835580825806 0.50071956217288971 0.44872412085533142
leaf_count=6 8 6 4 8 6 6 8 4
internal_value=0 -0.02722 0.00337654 0.0584801 -0.117282 -0.0546546 -0.103641 0.104213
internal_weight=0 3.74822 2.6766 1.83745 0.839147 0.750533 1.07163 0.979024
internal_count=56 46 32 18 14 10 14 10
is_linear=0
shrinkage=0.1


Tree=1
num_leaves=8
num_cat=0
split_feature=0 3 3 1 5 1 5
split_gain=6.23306 3.03255 6.25302 4.5369 2.66154 2.22982 0.707407
threshold=1.0000000180025095e-35 0.48190000000000005 0.39770000000000005 0.66500000000000015 0.35000000000000003 0.59500000000000008 0.15000000000000005
decision_type=2 2 2 2 2 2 2
left_child=-1 2 3 4 6 -4 -2
right_child=1 -3 5 -5 -6 -7 -8
leaf_value=0.1990376865744147 -0.10403186819765914 -0.13675929191340949 0.13830747328375592 0.079164192765981883 -0.014776950085506557 0.0094272383779947736 -0.18558586582164943
leaf_weight=1.4477353096008325 2.5271965749561769 1.8841687217354781 3.1155854426324376 2.0589931830763817 2.9017218351364136 2.3588085547089577 1.8365252278745172
leaf_count=2 10 8 8 6 8 8 6
internal_value=0 -0.0172723 -0.00205938 -0.0518661 -0.0889995 0.0827755 -0.138355
internal_weight=0 16.683 14.7988 9.32444 7.26544 5.47439 4.36372
internal_count=56 54 46 30 24 16 16
is_linear=0
shrinkage=0.1


Tree=2
num_leaves=9
num_cat=0
split_feature=0 3 5 5 3 1 1 1
split_gain=3.642 0.695755 3.7017 0.870209 0.714368 1.04479 0.602461 0.912614
threshold=1.0000000180025095e-35 0.39770000000000005 0.15000000000000005 0.35000000000000003 0.42870000000000003 0.6100000000000001 0.50500000000000012 0.66500000000000015
decision_type=2 2 2 2 2 2 2 2
left_child=-1 3 -3 6 -4 -6 -2 -8
right_child=1 2 4 -5 5 -7 7 -9
leaf_value=0.17188937596787363 -0.0013937032481937141 0.13683395805524964 0.031966260567906406 0.016840735462719164 -0.13217977005363088 -0.016894085898331076 -0.13594416797786935 -0.034829608214245349
leaf_weight=1.1348608136177052 1.3134567290544508 1.6695020049810407 1.0999556332826612 2.1544933617115021 1.2730276957154276 2.05519749969244 1.6279832422733309 1.9760548174381254
leaf_count=2 4 4 4 8 8 8 12 6
internal_value=0 -0.0148121 0.00994096 -0.0361549 -0.0378999 -0.0609902 -0.0593739 -0.0805042
internal_weight=0 13.1697 6.09768 7.07199 4.42818 3.32823 4.91749 3.60404
internal_count=56 54 24 30 20 16 22 18
is_linear=0
shrinkage=0.1


Tree=3
num_leaves=9
num_cat=0
split_feature=0 4 4 1 1 1 4 3
split_gain=2.67205 0.355087 1.21062 0.511639 0.341974 0.421406 0.942839 0.211265
threshold=0.88750000000000007 0.55125000000000013 0.55940000000000012 0.50500000000000012 0.69000000000000006 0.6100000000000001 0.47425000000000006 0.39770000000000005
decision_type=2 2 2 2 2 2 2 2
left_child=-1 3 -3 -2 5 6 -5 -4
right_child=1 2 7 4 -6 -7 -8 -9
leaf_value=0.10673632675934303 0.042027480219919144 -0.16420919404165818 0.012392153192711343 0.01975064214120395 -0.071883173355416011 0.015708593409089072 -0.1124979922192738 -0.042632867349286008
leaf_weight=1.9921737909317005 1.6695598065853117 0.6886277720332149 1.3435362726449969 1.1393284797668459 1.0667583793401716 2.8523401021957397 1.0232331268489359 1.4516977965831754
leaf_count=6 6 4 6 4 4 8 10 8
internal_value=0 -0.0189262 -0.0454437 -0.00700761 -0.0204689 -0.00953218 -0.0428238 -0.016185
internal_weight=0 11.2351 3.48386 7.75122 6.08166 5.0149 2.16256 2.79523
internal_count=56 50 18 32 26 22 14 14
is_linear=0
shrinkage=0.1


Tree=4
num_leaves=9
num_cat=0
split_feature=5 3 5 4 4 1 1 5
split_gain=1.99332 0.353645 0.910376 0.809302 0.363651 0.81388 0.138152 0.0286231
threshold=1.0000000180025095e-35 0.35230000000000006 0.15000000000000005 0.55940000000000012 0.5445000000000001 0.50500000000000012 0.55500000000000016 0.35000000000000003
decision_type=2 2 2 2 2 2 2 2
left_child=-1 4 -3 -4 7 -6 -5 -2
right_child=1 2 3 6 5 -7 -8 -9
leaf_value=0.15292948014326835 -0.014346577186160636 0.083341229631225741 -0.051765385253709266 0.0085682133166339637 -0.008326669438620371 -0.1294989544147635 0.057094609423751809 0.006153334746675264
leaf_weight=0.79674676060676652 1.7911267653107625 1.2067500613629816 2.6302597671747208 1.446413688361645 1.2983005791902544 0.96730295568704594 0.98703295737504948 1.09902423620224
leaf_count=2 8 6 12 6 4 8 6 4
internal_value=0 -0.0106637 0.00528878 -0.0133122 -0.0300653 -0.0600614 0.0282511 -0.00655117
internal_weight=0 11.4262 6.27046 5.06371 5.15575 2.2656 2.43345 2.89015
internal_count=56 54 30 24 24 12 12 12
is_linear=0
shrinkage=0.1


Tree=5
num_leaves=10
num_cat=0
split_feature=4 3 4 4 1 1 1 1 2
split_gain=1.4729 0.260709 0.526125 0.291358 0.649378 0.153698 0.0635594 1.43389 0.0133987
threshold=1.0000000180025095e-35 0.35230000000000006 0.55940000000000012 0.5445000000000001 0.50500000000000012 0.55500000000000016 0.6100000000000001 0.50500000000000012 0.55000000000000016
decision_type=2 2 2 2 2 2 2 2 2
left_child=-1 3 6 8 -5 -4 7 -3 -2
right_child=1 2 5 4 -6 -7 -8 -9 -10
leaf_value=0.14446923804136966 -0.012870055480922606 0.073125083003639596 0.011481883138760099 -0.0093213686886998142 -0.12338051509466937 0.057069798313790991 -0.012410991877436222 -0.1474077925125192 0.001067980996594298
leaf_weight=0.66547662019729692 1.2050462402403337 0.56578170508146308 1.4166258424520495 1.26996785402298 0.82239885255694378 1.5473379865288732 1.9534392952919004 0.61563190445303917 1.6127459332346916
leaf_count=2 6 4 6 4 8 8 6 6 6
internal_value=0 -0.00873295 0.00507501 -0.0258836 -0.054152 0.0352811 -0.0234844 -0.0417941 -0.00489271
internal_weight=0 11.009 6.09882 4.91016 2.09237 2.96396 3.13485 1.18141 2.81779
internal_count=56 54 30 24 12 14 16 10 12
is_linear=0
shrinkage=0.1


Tree=6
num_leaves=7
num_cat=0
split_feature=0 4 3 3 3 0
split_gain=0.875968 0.186034 1.24556 0.241827 0.163289 0.444699
threshold=0.88750000000000007 0.55125000000000013 0.42870000000000003 0.45575000000000004 0.28375000000000006 0.91155000000000019
decision_type=2 2 2 2 2 2
left_child=-1 3 -3 4 -2 -6
right_child=1 2 -4 -5 5 -7
leaf_value=0.07896519712206336 0.020263515430951014 0.01509260123227805 -0.12306016126438227 0.024864300270991398 0.0012329173556155709 -0.072761422251923155
leaf_weight=1.2480769231915481 1.0515798106789569 1.9535409770905974 0.97995757684111584 2.376855943351984 2.3298759758472443 1.2468833737075331
leaf_count=6 6 10 8 10 8 8
internal_value=0 -0.00991626 -0.0310584 -0.00106277 -0.0143775 -0.024562
internal_weight=0 9.93869 2.9335 7.0052 4.62834 3.57676
internal_count=56 50 18 32 22 16
is_linear=0
shrinkage=0.1


Tree=7
num_leaves=9
num_cat=0
split_feature=0 4 1 1 4 4 0 3
split_gain=0.497411 0.170855 0.184513 0.240682 0.717374 0.152924 0.0571567 0.0282417
threshold=0.88750000000000007 0.55940000000000012 0.50500000000000012 0.6100000000000001 0.47425000000000006 0.57095000000000018 0.91155000000000019 0.45575000000000004
decision_type=2 2 2 2 2 2 2 2
left_child=-1 2 -2 4 -4 -3 -6 -5
right_child=1 5 3 7 6 -7 -8 -9
leaf_value=0.061571709606459593 0.013366346048708712 0.054103903644864663 0.0073965830424351344 0.0030492978034461896 -0.079504048110260322 -0.0012599427439993205 -0.12697810217189989 -0.015320561201234534
leaf_weight=1.1697013899683959 1.7456674501299838 0.72892317175865207 1.0757264196872713 1.4675418660044672 0.41674583777785279 1.5810921452939508 0.64782665483653545 1.9475833252072332
leaf_count=6 8 4 4 6 4 10 8 6
internal_value=0 -0.00749346 -0.0149931 -0.0239044 -0.0501968 0.0162101 -0.108394 -0.0074267
internal_weight=0 9.61111 7.30109 5.55542 2.1403 2.31002 1.06457 3.41513
internal_count=56 50 36 28 16 14 12 12
is_linear=0
shrinkage=0.1


Tree=8
num_leaves=8
num_cat=0
split_feature=4 3 1 1 4 1 4
split_gain=0.390269 0.267759 0.305661 0.609917 0.223225 0.0801041 0.0442917
threshold=0.47425000000000006 0.35230000000000006 0.66500000000000015 0.50500000000000012 0.55940000000000012 0.59500000000000008 0.54930000000000012
decision_type=2 2 2 2 2 2 2
left_child=-1 2 3 -2 6 -6 -3
right_child=1 4 -4 -5 5 -7 -8
leaf_value=0.046315070899046011 -0.0087952602531728673 -0.005195393680171711 0.0058862000723751435 -0.11736641303846472 0.039874258492265641 0.0016263837927717826 -0.032959745400337769
leaf_weight=1.5505218878388412 1.2662123814225186 1.9764642640948298 1.4844717755913732 0.87495566532015789 1.7289725914597514 0.80136593803763378 0.81006940081715573
leaf_count=6 4 8 6 10 8 6 8
internal_value=0 -0.00803047 -0.028985 -0.0531612 0.00625869 0.027761 -0.0132667
internal_weight=0 8.94251 3.62564 2.14117 5.31687 2.53034 2.78653
internal_count=56 50 20 14 30 14 16
is_linear=0
shrinkage=0.1


Tree=9
num_leaves=8
num_cat=0
split_feature=4 3 1 4 1 1 1
split_gain=0.708301 0.202111 0.229621 0.122747 0.0732218 0.0100943 0.988678
threshold=0.47425000000000006 0.35230000000000006 0.66500000000000015 0.55940000000000012 0.59500000000000008 0.6100000000000001 0.50500000000000012
decision_type=2 2 2 2 2 2 2
left_child=-1 2 -2 5 -5 6 -3
right_child=1 3 -4 4 -6 -7 -8
leaf_value=0.060457122152864466 -0.049963375004979368 0.075946841039568114 0.0014578033718039079 0.029693342038590576 -0.0077681448112261872 -0.0087415373414198513 -0.13437244513722171
leaf_weight=1.6348614394664771 2.167709847912191 0.48181755840778384 1.448844790458679 1.6568528860807421 0.76159219816327084 1.887273736298084 0.41690998710691929
leaf_count=6 14 4 6 8 6 6 6
internal_value=0 -0.011205 -0.0293633 0.00141321 0.0178964 -0.0128953 -0.021618
internal_weight=0 8.821 3.61655 5.20445 2.41845 2.786 0.898728
internal_count=56 50 20 30 14 16 10
is_linear=0
shrinkage=0.1


Tree=10
num_leaves=8
num_cat=0
split_feature=0 5 4 0 4 3 4
split_gain=0.469299 0.126168 0.465644 0.692243 0.2714 0.932975 0.0512784
threshold=0.88750000000000007 0.15000000000000005 0.52860000000000007 0.91155000000000019 0.52860000000000007 0.39770000000000005 0.55940000000000012
decision_type=2 2 2 2 2 2 2
left_child=-1 2 -2 -4 -3 -6 -7
right_child=1 4 3 -5 5 6 -8
leaf_value=0.065593381164533296 -0.050592846104815618 0.0031612472427572564 -0.014874595223869273 0.085664796318691783 0.011482194918023386 -0.1435938037885017 -0.097237115070434643
leaf_weight=0.98332007974386293 1.0404060799628481 2.8599143084138632 1.6157179214060307 1.1886577308177948 1.3262164890766146 0.42587248235940922 0.5427069291472435
leaf_count=6 6 10 8 6 8 6 6
internal_value=0 -0.00716699 0.00654286 0.0277399 -0.0173929 -0.0430086 -0.11762
internal_weight=0 8.99949 3.84478 2.80438 5.15471 2.2948 0.968579
internal_count=56 50 20 14 30 20 12
is_linear=0
shrinkage=0.1


Tree=11
num_leaves=7
num_cat=0
split_feature=1 5 1 4 1 0
split_gain=0.338311 0.239485 0.795521 0.281478 0.180103 0.0253598
threshold=0.50500000000000012 0.35000000000000003 0.63500000000000012 0.55940000000000012 0.57500000000000007 0.91155000000000019
decision_type=2 2 2 2 2 2
left_child=-1 2 4 5 -2 -3
right_child=1 3 -4 -5 -6 -7
leaf_value=0.036563563964954519 -0.15132847146936718 -0.0023013801266566903 0.0082739981470646914 0.034199457256127455 -0.065440920539247147 -0.021401612185027931
leaf_weight=2.003412839025259 0.45571387931704554 1.0443697273731234 1.6580111011862753 1.8509249463677404 0.52591458708047867 2.0787518564611673
leaf_count=10 6 4 8 10 8 10
internal_value=0 -0.00962109 -0.0339669 0.00329882 -0.105314 -0.0150145
internal_weight=0 7.61369 2.63964 4.97405 0.981628 3.12312
internal_count=56 46 22 24 14 14
is_linear=0
shrinkage=0.1


Tree=12
num_leaves=8
num_cat=0
split_feature=1 3 5 3 4 4 5
split_gain=0.697326 0.129194 0.277043 0.206448 0.362872 0.0617321 0.00982884
threshold=1.0000000180025095e-35 0.35230000000000006 0.15000000000000005 0.42870000000000003 0.54930000000000012 0.5445000000000001 0.35000000000000003
decision_type=2 2 2 2 2 2 2
left_child=-1 5 -3 -4 -5 6 -2
right_child=1 2 3 4 -6 -7 -8
leaf_value=0.12765372303859854 -0.013387451920904925 0.065657980768698776 0.024125837513431656 0.00091502887013042054 -0.086113384874526841 -0.032137133014239753 -0.00054246799411626699
leaf_weight=0.40923075377941209 1.3964769784361106 0.66097423620522011 1.5664766840636728 1.790135841816664 0.65419179573655117 1.8506680019199846 1.0388739407062531
leaf_count=2 8 6 8 6 10 12 4
internal_value=0 -0.00583177 0.00567111 -0.00421464 -0.022377 -0.01837 -0.00790803
internal_weight=0 8.9578 4.67178 4.0108 2.44433 4.28602 2.43535
internal_count=56 54 30 24 16 24 12
is_linear=0
shrinkage=0.1


Tree=13
num_leaves=7
num_cat=0
split_feature=0 1 1 4 4 1
split_gain=0.272098 0.0698715 0.110495 0.26642 0.110094 0.0381236
threshold=0.88750000000000007 0.55500000000000016 0.6100000000000001 0.52860000000000007 0.54930000000000012 0.66500000000000015
decision_type=2 2 2 2 2 2
left_child=-1 4 3 -3 -2 -4
right_child=1 2 5 -5 -6 -7
leaf_value=0.055512465270378154 -0.01385393980261293 -0.00048301843892804212 0.0057820974601596091 -0.080573990841042525 0.024929221531938325 -0.015251361827277411
leaf_weight=0.80496323108673173 1.3613958843052369 1.0213460922241209 2.2410886213183407 0.69999217800796021 1.5830727703869343 1.4000894054770467
leaf_count=6 8 4 8 12 10 8
internal_value=0 -0.00537927 -0.0121752 -0.0330525 0.00699755 -0.00230559
internal_weight=0 8.30698 5.36252 1.72134 2.94447 3.64118
internal_count=56 50 32 16 18 16
is_linear=0
shrinkage=0.1


Tree=14
num_leaves=7
num_cat=0
split_feature=1 5 1 1 4 0
split_gain=0.275775 0.184541 0.597905 0.177703 0.126775 0.0149979
threshold=0.50500000000000012 0.35000000000000003 0.63500000000000012 0.57500000000000007 0.57095000000000018 0.91155000000000019
decision_type=2 2 2 2 2 2
left_child=-1 2 3 -2 5 -3
right_child=1 4 -4 -5 -6 -7
leaf_value=0.03407864637235359 -0.14188165718294043 0.0018703526485350022 0.0072761918463397877 -0.054185242441552511 0.027170865686274217 -0.012844056440975192
leaf_weight=1.8812750093638895 0.42610876448452506 1.000343054533005 1.5329381451010702 0.50479630567133427 1.4575686939060686 2.2524156179279089
leaf_count=10 6 4 8 8 8 12
internal_value=0 -0.00893641 -0.0311122 -0.094327 0.00266314 -0.00831883
internal_weight=0 7.17417 2.46384 0.930905 4.71033 3.25276
internal_count=56 46 22 14 24 16
is_linear=0
shrinkage=0.1


Tree=15
num_leaves=9
num_cat=0
split_feature=0 1 5 0 3 4 4 3
split_gain=0.226579 0.0547237 0.0716175 0.232633 0.0866098 0.32916 0.110815 0.0367713
threshold=0.88750000000000007 0.69000000000000006 0.15000000000000005 0.91155000000000019 0.39770000000000005 0.54930000000000012 0.55940000000000012 0.35230000000000006
decision_type=2 2 2 2 2 2 2 2
left_child=-1 2 3 -2 7 -6 -7 -4
right_child=1 -3 4 -5 5 6 -8 -9
leaf_value=0.053785085982317564 -0.01215770898388786 -0.028154038913599095 -0.0077828624173593951 0.05060238374171773 -0.00026302502234904038 -0.12897989456661754 -0.045466979900561477 0.017744431615695343
leaf_weight=0.71921532228589136 1.5496100913733228 0.89169935882091511 1.1348552256822586 0.95435720961540926 1.7863262947648766 0.29407508112490166 0.34563115611672401 1.1223616003990173
leaf_count=6 8 4 8 8 6 6 6 4
internal_value=0 -0.00478815 -0.00188921 0.0117626 -0.00918832 -0.0223057 -0.0838581 0.00491014
internal_weight=0 8.07892 7.18722 2.50397 4.68325 2.42603 0.639706 2.25722
internal_count=56 50 46 16 30 18 12 12
is_linear=0
shrinkage=0.1


Tree=16
num_leaves=8
num_cat=0
split_feature=1 5 1 4 4 1 0
split_gain=0.183644 0.131287 0.546882 0.101367 0.0600177 0.205437 0.0240398
threshold=0.50500000000000012 0.35000000000000003 0.57500000000000007 0.55940000000000012 0.52860000000000007 0.63500000000000012 0.91155000000000019
decision_type=2 2 2 2 2 2 2
left_child=-1 2 -2 6 -4 -6 -3
right_child=1 3 4 -5 5 -7 -8
leaf_value=0.02849089835489322 -0.14451597770287181 0.0039672848053125846 -0.026012223567179884 0.022801433423346715 -0.041188272337774098 0.047306263008322275 -0.014983596649131643
leaf_weight=1.7929573394358156 0.33761158585548434 1.0159131288528442 0.87992863357067097 1.5822802372276781 0.46032916009426095 0.60988375544548035 1.96238749101758
leaf_count=10 6 4 4 10 8 4 10
internal_value=0 -0.00745918 -0.0270082 0.0023473 -0.00666502 0.00924223 -0.00851936
internal_weight=0 6.84833 2.28775 4.56058 1.95014 1.07021 2.9783
internal_count=56 46 22 24 16 12 14
is_linear=0
shrinkage=0.1


Tree=17
num_leaves=7
num_cat=0
split_feature=4 3 4 4 1 1
split_gain=0.148375 0.0944393 0.0782552 0.0313105 0.0297546 0.132088
threshold=0.47425000000000006 0.35230000000000006 0.55940000000000012 0.59235000000000004 0.50500000000000012 0.66500000000000015
decision_type=2 2 2 2 2 2
left_child=-1 4 -3 -4 -2 -6
right_child=1 2 3 -5 5 -7
leaf_value=0.03068676961918786 -0.0071592118952962013 -0.0083809112578962959 0.035952472600264677 0.0091840134334439712 -0.06699361722120814 -0.0086855449691305309
leaf_weight=1.3279728591442106 1.2042093276977541 2.2777185561135411 0.70063360407948483 1.1611007489264009 0.57389084994792927 1.2027683928608892
leaf_count=6 4 16 8 6 10 6
internal_value=0 -0.00572322 0.00404974 0.0192579 -0.0192947 -0.02752
internal_weight=0 7.12032 4.13945 1.86173 2.98087 1.77666
internal_count=56 50 30 14 20 16
is_linear=0
shrinkage=0.1


Tree=18
num_leaves=7
num_cat=0
split_feature=1 5 1 1 4 0
split_gain=0.154354 0.0720503 0.254903 0.145729 0.0876069 0.0121815
threshold=0.50500000000000012 0.35000000000000003 0.63500000000000012 0.57500000000000007 0.57095000000000018 0.91155000000000019
decision_type=2 2 2 2 2 2
left_child=-1 2 3 -2 5 -3
right_child=1 4 -4 -5 -6 -7
leaf_value=0.026424274960395622 -0.13147754264351699 -5.3789518003497982e-05 0.0017861711866295775 -0.036346468735694464 0.021314018666875108 -0.013393550730433494
leaf_weight=1.7478479817509649 0.25941500347107682 1.013769678771496 1.431370887905359 0.42457498237490654 1.3645318560302255 2.1079098917543888
leaf_count=10 6 4 8 8 8 12
internal_value=0 -0.00699616 -0.0222101 -0.0724266 0.000177595 -0.00906145
internal_weight=0 6.60157 2.11536 0.68399 4.48621 3.12168
internal_count=56 46 22 14 24 16
is_linear=0
shrinkage=0.1


Tree=19
num_leaves=7
num_cat=0
split_feature=1 5 1 1 4 0
split_gain=0.125799 0.059118 0.20094 0.119555 0.0727213 0.0140804
threshold=0.50500000000000012 0.35000000000000003 0.63500000000000012 0.57500000000000007 0.57095000000000018 0.91155000000000019
decision_type=2 2 2 2 2 2
left_child=-1 2 3 -2 5 -3
right_child=1 4 -4 -5 -6 -7
leaf_value=0.023841297782924584 -0.12531985987861 0.0013277296680556108 0.00069015018104381421 -0.035042892047299039 0.019499315482924072 -0.013015896353382773
leaf_weight=1.7454182617366312 0.22587871178984675 1.0172487050294878 1.4134940057992933 0.41845176927745342 1.3464030642062423 2.0914648491889238
leaf_count=10 6 4 8 8 8 12
internal_value=0 -0.00638929 -0.0204076 -0.0666907 8.58069e-05 -0.0083223
internal_weight=0 6.51294 2.05782 0.64433 4.45512 3.10871
internal_count=56 46 22 14 24 16
is_linear=0
shrinkage=0.1


Tree=20
num_leaves=7
num_cat=0
split_feature=4 3 4 4 1 1
split_gain=0.123616 0.0746779 0.0412486 0.0222224 0.0166008 0.0723742
threshold=0.47425000000000006 0.35230000000000006 0.55940000000000012 0.59235000000000004 0.50500000000000012 0.66500000000000015
decision_type=2 2 2 2 2 2
left_child=-1 4 -3 -4 -2 -6
right_child=1 2 3 -5 5 -7
leaf_value=0.02826188931966013 -0.0086188204668755583 -0.005570454644479042 0.029608267239102606 0.0064068383747782872 -0.054959424744612739 -0.010132104252175554
leaf_weight=1.3021801784634588 1.2106025367975237 2.224788736552 0.64854243211448181 1.1358004435896871 0.52088182233273972 1.1672605685889719
leaf_count=6 4 16 8 6 10 6
internal_value=0 -0.00532756 0.00351348 0.0148397 -0.0175552 -0.0239637
internal_weight=0 6.90788 4.00913 1.78434 2.89874 1.68814
internal_count=56 50 30 14 20 16
is_linear=0
shrinkage=0.1


Tree=21
num_leaves=7
num_cat=0
split_feature=3 1 4 5 1 1
split_gain=0.127156 0.064607 0.0323021 0.0323827 0.0457711 0.0253906
threshold=0.24260000000000001 0.66500000000000015 0.57095000000000018 0.15000000000000005 0.4300000000000001 0.6100000000000001
decision_type=2 2 2 2 2 2
left_child=-1 2 3 4 -2 -5
right_child=1 -3 -4 5 -6 -7
leaf_value=0.042114686143901958 -0.0061837446208236856 -0.028396109066076043 0.013194696485271629 -0.021155973844720857 0.02493519812095512 -0.0028327682061877841
leaf_weight=0.6587510798126458 1.1943063065409658 0.92882667295634735 1.4098034165799616 1.2650178875774147 0.78221893403679121 1.8804176673293111
leaf_count=6 4 6 12 12 10 6
internal_value=0 -0.00371862 -0.000209445 -0.00389889 0.00613172 -0.0102019
internal_weight=0 7.46059 6.53176 5.12196 1.97653 3.14544
internal_count=56 50 44 32 14 18
is_linear=0
shrinkage=0.1


Tree=22
num_leaves=7
num_cat=0
split_feature=1 5 1 1 4 0
split_gain=0.104498 0.0497169 0.151359 0.125741 0.050791 0.0116032
threshold=0.50500000000000012 0.35000000000000003 0.63500000000000012 0.57500000000000007 0.57095000000000018 0.91155000000000019
decision_type=2 2 2 2 2 2
left_child=-1 2 3 -2 5 -3
right_child=1 4 -4 -5 -6 -7
leaf_value=0.022014349509741869 -0.12386819071473583 0.001797486000574171 -0.00058111545385137792 -0.027829243879491178 0.016484072693996512 -0.011259571105674954
leaf_weight=1.701647952198982 0.20721672940999258 1.0119873434305193 1.3592351600527761 0.3984956294298172 1.3145196884870527 2.0783261340111494
leaf_count=10 6 4 8 8 8 12
internal_value=0 -0.005881 -0.0191085 -0.0606846 1.96626e-05 -0.00698377
internal_weight=0 6.36978 1.96495 0.605712 4.40483 3.09031
internal_count=56 46 22 14 24 16
is_linear=0
shrinkage=0.1


Tree=23
num_leaves=8
num_cat=0
split_feature=4 3 4 4 1 1 4
split_gain=0.105188 0.0514344 0.0232263 0.0118617 0.0108591 0.0436599 0.00251644
threshold=0.47425000000000006 0.35230000000000006 0.57095000000000018 0.50170000000000015 0.50500000000000012 0.66500000000000015 0.55940000000000012
decision_type=2 2 2 2 2 2 2
left_child=-1 4 3 -3 -2 -6 -5
right_child=1 2 -4 6 5 -7 -8
leaf_value=0.026394977154969031 -0.0080337238811922819 0.0015621441099769803 0.013106220241067647 -0.018260005728067914 -0.045362777592704982 -0.0097516244269573085 -0.0071895353973018272
leaf_weight=1.2702431827783582 1.2025823816657069 1.7359502706676728 1.3444112725555895 0.43302734196186055 0.49436872638761986 1.1339925490319727 0.39049459248781204
leaf_count=6 4 6 10 10 10 6 4
internal_value=0 -0.00497831 0.00246355 -0.00312672 -0.0152407 -0.0205631 -0.0130107
internal_weight=0 6.73483 3.90388 2.55947 2.83094 1.62836 0.823522
internal_count=56 50 30 20 20 16 14
is_linear=0
shrinkage=0.1


Tree=24
num_leaves=6
num_cat=0
split_feature=1 5 1 4 0
split_gain=0.107209 0.0230708 0.0919375 0.0449766 0.0100135
threshold=0.50500000000000012 0.35000000000000003 0.63500000000000012 0.57095000000000018 0.91155000000000019
decision_type=2 2 2 2 2
left_child=-1 2 -2 4 -3
right_child=1 3 -4 -5 -6
leaf_value=0.022355904014693596 -0.048631192870137216 -0.00045792225195377245 -0.00081431016342177638 0.013608269127426407 -0.012647298284377984
leaf_weight=1.6892167720943687 0.57486479496583331 1.0048612430691721 1.3379238508641718 1.2951174676418302 2.0464649889618158
leaf_count=10 14 4 8 8 12
internal_value=0 -0.00603332 -0.0151851 -0.0020058 -0.0086331
internal_weight=0 6.25923 1.91279 4.34644 3.05133
internal_count=56 46 22 24 16
is_linear=0
shrinkage=0.1


Tree=25
num_leaves=6
num_cat=0
split_feature=1 5 1 4 0
split_gain=0.0870785 0.0262462 0.0897032 0.0363755 0.0110569
threshold=0.50500000000000012 0.35000000000000003 0.63500000000000012 0.57095000000000018 0.91155000000000019
decision_type=2 2 2 2 2
left_child=-1 2 -2 4 -3
right_child=1 3 -4 -5 -6
leaf_value=0.020108270530616104 -0.049237228566099411 0.0013814739541692744 -0.0012716563306404839 0.012861550845613259 -0.011428567390398166
leaf_weight=1.6923578940331934 0.55176938697695721 1.0090121477842333 1.3290192969143388 1.2916816286742685 2.0282232314348221
leaf_count=10 14 4 8 8 12
internal_value=0 -0.00548019 -0.0153434 -0.00119493 -0.00717289
internal_weight=0 6.20971 1.88079 4.32892 3.03724
internal_count=56 46 22 24 16
is_linear=0
shrinkage=0.1


Tree=26
num_leaves=6
num_cat=0
split_feature=4 3 4 4 2
split_gain=0.094233 0.046324 0.0196694 0.106658 0.00894056
threshold=0.47425000000000006 0.35230000000000006 0.55125000000000013 0.57095000000000018 0.55000000000000016
decision_type=2 2 2 2 2
left_child=-1 4 -3 -4 -2
right_child=1 2 3 -5 -6
leaf_value=0.025146622989117174 -0.0095635623233695996 0.0092841496227437214 -0.04278732119407383 0.010204517928347551 -0.020988720743994094
leaf_weight=1.2528936043381689 1.555748607032001 1.9824913600459697 0.53329914435744274 1.3197491522878406 1.2236218387261033
leaf_count=6 10 12 8 10 10
internal_value=0 -0.00476288 0.00236074 -0.0050463 -0.0145935
internal_weight=0 6.61491 3.83554 1.85305 2.77937
internal_count=56 50 30 18 20
is_linear=0
shrinkage=0.1


Tree=27
num_leaves=6
num_cat=0
split_feature=1 5 1 4 0
split_gain=0.091784 0.0185538 0.0784321 0.0328208 0.00723653
threshold=0.50500000000000012 0.35000000000000003 0.63500000000000012 0.57095000000000018 0.91155000000000019
decision_type=2 2 2 2 2
left_child=-1 2 -2 4 -3
right_child=1 3 -4 -5 -6
leaf_value=0.020772688657869152 -0.045994067464494998 -0.00078955277730441236 -0.00081643477509187328 0.011395589814597935 -0.011196194059658085
leaf_weight=1.6722072120755909 0.54246495524421323 1.0014776438474657 1.3178054653108118 1.2778462935239074 2.0079359300434589
leaf_count=10 14 4 8 8 12
internal_value=0 -0.00565043 -0.0139905 -0.00203164 -0.00773305
internal_weight=0 6.14753 1.86027 4.28726 3.00941
internal_count=56 46 22 24 16
is_linear=0
shrinkage=0.1


Tree=28
num_leaves=5
num_cat=0
split_feature=4 3 3 2
split_gain=0.0757421 0.0429324 0.0138177 0.0134662
threshold=0.47425000000000006 0.35230000000000006 0.42870000000000003 0.55000000000000016
decision_type=2 2 2 2
left_child=-1 3 -3 -2
right_child=1 2 -4 -5
leaf_value=0.022712887340533963 -0.0076062360503430576 0.0098937869588467224 -0.0023863461227610228 -0.021692023299980222
leaf_weight=1.235319525003433 1.5485120750963688 1.5462395581416788 2.2490226607769728 1.2083019707351923
leaf_count=6 10 12 18 10
internal_value=0 -0.00428225 0.00261674 -0.01378
internal_weight=0 6.55208 3.79526 2.75681
internal_count=56 50 30 20
is_linear=0
shrinkage=0.1


Tree=29
num_leaves=6
num_cat=0
split_feature=1 5 1 4 0
split_gain=0.0872125 0.0160429 0.0758806 0.0289655 0.00465839
threshold=0.50500000000000012 0.35000000000000003 0.63500000000000012 0.57095000000000018 0.91155000000000019
decision_type=2 2 2 2 2
left_child=-1 2 -2 4 -3
right_child=1 3 -4 -5 -6
leaf_value=0.020311186648184761 -0.045403487005333691 -0.0019737007706199712 -0.00040993950325187139 0.010458852777288131 -0.01034764048932005
leaf_weight=1.6609381400048731 0.5266498178243636 0.99631771445274364 1.3002091310918329 1.272084394469857 1.993592394515872
leaf_count=10 14 4 8 8 12
internal_value=0 -0.00554055 -0.0133808 -0.00217993 -0.00755722
internal_weight=0 6.08885 1.82686 4.26199 2.98991
internal_count=56 46 22 24 16
is_linear=0
shrinkage=0.1


Tree=30
num_leaves=6
num_cat=0
split_feature=1 4 4 3 4
split_gain=0.070732 0.0192667 0.0290867 0.0496545 0.0287325
threshold=0.50500000000000012 0.50170000000000015 0.55940000000000012 0.28375000000000006 0.59235000000000004
decision_type=2 2 2 2 2
left_child=-1 -2 3 -3 -4
right_child=1 2 4 -5 -6
leaf_value=0.018249816433332362 0.0012459282667315452 0.0040269727391957361 0.018236889533220179 -0.032885528937019917 -0.0096442352052370176
leaf_weight=1.6656628903001545 2.7114631538279355 0.56316125206649337 0.53044534940272559 1.0326960692182181 1.2190787466242907
leaf_count=10 10 6 8 12 10
internal_value=0 -0.00501879 -0.0100964 -0.0198595 -0.00119084
internal_weight=0 6.05684 3.34538 1.59586 1.74952
internal_count=56 46 36 18 18
is_linear=0
shrinkage=0.1


Tree=31
num_leaves=7
num_cat=0
split_feature=4 3 4 3 3 2
split_gain=0.0683887 0.035321 0.0166647 0.0508365 0.214771 0.00939159
threshold=0.47425000000000006 0.35230000000000006 0.55125000000000013 0.39770000000000005 0.42870000000000003 0.55000000000000016
decision_type=2 2 2 2 2 2
left_child=-1 5 -3 -4 -5 -2
right_child=1 2 3 4 -6 -7
leaf_value=0.021713260123347414 -0.0075929632868422664 0.008626453214290496 0.0092917211726162418 0.022643039916408141 -0.086098492982401006 -0.019407308327136052
leaf_weight=1.2208865731954572 1.5516868131235242 1.9497984363697471 1.0622810050845144 0.41566902771592129 0.32258264161646366 1.1880004927515984
leaf_count=6 10 12 4 6 8 10
internal_value=0 -0.00408464 0.00222071 -0.00471608 -0.0248721 -0.012716
internal_weight=0 6.49002 3.75033 1.80053 0.738252 2.73969
internal_count=56 50 30 18 14 20
is_linear=0
shrinkage=0.1


Tree=32
num_leaves=6
num_cat=0
split_feature=1 5 1 4 3
split_gain=0.0667989 0.0167942 0.0673717 0.0319112 0.00422361
threshold=0.50500000000000012 0.35000000000000003 0.63500000000000012 0.57095000000000018 0.45575000000000004
decision_type=2 2 2 2 2
left_child=-1 2 -2 4 -3
right_child=1 3 -4 -5 -6
leaf_value=0.017943166851427855 -0.043308222579481144 -0.012113536208732303 -0.00053495584124551437 0.011931832739601127 -0.0042572683716887152
leaf_weight=1.6313531100749967 0.51999859185889352 1.0712654469534757 1.2617840729653833 1.254257885739207 1.8944524712860582
leaf_count=10 14 6 8 8 10
internal_value=0 -0.00487717 -0.013018 -0.00143992 -0.00709508
internal_weight=0 6.00176 1.78178 4.21998 2.96572
internal_count=56 46 22 24 16
is_linear=0
shrinkage=0.1


Tree=33
num_leaves=6
num_cat=0
split_feature=4 3 1 4 3
split_gain=0.0640763 0.0332021 0.0133259 0.00920865 0.0172554
threshold=0.47425000000000006 0.35230000000000006 0.55500000000000016 0.54765000000000008 0.28375000000000006
decision_type=2 2 2 2 2
left_child=-1 3 -3 4 -2
right_child=1 2 -4 -5 -6
leaf_value=0.021098504747659941 0.0070884731359916039 0.0099181027580600989 -0.0024851215436474628 -0.018396808867422062 -0.015584679849970718
leaf_weight=1.2106844410300253 0.54966343753039859 1.3922113222070041 2.2927112076431513 1.3107788246124981 0.86214038450270891
leaf_count=6 6 14 16 8 6
internal_value=0 -0.00398652 0.00220098 -0.0123611 -0.00675725
internal_weight=0 6.40751 3.68492 2.72258 1.4118
internal_count=56 50 30 20 12
is_linear=0
shrinkage=0.1


Tree=34
num_leaves=6
num_cat=0
split_feature=1 5 1 4 1
split_gain=0.0670678 0.0141868 0.0558204 0.0287946 0.00442518
threshold=0.50500000000000012 0.35000000000000003 0.63500000000000012 0.57095000000000018 0.6100000000000001
decision_type=2 2 2 2 2
left_child=-1 2 -2 4 -3
right_child=1 3 -4 -5 -6
leaf_value=0.018039841463487413 -0.039871268609127639 -0.012131167514162359 -0.00093240395920319002 0.011016763955542717 -0.0041241153438866278
leaf_weight=1.6206607613712547 0.52189739793539036 1.1018667826429012 1.2497025355696676 1.2457156907767055 1.8475134577602146
leaf_count=10 14 8 8 8 8
internal_value=0 -0.00489994 -0.0124034 -0.0017312 -0.00711549
internal_weight=0 5.9667 1.7716 4.1951 2.94938
internal_count=56 46 22 24 16
is_linear=0
shrinkage=0.1


Tree=35
num_leaves=5
num_cat=0
split_feature=4 3 2 1
split_gain=0.0559376 0.028958 0.0167282 0.0133351
threshold=0.47425000000000006 0.35230000000000006 0.55000000000000016 0.55500000000000016
decision_type=2 2 2 2
left_child=-1 2 -2 -3
right_child=1 3 -4 -5
leaf_value=0.019844777261260459 -0.0047230525205809318 0.0097851030961740148 -0.020586894712659926 -0.0026401773645467492
leaf_weight=1.1961527615785597 1.5425159558653831 1.3909934917464855 1.1680604927241802 2.2787316525354981
leaf_count=6 10 14 10 16
internal_value=0 -0.00372041 -0.0115592 0.00206957
internal_weight=0 6.3803 2.71058 3.66973
internal_count=56 50 20 30
is_linear=0
shrinkage=0.1


Tree=36
num_leaves=9
num_cat=0
split_feature=4 5 4 1 4 4 1 1
split_gain=0.269148 0.0198609 0.0584779 0.0923188 0.0542028 0.173487 0.0124158 0.00205129
threshold=1.0000000180025095e-35 0.15000000000000005 0.52860000000000007 0.4300000000000001 0.50170000000000015 0.57095000000000018 0.63500000000000012 0.63500000000000012
decision_type=2 2 2 2 2 2 2 2
left_child=-1 2 -2 -4 -3 7 -5 -6
right_child=1 4 3 6 5 -7 -8 -9
leaf_value=0.11571577759568082 -0.018379145189540192 0.0018342598426512213 -0.0057199092324080021 0.047969280375742253 -0.070361688161153804 -0.0035012372976359601 0.024146381743639488 -0.084356851608847566
leaf_weight=0.19580375403165806 0.87523503461852703 2.6312037408351898 1.18916292488575 0.47499881591647852 0.22520692460238922 1.3747775703668592 0.40555514022707939 0.19577051885426044
leaf_count=2 6 8 4 6 8 14 4 4
internal_value=0 -0.0030735 0.0032904 0.0124539 -0.00730697 -0.020701 0.0369972 -0.07687
internal_weight=0 7.37191 2.94495 2.06972 4.42696 1.79576 0.880554 0.420977
internal_count=56 54 20 14 34 26 10 12
is_linear=0
shrinkage=0.1


Tree=37
num_leaves=5
num_cat=0
split_feature=5 3 4 4
split_gain=0.163002 0.243786 0.114174 0.0504093
threshold=0.25000000000000006 0.28375000000000006 0.54930000000000012 0.54765000000000008
decision_type=2 2 2 2
left_child=1 -1 -2 -3
right_child=2 3 -4 -5
leaf_value=0.064687132819132118 0.0005067493395892889 -0.017850718239551457 -0.032482763648486679 0.011817558610235661
leaf_weight=0.80297546368092332 2.624459776096046 0.88296266086399589 1.7477263058535752 1.6298092631623147
leaf_count=8 10 8 18 12
internal_value=0 0.0167205 -0.0126804 0.00139243
internal_weight=0 3.31575 4.37219 2.51277
internal_count=56 28 28 20
is_linear=0
shrinkage=0.1


Tree=38
num_leaves=7
num_cat=0
split_feature=1 4 4 0 4 3
split_gain=0.0330312 0.0292779 0.0329868 0.0472541 0.0306018 0.0114122
threshold=0.50500000000000012 0.55940000000000012 0.52860000000000007 0.91155000000000019 0.59235000000000004 0.45575000000000004
decision_type=2 2 2 2 2 2
left_child=-1 2 5 -4 -3 -2
right_child=1 4 3 -5 -6 -7
leaf_value=0.013064378247220957 -0.0092482699875454238 0.028846131810685516 -0.0033253664471385941 -0.054670825125554649 -0.0008737281532796489 0.0021169605767596441
leaf_weight=1.5371627658605573 1.8491074722260239 0.48978291265666474 0.38393358141183842 0.33619235269725323 1.1839688895270226 1.6919277030974624
leaf_count=10 10 8 4 8 10 6
internal_value=0 -0.00338372 -0.00778566 -0.0272961 0.00782307 -0.0038179
internal_weight=0 5.93491 4.26116 0.720126 1.67375 3.54104
internal_count=56 46 28 12 18 16
is_linear=0
shrinkage=0.1


Tree=39
num_leaves=8
num_cat=0
split_feature=4 3 4 4 4 3 4
split_gain=0.0331218 0.0324622 0.0347704 0.00598882 0.00547973 0.00625683 0.00481155
threshold=0.47425000000000006 0.35230000000000006 0.57095000000000018 0.54930000000000012 0.54765000000000008 0.28375000000000006 0.55940000000000012
decision_type=2 2 2 2 2 2 2
left_child=-1 4 3 -3 5 -2 -5
right_child=1 2 -4 6 -6 -7 -8
leaf_value=0.01563962249319787 0.0009983677300614527 -0.00079026634148384161 0.016722714573362919 -0.02094331812101264 -0.015859728506589451 -0.012397746412027707 -0.0033900331283276772
leaf_weight=1.1466132327914236 0.59435142390429996 1.7277900921180851 1.2673067916184662 0.31406536791473616 1.2778533361852167 0.84341819677501917 0.31059221923351288
leaf_count=6 6 8 10 8 8 6 4
internal_value=0 -0.00283055 0.00336954 -0.00382406 -0.0110949 -0.00686 -0.0122155
internal_weight=0 6.33538 3.61975 2.35245 2.71562 1.43777 0.624658
internal_count=56 50 30 20 20 12 12
is_linear=0
shrinkage=0.1


Tree=40
num_leaves=6
num_cat=0
split_feature=1 4 4 0 5
split_gain=0.0499912 0.023425 0.0355214 0.0453029 0.0151236
threshold=0.50500000000000012 0.57095000000000018 0.5445000000000001 0.91155000000000019 0.35000000000000003
decision_type=2 2 2 2 2
left_child=-1 2 4 -4 -2
right_child=1 -3 3 -5 -6
leaf_value=0.016012990606977882 -0.013369836812617001 0.007421329594320453 -0.0013885881528096682 -0.048254377272302779 0.00062544177181202967
leaf_weight=1.5456255730241535 1.0892892186529937 1.3437199047766624 0.38750988896936167 0.44097901880741119 2.6519220899790525
leaf_count=10 10 14 4 8 10
internal_value=0 -0.00418541 -0.00759837 -0.0263338 -0.00344942
internal_weight=0 5.91342 4.5697 0.828489 3.74121
internal_count=56 46 32 12 20
is_linear=0
shrinkage=0.1


Tree=41
num_leaves=7
num_cat=0
split_feature=1 4 4 4 0 3
split_gain=0.0279858 0.0202253 0.0299617 0.0244325 0.0566575 0.00879448
threshold=0.50500000000000012 0.55940000000000012 0.59235000000000004 0.52860000000000007 0.91155000000000019 0.45575000000000004
decision_type=2 2 2 2 2 2
left_child=-1 3 -3 5 -5 -2
right_child=1 2 -4 4 -6 -7
leaf_value=0.01205219976829796 -0.0080802518994588391 0.027876107932507471 -0.0021531691750219639 0.0023810471771887527 -0.053443879352542113 0.0018934680119199066
leaf_weight=1.5305792447179554 1.8468252844177189 0.46287891454994667 1.177432478405535 0.39398455154150713 0.33757640095427632 1.6959527954459188
leaf_count=10 10 8 10 4 8 6
internal_value=0 -0.00311884 0.00632078 -0.00674136 -0.0233792 -0.00330576
internal_weight=0 5.91465 1.64031 4.27434 0.731561 3.54278
internal_count=56 46 18 28 12 16
is_linear=0
shrinkage=0.1


Tree=42
num_leaves=6
num_cat=0
split_feature=4 3 4 4 3
split_gain=0.0346817 0.0147011 0.0261868 0.0128609 0.0174363
threshold=0.47425000000000006 0.35230000000000006 0.57095000000000018 0.54765000000000008 0.28375000000000006
decision_type=2 2 2 2 2
left_child=-1 3 -3 4 -2
right_child=1 2 -4 -5 -6
leaf_value=0.01606122164457487 0.010858509426637138 -0.0049177186476250323 0.01300509344798504 -0.015725025881409317 -0.011332722763055832
leaf_weight=1.1393177285790441 0.612129617482424 2.3459493392147128 1.2493584509938953 1.2806886257603762 0.83987911464646459
leaf_count=6 6 20 10 8 6
internal_value=0 -0.00289173 0.0013104 -0.00842031 -0.00197747
internal_weight=0 6.32801 3.59531 2.7327 1.45201
internal_count=56 50 30 20 12
is_linear=0
shrinkage=0.1


Tree=43
num_leaves=7
num_cat=0
split_feature=3 4 3 0 3 3
split_gain=0.0343648 0.0278041 0.0375985 0.0564243 0.00126784 0.000389125
threshold=0.28375000000000006 0.55940000000000012 0.45575000000000004 0.91155000000000019 0.24260000000000001 0.39770000000000005
decision_type=2 2 2 2 2 2
left_child=4 2 3 -2 -1 -3
right_child=1 5 -4 -5 -6 -7
leaf_value=0.023231370835587198 -0.0036739177902792119 0.010378002870962126 0.0050516233042167827 -0.032551537212069874 0.015377808696863832 0.0069662156936463457
leaf_weight=0.40862427186220873 2.1619709804654126 1.0663865227252243 1.9178131269291041 0.984835551586002 0.41363350488245487 0.48693723697215308
leaf_count=6 8 6 12 10 4 10
internal_value=0 -0.00239556 -0.0059852 -0.0127116 0.0192807 0.00930847
internal_weight=0 6.61794 5.06462 3.14681 0.822258 1.55332
internal_count=56 46 30 18 10 16
is_linear=0
shrinkage=0.1


Tree=44
num_leaves=6
num_cat=0
split_feature=3 4 4 3 0
split_gain=0.230444 0.0497255 0.362051 0.0244888 0.00828363
threshold=0.28375000000000006 0.55125000000000013 0.57095000000000018 0.45575000000000004 0.91155000000000019
decision_type=2 2 2 2 2
left_child=-1 3 -3 4 -2
right_child=1 2 -4 -5 -6
leaf_value=0.047997463255455758 -0.0032567787797334775 -0.0851046667749491 0.009968133140694101 0.0080343525467363695 -0.014845227958868274
leaf_weight=0.88399893417954434 2.1575180701911454 0.58755883667618025 1.2584824012592433 1.851969067007303 0.86379614053294052
leaf_count=10 8 8 12 10 8
internal_value=0 -0.00631458 -0.0202917 -0.00101994 -0.00656993
internal_weight=0 6.71932 1.84604 4.87328 3.02131
internal_count=56 46 20 26 16
is_linear=0
shrinkage=0.1


Tree=45
num_leaves=6
num_cat=0
split_feature=1 3 4 4 3
split_gain=0.0367512 0.0201025 0.040058 0.0350715 0.00322751
threshold=0.50500000000000012 0.28375000000000006 0.55940000000000012 0.50170000000000015 0.39770000000000005
decision_type=2 2 2 2 2
left_child=-1 -2 3 -3 -4
right_child=1 2 4 -5 -6
leaf_value=0.013980090149266348 -0.018550163436011079 -0.0011282108563443127 0.0090595298039208485 -0.02340157158056818 0.01885814443606143
leaf_weight=1.5018438939005134 0.77457596827298392 2.6697498545981948 1.060059822630137 0.9615580323152243 0.49225164111703623
leaf_count=10 8 10 6 12 10
internal_value=0 -0.00352387 -0.00127853 -0.00702612 0.0121668
internal_weight=0 5.9582 5.18362 3.63131 1.55231
internal_count=56 46 38 22 16
is_linear=0
shrinkage=0.1


Tree=46
num_leaves=6
num_cat=0
split_feature=1 5 1 4 3
split_gain=0.0310145 0.017198 0.0286439 0.0187975 0.00423332
threshold=0.50500000000000012 0.35000000000000003 0.63500000000000012 0.57095000000000018 0.39770000000000005
decision_type=2 2 2 2 2
left_child=-1 2 -2 4 -3
right_child=1 3 -4 -5 -6
leaf_value=0.012819662901947033 -0.027867571139748734 0.0013329556323367433 -0.0018990296707713178 0.010865396558556145 -0.0067490143105903948
leaf_weight=1.5054115448147056 0.66494259471073736 0.98027709499001536 1.1758989356458185 1.2025638967752454 1.9126476375386117
leaf_count=10 14 4 8 8 12
internal_value=0 -0.00325098 -0.0112793 0.000357592 -0.00401041
internal_weight=0 5.93633 1.84084 4.09549 2.89292
internal_count=56 46 22 24 16
is_linear=0
shrinkage=0.1


Tree=47
num_leaves=6
num_cat=0
split_feature=4 3 2 4 3
split_gain=0.0305225 0.0337239 0.0185255 0.0137935 0.000581228
threshold=0.47425000000000006 0.35230000000000006 0.55000000000000016 0.55940000000000012 0.39770000000000005
decision_type=2 2 2 2 2
left_child=-1 2 -2 -3 -5
right_child=1 3 -4 4 -6
leaf_value=0.015264126589338622 -0.0043642215197952239 -0.0016057375870980333 -0.021027103931388832 0.0097146271463750457 0.013936078434942118
leaf_weight=1.1137557327747343 1.7084034397266805 2.0055646272376184 1.0947998436167836 1.0357135534286497 0.47607359569519747
leaf_count=6 10 16 10 4 10
internal_value=0 -0.00268973 -0.010872 0.00383122 0.011044
internal_weight=0 6.32056 2.8032 3.51735 1.51179
internal_count=56 50 20 30 14
is_linear=0
shrinkage=0.1


Tree=48
num_leaves=6
num_cat=0
split_feature=1 5 1 4 3
split_gain=0.0325187 0.0156693 0.0286924 0.0157966 0.00290734
threshold=0.50500000000000012 0.35000000000000003 0.63500000000000012 0.57095000000000018 0.39770000000000005
decision_type=2 2 2 2 2
left_child=-1 2 -2 4 -3
right_child=1 3 -4 -5 -6
leaf_value=0.013154001335119771 -0.02756593750046292 0.00053235539055391851 -0.0015527197254705956 0.0097685501408742333 -0.0061841111385252459
leaf_weight=1.4988079313188789 0.66669014701619733 0.97572839260101352 1.1648561507463453 1.196907529607415 1.8984464677050708
leaf_count=10 14 4 8 8 12
internal_value=0 -0.0033401 -0.0110216 0.000115763 -0.003904
internal_weight=0 5.90263 1.83155 4.07108 2.87417
internal_count=56 46 22 24 16
is_linear=0
shrinkage=0.1


Tree=49
num_leaves=6
num_cat=0
split_feature=4 3 2 4 3
split_gain=0.0266727 0.0233601 0.0149506 0.0102526 2.27255e-05
threshold=0.47425000000000006 0.35230000000000006 0.55000000000000016 0.55940000000000012 0.39770000000000005
decision_type=2 2 2 2 2
left_child=-1 2 -2 -3 -5
right_child=1 3 -4 4 -6
leaf_value=0.014320509327846745 -0.0035126786322099896 -0.0017584999766758983 -0.018541123364078795 0.008916974238305949 0.0097588356372794172
leaf_weight=1.1060679629445074 1.7036458603106439 2.0046717890072618 1.0826075174845755 1.0321232974529264 0.46516278479248274
leaf_count=6 10 16 10 4 10
internal_value=0 -0.00251892 -0.00935203 0.0029177 0.00917852
internal_weight=0 6.28821 2.78625 3.50196 1.49729
internal_count=56 50 20 30 14
is_linear=0
shrinkage=0.1


Tree=50
num_leaves=6
num_cat=0
split_feature=1 5 1 4 3
split_gain=0.0324778 0.0112397 0.0233462 0.0146578 0.00297167
threshold=0.50500000000000012 0.35000000000000003 0.63500000000000012 0.57095000000000018 0.45575000000000004
decision_type=2 2 2 2 2
left_child=-1 2 -2 4 -3
right_child=1 3 -4 -5 -6
leaf_value=0.013169097629680937 -0.02492356737372653 -0.0085744712012007368 -0.0013301090412323698 0.0088968016368296647 -0.0018756359392256682
leaf_weight=1.4932622741907833 0.65824692766182114 1.0366477943025532 1.1558761186897752 1.1921040602028368 1.833426392637193
leaf_count=10 14 6 8 8 10
internal_value=0 -0.00334648 -0.0098909 -0.00042382 -0.0042952
internal_weight=0 5.8763 1.81412 4.06218 2.87007
internal_count=56 46 22 24 16
is_linear=0
shrinkage=0.1


Tree=51
num_leaves=5
num_cat=0
split_feature=4 3 2 1
split_gain=0.0273632 0.0170677 0.0123925 0.0109311
threshold=0.47425000000000006 0.35230000000000006 0.55000000000000016 0.55500000000000016
decision_type=2 2 2 2
left_child=-1 2 -2 -3
right_child=1 3 -4 -5
leaf_value=0.014529341127140095 -0.0031028509380806681 0.0093175225132435379 -0.016819558807790874 -0.0022387092421865128
leaf_weight=1.1023563742637632 1.7040517092682421 1.3104757589753719 1.0736426622606814 2.180399919860065
leaf_count=6 10 14 10 16
internal_value=0 -0.00255505 -0.00840467 0.0020995
internal_weight=0 6.26857 2.77769 3.49088
internal_count=56 50 20 30
is_linear=0
shrinkage=0.1


Tree=52
num_leaves=6
num_cat=0
split_feature=1 5 1 4 3
split_gain=0.0279087 0.00885697 0.0188455 0.0133755 0.00381446
threshold=0.50500000000000012 0.35000000000000003 0.63500000000000012 0.57095000000000018 0.45575000000000004
decision_type=2 2 2 2 2
left_child=-1 2 -2 4 -3
right_child=1 3 -4 -5 -6
leaf_value=0.012229749235100727 -0.022504571951899879 -0.0090413264146908222 -0.0012351758197345119 0.0084154578585752416 -0.0014578114782721366
leaf_weight=1.4881572499871252 0.65298453485593189 1.0400144592858853 1.1506424620747564 1.1869794204831121 1.8309917664155362
leaf_count=10 14 6 8 8 10
internal_value=0 -0.00310491 -0.00893554 -0.000513401 -0.00420492
internal_weight=0 5.86161 1.80363 4.05799 2.87101
internal_count=56 46 22 24 16
is_linear=0
shrinkage=0.1


Tree=53
num_leaves=5
num_cat=0
split_feature=4 3 2 1
split_gain=0.0279295 0.0125946 0.0114657 0.00978287
threshold=0.47425000000000006 0.35230000000000006 0.55000000000000016 0.55500000000000016
decision_type=2 2 2 2
left_child=-1 2 -2 -3
right_child=1 3 -4 -5
leaf_value=0.014702109869513367 -0.0025277014621369392 0.0082634097306175276 -0.015747250641797349 -0.0026828420966499766
leaf_weight=1.0990533232688902 1.7053922186605632 1.3057330439332875 1.0663319076411426 2.1789135062135756
leaf_count=6 10 14 10 16
internal_value=0 -0.00258271 -0.0076135 0.00141883
internal_weight=0 6.25637 2.77172 3.48465
internal_count=56 50 20 30
is_linear=0
shrinkage=0.1


Tree=54
num_leaves=6
num_cat=0
split_feature=1 1 1 5 2
split_gain=0.0242246 0.00703339 0.00796317 0.0198151 0.0165997
threshold=0.50500000000000012 0.66500000000000015 0.6100000000000001 0.35000000000000003 0.55000000000000016
decision_type=2 2 2 2 2
left_child=-1 2 3 -2 -5
right_child=1 -3 -4 4 -6
leaf_value=0.011407937367762843 -0.019998725069342776 -0.010447591376016715 0.0037034628949183636 -0.0091218989003792987 0.0080112272108406862
leaf_weight=1.4846574608236549 0.64914568234235082 1.0183822596445677 1.9166932329535482 1.0838123071007431 1.1824533548206091
leaf_count=10 14 8 8 8 8
internal_value=0 -0.00289495 -0.0013032 -0.00459476 -0.000182469
internal_weight=0 5.85049 4.8321 2.91541 2.26627
internal_count=56 46 38 30 16
is_linear=0
shrinkage=0.1


Tree=55
num_leaves=7
num_cat=0
split_feature=4 4 4 3 3 0
split_gain=0.0284364 0.0151087 0.0497286 0.0214997 0.0109943 0.00258525
threshold=0.47425000000000006 0.55125000000000013 0.57095000000000018 0.45575000000000004 0.28375000000000006 0.91155000000000019
decision_type=2 2 2 2 2 2
left_child=-1 3 -3 4 -2 -6
right_child=1 2 -4 -5 5 -7
leaf_value=0.014856596684524093 0.0056335496567385601 -0.041230244493157382 -0.0010015901190828982 0.0087291977601513717 -0.0059392713581538298 -0.013160095675356004
leaf_weight=1.0960370264947412 0.69203184079378877 0.40525977127253998 1.2709665941074488 1.8392745051532982 1.1876338943839075 0.85119101195596147
leaf_count=6 6 8 14 10 4 8
internal_value=0 -0.00260686 -0.0107276 0.000371664 -0.00525727 -0.0089539
internal_weight=0 6.24636 1.67623 4.57013 2.73086 2.03882
internal_count=56 50 22 28 18 12
is_linear=0
shrinkage=0.1


Tree=56
num_leaves=6
num_cat=0
split_feature=1 5 1 4 3
split_gain=0.0251607 0.0103268 0.0204089 0.0109153 0.00269637
threshold=0.50500000000000012 0.35000000000000003 0.63500000000000012 0.57095000000000018 0.39770000000000005
decision_type=2 2 2 2 2
left_child=-1 2 -2 4 -3
right_child=1 3 -4 -5 -6
leaf_value=0.011668375994753918 -0.023554615138697083 0.0007953869837059081 -0.0012906481187194545 0.0079491610004474196 -0.0056902033268371134
leaf_weight=1.4747560024261472 0.64195947442203749 0.97053491324186358 1.1480621658265588 1.1783388108015058 1.8881434649229047
leaf_count=10 14 4 8 8 12
internal_value=0 -0.00295313 -0.00927522 -0.000149904 -0.00348831
internal_weight=0 5.82704 1.79002 4.03702 2.85868
internal_count=56 46 22 24 16
is_linear=0
shrinkage=0.1


Tree=57
num_leaves=6
num_cat=0
split_feature=4 3 2 4 3
split_gain=0.0227768 0.0138515 0.0109869 0.0084599 4.19095e-06
threshold=0.47425000000000006 0.35230000000000006 0.55000000000000016 0.55940000000000012 0.39770000000000005
decision_type=2 2 2 2 2
left_child=-1 2 -2 -3 -5
right_child=1 3 -4 4 -6
leaf_value=0.013342789444092311 -0.0026462896148846463 -0.0023615317069804217 -0.015636912723406556 0.0075365473691742972 0.0079047458325840533
leaf_weight=1.0886143036186693 1.696669346652925 1.9952119560912254 1.0564271230250597 1.020359620451927 0.443501348607242
leaf_count=6 10 16 10 4 10
internal_value=0 -0.00233818 -0.00763109 0.00187449 0.0076481
internal_weight=0 6.21217 2.7531 3.45907 1.46386
internal_count=56 50 20 30 14
is_linear=0
shrinkage=0.1


Tree=58
num_leaves=6
num_cat=0
split_feature=1 5 1 4 3
split_gain=0.0255547 0.00735087 0.0162702 0.0105234 0.00394497
threshold=0.50500000000000012 0.35000000000000003 0.63500000000000012 0.57095000000000018 0.45575000000000004
decision_type=2 2 2 2 2
left_child=-1 2 -2 4 -3
right_child=1 3 -4 -5 -6
leaf_value=0.011775031313871137 -0.021137558813576113 -0.0088345408443308814 -0.0011887667866538854 0.0073471632241190804 -0.0010991515189717809
leaf_weight=1.4707501027733085 0.63716062321327616 1.0325974887236955 1.140965800732374 1.1750485338270662 1.8236870532855389
leaf_count=10 14 6 8 8 10
internal_value=0 -0.00298102 -0.00833707 -0.000618594 -0.00389563
internal_weight=0 5.80946 1.77813 4.03133 2.85628
internal_count=56 46 22 24 16
is_linear=0
shrinkage=0.1


Tree=59
num_leaves=7
num_cat=0
split_feature=4 3 2 4 3 3
split_gain=0.0237871 0.0101545 0.00959371 0.00856018 0.0354753 0.0717954
threshold=0.47425000000000006 0.35230000000000006 0.55000000000000016 0.55125000000000013 0.39770000000000005 0.42870000000000003
decision_type=2 2 2 2 2 2
left_child=-1 2 -2 -3 -5 -6
right_child=1 3 -4 4 5 -7
leaf_value=0.013651200207959216 -0.0022802781761293738 0.0057974396220540044 -0.014438717213812499 0.006949689865966821 0.0051563748964317093 -0.067554938899986663
leaf_weight=1.0861636959016321 1.6983219832181931 1.8709143486339601 1.050348358694464 1.0173178687691686 0.33485333016142238 0.22844042256474495
leaf_count=6 10 12 10 4 6 8
internal_value=0 -0.00239144 -0.00692638 0.00122001 -0.00419813 -0.0243313
internal_weight=0 6.2002 2.74867 3.45153 1.58061 0.563294
internal_count=56 50 20 30 18 14
is_linear=0
shrinkage=0.1


Tree=60
num_leaves=6
num_cat=0
split_feature=1 1 1 5 1
split_gain=0.0246743 0.00690274 0.00893152 0.00928954 0.00263283
threshold=0.50500000000000012 0.66500000000000015 0.57500000000000007 0.15000000000000005 0.6100000000000001
decision_type=2 2 2 2 2
left_child=-1 2 -2 -4 -5
right_child=1 -3 3 4 -6
leaf_value=0.01161914173270439 -0.0082471920120682773 -0.010453346479277511 0.012053059322576344 -0.0051654643452671966 0.0011963819679995519
leaf_weight=1.4600053848698733 1.347300272202119 1.0067035704851148 0.65699015185236964 1.0346144065260889 1.7522321455180643
leaf_count=10 16 8 6 10 6
internal_value=0 -0.00292593 -0.00134428 0.00135628 -0.00116545
internal_weight=0 5.79784 4.79114 3.44384 2.78685
internal_count=56 46 38 22 16
is_linear=0
shrinkage=0.1


Tree=61
num_leaves=6
num_cat=0
split_feature=4 3 4 2 3
split_gain=0.0215396 0.0122727 0.00993521 0.00542057 3.46849e-05
threshold=0.47425000000000006 0.35230000000000006 0.55940000000000012 0.55000000000000016 0.39770000000000005
decision_type=2 2 2 2 2
left_child=-1 3 -3 -2 -4
right_child=1 2 4 -5 -6
leaf_value=0.013004600241003604 -0.0037767227014296571 -0.0028804396284800552 0.0077081011334516163 -0.012927704533301949 0.0087848642653926036
leaf_weight=1.0834342017769811 1.6965112583711743 1.9865148903336378 1.0183120444416998 1.0466599706560373 0.4236024934798478
leaf_count=6 10 16 4 10 10
internal_value=0 -0.00228298 0.00170589 -0.00726829 0.00802443
internal_weight=0 6.1716 3.42843 2.74317 1.44191
internal_count=56 50 30 20 14
is_linear=0
shrinkage=0.1


Tree=62
num_leaves=6
num_cat=0
split_feature=1 5 1 4 3
split_gain=0.0218601 0.00728181 0.016107 0.0114718 0.00439044
threshold=0.50500000000000012 0.35000000000000003 0.63500000000000012 0.57095000000000018 0.45575000000000004
decision_type=2 2 2 2 2
left_child=-1 2 -2 4 -3
right_child=1 3 -4 -5 -6
leaf_value=0.010952650579399942 -0.020936038658038926 -0.0090313651377642804 -0.00097045161187341651 0.0079418065126952483 -0.00087203335252953186
leaf_weight=1.4555967133492229 0.62997497990727414 1.0339561500586572 1.1267801150679586 1.1667161602526901 1.8208374083042143
leaf_count=10 14 6 8 8 10
internal_value=0 -0.00275908 -0.00813014 -0.000412788 -0.0038272
internal_weight=0 5.77826 1.75676 4.02151 2.85479
internal_count=56 46 22 24 16
is_linear=0
shrinkage=0.1


Tree=63
num_leaves=5
num_cat=0
split_feature=4 3 4 0
split_gain=0.0224649 0.0103585 0.0136155 0.0173705
threshold=0.47425000000000006 0.45575000000000004 0.55940000000000012 0.91155000000000019
decision_type=2 2 2 2
left_child=-1 2 3 -2
right_child=1 -3 -4 -5
leaf_value=0.01329736602130053 -0.0028395756065069757 0.00360635867071777 0.0029102098984344561 -0.019020675126102123
leaf_weight=1.0808461382985113 1.6860440936870873 1.9884060388430951 1.3916393807157872 1.0938430100213736
leaf_count=6 8 14 16 12
internal_value=0 -0.00233321 -0.00516437 -0.00920659
internal_weight=0 6.15993 4.17153 2.77989
internal_count=56 50 36 20
is_linear=0
shrinkage=0.1


Tree=64
num_leaves=6
num_cat=0
split_feature=1 5 1 4 3
split_gain=0.0197236 0.00704491 0.0158447 0.0104703 0.00351206
threshold=0.50500000000000012 0.35000000000000003 0.63500000000000012 0.57095000000000018 0.45575000000000004
decision_type=2 2 2 2 2
left_child=-1 2 -2 4 -3
right_child=1 3 -4 -5 -6
leaf_value=0.010411079789537654 -0.020671093959901438 -0.0082404908269534706 -0.00081344486868418781 0.0076763926342734261 -0.00093721179311999142
leaf_weight=1.4532207166776059 0.62595763732679177 1.0319235818460586 1.1221602763980625 1.1634541805833576 1.8193579893559215
leaf_count=10 14 6 8 8 10
internal_value=0 -0.00262536 -0.00792398 -0.000318215 -0.00358038
internal_weight=0 5.76285 1.74812 4.01474 2.85128
internal_count=56 46 22 24 16
is_linear=0
shrinkage=0.1


Tree=65
num_leaves=5
num_cat=0
split_feature=4 3 4 0
split_gain=0.0228471 0.00968677 0.0116154 0.0147182
threshold=0.47425000000000006 0.45575000000000004 0.55940000000000012 0.91155000000000019
decision_type=2 2 2 2
left_child=-1 2 3 -2
right_child=1 -3 -4 -5
leaf_value=0.013424005463909029 -0.0029817309790670806 0.0033882509835931104 0.0023791731734954264 -0.017901192746638286
leaf_weight=1.0785413123667238 1.6854297984391451 1.9865303616970775 1.3848232640884814 1.0881109565962106
leaf_count=6 8 14 16 12
internal_value=0 -0.00235616 -0.00510038 -0.00883491
internal_weight=0 6.14489 4.15836 2.77354
internal_count=56 50 36 20
is_linear=0
shrinkage=0.1


Tree=66
num_leaves=6
num_cat=0
split_feature=1 5 1 4 3
split_gain=0.0180396 0.00664916 0.0152663 0.00979057 0.00300565
threshold=0.50500000000000012 0.35000000000000003 0.63500000000000012 0.57095000000000018 0.39770000000000005
decision_type=2 2 2 2 2
left_child=-1 2 -2 4 -3
right_child=1 3 -4 -5 -6
leaf_value=0.0099653916133392861 -0.020229212440150968 0.0011014800039526559 -0.00068783197252264929 0.0074681628597763243 -0.005757970520496725
leaf_weight=1.4505335045978425 0.62233022763393808 0.96732114627957377 1.1179394442588089 1.160594033077359 1.880857218056917
leaf_count=10 14 4 8 8 12
internal_value=0 -0.00251436 -0.00767594 -0.000273632 -0.00342831
internal_weight=0 5.74904 1.74027 4.00877 2.84818
internal_count=56 46 22 24 16
is_linear=0
shrinkage=0.1


Tree=67
num_leaves=8
num_cat=0
split_feature=4 4 3 3 3 3 0
split_gain=0.0191311 0.0109077 0.0256241 0.0468649 0.0171495 0.00610114 0.00163094
threshold=0.47425000000000006 0.55125000000000013 0.39770000000000005 0.42870000000000003 0.45575000000000004 0.28375000000000006 0.91155000000000019
decision_type=2 2 2 2 2 2 2
left_child=-1 4 -3 -4 5 -2 -7
right_child=1 2 3 -5 -6 6 -8
leaf_value=0.012322248042767081 0.0035337123137764493 -0.00039135283526999355 -0.0027912525385154411 -0.063550384450594688 0.0078342371136813794 -0.0050601027209073593 -0.010819378485682971
leaf_weight=1.0723329149186609 0.67332076141610775 1.0758308600634334 0.31474663829430927 0.21276151807978749 1.8276122501119969 1.1823877021670344 0.84174634353257705
leaf_count=6 6 8 6 8 10 4 8
internal_value=0 -0.00215612 -0.00924361 -0.0272974 0.000355154 -0.00471217 -0.00745513
internal_weight=0 6.12841 1.60334 0.527508 4.52507 2.69745 2.02413
internal_count=56 50 22 14 28 18 12
is_linear=0
shrinkage=0.1


Tree=68
num_leaves=6
num_cat=0
split_feature=1 5 1 4 3
split_gain=0.0195817 0.0063929 0.012547 0.0114482 0.00512856
threshold=0.50500000000000012 0.35000000000000003 0.63500000000000012 0.57095000000000018 0.45575000000000004
decision_type=2 2 2 2 2
left_child=-1 2 -2 4 -3
right_child=1 3 -4 -5 -6
leaf_value=0.010440519950721839 -0.019067406201370759 -0.0094602297080507297 -0.0013280221277145827 0.0079789143469901538 -0.00062772074068237699
leaf_weight=1.436581785790622 0.62151910481043149 1.0303462613373997 1.1122384183108804 1.1551105808466671 1.8161842944100497
leaf_count=10 14 6 8 8 10
internal_value=0 -0.00261511 -0.00768725 -0.000417539 -0.00382479
internal_weight=0 5.7354 1.73376 4.00164 2.84653
internal_count=56 46 22 24 16
is_linear=0
shrinkage=0.1


Tree=69
num_leaves=5
num_cat=0
split_feature=4 3 4 0
split_gain=0.0189527 0.00977638 0.0112788 0.0161065
threshold=0.47425000000000006 0.45575000000000004 0.55940000000000012 0.91155000000000019
decision_type=2 2 2 2
left_child=-1 2 3 -2
right_child=1 -3 -4 -5
leaf_value=0.012274638112649547 -0.0024786775302929301 0.0036378133385017589 0.0024940293077324142 -0.018129035615432772
leaf_weight=1.0703658647835252 1.6818456035107374 1.9744906518608329 1.3723275922238825 1.0797618273645639
leaf_count=6 8 14 16 12
internal_value=0 -0.00215086 -0.0049157 -0.00859782
internal_weight=0 6.10843 4.13394 2.76161
internal_count=56 50 36 20
is_linear=0
shrinkage=0.1


Tree=70
num_leaves=6
num_cat=0
split_feature=1 5 1 4 3
split_gain=0.0175809 0.00648634 0.0127294 0.0103083 0.00392419
threshold=0.50500000000000012 0.35000000000000003 0.63500000000000012 0.57095000000000018 0.45575000000000004
decision_type=2 2 2 2 2
left_child=-1 2 -2 4 -3
right_child=1 3 -4 -5 -6
leaf_value=0.0098963900262767322 -0.019104718068772512 -0.0084378449063962462 -0.0011930586881558646 0.0077112724480010719 -0.00070589325603181475
leaf_weight=1.4351353729143737 0.6179469369817524 1.0282574864104397 1.1085195718333123 1.1519631594419477 1.8151069879531858
leaf_count=10 14 6 8 8 10
internal_value=0 -0.00248221 -0.0076041 -0.000268926 -0.00350203
internal_weight=0 5.72179 1.72647 3.99533 2.84336
internal_count=56 46 22 24 16
is_linear=0
shrinkage=0.1


Tree=71
num_leaves=6
num_cat=0
split_feature=4 3 2 3 1
split_gain=0.0197932 0.00926774 0.0100989 0.0202328 0.0089167
threshold=0.47425000000000006 0.45575000000000004 0.55000000000000016 0.35230000000000006 0.50500000000000012
decision_type=2 2 2 2 2
left_child=-1 2 4 -4 -2
right_child=1 -3 3 -5 -6
leaf_value=0.012551887767973034 -0.0055055263298689448 0.0034351653286280402 -0.011036725553335625 0.0077169382278844583 -0.02042815478442446
leaf_weight=1.0688781775534151 1.184458691626787 1.9730656929314134 1.0301757883280518 1.3028391669504342 0.60491553042083968
leaf_count=6 4 14 10 12 10
internal_value=0 -0.00220105 -0.00489867 -0.000564008 -0.0105503
internal_weight=0 6.09545 4.12239 2.33301 1.78937
internal_count=56 50 36 22 14
is_linear=0
shrinkage=0.1


Tree=72
num_leaves=7
num_cat=0
split_feature=1 4 3 3 5 3
split_gain=0.0172485 0.00750587 0.0196617 0.0320932 0.00308822 0.00698141
threshold=0.50500000000000012 0.54930000000000012 0.39770000000000005 0.42870000000000003 0.35000000000000003 0.28375000000000006
decision_type=2 2 2 2 2 2
left_child=-1 4 -3 -4 5 -2
right_child=1 2 3 -5 -6 -7
leaf_value=0.0098123227863006583 0.0037810211490851512 -0.0008427136619505904 -0.0054888020665361872 -0.058983523561852574 0.0018092049114427561 -0.009940275185103542
leaf_weight=1.4320917380973694 0.66542021045461275 1.0712202340364454 0.30504320235922922 0.17734971642494202 2.6503267232328653 0.8375345547683537
leaf_count=10 6 8 6 8 10 8
internal_value=0 -0.00246231 -0.0083919 -0.0251559 -0.000244234 -0.00386529
internal_weight=0 5.70689 1.55361 0.482393 4.15328 1.50295
internal_count=56 46 22 14 24 14
is_linear=0
shrinkage=0.1


Tree=73
num_leaves=5
num_cat=0
split_feature=4 3 4 0
split_gain=0.0156657 0.0093787 0.00956717 0.0129366
threshold=0.47425000000000006 0.45575000000000004 0.55940000000000012 0.91155000000000019
decision_type=2 2 2 2
left_child=-1 2 3 -2
right_child=1 -3 -4 -5
leaf_value=0.011203390312535103 -0.0026028383107547085 0.0037117145467964277 0.002167970855958652 -0.016691177833072987
leaf_weight=1.0623262822628019 1.6750052436254919 1.9703490091487763 1.3622736101970074 1.0669492420274764
leaf_count=6 8 14 16 12
internal_value=0 -0.00195926 -0.00468177 -0.00808489
internal_weight=0 6.07458 4.10423 2.74195
internal_count=56 50 36 20
is_linear=0
shrinkage=0.1


Tree=74
num_leaves=6
num_cat=0
split_feature=1 5 1 4 3
split_gain=0.0154531 0.00766805 0.0128212 0.0100286 0.00442172
threshold=0.50500000000000012 0.35000000000000003 0.63500000000000012 0.57095000000000018 0.45575000000000004
decision_type=2 2 2 2 2
left_child=-1 2 -2 4 -3
right_child=1 3 -4 -5 -6
leaf_value=0.0093134802614343107 -0.019500133724095564 -0.0083759006634361657 -0.0014590127066994112 0.007970914918090365 -0.0001506447921485097
leaf_weight=1.4249681979417799 0.61395100643858302 1.0216324520297355 1.0991106480360029 1.1460009682923553 1.8141174279153345
leaf_count=10 14 6 8 8 10
internal_value=0 -0.00233044 -0.00792484 7.64229e-05 -0.00311395
internal_weight=0 5.69481 1.71306 3.98175 2.83575
internal_count=56 46 22 24 16
is_linear=0
shrinkage=0.1


Tree=75
num_leaves=6
num_cat=0
split_feature=4 3 2 3 3
split_gain=0.0165522 0.00890336 0.00891879 0.0194929 0.0111638
threshold=0.47425000000000006 0.45575000000000004 0.55000000000000016 0.35230000000000006 0.28375000000000006
decision_type=2 2 2 2 2
left_child=-1 2 4 -4 -2
right_child=1 -3 3 -5 -6
leaf_value=0.011522597733081761 0.0027480302734327732 0.0035090826824996793 -0.0108831063564398 0.0075815462666627576 -0.014930772637234148
leaf_weight=1.0610285550355909 0.49520697165280569 1.9692877726629374 1.0253331838175657 1.2923696921207009 1.2816750567872075
leaf_count=6 4 14 10 12 10
internal_value=0 -0.00201617 -0.00467354 -0.000587068 -0.0100038
internal_weight=0 6.06387 4.09458 2.3177 1.77688
internal_count=56 50 36 22 14
is_linear=0
shrinkage=0.1


Tree=76
num_leaves=6
num_cat=0
split_feature=1 5 1 4 3
split_gain=0.0170503 0.00684205 0.0126809 0.00862917 0.00428077
threshold=0.50500000000000012 0.35000000000000003 0.63500000000000012 0.57095000000000018 0.45575000000000004
decision_type=2 2 2 2 2
left_child=-1 2 -2 4 -3
right_child=1 3 -4 -5 -6
leaf_value=0.0098064051923033094 -0.019328123180845508 -0.0083364289597717585 -0.0013206451591505559 0.0071631236447855517 -0.0002270802798321172
leaf_weight=1.4183785337954757 0.6084427882451563 1.015559192281217 1.0945712532848118 1.1411586515605447 1.8131445636972783
leaf_count=10 14 6 8 8 10
internal_value=0 -0.00245188 -0.00775425 -0.000177237 -0.00313849
internal_weight=0 5.67288 1.70301 3.96986 2.8287
internal_count=56 46 22 24 16
is_linear=0
shrinkage=0.1


Tree=77
num_leaves=8
num_cat=0
split_feature=4 4 3 1 3 3 0
split_gain=0.0148386 0.00873676 0.0184185 0.0329193 0.0134027 0.00335255 0.00127607
threshold=0.47425000000000006 0.55125000000000013 0.39770000000000005 0.63500000000000012 0.45575000000000004 0.28375000000000006 0.91155000000000019
decision_type=2 2 2 2 2 2 2
left_child=-1 4 -3 -4 5 -2 -7
right_child=1 2 3 -5 -6 6 -8
leaf_value=0.010945111567440534 0.0020004448096668276 -0.0010197501019257879 -0.048930167587977511 0.0032349268367879921 0.0069290559816356156 -0.0041006144685026957 -0.0092163732962659752
leaf_weight=1.0545591488480566 0.65784324286505613 1.0646896874532101 0.25847986573353399 0.22740215994417667 1.8240983011201022 1.1741516515612604 0.83386979694478203
leaf_count=6 6 8 10 4 10 4 8
internal_value=0 -0.00191081 -0.00838243 -0.0245159 0.000324114 -0.00419527 -0.00622503
internal_weight=0 6.04053 1.55057 0.485882 4.48996 2.66586 2.00802
internal_count=56 50 22 14 28 18 12
is_linear=0
shrinkage=0.1


Tree=78
num_leaves=6
num_cat=0
split_feature=1 5 1 4 3
split_gain=0.0165905 0.00872883 0.013583 0.00989308 0.00280991
threshold=0.50500000000000012 0.35000000000000003 0.63500000000000012 0.57095000000000018 0.45575000000000004
decision_type=2 2 2 2 2
left_child=-1 2 -2 4 -3
right_child=1 3 -4 -5 -6
leaf_value=0.0097033435447713111 -0.020455331773472463 -0.0072579658920463508 -0.0017677389363871384 0.0079985397940658415 -0.0006741721169406372
leaf_weight=1.4105954021215437 0.60395059618167568 1.0091001940891153 1.0925600398331878 1.1432094406336544 1.812762441113591
leaf_count=10 14 6 8 8 10
internal_value=0 -0.00241761 -0.00842044 0.000150786 -0.00302854
internal_weight=0 5.66158 1.69651 3.96507 2.82186
internal_count=56 46 22 24 16
is_linear=0
shrinkage=0.1


Tree=79
num_leaves=6
num_cat=0
split_feature=4 3 1 4 3
split_gain=0.0136144 0.00820502 0.0100505 0.00334883 0.000927123
threshold=0.47425000000000006 0.35230000000000006 0.55500000000000016 0.54765000000000008 0.28375000000000006
decision_type=2 2 2 2 2
left_child=-1 3 -3 4 -2
right_child=1 2 -4 -5 -6
leaf_value=0.010488241550206771 0.00010636114950950368 0.0086019803935736185 -0.0027562936881421387 -0.0097729359251259272 -0.0049668817644290828
leaf_weight=1.0533588826656339 0.65268273744732164 1.2430751540232452 2.0869663516059518 1.2345426138490436 0.80388745991513133
leaf_count=6 6 14 16 8 6
internal_value=0 -0.00183484 0.00148365 -0.00594122 -0.00269358
internal_weight=0 6.02115 3.33004 2.69111 1.45657
internal_count=56 50 30 20 12
is_linear=0
shrinkage=0.1


Tree=80
num_leaves=6
num_cat=0
split_feature=1 5 1 4 3
split_gain=0.0166681 0.00790314 0.0118136 0.00885329 0.00314684
threshold=0.50500000000000012 0.35000000000000003 0.63500000000000012 0.57095000000000018 0.45575000000000004
decision_type=2 2 2 2 2
left_child=-1 2 -2 4 -3
right_child=1 3 -4 -5 -6
leaf_value=0.009740661127240707 -0.019407342646507411 -0.007467235487116349 -0.0019437865251793725 0.0074598387361430683 -0.00049451070376787664
leaf_weight=1.4064910169690845 0.60077146440744389 1.0074460986070342 1.0904578408226369 1.1390161886811254 1.8102860702201722
leaf_count=10 14 6 8 8 10
internal_value=0 -0.00242568 -0.00814733 1.99239e-05 -0.00298752
internal_weight=0 5.64798 1.69123 3.95675 2.81773
internal_count=56 46 22 24 16
is_linear=0
shrinkage=0.1


Tree=81
num_leaves=6
num_cat=0
split_feature=1 5 1 4 3
split_gain=0.0132232 0.00782839 0.00999812 0.0074848 0.00205324
threshold=0.50500000000000012 0.35000000000000003 0.63500000000000012 0.57095000000000018 0.45575000000000004
decision_type=2 2 2 2 2
left_child=-1 2 -2 4 -3
right_child=1 3 -4 -5 -6
leaf_value=0.0086566210938893023 -0.018242581690055906 -0.0060956400977475334 -0.0021583376960458756 0.007122297704528411 -0.00047261949303236089
leaf_weight=1.4116267031058667 0.59904613695107389 1.0131312063895173 1.089094443246722 1.1357831787317989 1.8086910927668212
leaf_count=10 14 6 8 8 10
internal_value=0 -0.00216444 -0.00786592 0.000267556 -0.00249148
internal_weight=0 5.64575 1.68814 3.95761 2.82182
internal_count=56 46 22 24 16
is_linear=0
shrinkage=0.1


Tree=82
num_leaves=6
num_cat=0
split_feature=4 3 2 3 3
split_gain=0.0172238 0.00747828 0.00713116 0.0161712 0.0079539
threshold=0.47425000000000006 0.45575000000000004 0.55000000000000016 0.35230000000000006 0.28375000000000006
decision_type=2 2 2 2 2
left_child=-1 2 4 -4 -2
right_child=1 -3 3 -5 -6
leaf_value=0.011792254159114848 0.0014969486912754263 0.0030032751992718604 -0.010293428192652072 0.006625306584791696 -0.013495311961798921
leaf_weight=1.0538175888359544 0.4908722536638378 1.9597116224467752 1.0116302799433472 1.2794659538194535 1.2679202919825909
leaf_count=6 4 14 10 12 10
internal_value=0 -0.00206784 -0.00452172 -0.000845137 -0.00931103
internal_weight=0 6.0096 4.04989 2.2911 1.75879
internal_count=56 50 36 22 14
is_linear=0
shrinkage=0.1


Tree=83
num_leaves=6
num_cat=0
split_feature=1 5 1 4 3
split_gain=0.0150702 0.00679519 0.00960336 0.0068515 0.00240147
threshold=0.50500000000000012 0.35000000000000003 0.63500000000000012 0.57095000000000018 0.45575000000000004
decision_type=2 2 2 2 2
left_child=-1 2 -2 4 -3
right_child=1 3 -4 -5 -6
leaf_value=0.0092659260048245911 -0.017852160681039668 -0.0066000484654290597 -0.0020420966331786881 0.0065240606491029189 -0.00050765506879378033
leaf_weight=1.4046625494956968 0.5947706727311014 1.0074759144335992 1.0851896526291964 1.1320934630930422 1.8082305360585449
leaf_count=10 14 6 8 8 10
internal_value=0 -0.00231273 -0.00763947 -4.59752e-05 -0.00268755
internal_weight=0 5.62776 1.67996 3.9478 2.81571
internal_count=56 46 22 24 16
is_linear=0
shrinkage=0.1


Tree=84
num_leaves=8
num_cat=0
split_feature=4 4 3 3 3 3 0
split_gain=0.0147501 0.00889314 0.0172214 0.0348015 0.0131406 0.00221524 0.00114187
threshold=0.47425000000000006 0.55125000000000013 0.39770000000000005 0.42870000000000003 0.45575000000000004 0.28375000000000006 0.91155000000000019
decision_type=2 2 2 2 2 2 2
left_child=-1 4 -3 -4 5 -2 -7
right_child=1 2 3 -5 -6 6 -8
leaf_value=0.010951403279198055 0.00092200676122762299 -0.0013856497173936758 -0.0025503336971545712 -0.058159744004459106 0.0068791745944524812 -0.003794163490333324 -0.0086432035527822786
leaf_weight=1.0468992106616495 0.64810596033930812 1.0503985786344854 0.28664655005559314 0.18527995841577649 1.8191496590152381 1.1710943989455702 0.82968336879275728
leaf_count=6 6 8 6 8 10 4 8
internal_value=0 -0.00191391 -0.00851485 -0.0243828 0.000335127 -0.00415907 -0.00580497
internal_weight=0 5.99036 1.52233 0.471927 4.46803 2.64888 2.00078
internal_count=56 50 22 14 28 18 12
is_linear=0
shrinkage=0.1


Tree=85
num_leaves=6
num_cat=0
split_feature=1 5 1 4 3
split_gain=0.0150902 0.00700069 0.00802095 0.00747553 0.00297019
threshold=0.50500000000000012 0.35000000000000003 0.63500000000000012 0.57095000000000018 0.45575000000000004
decision_type=2 2 2 2 2
left_child=-1 2 -2 4 -3
right_child=1 3 -4 -5 -6
leaf_value=0.0093044136426622525 -0.017046162530732503 -0.007107238517344361 -0.0025923202078319339 0.0068741199304656556 -0.00033700951307979191
leaf_weight=1.3962862854823468 0.59527932305354614 1.0098182964138693 1.0814142934978006 1.1267616739496586 1.8085742080584166
leaf_count=10 14 6 8 8 10
internal_value=0 -0.00231092 -0.00772389 -1.04004e-05 -0.00276275
internal_weight=0 5.62185 1.67669 3.94515 2.81839
internal_count=56 46 22 24 16
is_linear=0
shrinkage=0.1


Tree=86
num_leaves=5
num_cat=0
split_feature=4 3 4 0
split_gain=0.0144151 0.0075918 0.00655115 0.0101855
threshold=0.47425000000000006 0.45575000000000004 0.55940000000000012 0.91155000000000019
decision_type=2 2 2 2
left_child=-1 2 3 -2
right_child=1 -3 -4 -5
leaf_value=0.010833640263077987 -0.0023466615768104487 0.0032215196291025643 0.00138529509968337 -0.014968554801425952
leaf_weight=1.0454036071896551 1.6623510210774839 1.9530933201313017 1.3241910107899455 1.0389011716470122
leaf_count=6 8 14 16 12
internal_value=0 -0.00189436 -0.00437652 -0.00720104
internal_weight=0 5.97854 4.02544 2.70125
internal_count=56 50 36 20
is_linear=0
shrinkage=0.1


Tree=87
num_leaves=6
num_cat=0
split_feature=1 5 1 4 3
split_gain=0.0139034 0.00693894 0.00772005 0.00703708 0.0025083
threshold=0.50500000000000012 0.35000000000000003 0.63500000000000012 0.57095000000000018 0.45575000000000004
decision_type=2 2 2 2 2
left_child=-1 2 -2 4 -3
right_child=1 3 -4 -5 -6
leaf_value=0.0089343590897763021 -0.01678404230414169 -0.0065940947679816939 -0.0025814085027501873 0.0067568948152585051 -0.00037118895223653956
leaf_weight=1.3951395405456422 0.59299379866570223 1.0090332692489035 1.0793196121230719 1.1246980447322128 1.8089460944756863
leaf_count=10 14 6 8 8 10
internal_value=0 -0.00221989 -0.00761759 6.95833e-05 -0.00259942
internal_weight=0 5.61499 1.67231 3.94268 2.81798
internal_count=56 46 22 24 16
is_linear=0
shrinkage=0.1


Tree=88
num_leaves=6
num_cat=0
split_feature=4 3 2 3 3
split_gain=0.0147553 0.00725177 0.00587715 0.0146129 0.00709453
threshold=0.47425000000000006 0.45575000000000004 0.55000000000000016 0.35230000000000006 0.28375000000000006
decision_type=2 2 2 2 2
left_child=-1 2 4 -4 -2
right_child=1 -3 3 -5 -6
leaf_value=0.010967681178223276 0.0015116784417644807 0.00308100312363807 -0.0099940546728062851 0.0061654421523598176 -0.012668059565226854
leaf_weight=1.0441038049757478 0.48998246621340502 1.9532404365018008 1.0039931151550265 1.2642867434769867 1.2607236594194544
leaf_count=6 4 14 10 12 10
internal_value=0 -0.00191744 -0.00434669 -0.000987125 -0.00869948
internal_weight=0 5.97223 4.01899 2.26828 1.75071
internal_count=56 50 36 22 14
is_linear=0
shrinkage=0.1


Tree=89
num_leaves=6
num_cat=0
split_feature=1 5 1 4 3
split_gain=0.0151552 0.00628785 0.00751347 0.00636741 0.00265469
threshold=0.50500000000000012 0.35000000000000003 0.63500000000000012 0.57095000000000018 0.45575000000000004
decision_type=2 2 2 2 2
left_child=-1 2 -2 4 -3
right_child=1 3 -4 -5 -6
leaf_value=0.0093481651406880795 -0.016549220883867219 -0.0068021387640049835 -0.0025004438663435466 0.0062324779161838069 -0.00039061557607841823
leaf_weight=1.3894726298749445 0.58908644691109646 1.0042701154015965 1.0760644264519212 1.1212877221405504 1.8091606060042975
leaf_count=10 14 6 8 8 10
internal_value=0 -0.00231952 -0.00747053 -0.000139647 -0.00267925
internal_weight=0 5.59987 1.66515 3.93472 2.81343
internal_count=56 46 22 24 16
is_linear=0
shrinkage=0.1


Tree=90
num_leaves=7
num_cat=0
split_feature=4 1 3 3 1 3
split_gain=0.0132093 0.0168778 0.0162636 0.0229647 0.00537849 0.000822157
threshold=0.55125000000000013 0.50500000000000012 0.39770000000000005 0.42870000000000003 0.66500000000000015 0.45575000000000004
decision_type=2 2 2 2 2 2
left_child=1 -1 -2 -4 5 -3
right_child=2 4 3 -5 -6 -7
leaf_value=0.011992560453651633 -0.0014346300363829911 -0.00061375562507216233 -0.0062440973867331547 -0.05231988601726574 -0.0073817702518982984 0.0026135607969307636
leaf_weight=1.3476303294301031 1.043518718332052 1.4793048719875517 0.27954722009599198 0.17645059106871486 0.97570294607430685 1.6924296431243417
leaf_count=8 8 12 6 8 8 6
internal_value=0 0.00227012 -0.00831899 -0.0240733 -0.000889002 0.00110833
internal_weight=0 5.49507 1.49952 0.455998 4.14744 3.17173
internal_count=56 34 22 14 26 18
is_linear=0
shrinkage=0.1


Tree=91
num_leaves=6
num_cat=0
split_feature=4 3 2 3 3
split_gain=0.015448 0.00802168 0.00678742 0.014511 0.0062382
threshold=0.47425000000000006 0.45575000000000004 0.55000000000000016 0.35230000000000006 0.28375000000000006
decision_type=2 2 2 2 2
left_child=-1 2 4 -4 -2
right_child=1 -3 3 -5 -6
leaf_value=0.011228055502028487 0.00039134279325010892 0.0032991659708641353 -0.009881522436014499 0.0062537212683090818 -0.012910749987407736
leaf_weight=1.0428246185183523 0.48919871449470509 1.9480093028396366 1.0013027177192273 1.2571744890883563 1.2621081555262206
leaf_count=6 4 14 10 12 10
internal_value=0 -0.00196531 -0.00452286 -0.000899888 -0.00919503
internal_weight=0 5.95779 4.00978 2.25848 1.75131
internal_count=56 50 36 22 14
is_linear=0
shrinkage=0.1


Tree=92
num_leaves=6
num_cat=0
split_feature=1 5 1 4 3
split_gain=0.0141566 0.00718126 0.00729388 0.00624939 0.00250101
threshold=0.50500000000000012 0.35000000000000003 0.63500000000000012 0.57095000000000018 0.45575000000000004
decision_type=2 2 2 2 2
left_child=-1 2 -2 4 -3
right_child=1 3 -4 -5 -6
leaf_value=0.0090644922195408702 -0.016704807298020954 -0.0064221574394156952 -0.0028465620547323822 0.006424734480687669 -0.0002000780478348857
leaf_weight=1.3815471213310955 0.58799508330412198 1.0044451155699796 1.0725623248144982 1.1152800861746071 1.8103694785386322
leaf_count=10 14 6 8 8 10
internal_value=0 -0.00223999 -0.0077537 8.9682e-05 -0.00242038
internal_weight=0 5.59065 1.66056 3.93009 2.81481
internal_count=56 46 22 24 16
is_linear=0
shrinkage=0.1


Tree=93
num_leaves=6
num_cat=0
split_feature=4 3 2 3 3
split_gain=0.0133076 0.00739537 0.00545328 0.0127518 0.00511506
threshold=0.47425000000000006 0.45575000000000004 0.55000000000000016 0.35230000000000006 0.28375000000000006
decision_type=2 2 2 2 2
left_child=-1 2 4 -4 -2
right_child=1 -3 3 -5 -6
leaf_value=0.010455604295680231 0.00019232700187806295 0.0032257151817252899 -0.0094610039325517415 0.0056902817883631648 -0.011869900060621915
leaf_weight=1.0364986956119535 0.48850259976461563 1.9489407967776058 0.99903469509445164 1.2511470685712991 1.25404724443797
leaf_count=6 4 14 10 12 10
internal_value=0 -0.00182394 -0.00428878 -0.00103658 -0.0084884
internal_weight=0 5.94167 3.99273 2.25018 1.74255
internal_count=56 50 36 22 14
is_linear=0
shrinkage=0.1


Tree=94
num_leaves=6
num_cat=0
split_feature=1 5 1 4 3
split_gain=0.0150897 0.00660881 0.00689828 0.00570072 0.0026269
threshold=0.50500000000000012 0.35000000000000003 0.63500000000000012 0.57095000000000018 0.45575000000000004
decision_type=2 2 2 2 2
left_child=-1 2 -2 4 -3
right_child=1 3 -4 -5 -6
leaf_value=0.0093766524679599703 -0.016350848159896372 -0.0065885603556172919 -0.0028416651657622999 0.005981358530237792 -0.00020449450335814886
leaf_weight=1.3765718257054684 0.58452962257433672 1.0005652322433896 1.0697706257924435 1.112213436514139 1.8113868432119486
leaf_count=10 14 6 8 8 10
internal_value=0 -0.00231383 -0.00761499 -7.90374e-05 -0.00247611
internal_weight=0 5.57847 1.6543 3.92417 2.81195
internal_count=56 46 22 24 16
is_linear=0
shrinkage=0.1


Tree=95
num_leaves=6
num_cat=0
split_feature=1 5 0 1 1
split_gain=0.0120435 0.00668155 0.00592619 0.01014 0.00574738
threshold=0.50500000000000012 0.35000000000000003 0.91155000000000019 0.55500000000000016 0.63500000000000012
decision_type=2 2 2 2 2
left_child=-1 4 -3 -4 -2
right_child=1 2 3 -5 -6
leaf_value=0.0083594646184523141 -0.015386301286869561 0.006602095701109251 0.0056978559640473193 -0.0066532155880484299 -0.0030472524279811855
leaf_weight=1.3813938796520231 0.58352539665065695 1.0508103892207148 1.0430385116487744 1.8325176825746892 1.0691178850829599
leaf_count=10 14 6 6 12 8
internal_value=0 -0.00206984 0.000175353 -0.00217316 -0.007404
internal_weight=0 5.57901 3.92637 2.87556 1.65264
internal_count=56 46 24 18 22
is_linear=0
shrinkage=0.1


Tree=96
num_leaves=7
num_cat=0
split_feature=4 3 1 1 1 3
split_gain=0.0127986 0.0165142 0.0154671 0.0147278 0.00508625 0.000809931
threshold=0.55125000000000013 0.39770000000000005 0.50500000000000012 0.63500000000000012 0.66500000000000015 0.45575000000000004
decision_type=2 2 2 2 2 2
left_child=2 -2 -1 -3 5 -4
right_child=1 3 4 -5 -6 -7
leaf_value=0.011579400196497593 -0.0013419016657489598 -0.041677400118197691 -0.00056728352697597417 -0.0051687325397057875 -0.0071251022959897079 0.0026362125808978504
leaf_weight=1.3370998073369262 1.0356240386608986 0.23358657862991083 1.4742896513780581 0.20968473143875599 0.97053101938217867 1.698439313098788
leaf_count=8 8 10 12 4 8 6
internal_value=0 -0.00825534 0.00222773 -0.0244074 -0.000790205 0.00114763
internal_weight=0 1.4789 5.48036 0.443271 4.14326 3.17273
internal_count=56 22 34 14 26 18
is_linear=0
shrinkage=0.1


Tree=97
num_leaves=8
num_cat=0
split_feature=4 3 2 5 4 4 3
split_gain=0.0135237 0.00716908 0.00573284 0.0130338 0.00422564 0.00943401 0.00371716
threshold=0.47425000000000006 0.45575000000000004 0.55000000000000016 0.35000000000000003 0.52860000000000007 0.55940000000000012 0.28375000000000006
decision_type=2 2 2 2 2 2 2
left_child=-1 2 6 4 -4 -6 -2
right_child=1 -3 3 -5 5 -7 -8
leaf_value=0.010540329546014275 -0.0011674975481600629 0.003131787806195733 -0.0044885783163264763 0.0067605631900300948 0.0010281063548609433 -0.032564885778651999 -0.011470972230750063
leaf_weight=1.0362034700810907 0.48626511823385987 1.9466833733022211 0.79521156568080209 1.1114208111539481 0.14902735874056816 0.19041262404061854 1.2507851739646865
leaf_count=6 4 14 4 8 2 8 10
internal_value=0 -0.00184187 -0.00427266 -0.00093634 -0.00847566 -0.0178163 -0.00858665
internal_weight=0 5.92981 3.98312 2.24607 1.13465 0.33944 1.73705
internal_count=56 50 36 22 14 10 14
is_linear=0
shrinkage=0.1


Tree=98
num_leaves=6
num_cat=0
split_feature=1 5 4 1 3
split_gain=0.0141745 0.00804153 0.00586927 0.00547252 0.00202007
threshold=0.50500000000000012 0.35000000000000003 0.57095000000000018 0.63500000000000012 0.45575000000000004
decision_type=2 2 2 2 2
left_child=-1 3 4 -2 -3
right_child=1 2 -4 -5 -6
leaf_value=0.0091050299084522428 -0.015924577148290053 -0.005816152568961579 0.0063872405710660232 -0.003865862665491842 -0.00021502791306479788
leaf_weight=1.3720665527507661 0.57919683179352421 0.99845345132052976 1.1087609445676205 1.0745632043108342 1.8132411055266855
leaf_count=10 14 6 8 8 10
internal_value=0 -0.00224116 0.000225705 -0.00808919 -0.00220403
internal_weight=0 5.57422 3.92046 1.65376 2.81169
internal_count=56 46 24 22 16
is_linear=0
shrinkage=0.1


Tree=99
num_leaves=5
num_cat=0
split_feature=4 3 4 0
split_gain=0.0119103 0.00662373 0.00545915 0.00812456
threshold=0.47425000000000006 0.45575000000000004 0.55940000000000012 0.91155000000000019
decision_type=2 2 2 2
left_child=-1 2 3 -2
right_child=1 -3 -4 -5
leaf_value=0.0099207858468670744 -0.0023155619169057213 0.0030503475500341139 0.0012531324994089045 -0.013654262145445593
leaf_weight=1.0307442694902418 1.653499871026725 1.9480421869084237 1.2983775420580057 1.0228502900572494
leaf_count=6 8 14 16 12
internal_value=0 -0.00172652 -0.0040677 -0.006649
internal_weight=0 5.92277 3.97473 2.67635
internal_count=56 50 36 20
is_linear=0
shrinkage=0.1


end of trees

feature_importances:
inventory=159
syntactic=147
phonological=135
geographical=55
genetic=40
featural=21

parameters:
[boosting: gbdt]
[objective: lambdarank]
[metric: ndcg]
[tree_learner: serial]
[device_type: cpu]
[data: ]
[valid: ]
[num_iterations: 100]
[learning_rate: 0.1]
[num_leaves: 16]
[num_threads: 6]
[deterministic: 0]
[force_col_wise: 0]
[force_row_wise: 0]
[histogram_pool_size: -1]
[max_depth: -1]
[min_data_in_leaf: 5]
[min_sum_hessian_in_leaf: 0.001]
[bagging_fraction: 1]
[pos_bagging_fraction: 1]
[neg_bagging_fraction: 1]
[bagging_freq: 0]
[bagging_seed: 3]
[feature_fraction: 1]
[feature_fraction_bynode: 1]
[feature_fraction_seed: 2]
[extra_trees: 0]
[extra_seed: 6]
[early_stopping_round: 0]
[first_metric_only: 0]
[max_delta_step: 0]
[lambda_l1: 0]
[lambda_l2: 0]
[linear_lambda: 0]
[min_gain_to_split: 0]
[drop_rate: 0.1]
[max_drop: 50]
[skip_drop: 0.5]
[xgboost_dart_mode: 0]
[uniform_drop: 0]
[drop_seed: 4]
[top_rate: 0.2]
[other_rate: 0.1]
[min_data_per_group: 100]
[max_cat_threshold: 32]
[cat_l2: 10]
[cat_smooth: 10]
[max_cat_to_onehot: 4]
[top_k: 20]
[monotone_constraints: ]
[monotone_constraints_method: basic]
[monotone_penalty: 0]
[feature_contri: ]
[forcedsplits_filename: ]
[refit_decay_rate: 0.9]
[cegb_tradeoff: 1]
[cegb_penalty_split: 0]
[cegb_penalty_feature_lazy: ]
[cegb_penalty_feature_coupled: ]
[path_smooth: 0]
[interaction_constraints: ]
[verbosity: 1]
[saved_feature_importance_type: 0]
[linear_tree: 0]
[max_bin: 255]
[max_bin_by_feature: ]
[min_data_in_bin: 3]
[bin_construct_sample_cnt: 200000]
[data_random_seed: 1]
[is_enable_sparse: 1]
[enable_bundle: 1]
[use_missing: 1]
[zero_as_missing: 0]
[feature_pre_filter: 1]
[pre_partition: 0]
[two_round: 0]
[header: 0]
[label_column: ]
[weight_column: ]
[group_column: ]
[ignore_column: ]
[categorical_feature: ]
[forcedbins_filename: ]
[precise_float_parser: 0]
[parser_config_file: ]
[objective_seed: 5]
[num_class: 1]
[is_unbalance: 0]
[scale_pos_weight: 1]
[sigmoid: 1]
[boost_from_average: 1]
[reg_sqrt: 0]
[alpha: 0.9]
[fair_c: 1]
[poisson_max_delta_step: 0.7]
[tweedie_variance_power: 1.5]
[lambdarank_truncation_level: 30]
[lambdarank_norm: 1]
[label_gain: ]
[eval_at: 1,2,3,4,5]
[multi_error_top_k: 1]
[auc_mu_weights: ]
[num_machines: 1]
[local_listen_port: 12400]
[time_out: 120]
[machine_list_filename: ]
[machines: ]
[gpu_platform_id: -1]
[gpu_device_id: -1]
[gpu_use_dp: 0]
[num_gpu: 1]

end of parameters

pandas_categorical:null
