tree
version=v4
num_class=1
num_tree_per_iteration=1
label_index=0
max_feature_idx=5
objective=lambdarank
feature_names=genetic syntactic featural phonological inventory geographical
feature_infos=[0:1] [0:0.69999999999999996] [0:0.59999999999999998] [0.00020000000000000001:0.4788] [0:0.63929999999999998] [0:0.5]
tree_sizes=1160 947 1055 1054 1163 1270 1060 1061 853 962 966 862 1067 962 864 965 966 964 968 961 863 967 865 969 976 968 865 973 974 867 867 760 765 765 967 867 760 763 766 973 762 761 764 762 867 765 766 772 979 768 765 766 772 871 768 766 766 774 767 765 771 976 769 771 765 981 772 767 770 770 878 769 771 769 770 771 770 771 980 876 770 770 771 770 772 771 876 771 767 773 764 772 774 875 773 769 770 768 771 769

Tree=0
num_leaves=10
num_cat=0
split_feature=3 1 3 3 1 1 0 4 4
split_gain=1.01406 1.51891 1.09182 0.545611 0.223938 0.454741 0.175343 0.158623 0.00197267
threshold=0.38810000000000006 0.41000000000000009 0.42870000000000003 0.23625000000000004 0.59500000000000008 0.57500000000000007 0.64285000000000003 0.59235000000000004 0.52860000000000007
decision_type=2 2 2 2 2 2 2 2 2
left_child=1 -1 7 -3 5 6 -5 -2 -6
right_child=2 3 -4 4 8 -7 -8 -9 -10
leaf_value=0.10817266187079951 0.0722533771509654 0.03572469239913445 -0.046363188571692547 -0.079613220906160825 -0.14331440210840127 -0.014660900566280628 -0.19624097914633981 0.14099998040387002 -0.15434655613026116
leaf_weight=0.54295567423105273 0.68658322095870994 0.34435010328888926 0.72578594461083401 0.23760989308357217 0.34753942117094982 0.59159473329782486 0.28178617358207703 0.65661703795194626 0.30373438447713852
leaf_count=6 6 4 6 4 6 10 6 4 4
internal_value=0 -0.0409656 0.0524611 -0.0794042 -0.101901 -0.0746075 -0.142887 0.10586 -0.148459
internal_weight=0 2.64957 2.06899 2.10661 1.76226 1.11099 0.519396 1.3432 0.651274
internal_count=56 40 16 34 30 20 10 10 10
is_linear=0
shrinkage=0.1


Tree=1
num_leaves=8
num_cat=0
split_feature=1 2 3 4 0 0 0
split_gain=6.33452 4.8896 2.95364 4.73388 2.24178 2.10865 0.769845
threshold=1.0000000180025095e-35 0.55000000000000016 0.38810000000000006 0.58535000000000015 0.91155000000000019 0.91155000000000019 0.88750000000000007
decision_type=2 2 2 2 2 2 2
left_child=-1 5 3 -3 -4 6 -2
right_child=1 2 4 -5 -6 -7 -8
leaf_value=0.19900302770755218 -0.11587137380934041 0.058542038853376943 0.14990328655435314 -0.18278373406461859 0.026324332560489962 -0.18597431785292229 -0.031439721451884381
leaf_weight=1.4736447334289575 1.4293589778244502 1.8284218162298205 2.1910270601511002 1.4634389057755468 4.4478826150298119 1.4724217690527437 4.4173984751105309
leaf_count=2 8 6 4 6 10 8 12
internal_value=0 -0.0170006 0.0287064 -0.0487424 0.0671089 -0.0790165 -0.0520808
internal_weight=0 17.2499 9.93077 3.29186 6.63891 7.31918 5.84676
internal_count=56 54 26 12 14 28 20
is_linear=0
shrinkage=0.1


Tree=2
num_leaves=9
num_cat=0
split_feature=4 3 1 1 1 5 3 0
split_gain=3.81617 2.57268 1.34167 0.986283 0.931406 0.599634 0.376333 0.158275
threshold=1.0000000180025095e-35 0.38810000000000006 0.46000000000000002 0.57500000000000007 0.55500000000000016 0.35000000000000003 0.23625000000000004 0.91155000000000019
decision_type=2 2 2 2 2 2 2 2
left_child=-1 2 -2 -4 -3 6 -5 -8
right_child=1 4 3 5 -6 -7 7 -9
leaf_value=0.17278934035211105 0.015411207893547878 0.0020932723190941541 -0.16791442354235228 -0.035971883282736331 0.082038669349692173 0.0031736678471137587 -0.076603933187291334 -0.12763401546974701
leaf_weight=1.1808416843414313 2.2755629420280439 3.4493608251214019 0.95489872619509686 1.4354270696640017 2.5234244167804718 1.2446793206036089 1.2981509864330292 1.1429189629852772
leaf_count=2 8 8 8 2 8 6 4 10
internal_value=0 -0.014244 -0.0500831 -0.0746115 0.0358692 -0.0572141 -0.0766037 -0.100496
internal_weight=0 14.3244 8.35164 6.07608 5.97279 5.12118 3.8765 2.44107
internal_count=56 54 38 30 16 22 16 14
is_linear=0
shrinkage=0.1


Tree=3
num_leaves=9
num_cat=0
split_feature=3 4 1 1 0 3 0 5
split_gain=2.18312 1.46559 0.923831 0.897077 0.906887 0.862809 0.369211 0.0156179
threshold=0.23625000000000004 0.58535000000000015 0.41000000000000009 0.57500000000000007 0.64285000000000003 0.33050000000000007 0.91155000000000019 0.25000000000000006
decision_type=2 2 2 2 2 2 2 2
left_child=-1 2 -2 4 -4 -5 -3 -6
right_child=1 6 3 5 7 -7 -8 -9
leaf_value=0.09538701920594958 0.035035489567838356 0.072037567050608695 -0.039877566131586308 -0.096195706204065909 -0.15547284192232871 0.0047508688111759503 0.0092053893721786243 -0.17771141519163827
leaf_weight=2.0385475829243669 1.2275784015655498 1.3953627347946165 1.037379175424576 1.2901586666703226 0.66914262250065781 2.4633422493934631 2.835943341255188 0.59803660959005356
leaf_count=6 4 4 4 8 6 10 10 4
internal_value=0 -0.0168839 -0.0440696 -0.0600992 -0.109209 -0.0299466 0.0299256 -0.165968
internal_weight=0 11.5169 7.28564 6.05806 2.30456 3.7535 4.23131 1.26718
internal_count=56 50 36 32 14 18 14 10
is_linear=0
shrinkage=0.1


Tree=4
num_leaves=10
num_cat=0
split_feature=4 3 4 4 5 0 3 5 3
split_gain=2.02959 1.33438 1.53778 0.819437 0.243072 0.135478 0.120096 0.805078 0.0523085
threshold=1.0000000180025095e-35 0.38810000000000006 0.5697000000000001 0.5445000000000001 0.35000000000000003 0.64285000000000003 0.39770000000000005 0.15000000000000005 0.23625000000000004
decision_type=2 2 2 2 2 2 2 2 2
left_child=-1 2 3 4 5 -2 -3 -8 -7
right_child=1 6 -4 -5 -6 8 7 -9 -10
leaf_value=0.15340138857049834 -0.033325075978981003 0.045683999043968096 -0.1616842876193223 0.026610291361035921 -0.0057067759948192243 -0.058056380986891476 0.065941535623856309 -0.038216607806443995 -0.091147143267360287
leaf_weight=0.81018710136413652 1.074935704469679 2.2909615337848663 0.87840288132429112 2.3367731124162674 1.0312601029872892 0.81455224752426159 1.5236482024192812 1.4466731883585451 1.1551618054509161
leaf_count=2 4 4 8 8 4 2 4 8 12
internal_value=0 -0.00990122 -0.0375978 -0.0206006 -0.0476672 -0.0618797 0.0284807 0.0152121 -0.0774628
internal_weight=0 12.5524 7.29109 6.41268 4.07591 3.04465 5.26128 2.97032 1.96971
internal_count=56 54 38 30 22 18 16 12 14
is_linear=0
shrinkage=0.1


Tree=5
num_leaves=11
num_cat=0
split_feature=4 3 5 4 4 0 3 4 4 4
split_gain=1.60205 1.00753 0.213474 0.645528 0.181817 0.0703007 0.0509246 0.39014 0.00246717 0.00165929
threshold=1.0000000180025095e-35 0.38810000000000006 0.15000000000000005 0.47425000000000006 0.52860000000000007 0.91155000000000019 0.39770000000000005 0.58535000000000015 0.54765000000000008 0.59235000000000004
decision_type=2 2 2 2 2 2 2 2 2 2
left_child=-1 2 4 -4 5 -2 -3 -8 -6 -5
right_child=1 6 3 9 8 -7 7 -9 -10 -11
leaf_value=0.14589734983294741 -0.027766536192417052 0.037146538412980691 -0.012527755699582758 -0.14066350267557579 -0.0051643755927508733 -0.064792166235138268 -0.029563939230195235 0.050783069061279301 -0.011036750253330811 -0.13100695120502873
leaf_weight=0.70889520645141679 1.0266889631748182 2.2711110413074493 1.010983809828758 0.40110092237591732 1.7653544843196871 1.024545120075345 1.0564658083021643 1.4121330007910726 1.2029547467827795 0.31982745230197906
leaf_count=2 4 4 4 6 6 8 6 6 6 4
internal_value=0 -0.00900047 -0.0338103 -0.0640825 -0.0233654 -0.04626 0.0263398 0.0163976 -0.00754425 -0.13638
internal_weight=0 11.4912 6.75146 1.73191 5.01954 2.05123 4.73971 2.4686 2.96831 0.720928
internal_count=56 54 38 14 24 12 16 12 12 10
is_linear=0
shrinkage=0.1


Tree=6
num_leaves=9
num_cat=0
split_feature=1 3 1 4 5 4 3 4
split_gain=0.772911 0.900478 0.178718 0.219699 0.226291 0.120624 0.0551087 0.00117396
threshold=0.41000000000000009 0.38810000000000006 0.66500000000000015 0.47425000000000006 0.15000000000000005 0.59235000000000004 0.33050000000000007 0.59235000000000004
decision_type=2 2 2 2 2 2 2 2
left_child=-1 2 3 6 -5 -3 -2 -6
right_child=1 5 -4 4 7 -7 -8 -9
leaf_value=0.06343371221077071 -0.041062038573780199 0.045177587042990998 -0.0064942513641441562 -0.050011595701812406 -0.12828306834334793 0.010754781065148392 -0.0091510350911139723 -0.11925450799860307
leaf_weight=1.6480876505374915 1.16456440836191 1.5714311860501764 1.383231073617935 1.3512395583093164 0.33318521827459324 2.8904442116618156 1.0109843015670776 0.25366111099720001
leaf_count=6 6 8 6 8 6 8 4 4
internal_value=0 -0.0104977 -0.0375894 -0.0480453 -0.0725303 0.0228782 -0.0262329 -0.124381
internal_weight=0 9.95874 5.49687 4.11363 1.93809 4.46188 2.17555 0.586846
internal_count=56 50 34 28 18 16 10 10
is_linear=0
shrinkage=0.1


Tree=7
num_leaves=9
num_cat=0
split_feature=3 4 5 4 4 1 1 3
split_gain=0.598706 0.716179 0.515235 1.09089 0.350694 0.0745758 0.0500115 0.0128789
threshold=0.23625000000000004 0.58535000000000015 0.15000000000000005 0.47425000000000006 0.5445000000000001 0.53500000000000014 0.57500000000000007 0.39770000000000005
decision_type=2 2 2 2 2 2 2 2
left_child=-1 2 4 -4 5 -2 -6 -3
right_child=1 7 3 -5 6 -7 -8 -9
leaf_value=0.065952395345276735 -0.02311566642967414 0.031444659601339554 -0.0046476270036383428 -0.16252429331542179 -0.0025671339535252588 -0.061851120370674507 0.024438226122698262 0.018878120368718148
leaf_weight=1.2288186699151999 0.98340277373790552 2.4734473079442982 1.0002936273813245 0.77812901884317387 1.2424515411257746 1.0049408590421078 1.5304944217205045 1.2167187035083769
leaf_count=6 4 8 4 8 6 8 6 6
internal_value=0 -0.00792223 -0.0277978 -0.0737248 -0.0106433 -0.0426932 0.0123382 0.0273012
internal_weight=0 10.2299 6.53971 1.77842 4.76129 1.98834 2.77295 3.69017
internal_count=56 50 36 12 24 12 12 14
is_linear=0
shrinkage=0.1


Tree=8
num_leaves=7
num_cat=0
split_feature=1 3 4 4 1 5
split_gain=0.572035 0.747563 0.151584 0.101252 0.0344206 0.089978
threshold=0.41000000000000009 0.38810000000000006 0.59235000000000004 0.5445000000000001 0.66500000000000015 0.35000000000000003
decision_type=2 2 2 2 2 2
left_child=-1 3 -3 4 5 -2
right_child=1 2 -4 -5 -6 -7
leaf_value=0.055377751723951596 -0.049438146868770093 0.049478068234107692 0.0088998964829948828 -0.055457172429557861 -0.012190871045134308 -0.0098225683840994782
leaf_weight=1.5955277979373939 1.3432778427377325 1.3639975972473619 2.8319071233272552 1.606390571221709 1.2901697754859927 1.0002507567405701
leaf_count=6 12 8 8 12 6 4
internal_value=0 -0.0093638 0.022091 -0.0345506 -0.0253082 -0.0325297
internal_weight=0 9.43599 4.1959 5.24009 3.6337 2.34353
internal_count=56 50 16 34 22 16
is_linear=0
shrinkage=0.1


Tree=9
num_leaves=8
num_cat=0
split_feature=3 4 0 0 1 1 3
split_gain=0.346291 0.606569 0.136626 0.0638742 0.0533483 0.431554 0.00293769
threshold=0.23625000000000004 0.58535000000000015 0.91155000000000019 0.88750000000000007 0.66500000000000015 0.62000000000000011 0.39770000000000005
decision_type=2 2 2 2 2 2 2
left_child=-1 2 3 -2 5 -4 -3
right_child=1 6 4 -5 -6 -7 -8
leaf_value=0.052841666709634041 -0.034883691052258838 0.029392155481267619 -0.13953870880642769 -0.0076880601475577542 -0.026398453078835416 -0.01236403794596173 0.023069479203378467
leaf_weight=1.1140984967350966 1.1714449636638145 2.442008033394814 0.4301524134352801 3.2866810411214828 0.75961071252822865 0.70276289060711861 1.0511847436428068
leaf_count=6 8 8 8 12 4 4 6
internal_value=0 -0.00598047 -0.0243907 -0.0148342 -0.0469026 -0.0606505 0.0274895
internal_weight=0 9.84384 6.35065 4.45813 1.89253 1.13292 3.49319
internal_count=56 50 36 20 16 12 14
is_linear=0
shrinkage=0.1


Tree=10
num_leaves=8
num_cat=0
split_feature=1 3 4 1 5 0 4
split_gain=0.478738 0.607354 0.0775839 0.053539 0.0330491 0.0449667 0.0655454
threshold=0.41000000000000009 0.38810000000000006 0.5445000000000001 0.55500000000000016 0.35000000000000003 0.64285000000000003 0.52860000000000007
decision_type=2 2 2 2 2 2 2
left_child=-1 2 4 -3 5 -2 -7
right_child=1 3 -4 -5 -6 6 -8
leaf_value=0.051047704347645495 -0.012704300616334797 0.01235127722571696 -0.050112006864910533 0.037085639164348552 -0.0078305281650793233 -0.055892668152244265 -0.013355608951456944
leaf_weight=1.5674955248832709 0.98000732064247009 2.7334856577217579 1.581896625459194 1.2872250713407991 0.97850224375724781 0.97380049806088209 0.57682507485151291
leaf_count=6 4 8 12 8 4 10 4
internal_value=0 -0.00878175 -0.0317257 0.0202699 -0.0234373 -0.0294719 -0.0400691
internal_weight=0 9.11174 5.09103 4.02071 3.50914 2.53063 1.55063
internal_count=56 50 34 16 22 18 14
is_linear=0
shrinkage=0.1


Tree=11
num_leaves=7
num_cat=0
split_feature=1 3 3 1 0 3
split_gain=0.3386 0.585088 0.906248 0.0677749 0.0320512 0.0998946
threshold=0.41000000000000009 0.42870000000000003 0.38810000000000006 0.57500000000000007 0.91155000000000019 0.23625000000000004
decision_type=2 2 2 2 2 2
left_child=-1 2 3 -2 -5 -6
right_child=1 -3 -4 4 5 -7
leaf_value=0.041979132352383194 -0.046331543725793067 -0.092042872570528719 0.040317692796646466 -0.011983437346297799 0.008119046492239752 -0.047916435640934479
leaf_weight=1.6283670961856849 1.3334820205345712 0.75156940147280771 3.344278659671545 2.1063222289085388 0.45497633516788516 1.0577833075076339
leaf_count=6 12 6 10 8 2 12
internal_value=0 -0.00755464 9.87251e-05 -0.0270596 -0.0199587 -0.0310633
internal_weight=0 9.04841 8.29684 4.95256 3.61908 1.51276
internal_count=56 50 44 34 22 14
is_linear=0
shrinkage=0.1


Tree=12
num_leaves=9
num_cat=0
split_feature=1 5 1 3 0 5 4 3
split_gain=0.19036 0.215859 0.533126 0.269235 0.0797338 0.0373664 0.074666 0.00366831
threshold=0.57500000000000007 0.35000000000000003 0.46000000000000002 0.46325000000000005 0.88750000000000007 0.15000000000000005 0.52860000000000007 0.35230000000000006
decision_type=2 2 2 2 2 2 2 2
left_child=1 2 4 7 -1 6 -2 -4
right_child=5 -3 3 -5 -6 -7 -8 -9
leaf_value=0.032107560744451799 -0.035302464203466909 0.031444966903584497 -0.1399765681471859 -0.012875362940725447 -0.0018484822581666023 -0.030831915285061962 3.5857287601310638e-05 -0.12149031212593497
leaf_weight=1.3693617954850201 0.84543713182210956 2.8323464076966047 0.23204990476369847 0.34434796869754791 1.397019237279892 1.2809365205466745 2.0421038791537285 0.19973538350313902
leaf_count=6 6 8 4 2 4 12 8 6
internal_value=0 0.0108656 -0.00558828 -0.078828 0.0149598 -0.0166167 -0.0103108 -0.131425
internal_weight=0 6.37486 3.54251 0.776133 2.76638 4.16848 2.88754 0.431785
internal_count=56 30 22 12 10 26 14 10
is_linear=0
shrinkage=0.1


Tree=13
num_leaves=8
num_cat=0
split_feature=1 2 3 1 4 3 4
split_gain=0.293658 0.279043 0.217034 0.131753 0.0159652 0.012571 0.0100903
threshold=0.41000000000000009 0.55000000000000016 0.38810000000000006 0.57500000000000007 0.5445000000000001 0.39770000000000005 0.52860000000000007
decision_type=2 2 2 2 2 2 2
left_child=-1 3 6 -2 -5 -4 -3
right_child=1 2 5 4 -6 -7 -8
leaf_value=0.037335377988150495 -0.053660890027146607 -0.017702256315674882 0.025585307164396151 -0.022548389586286993 -0.0058372541341824838 0.013278559254491978 -0.034838155648924209
leaf_weight=1.748717516660691 1.335616410709916 0.72763100266456582 2.2133452594280247 1.1350384503602982 1.1518550515174866 1.3280259817838667 0.65113663487136364
leaf_count=6 12 4 4 8 4 10 8
internal_value=0 -0.00764272 0.00786528 -0.0287059 -0.0141314 0.0209702 -0.0257949
internal_weight=0 8.54265 4.92014 3.62251 2.28689 3.54137 1.37877
internal_count=56 50 26 24 12 14 12
is_linear=0
shrinkage=0.1


Tree=14
num_leaves=7
num_cat=0
split_feature=1 4 3 1 5 0
split_gain=0.289831 0.303238 0.164463 0.0264814 0.0365526 0.0306325
threshold=0.41000000000000009 0.58535000000000015 0.35230000000000006 0.66500000000000015 0.35000000000000003 0.64285000000000003
decision_type=2 2 2 2 2 2
left_child=-1 2 3 4 5 -2
right_child=1 -3 -4 -5 -6 -7
leaf_value=0.036863780228458605 -0.012443778408275962 0.016565603184091615 -0.063860492659174747 -0.0017295846382494964 -0.0031047249521160263 -0.03574641651437202
leaf_weight=1.764282941818238 0.95423902571201225 3.1994779892265797 0.81231740955263365 1.1335007175803182 0.96777163445949543 1.3798564132302997
leaf_count=6 4 16 10 6 4 10
internal_value=0 -0.0076994 -0.0224936 -0.0149175 -0.0194447 -0.0262197
internal_weight=0 8.44716 5.24769 4.43537 3.30187 2.3341
internal_count=56 50 34 24 18 14
is_linear=0
shrinkage=0.1


Tree=15
num_leaves=8
num_cat=0
split_feature=3 1 3 4 4 5 1
split_gain=0.182329 0.271157 0.0891809 0.046362 0.0421291 0.0242277 0.0353189
threshold=0.38810000000000006 0.41000000000000009 0.39770000000000005 0.58535000000000015 0.5445000000000001 0.35000000000000003 0.66500000000000015
decision_type=2 2 2 2 2 2 2
left_child=1 -1 -2 -4 5 6 -3
right_child=2 4 3 -5 -6 -7 -8
leaf_value=0.020186374375123075 0.030248801687110218 -0.034204132235135319 -0.020987887668134989 0.015810150130145511 -0.03706332626600916 -0.0032600980617143935 -0.0094980603283030401
leaf_weight=2.1108254194259644 2.2691104412078862 1.1866970597766344 0.66552239283919312 0.70515882968902588 1.4565592985600231 0.9595079869031905 1.1292401775717735
leaf_count=6 4 12 6 6 12 4 6
internal_value=0 -0.00961863 0.0180831 -0.00205682 -0.0229139 -0.0166217 -0.0221576
internal_weight=0 6.84283 3.63979 1.37068 4.732 3.27545 2.31594
internal_count=56 40 16 12 34 22 18
is_linear=0
shrinkage=0.1


Tree=16
num_leaves=8
num_cat=0
split_feature=3 0 1 3 1 5 4
split_gain=0.186871 0.259715 0.0443911 0.0437477 0.0281601 0.0604846 0.00674762
threshold=0.38810000000000006 0.64285000000000003 0.46000000000000002 0.39770000000000005 0.66500000000000015 0.35000000000000003 0.58535000000000015
decision_type=2 2 2 2 2 2 2
left_child=1 -1 -3 -2 5 -4 -5
right_child=3 2 4 6 -6 -7 -8
leaf_value=0.029980838540070043 0.027077159422304754 -0.0060050737745475048 -0.043322929086583306 -0.0034401192577994798 -0.012204279952211981 -0.012266516055932748 0.010878798438729777
leaf_weight=1.3250252380967138 2.2379216551780705 1.7073836028575895 1.595766466576606 0.62279000505804993 1.123611278831959 1.0330966301262379 0.69788643345236778
leaf_count=6 4 4 18 6 6 6 6
internal_value=0 -0.00973432 -0.0193726 0.0185596 -0.0254548 -0.0311183 0.00412644
internal_weight=0 6.78488 5.45986 3.5586 3.75247 2.62886 1.32068
internal_count=56 40 34 16 30 24 12
is_linear=0
shrinkage=0.1


Tree=17
num_leaves=8
num_cat=0
split_feature=1 3 3 1 0 3 4
split_gain=0.179723 0.21041 0.0539438 0.0417221 0.0572345 0.0312458 0.010733
threshold=0.41000000000000009 0.38810000000000006 0.39770000000000005 0.57500000000000007 0.91155000000000019 0.33050000000000007 0.58535000000000015
decision_type=2 2 2 2 2 2 2
left_child=-1 3 -3 -2 -5 -6 -4
right_child=1 2 6 4 5 -7 -8
leaf_value=0.026673624979901035 -0.036558919658723772 0.021600099047258906 -0.01326690383195352 -0.0045038022089375247 -0.04769416244177898 -0.017389729607714215 0.0046616118418805691
leaf_weight=2.0251075625419626 1.2019660086370985 2.1765173673629765 0.64006462041288592 2.0899405553936958 0.60824293270707153 0.77216104790568352 0.69809913635253906
leaf_count=6 12 4 6 8 8 6 6
internal_value=0 -0.0065979 0.011886 -0.0205022 -0.0149409 -0.0307427 -0.00391388
internal_weight=0 8.18699 3.51468 4.67231 3.47034 1.3804 1.33816
internal_count=56 50 16 34 22 14 12
is_linear=0
shrinkage=0.1


Tree=18
num_leaves=8
num_cat=0
split_feature=0 3 3 1 1 5 4
split_gain=0.119713 0.174791 0.0411044 0.0386241 0.0312286 0.046978 0.026041
threshold=0.64285000000000003 0.38810000000000006 0.39770000000000005 0.46000000000000002 0.66500000000000015 0.35000000000000003 0.58535000000000015
decision_type=2 2 2 2 2 2 2
left_child=-1 3 -3 -2 5 -5 -4
right_child=1 2 6 4 -6 -7 -8
leaf_value=0.028106055946548011 -0.0028349553990261417 0.021647045867391995 -0.015851526394138178 -0.038245208973870203 -0.0072450610113557225 -0.010652465649704485 0.012806669130274487
leaf_weight=1.3179671764373786 1.6520817279815654 2.1827995479106908 0.61097420845180728 1.5527716055512428 1.1144085600972178 1.0238965163007379 0.65914665907621384
leaf_count=6 4 4 6 18 6 6 6
internal_value=0 -0.00421129 0.0133243 -0.0155434 -0.0212315 -0.0272806 -0.000978962
internal_weight=0 8.79608 3.45292 5.34316 3.69108 2.57667 1.27012
internal_count=56 50 16 34 30 24 12
is_linear=0
shrinkage=0.1


Tree=19
num_leaves=8
num_cat=0
split_feature=1 2 3 1 3 4 3
split_gain=0.151046 0.165896 0.184293 0.114633 0.0149102 0.0120773 7.3929e-05
threshold=0.41000000000000009 0.55000000000000016 0.38810000000000006 0.57500000000000007 0.33050000000000007 0.5445000000000001 0.39770000000000005
decision_type=2 2 2 2 2 2 2
left_child=-1 3 4 -2 -3 -5 -4
right_child=1 2 6 5 -6 -7 -8
leaf_value=0.024662785325993378 -0.046600415160040605 -0.037892288395565021 0.01883477878024109 -0.016381412357551341 -0.016268900005759573 -0.0015941337584712745 0.019840351087143299
leaf_weight=1.9908446073532111 1.2636396838352069 0.54082852415740468 2.1489078104496007 1.0830405633896589 0.7770623043179512 1.1271296516060829 1.108139159157872
leaf_count=6 12 6 4 8 6 4 10
internal_value=0 -0.0061003 0.0064099 -0.022576 -0.0251426 -0.00884028 0.0191769
internal_weight=0 8.04875 4.57494 3.47381 1.31789 2.21017 3.25705
internal_count=56 50 26 24 12 12 14
is_linear=0
shrinkage=0.1


Tree=20
num_leaves=7
num_cat=0
split_feature=3 2 3 1 4 3
split_gain=0.214907 0.131018 0.107021 0.0665354 0.0391003 0.00183836
threshold=0.23625000000000004 0.55000000000000016 0.38810000000000006 0.46000000000000002 0.47425000000000006 0.39770000000000005
decision_type=2 2 2 2 2 2
left_child=-1 3 -3 -2 -5 -4
right_child=1 2 5 4 -6 -7
leaf_value=0.049207671108195794 -0.0039587217371881934 -0.022613908008948955 0.018969533776570575 -0.012171594777767161 -0.037703250980433936 0.013886902616092432
leaf_weight=0.81466302275657732 2.5814092084765417 0.84959970414638508 2.1540633141994481 1.0368431694805624 1.4230909729376433 1.062712757848203
leaf_count=6 8 8 4 6 14 10
internal_value=0 -0.00440151 0.00895308 -0.0151734 -0.0269419 0.0172904
internal_weight=0 9.10772 4.06638 5.04134 2.45993 3.21678
internal_count=56 50 22 28 20 14
is_linear=0
shrinkage=0.1


Tree=21
num_leaves=8
num_cat=0
split_feature=1 3 3 3 1 0 3
split_gain=0.173329 0.130969 0.0432617 0.298909 0.0397558 0.0366182 0.0222957
threshold=0.41000000000000009 0.38810000000000006 0.39770000000000005 0.42870000000000003 0.57500000000000007 0.91155000000000019 0.33050000000000007
decision_type=2 2 2 2 2 2 2
left_child=-1 4 -3 -4 -2 -6 -7
right_child=1 2 3 -5 5 6 -8
leaf_value=0.02672682747165598 -0.033479628304971504 0.017042801726390108 0.030697073760792722 -0.073192713938858511 -0.0038314434841409404 -0.040699436865514665 -0.014240876093861519
leaf_weight=1.9462796151638029 1.1724367490969596 2.1286271810531621 0.76963864825665929 0.43261735886335373 2.0716369524598122 0.54280030168592952 0.77067513857036829
leaf_count=6 12 4 6 6 8 8 6
internal_value=0 -0.0065942 0.00847793 -0.00668642 -0.0176097 -0.0121131 -0.025175
internal_weight=0 7.88843 3.33088 1.20226 4.55755 3.38511 1.31348
internal_count=56 50 16 12 34 22 14
is_linear=0
shrinkage=0.1


Tree=22
num_leaves=7
num_cat=0
split_feature=3 2 3 1 3 3
split_gain=0.179954 0.123873 0.0924474 0.0467515 0.0321061 4.47372e-05
threshold=0.23625000000000004 0.55000000000000016 0.38810000000000006 0.46000000000000002 0.28375000000000006 0.39770000000000005
decision_type=2 2 2 2 2 2
left_child=-1 3 -3 -2 -5 -4
right_child=1 2 5 4 -6 -7
leaf_value=0.046637907216564641 -0.0049367074711918757 -0.020030065312573016 0.017024105390781294 -0.012492755619130647 -0.035351256417945523 0.017844130043898704
leaf_weight=0.76256527006626207 2.5695906877517682 0.84495278820395503 2.1376208364963536 1.1972213909029963 1.262337071355432 0.96592274401336897
leaf_count=6 8 8 4 6 14 10
internal_value=0 -0.00396144 0.00929535 -0.0143697 -0.0242246 0.0172793
internal_weight=0 8.97765 3.9485 5.02915 2.45956 3.10354
internal_count=56 50 22 28 20 14
is_linear=0
shrinkage=0.1


Tree=23
num_leaves=8
num_cat=0
split_feature=1 3 1 3 3 0 3
split_gain=0.131972 0.101133 0.0485743 0.0371991 0.144584 0.0322656 0.0175253
threshold=0.41000000000000009 0.38810000000000006 0.57500000000000007 0.39770000000000005 0.42870000000000003 0.91155000000000019 0.33050000000000007
decision_type=2 2 2 2 2 2 2
left_child=-1 2 -2 -3 -5 -4 -7
right_child=1 3 5 4 -6 6 -8
leaf_value=0.023463569838272927 -0.033127169142794684 0.015465122188661227 -0.0016468791065851766 0.019123976394269677 -0.057031253016208955 -0.03623971272692935 -0.012354346872431527
leaf_weight=1.9200752228498457 1.1604953962378202 2.1169051527976994 2.0647763162851334 0.72156601212918736 0.38089988846331835 0.50951835606247209 0.77356163412332535
leaf_count=6 12 4 8 6 6 8 6
internal_value=0 -0.00582989 -0.015497 0.00770778 -0.00718751 -0.00938573 -0.0218394
internal_weight=0 7.72772 4.50835 3.21937 1.10247 3.34786 1.28308
internal_count=56 50 34 16 12 22 14
is_linear=0
shrinkage=0.1


Tree=24
num_leaves=8
num_cat=0
split_feature=3 4 0 1 1 1 4
split_gain=0.151301 0.120266 0.0857397 0.076212 0.274789 0.00648416 0.00611719
threshold=0.23625000000000004 0.58535000000000015 0.91155000000000019 0.66500000000000015 0.62000000000000011 0.57500000000000007 0.54765000000000008
decision_type=2 2 2 2 2 2 2
left_child=-1 2 5 4 -4 6 -2
right_child=1 -3 3 -5 -6 -7 -8
leaf_value=0.043854281250227105 -0.014517719669010658 0.013773050952365204 -0.13859990903413499 -0.010889775222341254 -0.0068689888224002698 -0.00072749377057597646 -0.0045486958123802717
leaf_weight=0.72706346586346704 0.97278394270688151 2.7491448447108269 0.25724796485155799 0.73660518974065781 0.41190594807267189 2.0580663457512856 1.6760309990495441
leaf_count=6 6 14 8 4 4 8 6
internal_value=0 -0.00359802 -0.0114106 -0.033082 -0.0575113 -0.00493821 -0.00820984
internal_weight=0 8.86179 6.11264 1.40576 0.669154 4.70688 2.64881
internal_count=56 50 36 16 12 20 12
is_linear=0
shrinkage=0.1


Tree=25
num_leaves=8
num_cat=0
split_feature=1 3 1 0 3 3 3
split_gain=0.101657 0.148122 0.0372891 0.0228485 0.0195756 0.00479844 0.0983701
threshold=0.41000000000000009 0.38810000000000006 0.57500000000000007 0.91155000000000019 0.33050000000000007 0.39770000000000005 0.42870000000000003
decision_type=2 2 2 2 2 2 2
left_child=-1 2 -2 -4 -5 -3 -7
right_child=1 5 3 4 -6 6 -8
leaf_value=0.020697379443368365 -0.032347261210707488 0.014320959583787055 -0.0049504082714619752 -0.037554555255756378 -0.012071934402642712 0.02876891817290583 -0.037231590656423751
leaf_weight=1.8976168930530546 1.1501488387584684 2.1033341288566594 2.0568917766213417 0.49460723716765664 0.77195514552295208 0.65170520544052113 0.34556533489376307
leaf_count=6 12 4 8 8 6 6 6
internal_value=0 -0.00518545 -0.0168277 -0.0114568 -0.0220232 0.0116121 0.00589901
internal_weight=0 7.57421 4.4736 3.32345 1.26656 3.1006 0.997271
internal_count=56 50 34 22 14 16 12
is_linear=0
shrinkage=0.1


Tree=26
num_leaves=7
num_cat=0
split_feature=1 3 1 1 3 3
split_gain=0.0860079 0.117194 0.0410844 0.0114526 0.0322378 0.0112398
threshold=0.41000000000000009 0.38810000000000006 0.57500000000000007 0.66500000000000015 0.33050000000000007 0.39770000000000005
decision_type=2 2 2 2 2 2
left_child=-1 2 -2 4 -4 -3
right_child=1 5 3 -5 -6 -7
leaf_value=0.019002824826603915 -0.031524442633849015 0.0143451985822947 -0.023985431224993047 -0.00089748137006424281 9.5785357967834308e-05 0.0012632743248531522
leaf_weight=1.900903522968292 1.1408007517457006 2.1046495139598851 1.2802644837647679 1.0512713491916659 0.98256515990942705 0.95468962192535389
leaf_count=6 12 4 10 6 6 12
internal_value=0 -0.00480721 -0.0151564 -0.00952206 -0.0135289 0.0102629
internal_weight=0 7.51424 4.4549 3.3141 2.26283 3.05934
internal_count=56 50 34 22 16 16
is_linear=0
shrinkage=0.1


Tree=27
num_leaves=8
num_cat=0
split_feature=0 3 3 4 1 3 1
split_gain=0.072593 0.105088 0.0290837 0.0080096 0.0277932 0.00656745 0.00167433
threshold=0.64285000000000003 0.38810000000000006 0.33050000000000007 0.47425000000000006 0.46000000000000002 0.39770000000000005 0.59500000000000008
decision_type=2 2 2 2 2 2 2
left_child=-1 2 6 -4 -5 -3 -2
right_child=1 5 3 4 -6 -7 -8
leaf_value=0.022870831198097848 -0.020925815231137113 0.014409323943217998 0.0011103857019134069 -0.0019442676039289758 -0.023885911748785259 0.0044005329680451002 -0.027950726680044891
leaf_weight=1.2091464847326285 1.2170552536845187 2.1055373102426533 0.92341075837612185 1.6166377663612368 0.89795904140919436 0.95201622135937203 0.47042268700897683
leaf_count=6 6 4 4 4 12 12 8
internal_value=0 -0.00337945 -0.0121321 -0.00685467 -0.0097796 0.0112929 -0.0228842
internal_weight=0 8.18304 5.12549 3.43801 2.5146 3.05755 1.68748
internal_count=56 50 34 20 16 16 14
is_linear=0
shrinkage=0.1


Tree=28
num_leaves=8
num_cat=0
split_feature=1 2 3 1 3 4 3
split_gain=0.0792387 0.0933438 0.0831953 0.0454512 0.0156824 0.00998763 0.000963789
threshold=0.41000000000000009 0.55000000000000016 0.38810000000000006 0.57500000000000007 0.33050000000000007 0.52860000000000007 0.39770000000000005
decision_type=2 2 2 2 2 2 2
left_child=-1 3 5 -2 -5 -3 -4
right_child=1 2 6 4 -6 -7 -8
leaf_value=0.018334663950573118 -0.033356275627997381 -0.0090094913260228768 0.013357342966990458 -0.016158856240653923 0.0011041573955088417 -0.027296507290538737 0.017381384328119705
leaf_weight=1.8818267583847044 1.1416859892196956 0.73835457116365411 2.0959052294492726 1.209895567968488 0.93128997832536686 0.50152255408465862 0.83124905545264471
leaf_count=6 12 4 4 8 4 8 10
internal_value=0 -0.00463129 0.00530401 -0.0172424 -0.00865046 -0.0164065 0.0145001
internal_weight=0 7.4499 4.16703 3.28287 2.14119 1.23988 2.92715
internal_count=56 50 26 24 12 12 14
is_linear=0
shrinkage=0.1


Tree=29
num_leaves=7
num_cat=0
split_feature=1 2 3 1 3 4
split_gain=0.0727858 0.0907029 0.0608743 0.0358128 0.0171961 0.00531472
threshold=0.41000000000000009 0.55000000000000016 0.38810000000000006 0.57500000000000007 0.33050000000000007 0.52860000000000007
decision_type=2 2 2 2 2 2
left_child=-1 3 5 -2 -5 -3
right_child=1 2 -4 4 -6 -7
leaf_value=0.017569212805571891 -0.031308700622371503 -0.0079488525273956091 0.013274457379936436 -0.017184942877936382 0.00090607585760631214 -0.021389965918740345
leaf_weight=1.8803492337465284 1.1305577165912839 0.74392690509557702 2.9044795548543334 1.2055632201954725 0.9313044250011443 0.48659751377999783
leaf_count=6 12 4 14 8 4 8
internal_value=0 -0.0044629 0.00537695 -0.0169155 -0.00930039 -0.013264
internal_weight=0 7.40243 4.135 3.26743 2.13687 1.23052
internal_count=56 50 26 24 12 12
is_linear=0
shrinkage=0.1


Tree=30
num_leaves=7
num_cat=0
split_feature=0 2 3 1 4 4
split_gain=0.0696779 0.0662424 0.0492802 0.035024 0.0237319 0.00382784
threshold=0.64285000000000003 0.55000000000000016 0.38810000000000006 0.46000000000000002 0.47425000000000006 0.52860000000000007
decision_type=2 2 2 2 2 2
left_child=-1 3 5 -2 -5 -3
right_child=1 2 -4 4 -6 -7
leaf_value=0.022574492716183274 -0.0012596236920045484 -0.0068005053116378849 0.012673855507246598 -0.0087932622906665339 -0.02917843793360532 -0.018264182640623704
leaf_weight=1.1911230161786086 1.6104189753532394 0.74852650612592675 2.8865307597443461 0.99997759237885508 1.3315212696325032 0.4768255352973938
leaf_count=6 4 4 14 6 14 8
internal_value=0 -0.00333867 0.00554108 -0.0126013 -0.0204353 -0.0112614
internal_weight=0 8.0538 4.11188 3.94192 2.3315 1.22535
internal_count=56 50 26 24 20 12
is_linear=0
shrinkage=0.1


Tree=31
num_leaves=6
num_cat=0
split_feature=1 2 3 1 3
split_gain=0.0806108 0.076679 0.0385575 0.0332165 0.0170091
threshold=0.41000000000000009 0.55000000000000016 0.38810000000000006 0.57500000000000007 0.33050000000000007
decision_type=2 2 2 2 2
left_child=-1 3 -3 -2 -5
right_child=1 2 -4 4 -6
leaf_value=0.018577457500395647 -0.030135351665593647 -0.010541147542535862 0.01070737352902802 -0.016726396579989325 0.001298269535620421
leaf_weight=1.8627606630325315 1.119185929419473 1.2150039402768014 2.8741037929430604 1.1987964259460571 0.92944128066301335
leaf_count=6 12 12 14 8 4
internal_value=0 -0.00471686 0.00439376 -0.0161888 -0.00885469
internal_weight=0 7.33653 4.08911 3.24742 2.12824
internal_count=56 50 26 24 12
is_linear=0
shrinkage=0.1


Tree=32
num_leaves=6
num_cat=0
split_feature=1 2 3 4 3
split_gain=0.0677128 0.0752884 0.0366496 0.0321267 0.0133148
threshold=0.41000000000000009 0.55000000000000016 0.38810000000000006 0.47425000000000006 0.33050000000000007
decision_type=2 2 2 2 2
left_child=-1 3 -3 4 -2
right_child=1 2 -4 -5 -6
leaf_value=0.017020337150537058 -0.015532980187423003 -0.0098768681610175556 0.010881341314895062 -0.027746454778396462 0.0011446561363705956
leaf_weight=1.8625639528036115 0.98944040387868903 1.2103989468887446 2.8607098888605833 1.3179148633498696 0.9273851215839386
leaf_count=6 6 12 14 14 4
internal_value=0 -0.00433919 0.00470963 -0.0157277 -0.00746412
internal_weight=0 7.30585 4.07111 3.23474 1.91683
internal_count=56 50 26 24 10
is_linear=0
shrinkage=0.1


Tree=33
num_leaves=6
num_cat=0
split_feature=0 2 3 1 4
split_gain=0.0635467 0.0541248 0.0360783 0.0293996 0.0200612
threshold=0.64285000000000003 0.55000000000000016 0.38810000000000006 0.46000000000000002 0.47425000000000006
decision_type=2 2 2 2 2
left_child=-1 3 -3 -2 -5
right_child=1 2 -4 4 -6
leaf_value=0.021716350310924656 -0.0012097825263152444 -0.0096127804266616726 0.011032117148091701 -0.0080903354467166486 -0.026927310401248856
leaf_weight=1.1743893548846243 1.608476594090462 1.2042497233487663 2.8493179241195321 0.99222992733120952 1.3142010269220916
leaf_count=6 4 12 14 6 14
internal_value=0 -0.00320054 0.00489885 -0.0115868 -0.0188236
internal_weight=0 7.96848 4.05357 3.91491 2.30643
internal_count=56 50 26 24 20
is_linear=0
shrinkage=0.1


Tree=34
num_leaves=8
num_cat=0
split_feature=1 2 5 1 1 1 3
split_gain=0.071203 0.0659046 0.0361327 0.0497339 0.0359716 0.0205243 0.013399
threshold=0.41000000000000009 0.55000000000000016 0.35000000000000003 0.66500000000000015 0.57500000000000007 0.57500000000000007 0.33050000000000007
decision_type=2 2 2 2 2 2 2
left_child=-1 4 3 5 -2 -3 -6
right_child=1 2 -4 -5 6 -7 -8
leaf_value=0.017532486718155375 -0.029654701811589287 -0.047120064001243633 0.0119356488681305 0.0063571408178950423 -0.014453297494112628 -0.01104272054345495 0.0015831177675238849
leaf_weight=1.8468871414661405 1.1130089971702548 0.32061320729553666 2.3852218552492559 1.0179169811308384 1.1931606875732543 0.3103069462813437 0.9249148592352866
leaf_count=6 12 6 10 6 8 4 4
internal_value=0 -0.00445697 0.00406694 -0.00731601 -0.0150992 -0.0293761 -0.00745056
internal_weight=0 7.26514 4.03406 1.64884 3.23108 0.63092 2.11808
internal_count=56 50 26 16 24 10 12
is_linear=0
shrinkage=0.1


Tree=35
num_leaves=7
num_cat=0
split_feature=0 2 3 1 4 4
split_gain=0.0547587 0.0551488 0.0407769 0.0234655 0.0174755 0.0069712
threshold=0.64285000000000003 0.55000000000000016 0.38810000000000006 0.46000000000000002 0.47425000000000006 0.52860000000000007
decision_type=2 2 2 2 2 2
left_child=-1 3 5 -2 -5 -3
right_child=1 2 -4 4 -6 -7
leaf_value=0.020236433314603973 -0.0021673643769408841 -0.0044512750414298884 0.0118204272004169 -0.0078940465867025616 -0.025509394494174636 -0.020350777263414742
leaf_weight=1.1653889641165731 1.6055869758129122 0.75373482331633546 2.8151236139237881 0.98899544216692481 1.3080354859121142 0.43486957158893347
leaf_count=6 4 4 14 6 14 8
internal_value=0 -0.00298283 0.00526283 -0.0114421 -0.017925 -0.0102684
internal_weight=0 7.90635 4.00373 3.90262 2.29703 1.1886
internal_count=56 50 26 24 20 12
is_linear=0
shrinkage=0.1


Tree=36
num_leaves=6
num_cat=0
split_feature=1 2 1 3 3
split_gain=0.0602426 0.078896 0.0461221 0.0338695 0.0118025
threshold=0.41000000000000009 0.55000000000000016 0.57500000000000007 0.38810000000000006 0.33050000000000007
decision_type=2 2 2 2 2
left_child=-1 2 -2 -3 -4
right_child=1 3 4 -5 -6
leaf_value=0.016190436305208972 -0.032105224366716638 -0.0088559502095987685 -0.01355295175161467 0.0113259476112334 0.0014831545708983438
leaf_weight=1.8331337869167326 1.1197682600468399 1.1832736735232177 1.2028001202270391 2.7974443677812815 0.92236147820949543
leaf_count=6 12 12 8 14 4
internal_value=0 -0.00410748 -0.015681 0.00532685 -0.00702699
internal_weight=0 7.22565 3.24493 3.98072 2.12516
internal_count=56 50 24 26 12
is_linear=0
shrinkage=0.1


Tree=37
num_leaves=6
num_cat=0
split_feature=1 2 3 1 3
split_gain=0.0537216 0.0624186 0.0301518 0.029082 0.0128006
threshold=0.41000000000000009 0.55000000000000016 0.38810000000000006 0.57500000000000007 0.33050000000000007
decision_type=2 2 2 2 2
left_child=-1 3 -3 -2 -5
right_child=1 2 -4 4 -6
leaf_value=0.015279853386698525 -0.027485433766945695 -0.0089078354982788082 0.010149787342346228 -0.014241427681167344 0.001443035774964786
leaf_weight=1.8332822918891905 1.0958979711867871 1.1815363988280299 2.7917834259569645 1.1958992192521694 0.92114112526178349
leaf_count=6 12 12 14 8 4
internal_value=0 -0.00389803 0.00448267 -0.0142621 -0.00741699
internal_weight=0 7.18626 3.97332 3.21294 2.11704
internal_count=56 50 26 24 12
is_linear=0
shrinkage=0.1


Tree=38
num_leaves=6
num_cat=0
split_feature=0 2 3 1 4
split_gain=0.0495305 0.0427397 0.0260389 0.0215985 0.0146222
threshold=0.64285000000000003 0.55000000000000016 0.38810000000000006 0.46000000000000002 0.47425000000000006
decision_type=2 2 2 2 2
left_child=-1 3 -3 -2 -5
right_child=1 2 -4 4 -6
leaf_value=0.019339878882667277 -0.001417053513264754 -0.0079911426491161529 0.0097298427218410789 -0.0073898287834872987 -0.023576457541475561
leaf_weight=1.1542797982692716 1.6005198657512667 1.1809074645861986 2.7838798761367798 0.98293118551373515 1.2911962391808627
leaf_count=6 4 12 14 6 14
internal_value=0 -0.00284761 0.00445167 -0.0103167 -0.0165802
internal_weight=0 7.83943 3.96479 3.87465 2.27413
internal_count=56 50 26 24 20
is_linear=0
shrinkage=0.1


Tree=39
num_leaves=8
num_cat=0
split_feature=1 2 5 4 1 1 3
split_gain=0.0566692 0.0498824 0.0278362 0.0598537 0.0242327 0.0208563 0.0126373
threshold=0.41000000000000009 0.55000000000000016 0.35000000000000003 0.55005000000000015 0.57500000000000007 0.57500000000000007 0.33050000000000007
decision_type=2 2 2 2 2 2 2
left_child=-1 4 3 -3 -2 -5 -6
right_child=1 2 -4 5 6 -7 -8
leaf_value=0.015751449071149039 -0.025513506045354746 0.0079423449564623334 0.010349468055674963 -0.051335738597359959 -0.013874368065374129 -0.013274772536197969 0.0017280161805906698
leaf_weight=1.8201969861984251 1.0781876525143164 1.005577050149441 2.3705768650397658 0.29070543684065331 1.1936201630160215 0.28523395955562592 0.91867186129093159
leaf_count=6 12 6 10 6 8 4 4
internal_value=0 -0.00401406 0.00349457 -0.00678043 -0.0133151 -0.032486 -0.00708862
internal_weight=0 7.14257 3.95209 1.58152 3.19048 0.575939 2.11229
internal_count=56 50 26 16 24 10 12
is_linear=0
shrinkage=0.1


Tree=40
num_leaves=6
num_cat=0
split_feature=1 2 1 3 3
split_gain=0.0393527 0.0685162 0.0304905 0.0221321 0.0114658
threshold=0.41000000000000009 0.55000000000000016 0.57500000000000007 0.38810000000000006 0.33050000000000007
decision_type=2 2 2 2 2
left_child=-1 2 -2 -3 -4
right_child=1 3 4 -5 -6
leaf_value=0.013138124183493327 -0.027770122769212299 -0.0059467890426433282 -0.013611257670051117 0.01041180775936654 0.0012331011958046411
leaf_weight=1.8176325410604475 1.090557474177331 1.1818370250985029 1.2035336438566449 2.7549584181979299 0.91662845015525807
leaf_count=6 12 12 8 14 4
internal_value=0 -0.00334106 -0.0141826 0.00550091 -0.00719346
internal_weight=0 7.14752 3.21072 3.9368 2.12016
internal_count=56 50 24 26 12
is_linear=0
shrinkage=0.1


Tree=41
num_leaves=6
num_cat=0
split_feature=1 2 1 3 3
split_gain=0.0367111 0.0810685 0.0248551 0.0158235 0.0112598
threshold=0.41000000000000009 0.55000000000000016 0.57500000000000007 0.33050000000000007 0.38810000000000006
decision_type=2 2 2 2 2
left_child=-1 2 -2 -4 -3
right_child=1 4 3 -5 -6
leaf_value=0.012720595128502796 -0.027251581992676445 -0.0016770422543331471 -0.016180971413739881 0.0012369770317242068 0.0099284550945060793
leaf_weight=1.8110731542110441 1.0921883833361792 1.2022442859597506 1.2134882314130666 0.91471646726131428 2.744243448600173
leaf_count=6 12 12 8 4 14
internal_value=0 -0.0032145 -0.0149882 -0.00869462 0.006393
internal_weight=0 7.16688 3.22039 2.1282 3.94649
internal_count=56 50 24 12 26
is_linear=0
shrinkage=0.1


Tree=42
num_leaves=6
num_cat=0
split_feature=1 2 1 3 3
split_gain=0.0338475 0.0733256 0.0181925 0.0171505 0.0121467
threshold=0.41000000000000009 0.55000000000000016 0.57500000000000007 0.33050000000000007 0.38810000000000006
decision_type=2 2 2 2 2
left_child=-1 2 -2 -4 -3
right_child=1 4 3 -5 -6
leaf_value=0.012195511986190781 -0.024874327061178689 -0.0024044478643855094 -0.016758959352334447 0.0013858346265958913 0.0097240621465671702
leaf_weight=1.814070016145706 1.0820457794470715 1.1820756769739094 1.2095458544790747 0.91498328745365132 2.7392428312450647
leaf_count=6 12 12 8 4 14
internal_value=0 -0.0031038 -0.0143199 -0.00894444 0.00606794
internal_weight=0 7.12789 3.20657 2.12453 3.92132
internal_count=56 50 24 12 26
is_linear=0
shrinkage=0.1


Tree=43
num_leaves=6
num_cat=0
split_feature=0 3 4 1 5
split_gain=0.0447038 0.0459567 0.0510539 0.023792 1.36831e-06
threshold=0.64285000000000003 0.33050000000000007 0.58535000000000015 0.57500000000000007 0.35000000000000003
decision_type=2 2 2 2 2
left_child=-1 -2 3 -3 -5
right_child=1 2 -4 4 -6
leaf_value=0.018457857873619112 -0.018108349874624705 -0.014651468725789416 0.012149265192164291 0.0015083379566991513 0.001338571074478629
leaf_weight=1.1433163806796072 1.5526714753359554 1.783416173886508 2.5046333824284375 0.98719499260187127 0.91463620960712433
leaf_count=6 14 14 12 6 4
internal_value=0 -0.00272561 0.001133 -0.00635407 0.00142669
internal_weight=0 7.74255 6.18988 3.68525 1.90183
internal_count=56 50 36 24 10
is_linear=0
shrinkage=0.1


Tree=44
num_leaves=7
num_cat=0
split_feature=1 2 1 1 4 3
split_gain=0.046668 0.0422902 0.0191322 0.015378 0.014372 0.0120046
threshold=0.41000000000000009 0.55000000000000016 0.59500000000000008 0.57500000000000007 0.52860000000000007 0.33050000000000007
decision_type=2 2 2 2 2 2
left_child=-1 3 -3 -2 -4 -5
right_child=1 2 4 5 -6 -7
leaf_value=0.014369718393016928 -0.022048869403420927 0.0084384063120424048 0.0026443939687421049 -0.013877523375204592 -0.018340667600038038 0.0013344326460636806
leaf_weight=1.8001167029142378 1.0611706381896513 2.5383284729905431 0.76062517985701539 1.1988342413678768 0.57162447553128004 0.91451378166675557
leaf_count=6 12 14 4 8 8 4
internal_value=0 -0.00367167 0.00334494 -0.0122268 -0.00635961 -0.00729482
internal_weight=0 7.0451 3.87058 3.17452 1.33225 2.11335
internal_count=56 50 26 24 12 12
is_linear=0
shrinkage=0.1


Tree=45
num_leaves=6
num_cat=0
split_feature=0 3 4 1 0
split_gain=0.0425523 0.0346595 0.0409236 0.018882 2.81839e-05
threshold=0.64285000000000003 0.33050000000000007 0.58535000000000015 0.57500000000000007 0.91155000000000019
decision_type=2 2 2 2 2
left_child=-1 -2 3 -3 -5
right_child=1 2 -4 4 -6
leaf_value=0.018092163461161766 -0.015994265999935905 -0.013436393787524679 0.01062327421804485 0.001350522207895965 0.00057637173758811342
leaf_weight=1.1330511383712289 1.5561842131428418 1.7690474843839186 2.4820922864601016 0.91341281682252862 0.96933915093541145
leaf_count=6 14 14 12 4 6
internal_value=0 -0.0026657 0.000715796 -0.00601822 0.000951949
internal_weight=0 7.69008 6.13389 3.6518 1.88275
internal_count=56 50 36 24 10
is_linear=0
shrinkage=0.1


Tree=46
num_leaves=6
num_cat=0
split_feature=1 2 3 4 3
split_gain=0.0464893 0.0351154 0.0190443 0.0148341 0.00932374
threshold=0.41000000000000009 0.55000000000000016 0.38810000000000006 0.47425000000000006 0.33050000000000007
decision_type=2 2 2 2 2
left_child=-1 3 -3 4 -2
right_child=1 2 -4 -5 -6
leaf_value=0.014380319089257968 -0.012710569994769131 -0.0080567224250431019 0.0073347807083204144 -0.019891705423948958 0.0013621170735736256
leaf_weight=1.7896798998117445 0.971341008320451 1.1462251171469691 2.6917472062632442 1.2639897416811434 0.91362471133470535
leaf_count=6 6 12 14 14 4
internal_value=0 -0.00368348 0.00273805 -0.0115101 -0.00588967
internal_weight=0 6.98693 3.83797 3.14896 1.88497
internal_count=56 50 26 24 10
is_linear=0
shrinkage=0.1


Tree=47
num_leaves=6
num_cat=0
split_feature=0 3 4 1 0
split_gain=0.0444662 0.0342161 0.0335411 0.0135947 0.000134767
threshold=0.64285000000000003 0.33050000000000007 0.58535000000000015 0.57500000000000007 0.91155000000000019
decision_type=2 2 2 2 2
left_child=-1 -2 3 -3 -5
right_child=1 2 -4 4 -6
leaf_value=0.018601320272559081 -0.016095357730891567 -0.011808756097349391 0.0096181599751573362 0.0012981924024268532 -0.00039593292739008995
leaf_weight=1.1206644251942632 1.5312877055257557 1.7568806892959403 2.4688561549410224 0.91243437677621819 0.96742307767271996
leaf_count=6 14 14 12 4 6
internal_value=0 -0.00272963 0.000622504 -0.00548434 0.000426352
internal_weight=0 7.63688 6.10559 3.63674 1.87986
internal_count=56 50 36 24 10
is_linear=0
shrinkage=0.1


Tree=48
num_leaves=8
num_cat=0
split_feature=1 2 1 5 4 1 3
split_gain=0.0515851 0.0326629 0.0167717 0.0156799 0.0616307 0.0378909 0.00925564
threshold=0.41000000000000009 0.55000000000000016 0.57500000000000007 0.35000000000000003 0.55005000000000015 0.57500000000000007 0.33050000000000007
decision_type=2 2 2 2 2 2 2
left_child=-1 2 -2 4 -3 -6 -4
right_child=1 3 6 -5 5 -7 -8
leaf_value=0.015216314976237709 -0.021719017579629213 0.0091135239915316867 -0.012112683835365743 0.0074831370589350001 -0.059952623687042697 -0.0059473577747370518 0.0013151581796299278
leaf_weight=1.7752185165882108 1.0539076600689443 0.98135994747281097 1.1741673746146264 2.3195444922894239 0.26495574787259102 0.25490282848477364 0.91206756234168995
leaf_count=6 12 6 8 10 6 4 4
internal_value=0 -0.00388058 -0.0114366 0.00232946 -0.00563352 -0.0334722 -0.00624225
internal_weight=0 6.96091 3.14014 3.82076 1.50122 0.519859 2.08623
internal_count=56 50 24 26 16 10 12
is_linear=0
shrinkage=0.1


Tree=49
num_leaves=6
num_cat=0
split_feature=0 3 4 1 0
split_gain=0.041687 0.0328444 0.0325903 0.0119709 7.93568e-05
threshold=0.64285000000000003 0.33050000000000007 0.58535000000000015 0.57500000000000007 0.91155000000000019
decision_type=2 2 2 2 2
left_child=-1 -2 3 -3 -5
right_child=1 2 -4 4 -6
leaf_value=0.018090396325318388 -0.015825769125451153 -0.011354154311322681 0.0095272307814759719 0.00082589621050916046 -0.00047691872053676502
leaf_weight=1.1111017055809496 1.5141836912371216 1.7462881935061889 2.4556761514395475 0.91124428808689095 0.9601961113512516
leaf_count=6 14 14 12 4 6
internal_value=0 -0.0026491 0.000636023 -0.00539924 0.00015745
internal_weight=0 7.58759 6.0734 3.61773 1.87144
internal_count=56 50 36 24 10
is_linear=0
shrinkage=0.1


Tree=50
num_leaves=6
num_cat=0
split_feature=1 2 1 3 3
split_gain=0.0476071 0.0338811 0.0169113 0.0164034 0.00815404
threshold=0.41000000000000009 0.55000000000000016 0.57500000000000007 0.38810000000000006 0.33050000000000007
decision_type=2 2 2 2 2
left_child=-1 2 -2 -3 -4
right_child=1 3 4 -5 -6
leaf_value=0.014659596807510614 -0.021790639676959194 -0.0074763448452575161 -0.011736970890641707 0.0069210012710830887 0.00087643572148772206
leaf_weight=1.7647738456726072 1.048847448313609 1.1275345277972522 1.1718343081884088 2.6541559100151062 0.91091935336589802
leaf_count=6 12 12 8 14 4
internal_value=0 -0.0037422 -0.0114352 0.00262834 -0.00622033
internal_weight=0 6.91329 3.1316 3.78169 2.08275
internal_count=56 50 24 26 12
is_linear=0
shrinkage=0.1


Tree=51
num_leaves=6
num_cat=0
split_feature=1 2 3 1 3
split_gain=0.042132 0.0299632 0.0185086 0.0132869 0.00791244
threshold=0.41000000000000009 0.55000000000000016 0.38810000000000006 0.57500000000000007 0.33050000000000007
decision_type=2 2 2 2 2
left_child=-1 3 -3 -2 -5
right_child=1 2 -4 4 -6
leaf_value=0.013782127339437501 -0.020010750309174256 -0.0083115981477716074 0.0070214557087987864 -0.011603529558296527 0.00082823957318881025
leaf_weight=1.7656659781932829 1.0397672761464494 1.1198701276443901 2.6505749858915806 1.1707383752800526 0.90985333919525135
leaf_count=6 12 12 14 8 4
internal_value=0 -0.00353147 0.00246734 -0.0107801 -0.00616705
internal_weight=0 6.8908 3.77045 3.12036 2.08059
internal_count=56 50 26 24 12
is_linear=0
shrinkage=0.1


Tree=52
num_leaves=6
num_cat=0
split_feature=0 3 4 1 0
split_gain=0.0404164 0.0293281 0.0292661 0.00993417 0.000160894
threshold=0.64285000000000003 0.33050000000000007 0.58535000000000015 0.57500000000000007 0.91155000000000019
decision_type=2 2 2 2 2
left_child=-1 -2 3 -3 -5
right_child=1 2 -4 4 -6
leaf_value=0.017907628999111049 -0.015123793975557324 -0.010679189159011225 0.0089449632448666203 0.00078953395280758731 -0.0010709571114936366
leaf_weight=1.0998713113367555 1.5006606755778191 1.7364912517368796 2.4421912557445467 0.90879933536052682 0.95146333053708076
leaf_count=6 14 14 12 4 6
internal_value=0 -0.00261236 0.0004967 -0.00523966 -0.000162046
internal_weight=0 7.53961 6.03895 3.59675 1.86026
internal_count=56 50 36 24 10
is_linear=0
shrinkage=0.1


Tree=53
num_leaves=7
num_cat=0
split_feature=1 2 1 1 4 3
split_gain=0.0454902 0.0267309 0.0147637 0.0134489 0.00833987 0.00729299
threshold=0.41000000000000009 0.55000000000000016 0.59500000000000008 0.57500000000000007 0.52860000000000007 0.33050000000000007
decision_type=2 2 2 2 2 2
left_child=-1 3 -3 -2 -4 -5
right_child=1 2 4 5 -6 -7
leaf_value=0.014375014446446167 -0.019826474897223806 0.006524947204738338 8.1929130329557403e-05 -0.011111946774075235 -0.016294097221694035 0.0008390207229973458
leaf_weight=1.7535090446472166 1.0367247988469901 2.472003106027842 0.75088324397802331 1.1659562354907396 0.53084103483706713 0.90848683938384045
leaf_count=6 12 14 4 8 8 4
internal_value=0 -0.00367184 0.00200911 -0.0105261 -0.00670039 -0.00587811
internal_weight=0 6.8649 3.75373 3.11117 1.28172 2.07444
internal_count=56 50 26 24 12 12
is_linear=0
shrinkage=0.1


Tree=54
num_leaves=6
num_cat=0
split_feature=0 3 4 1 0
split_gain=0.0370808 0.0272375 0.0240744 0.0106635 1.48317e-05
threshold=0.64285000000000003 0.33050000000000007 0.58535000000000015 0.57500000000000007 0.91155000000000019
decision_type=2 2 2 2 2
left_child=-1 -2 3 -3 -5
right_child=1 2 -4 4 -6
leaf_value=0.017207079492663205 -0.01458048578754983 -0.010357217675454 0.0081843421238863342 0.00084990999163363137 0.00028381907591006121
leaf_weight=1.0931839533150194 1.4958862597122786 1.7300904525909575 2.4289957783184946 0.90758882090449311 0.94445381313562393
leaf_count=6 14 14 12 4 6
internal_value=0 -0.00250573 0.000499113 -0.00471214 0.000561231
internal_weight=0 7.50702 6.01113 3.58213 1.85204
internal_count=56 50 36 24 10
is_linear=0
shrinkage=0.1


Tree=55
num_leaves=6
num_cat=0
split_feature=1 2 3 1 3
split_gain=0.0424749 0.0250415 0.0150012 0.0132613 0.00676628
threshold=0.41000000000000009 0.55000000000000016 0.38810000000000006 0.57500000000000007 0.33050000000000007
decision_type=2 2 2 2 2
left_child=-1 3 -3 -2 -5
right_child=1 2 -4 4 -6
leaf_value=0.013921210483352328 -0.019449969704951765 -0.0077409072668695915 0.0061005649449426417 -0.010632735332243924 0.00089407934030705846
leaf_weight=1.7458132803440092 1.0330405232962223 1.1172136091627183 2.6174330338835716 1.1607568897306921 0.90730497986078251
leaf_count=6 12 12 14 8 4
internal_value=0 -0.0035554 0.00195991 -0.0101975 -0.00557566
internal_weight=0 6.83575 3.73465 3.1011 2.06806
internal_count=56 50 26 24 12
is_linear=0
shrinkage=0.1


Tree=56
num_leaves=6
num_cat=0
split_feature=1 2 3 1 3
split_gain=0.0378891 0.0234326 0.0157669 0.0112405 0.00660993
threshold=0.41000000000000009 0.55000000000000016 0.38810000000000006 0.57500000000000007 0.33050000000000007
decision_type=2 2 2 2 2
left_child=-1 3 -3 -2 -5
right_child=1 2 -4 4 -6
leaf_value=0.013142206079486747 -0.01834359952349951 -0.0079909557151101231 0.0062225284124908676 -0.010546730122368248 0.00085161786795379026
leaf_weight=1.7464409768581388 1.0278669784311207 1.1129281655885281 2.6124648153781891 1.1597866644151511 0.90634212270379055
leaf_count=6 12 12 14 8 4
internal_value=0 -0.00336571 0.00197638 -0.00979797 -0.00554665
internal_weight=0 6.81939 3.72539 3.094 2.06613
internal_count=56 50 26 24 12
is_linear=0
shrinkage=0.1


Tree=57
num_leaves=6
num_cat=0
split_feature=0 3 4 1 0
split_gain=0.0353696 0.0247854 0.0216242 0.00914418 3.67353e-05
threshold=0.64285000000000003 0.33050000000000007 0.58535000000000015 0.57500000000000007 0.91155000000000019
decision_type=2 2 2 2 2
left_child=-1 -2 3 -3 -5
right_child=1 2 -4 4 -6
leaf_value=0.016884779316757498 -0.014013329462941333 -0.0097727144545729557 0.0077166295829848158 0.00081759689500220014 -7.5531894174443086e-05
leaf_weight=1.0834497697651384 1.4849535324610768 1.7216067275730895 2.4195302883163095 0.90540959313511826 0.93725100159645081
leaf_count=6 14 14 12 4 6
internal_value=0 -0.00244938 0.000420354 -0.00453257 0.000363316
internal_weight=0 7.46875 5.9838 3.56427 1.84266
internal_count=56 50 36 24 10
is_linear=0
shrinkage=0.1


Tree=58
num_leaves=6
num_cat=0
split_feature=1 2 3 1 3
split_gain=0.0401824 0.0214664 0.0127305 0.011573 0.00614052
threshold=0.41000000000000009 0.55000000000000016 0.38810000000000006 0.57500000000000007 0.33050000000000007
decision_type=2 2 2 2 2
left_child=-1 3 -3 -2 -5
right_child=1 2 -4 4 -6
leaf_value=0.013578419074598228 -0.018306795928722704 -0.0073068507513673088 0.0054834281506217619 -0.010138748170518005 0.00085954174050123218
leaf_weight=1.7360856682062147 1.0259901281679051 1.1103534316644075 2.6013376377522945 1.155936624389142 0.90513792634010304
leaf_count=6 12 12 14 8 4
internal_value=0 -0.00346729 0.00165721 -0.00962867 -0.00530876
internal_weight=0 6.79876 3.71169 3.08706 2.06107
internal_count=56 50 26 24 12
is_linear=0
shrinkage=0.1


Tree=59
num_leaves=6
num_cat=0
split_feature=1 2 3 1 3
split_gain=0.0357254 0.0203119 0.0135052 0.00991941 0.00599947
threshold=0.41000000000000009 0.55000000000000016 0.38810000000000006 0.57500000000000007 0.33050000000000007
decision_type=2 2 2 2 2
left_child=-1 3 -3 -2 -5
right_child=1 2 -4 4 -6
leaf_value=0.012797374375919013 -0.01733088049657322 -0.0075354119671769727 0.0056564990450177566 -0.010054366689873275 0.00082184087671354248
leaf_weight=1.7367956787347791 1.0216659550787883 1.106777224224061 2.5969359679147601 1.1549928709864619 0.90424193069338787
leaf_count=6 12 12 14 8 4
internal_value=0 -0.003276 0.00171437 -0.00927519 -0.00527846
internal_weight=0 6.78461 3.70371 3.0809 2.05923
internal_count=56 50 26 24 12
is_linear=0
shrinkage=0.1


Tree=60
num_leaves=6
num_cat=0
split_feature=0 3 4 1 0
split_gain=0.033478 0.0229177 0.0197465 0.00815974 4.8507e-05
threshold=0.64285000000000003 0.33050000000000007 0.58535000000000015 0.57500000000000007 0.91155000000000019
decision_type=2 2 2 2 2
left_child=-1 -2 3 -3 -5
right_child=1 2 -4 4 -6
leaf_value=0.01649982462972531 -0.013543089950661506 -0.0093261204132042454 0.0073606480008975086 0.00079174036484600278 -0.0002369644434774193
leaf_weight=1.0744419693946836 1.4753156160004435 1.7146828690310942 2.4113130276091397 0.90337783470749833 0.93053242936730385
leaf_count=6 14 14 12 4 6
internal_value=0 -0.00238434 0.000377896 -0.00436697 0.000269772
internal_weight=0 7.43522 5.95991 3.54859 1.83391
internal_count=56 50 36 24 10
is_linear=0
shrinkage=0.1


Tree=61
num_leaves=8
num_cat=0
split_feature=1 5 4 1 1 1 4
split_gain=0.0375822 0.0198403 0.0526454 0.0561482 0.0317838 0.0174308 0.00503698
threshold=0.41000000000000009 0.35000000000000003 0.55005000000000015 0.57500000000000007 0.57500000000000007 0.66500000000000015 0.5445000000000001
decision_type=2 2 2 2 2 2 2
left_child=-1 2 5 -4 -3 6 -2
right_child=1 4 3 -5 -6 -7 -8
leaf_value=0.013166016451922412 -0.013939333159443649 0.0089563970379855865 -0.069873395471384228 -0.0017883335721410173 -0.012432733322236706 0.0075388959511944881 -0.0040949402160689319
leaf_weight=1.7271769940853117 0.99105814367067169 2.2292841169983153 0.26720623578876246 0.22155572613701224 1.0092626968398688 0.95484052971005429 1.0929104201495647
leaf_count=6 12 8 8 4 8 6 4
internal_value=0 -0.00336087 -0.00854936 -0.0390104 0.00229068 -0.00365 -0.00877657
internal_weight=0 6.76612 3.52757 0.488762 3.23855 3.03881 2.08397
internal_count=56 50 34 12 16 22 16
is_linear=0
shrinkage=0.1


Tree=62
num_leaves=6
num_cat=0
split_feature=1 2 3 1 3
split_gain=0.0292375 0.0229364 0.0140828 0.0103433 0.00585802
threshold=0.41000000000000009 0.55000000000000016 0.38810000000000006 0.57500000000000007 0.33050000000000007
decision_type=2 2 2 2 2
left_child=-1 3 -3 -2 -5
right_child=1 2 -4 4 -6
leaf_value=0.011634938915595309 -0.017602281370753245 -0.0071715488271076712 0.0063787502561747159 -0.0099846676763463739 0.00076990392137554927
leaf_weight=1.7209892868995664 1.015413315210026 1.0901846475899222 2.5871927794069052 1.1547086890786888 0.90221557021141041
leaf_count=6 12 12 14 8 4
internal_value=0 -0.00296659 0.00236167 -0.00934414 -0.00526746
internal_weight=0 6.74972 3.67738 3.07234 2.05692
internal_count=56 50 26 24 12
is_linear=0
shrinkage=0.1


Tree=63
num_leaves=6
num_cat=0
split_feature=0 3 4 1 0
split_gain=0.0300963 0.020926 0.0207252 0.00879685 3.37695e-05
threshold=0.64285000000000003 0.33050000000000007 0.58535000000000015 0.57500000000000007 0.91155000000000019
decision_type=2 2 2 2 2
left_child=-1 -2 3 -3 -5
right_child=1 2 -4 4 -6
leaf_value=0.015710109278878306 -0.012991792371297202 -0.0096894790952397059 0.0075234161986413072 0.00074383588757254029 -0.00011644700578935148
leaf_weight=1.0657804273068903 1.4595402064733205 1.6993294931598941 2.4086423059925437 0.9013966880738733 0.92405010759830475
leaf_count=6 14 14 12 4 6
internal_value=0 -0.0022648 0.000373897 -0.0045117 0.000308356
internal_weight=0 7.39296 5.93342 3.52478 1.82545
internal_count=56 50 36 24 10
is_linear=0
shrinkage=0.1


Tree=64
num_leaves=6
num_cat=0
split_feature=1 2 3 1 3
split_gain=0.0317213 0.0207697 0.0115696 0.0104241 0.00551003
threshold=0.41000000000000009 0.55000000000000016 0.38810000000000006 0.57500000000000007 0.33050000000000007
decision_type=2 2 2 2 2
left_child=-1 3 -3 -2 -5
right_child=1 2 -4 4 -6
leaf_value=0.012155724609794034 -0.01746392557175724 -0.0066583939915837598 0.005640590532460913 -0.0096509008077217198 0.00078886031211608813
leaf_weight=1.7115480750799177 1.0132011289242657 1.0877110850997271 2.5768570238724351 1.1516158534213903 0.90117825567722309
leaf_count=6 12 12 14 8 4
internal_value=0 -0.00309114 0.00199003 -0.0091643 -0.00506784
internal_weight=0 6.73056 3.66457 3.066 2.05279
internal_count=56 50 26 24 12
is_linear=0
shrinkage=0.1


Tree=65
num_leaves=8
num_cat=0
split_feature=1 2 5 1 1 1 3
split_gain=0.0287949 0.0197872 0.0119438 0.040811 0.037072 0.00916602 0.00540198
threshold=0.41000000000000009 0.55000000000000016 0.35000000000000003 0.66500000000000015 0.57500000000000007 0.57500000000000007 0.33050000000000007
decision_type=2 2 2 2 2 2 2
left_child=-1 5 3 4 -3 -2 -7
right_child=1 2 -4 -5 -6 6 -8
leaf_value=0.011577780671258487 -0.016682336047545404 -0.058653296364471467 0.0064734351293507346 0.0064079622395862542 -0.00056106685051849638 -0.0095821415575449414 0.00075865517528676276
leaf_weight=1.711944058537483 1.0096513364696877 0.22643717750906966 2.2734329211525619 0.94449044018983841 0.21336099645122886 1.1509397863410415 0.90037980303168286
leaf_count=6 12 6 10 6 4 8 4
internal_value=0 -0.00295006 0.00201442 -0.00530867 -0.0304708 -0.00888239 -0.00504329
internal_weight=0 6.71869 3.65772 1.38429 0.439798 3.06097 2.05132
internal_count=56 50 26 16 10 24 12
is_linear=0
shrinkage=0.1


Tree=66
num_leaves=6
num_cat=0
split_feature=0 3 4 1 0
split_gain=0.0282063 0.0207472 0.0196844 0.00766391 1.10955e-05
threshold=0.64285000000000003 0.33050000000000007 0.58535000000000015 0.57500000000000007 0.91155000000000019
decision_type=2 2 2 2 2
left_child=-1 -2 3 -3 -5
right_child=1 2 -4 4 -6
leaf_value=0.01526849931880103 -0.012926784282474055 -0.0091346698080842677 0.0074568073598745947 0.00044949923324145801 -4.4516636937234907e-05
leaf_weight=1.0577062517404554 1.4472906449809668 1.7032894100411797 2.3810134995728731 0.8995789587497709 0.91917938366532326
leaf_count=6 14 14 12 4 6
internal_value=0 -0.00219712 0.00043354 -0.00431441 0.000199829
internal_weight=0 7.35035 5.90306 3.52205 1.81876
internal_count=56 50 36 24 10
is_linear=0
shrinkage=0.1


Tree=67
num_leaves=6
num_cat=0
split_feature=1 2 3 1 3
split_gain=0.028575 0.0205764 0.0133644 0.00947106 0.00502966
threshold=0.41000000000000009 0.55000000000000016 0.38810000000000006 0.57500000000000007 0.33050000000000007
decision_type=2 2 2 2 2
left_child=-1 3 -3 -2 -5
right_child=1 2 -4 4 -6
leaf_value=0.011515117407167557 -0.016940381769407979 -0.0071958536192335797 0.0060963330972172002 -0.0094759266981104227 0.00050560227015829012
leaf_weight=1.7146953046321867 1.0068797838757748 1.0764991589821877 2.5438975673168898 1.1507901134900751 0.89936087280511845
leaf_count=6 12 12 14 8 4
internal_value=0 -0.00295696 0.002144 -0.00899795 -0.00509723
internal_weight=0 6.67743 3.6204 3.05703 2.05015
internal_count=56 50 26 24 12
is_linear=0
shrinkage=0.1


Tree=68
num_leaves=6
num_cat=0
split_feature=1 2 3 4 3
split_gain=0.0263325 0.0196763 0.0130127 0.00856999 0.00427537
threshold=0.41000000000000009 0.55000000000000016 0.38810000000000006 0.47425000000000006 0.33050000000000007
decision_type=2 2 2 2 2
left_child=-1 3 -3 4 -2
right_child=1 2 -4 -5 -6
leaf_value=0.011051420231927515 -0.0091649218649385456 -0.0070800603455299571 0.0060518873569802021 -0.015266112994192185 0.0004866675781661973
leaf_weight=1.7148745208978651 0.93810230866074584 1.0735094128176572 2.5399437062442303 1.2159225243958642 0.89859306812286377
leaf_count=6 6 12 14 14 4
internal_value=0 -0.00284302 0.00215056 -0.00875404 -0.00444294
internal_weight=0 6.66607 3.61345 3.05262 1.8367
internal_count=56 50 26 24 10
is_linear=0
shrinkage=0.1


Tree=69
num_leaves=6
num_cat=0
split_feature=0 3 4 1 0
split_gain=0.0263124 0.018876 0.0175496 0.00668905 2.2849e-05
threshold=0.64285000000000003 0.33050000000000007 0.58535000000000015 0.57500000000000007 0.91155000000000019
decision_type=2 2 2 2 2
left_child=-1 -2 3 -3 -5
right_child=1 2 -4 4 -6
leaf_value=0.014792298265411858 -0.012393090167228917 -0.0086194737903137284 0.0070289895316803866 0.0004765053535261032 -0.00023365449420717423
leaf_weight=1.0514681264758108 1.4384591928683219 1.6960504699964079 2.3727791989222169 0.89785738661885239 0.91453679278492928
leaf_count=6 14 14 12 4 6
internal_value=0 -0.0021249 0.00038654 -0.00410578 0.000118158
internal_weight=0 7.31968 5.88122 3.50844 1.81239
internal_count=56 50 36 24 10
is_linear=0
shrinkage=0.1


Tree=70
num_leaves=7
num_cat=0
split_feature=1 2 1 1 4 3
split_gain=0.0282139 0.0181143 0.0120732 0.00920352 0.00730212 0.00448995
threshold=0.41000000000000009 0.55000000000000016 0.57500000000000007 0.57500000000000007 0.52860000000000007 0.33050000000000007
decision_type=2 2 2 2 2 2
left_child=-1 3 -3 -2 -4 -5
right_child=1 2 4 5 -6 -7
leaf_value=0.011469630460876262 -0.016463216488569563 0.0060658372833724099 0.00016840568636965675 -0.0089141938478956798 -0.015448674088065668 0.00052848487845088762
leaf_weight=1.7066882252693174 1.0031089085969145 2.3567193066701297 0.74523420259356477 1.147009030915797 0.50045784329995513 0.89764460176229466
leaf_count=6 12 12 4 8 10 4
internal_value=0 -0.00294355 0.00185697 -0.00861769 -0.00610577 -0.00476867
internal_weight=0 6.65017 3.60241 3.04776 1.24569 2.04465
internal_count=56 50 26 24 14 12
is_linear=0
shrinkage=0.1


Tree=71
num_leaves=6
num_cat=0
split_feature=0 3 4 1 0
split_gain=0.0244819 0.0180862 0.0151042 0.00733851 2.61769e-06
threshold=0.64285000000000003 0.33050000000000007 0.58535000000000015 0.57500000000000007 0.91155000000000019
decision_type=2 2 2 2 2
left_child=-1 -2 3 -3 -5
right_child=1 2 -4 4 -6
leaf_value=0.01429953214445619 -0.012105374163544081 -0.0084997207405539659 0.0065832024267664657 0.00054593443834646501 0.00078662808994883402
leaf_weight=1.047105900943279 1.4369561634957788 1.6896849765325899 2.3662792830727994 0.89700170978903748 0.91047738119959831
leaf_count=6 14 14 12 4 6
internal_value=0 -0.002051 0.000413026 -0.00376189 0.000667179
internal_weight=0 7.3004 5.86344 3.49716 1.80748
internal_count=56 50 36 24 10
is_linear=0
shrinkage=0.1


Tree=72
num_leaves=6
num_cat=0
split_feature=1 2 3 1 3
split_gain=0.0269155 0.0175673 0.0104273 0.00921204 0.00433669
threshold=0.41000000000000009 0.55000000000000016 0.38810000000000006 0.57500000000000007 0.33050000000000007
decision_type=2 2 2 2 2
left_child=-1 3 -3 -2 -5
right_child=1 2 -4 4 -6
leaf_value=0.011230986360274711 -0.016323997256482769 -0.0063976773948536464 0.0053733938436325577 -0.0086945815166579125 0.00059325945713421769
leaf_weight=1.6988911330699918 1.0012652041041294 1.0729052876122298 2.5204525031149387 1.1440326394513252 0.89680876210331906
leaf_count=6 12 12 14 8 4
internal_value=0 -0.00287549 0.00185879 -0.00846765 -0.00461322
internal_weight=0 6.63546 3.59336 3.04211 2.04084
internal_count=56 50 26 24 12
is_linear=0
shrinkage=0.1


Tree=73
num_leaves=6
num_cat=0
split_feature=1 2 3 1 3
split_gain=0.0247937 0.0168436 0.0103858 0.0082219 0.00428095
threshold=0.41000000000000009 0.55000000000000016 0.38810000000000006 0.57500000000000007 0.33050000000000007
decision_type=2 2 2 2 2
left_child=-1 3 -3 -2 -5
right_child=1 2 -4 4 -6
leaf_value=0.010776617039923631 -0.015678068688980539 -0.0063747859096075143 0.0053850310383566288 -0.0086585048775846586 0.00057232193631054341
leaf_weight=1.699143126606941 0.99843621993204612 1.0703569608740511 2.5170362694188952 1.1435363409109416 0.89611830934882153
leaf_count=6 12 12 14 8 4
internal_value=0 -0.00276372 0.0018763 -0.00824268 -0.00460296
internal_weight=0 6.62548 3.58739 3.03809 2.03965
internal_count=56 50 26 24 12
is_linear=0
shrinkage=0.1


Tree=74
num_leaves=6
num_cat=0
split_feature=0 3 4 1 0
split_gain=0.0236131 0.0171413 0.0136851 0.00648869 7.44738e-08
threshold=0.64285000000000003 0.33050000000000007 0.58535000000000015 0.57500000000000007 0.91155000000000019
decision_type=2 2 2 2 2
left_child=-1 -2 3 -3 -5
right_child=1 2 -4 4 -6
leaf_value=0.014088411845338197 -0.011826967747644641 -0.0080590392517931198 0.0062671752362173112 0.00055533129865910217 0.00059599647855982252
leaf_weight=1.0407797209918497 1.430513530038297 1.6835438682464885 2.3593114647082984 0.89545417204499222 0.90604111365973949
leaf_count=6 14 14 12 4 6
internal_value=0 -0.00201556 0.00038597 -0.0035955 0.000575783
internal_weight=0 7.27486 5.84435 3.48504 1.8015
internal_count=56 50 36 24 10
is_linear=0
shrinkage=0.1


Tree=75
num_leaves=6
num_cat=0
split_feature=1 2 3 1 3
split_gain=0.0261506 0.0155334 0.00884935 0.00828918 0.00406675
threshold=0.41000000000000009 0.55000000000000016 0.38810000000000006 0.57500000000000007 0.33050000000000007
decision_type=2 2 2 2 2
left_child=-1 3 -3 -2 -5
right_child=1 2 -4 4 -6
leaf_value=0.011093101525573051 -0.015575720040785453 -0.0059967555236305238 0.0048693891246753794 -0.0084041732193404686 0.00059908392264781203
leaf_weight=1.6920364201068876 0.99676196783548254 1.0686657768674197 2.5093396976590157 1.1412689429707827 0.89526457339525212
leaf_count=6 12 12 14 8 4
internal_value=0 -0.00283907 0.00162393 -0.00810352 -0.00444632
internal_weight=0 6.6113 3.57801 3.0333 2.03653
internal_count=56 50 26 24 12
is_linear=0
shrinkage=0.1


Tree=76
num_leaves=6
num_cat=0
split_feature=1 2 3 1 3
split_gain=0.0239949 0.0149804 0.00893604 0.00743673 0.00400916
threshold=0.41000000000000009 0.55000000000000016 0.38810000000000006 0.57500000000000007 0.33050000000000007
decision_type=2 2 2 2 2
left_child=-1 3 -3 -2 -5
right_child=1 2 -4 4 -6
leaf_value=0.010623276297058778 -0.014984547341172681 -0.0060035929546656307 0.0049256650748054319 -0.0083632175039911726 0.00057868863191514797
leaf_weight=1.6923815608024595 0.99424143828218836 1.0664283484220507 2.5062760766595602 1.1407984532415869 0.894617199897766
leaf_count=6 12 12 14 8 4
internal_value=0 -0.00272306 0.00166335 -0.00789571 -0.00443302
internal_weight=0 6.60236 3.5727 3.02966 2.03542
internal_count=56 50 26 24 12
is_linear=0
shrinkage=0.1


Tree=77
num_leaves=6
num_cat=0
split_feature=0 3 4 1 0
split_gain=0.0226734 0.0163815 0.0125894 0.00590191 1.48396e-07
threshold=0.64285000000000003 0.33050000000000007 0.58535000000000015 0.57500000000000007 0.91155000000000019
decision_type=2 2 2 2 2
left_child=-1 -2 3 -3 -5
right_child=1 2 -4 4 -6
leaf_value=0.013847481759823055 -0.011588096094488709 -0.007714739236530193 0.0060216712651862958 0.00056221499061404349 0.00050472153111611243
leaf_weight=1.0347761437296865 1.4246802791021762 1.6783230468863624 2.3532165517099202 0.893994480371475 0.90179105289280415
leaf_count=6 14 14 12 4 6
internal_value=0 -0.00197588 0.000374141 -0.00345126 0.000533343
internal_weight=0 7.25201 5.82733 3.47411 1.79579
internal_count=56 50 36 24 10
is_linear=0
shrinkage=0.1


Tree=78
num_leaves=8
num_cat=0
split_feature=1 2 5 1 1 1 3
split_gain=0.0251079 0.013891 0.00780207 0.0379681 0.0325839 0.00753222 0.00380757
threshold=0.41000000000000009 0.55000000000000016 0.35000000000000003 0.66500000000000015 0.57500000000000007 0.57500000000000007 0.33050000000000007
decision_type=2 2 2 2 2 2 2
left_child=-1 5 3 4 -3 -2 -7
right_child=1 2 -4 -5 -6 6 -8
leaf_value=0.010890495759976295 -0.014909218888985946 -0.058100543767666268 0.0050644284663850757 0.0064537645842093197 -0.0010869819482201115 -0.0081170513682738664 0.000602923012335819
leaf_weight=1.6857230961322782 0.99275893723825026 0.20578914042562269 2.2293039560317993 0.93362901918590069 0.19544253032654524 1.1386726610362532 0.89381125941872586
leaf_count=6 12 6 10 6 4 8 4
internal_value=0 -0.00278604 0.001444 -0.00460234 -0.0303289 -0.00776963 -0.00428233
internal_weight=0 6.58941 3.56416 1.33486 0.401232 3.02524 2.03248
internal_count=56 50 26 16 10 24 12
is_linear=0
shrinkage=0.1


Tree=79
num_leaves=7
num_cat=0
split_feature=1 2 1 4 1 3
split_gain=0.0210133 0.0157368 0.0120741 0.00838597 0.00698909 0.00375249
threshold=0.41000000000000009 0.55000000000000016 0.57500000000000007 0.52860000000000007 0.57500000000000007 0.33050000000000007
decision_type=2 2 2 2 2 2
left_child=-1 4 -3 -4 -2 -6
right_child=1 2 3 -5 5 -7
leaf_value=0.0099423749120388007 -0.014750097461631662 0.0061894123128018886 0.00054381146407774309 -0.016446617551847034 -0.0083049536281217372 0.00034989481031139964
leaf_weight=1.6906514912843702 0.98984737502178211 2.3249599803239112 0.74362844415009 0.47673683008179069 1.140888362657279 0.8931196555495261
leaf_count=6 12 12 4 10 8 4
internal_value=0 -0.00255877 0.00196141 -0.00609352 -0.00785847 -0.00450467
internal_weight=0 6.56918 3.54533 1.22037 3.02386 2.03401
internal_count=56 50 26 14 24 12
is_linear=0
shrinkage=0.1


Tree=80
num_leaves=6
num_cat=0
split_feature=0 3 4 1 5
split_gain=0.0211878 0.0166633 0.0125386 0.00699156 6.86474e-05
threshold=0.64285000000000003 0.33050000000000007 0.58535000000000015 0.57500000000000007 0.35000000000000003
decision_type=2 2 2 2 2
left_child=-1 -2 3 -3 -5
right_child=1 2 -4 4 -6
leaf_value=0.013425980223968834 -0.011627738442727215 -0.0079875859054775334 0.006125295077761145 0.0016145408221907159 0.00037577695309492208
leaf_weight=1.0288687050342558 1.418672648258507 1.6788849689182828 2.3360922839492559 0.8968202546238897 0.89258753135800362
leaf_count=6 14 14 12 6 4
internal_value=0 -0.00191243 0.000462131 -0.00335233 0.000996624
internal_weight=0 7.22306 5.80439 3.46829 1.78941
internal_count=56 50 36 24 10
is_linear=0
shrinkage=0.1


Tree=81
num_leaves=6
num_cat=0
split_feature=1 2 3 1 3
split_gain=0.0204469 0.0153326 0.0100053 0.0070909 0.00366853
threshold=0.41000000000000009 0.55000000000000016 0.38810000000000006 0.57500000000000007 0.33050000000000007
decision_type=2 2 2 2 2
left_child=-1 3 -3 -2 -5
right_child=1 2 -4 4 -6
leaf_value=0.009826690834332177 -0.014704463202278249 -0.0061850142556809217 0.0054240743482890192 -0.0081410881794413519 0.0004225947398405548
leaf_weight=1.6845796108245847 0.98862742475466836 1.0602806839160623 2.4761585872620344 1.1382672749459746 0.89241978153586377
leaf_count=6 12 12 14 8 4
internal_value=0 -0.00252508 0.00194349 -0.00775899 -0.00437763
internal_weight=0 6.55575 3.53644 3.01931 2.03069
internal_count=56 50 26 24 12
is_linear=0
shrinkage=0.1


Tree=82
num_leaves=6
num_cat=0
split_feature=0 3 4 1 5
split_gain=0.0198287 0.0159948 0.0108098 0.00585651 4.44022e-05
threshold=0.64285000000000003 0.33050000000000007 0.58535000000000015 0.57500000000000007 0.35000000000000003
decision_type=2 2 2 2 2
left_child=-1 -2 3 -3 -5
right_child=1 2 -4 4 -6
leaf_value=0.013010350020089359 -0.011383403294343678 -0.0073187984740354763 0.0057418395432432979 0.001409779120689395 0.00041297527527828118
leaf_weight=1.0255022216588257 1.4147866000421343 1.6737756432848985 2.3306052945554256 0.89566964656114556 0.8918362483382225
leaf_count=6 14 14 12 6 4
internal_value=0 -0.00185136 0.000477036 -0.00306795 0.000912446
internal_weight=0 7.20667 5.79189 3.46128 1.78751
internal_count=56 50 36 24 10
is_linear=0
shrinkage=0.1


Tree=83
num_leaves=6
num_cat=0
split_feature=1 2 3 1 3
split_gain=0.0216399 0.0141748 0.00864004 0.00714078 0.00350678
threshold=0.41000000000000009 0.55000000000000016 0.38810000000000006 0.57500000000000007 0.33050000000000007
decision_type=2 2 2 2 2
left_child=-1 3 -3 -2 -5
right_child=1 2 -4 4 -6
leaf_value=0.010129526709652038 -0.014608180837020241 -0.0058522703242350517 0.0049447845715471575 -0.0079213310533343458 0.00045655056808528249
leaf_weight=1.6784669607877729 0.9871851013740528 1.0589871527627113 2.4693818436935544 1.1363308732397857 0.89166880771517742
leaf_count=6 12 12 14 8 4
internal_value=0 -0.00259829 0.00170421 -0.00763308 -0.00423775
internal_weight=0 6.54355 3.52837 3.01518 2.028
internal_count=56 50 26 24 12
is_linear=0
shrinkage=0.1


Tree=84
num_leaves=6
num_cat=0
split_feature=1 2 3 1 3
split_gain=0.0201622 0.0136821 0.00841499 0.00647883 0.00346778
threshold=0.41000000000000009 0.55000000000000016 0.38810000000000006 0.57500000000000007 0.33050000000000007
decision_type=2 2 2 2 2
left_child=-1 3 -3 -2 -5
right_child=1 2 -4 4 -6
leaf_value=0.0097756381406852114 -0.014111805104395686 -0.0057468226630756616 0.0049183962886973197 -0.007889507612347189 0.00044375665030466397
leaf_weight=1.6786660552024839 0.98516583448508788 1.0567362708970907 2.4666537251323462 1.1359493606723847 0.89109833166003216
leaf_count=6 12 12 14 8 4
internal_value=0 -0.00251086 0.00171968 -0.00745934 -0.00422617
internal_weight=0 6.5356 3.52339 3.01221 2.02705
internal_count=56 50 26 24 12
is_linear=0
shrinkage=0.1


Tree=85
num_leaves=6
num_cat=0
split_feature=0 3 4 1 5
split_gain=0.0191607 0.0154276 0.0099455 0.00533268 3.32728e-05
threshold=0.64285000000000003 0.33050000000000007 0.58535000000000015 0.57500000000000007 0.35000000000000003
decision_type=2 2 2 2 2
left_child=-1 -2 3 -3 -5
right_child=1 2 -4 4 -6
leaf_value=0.012822413404647801 -0.011199028592735125 -0.0069994844857705742 0.0055239785511000958 0.0012976168801562009 0.00043357456921506082
leaf_weight=1.0204836744815109 1.4099554591812191 1.668954670079984 2.3249661927111447 0.89215551503002621 0.89054911211133003
leaf_count=6 14 14 12 6 4
internal_value=0 -0.00182077 0.000468273 -0.00293715 0.000865985
internal_weight=0 7.18658 5.77663 3.45166 1.7827
internal_count=56 50 36 24 10
is_linear=0
shrinkage=0.1


Tree=86
num_leaves=7
num_cat=0
split_feature=1 2 1 4 1 3
split_gain=0.0211313 0.0127148 0.00745968 0.00756448 0.00655135 0.0033112
threshold=0.41000000000000009 0.55000000000000016 0.57500000000000007 0.52860000000000007 0.57500000000000007 0.33050000000000007
decision_type=2 2 2 2 2 2
left_child=-1 4 -3 -4 -2 -6
right_child=1 2 3 -5 5 -7
leaf_value=0.010026664142264882 -0.014037494996078924 0.0048447179375548212 0.0013935359118834902 -0.014876613199730757 -0.0076736349803039955 0.00047403245940900264
leaf_weight=1.6729459613561628 0.98387490102322805 2.3080682158470158 0.74415140226483323 0.46389298047870398 1.134122484829277 0.89038538187742222
leaf_count=6 12 12 4 10 8 4
internal_value=0 -0.00257095 0.0015124 -0.00485425 -0.00734345 -0.00409026
internal_weight=0 6.5245 3.51611 1.20804 3.00838 2.02451
internal_count=56 50 26 14 24 12
is_linear=0
shrinkage=0.1


Tree=87
num_leaves=6
num_cat=0
split_feature=1 2 3 4 3
split_gain=0.0180392 0.0130094 0.00785669 0.00616483 0.0028257
threshold=0.41000000000000009 0.55000000000000016 0.38810000000000006 0.47425000000000006 0.33050000000000007
decision_type=2 2 2 2 2
left_child=-1 3 -3 4 -2
right_child=1 2 -4 -5 -6
leaf_value=0.0092617219300691941 -0.0074108654575436419 -0.0054525697939988337 0.0048574329668368875 -0.012791385182035694 0.00048653874259606917
leaf_weight=1.6733972281217573 0.92293221782892965 1.057374161668122 2.455801852978766 1.1926222314941695 0.88991514965891838
leaf_count=6 6 12 14 14 4
internal_value=0 -0.00237757 0.00175439 -0.00720754 -0.00353408
internal_weight=0 6.51865 3.51318 3.00547 1.81285
internal_count=56 50 26 24 10
is_linear=0
shrinkage=0.1


Tree=88
num_leaves=6
num_cat=0
split_feature=0 3 2 1 1
split_gain=0.0181083 0.015047 0.00948738 0.0130169 0.00667756
threshold=0.64285000000000003 0.33050000000000007 0.55000000000000016 0.59500000000000008 0.46000000000000002
decision_type=2 2 2 2 2
left_child=-1 -2 4 -4 -3
right_child=1 2 3 -5 -6
leaf_value=0.012494804578608149 -0.011036376125026335 5.132512216888351e-06 0.008166355562284764 -0.0057764873074328911 -0.010536813215232716
leaf_weight=1.0159421171993015 1.4083221801556645 1.5451298803091051 2.2862716657109563 0.94690141826868046 0.9832118802005424
leaf_count=6 14 4 12 8 12
internal_value=0 -0.00177048 0.000494445 0.00408291 -0.00409438
internal_weight=0 7.16984 5.76151 3.23317 2.52834
internal_count=56 50 36 20 16
is_linear=0
shrinkage=0.1


Tree=89
num_leaves=6
num_cat=0
split_feature=1 2 3 1 3
split_gain=0.0173014 0.0122955 0.00715689 0.0064599 0.00328486
threshold=0.41000000000000009 0.55000000000000016 0.38810000000000006 0.57500000000000007 0.33050000000000007
decision_type=2 2 2 2 2
left_child=-1 3 -3 -2 -5
right_child=1 2 -4 4 -6
leaf_value=0.0090831194469820926 -0.013681849547061526 -0.0051889744598518708 0.0046598152549694911 -0.0073678136125245935 0.00075521925391209557
leaf_weight=1.6689924299716947 0.98161304806126315 1.0559093244373801 2.4493769081309438 1.1313190921209755 0.88905002549290646
leaf_count=6 12 12 14 8 4
internal_value=0 -0.00232965 0.00169303 -0.00702676 -0.00379333
internal_weight=0 6.50727 3.50529 3.00198 2.02037
internal_count=56 50 26 24 12
is_linear=0
shrinkage=0.1


Tree=90
num_leaves=6
num_cat=0
split_feature=0 3 2 1 1
split_gain=0.0170343 0.014848 0.00893113 0.01089 0.00604766
threshold=0.64285000000000003 0.33050000000000007 0.55000000000000016 0.59500000000000008 0.46000000000000002
decision_type=2 2 2 2 2
left_child=-1 -2 4 -4 -3
right_child=1 2 3 -5 -6
leaf_value=0.012133253897330779 -0.010932641289575697 -1.961724916956943e-05 0.0077541252820187622 -0.0050157222967406523 -0.010061451523435594
leaf_weight=1.0135481785982845 1.4053946132771669 1.5431169122457506 2.282938511576504 0.94393584318459023 0.98100994550622989
leaf_count=6 14 4 12 8 12
internal_value=0 -0.00171842 0.000533301 0.00401865 -0.00392241
internal_weight=0 7.1564 5.751 3.22687 2.52413
internal_count=56 50 36 20 16
is_linear=0
shrinkage=0.1


Tree=91
num_leaves=6
num_cat=0
split_feature=1 2 1 3 3
split_gain=0.0166127 0.0116339 0.00653127 0.00648173 0.00335682
threshold=0.41000000000000009 0.55000000000000016 0.57500000000000007 0.38810000000000006 0.33050000000000007
decision_type=2 2 2 2 2
left_child=-1 2 -2 -3 -4
right_child=1 3 4 -5 -6
leaf_value=0.0089143657563233846 -0.013550704479447506 -0.0049176299019889182 -0.0072176516989228461 0.0044612351294048141 0.00099832256047534935
leaf_weight=1.664266377687454 0.98033497389405999 1.0548972929827871 1.1298585338518026 2.4441938875243068 0.88823449984192837
leaf_count=6 12 12 8 14 4
internal_value=0 -0.00228331 -0.0068544 0.00163372 -0.00360151
internal_weight=0 6.49752 2.99843 3.49909 2.01809
internal_count=56 50 24 26 12
is_linear=0
shrinkage=0.1


Tree=92
num_leaves=6
num_cat=0
split_feature=0 3 2 1 1
split_gain=0.0160418 0.0147091 0.00842691 0.00887355 0.00547643
threshold=0.64285000000000003 0.33050000000000007 0.55000000000000016 0.59500000000000008 0.46000000000000002
decision_type=2 2 2 2 2
left_child=-1 -2 4 -4 -3
right_child=1 2 3 -5 -6
leaf_value=0.011788280478614202 -0.010848804278645117 -4.1779452828926016e-05 0.0073342745405421232 -0.0042040860790592081 -0.0096064999032292337
leaf_weight=1.0112541206181047 1.4026719336397944 1.5406747013330462 2.2803794234059755 0.94177865423262108 0.97901306417770673
leaf_count=6 14 4 12 8 12
internal_value=0 -0.00166855 0.000574093 0.00396182 -0.00375811
internal_weight=0 7.14452 5.74185 3.22216 2.51969
internal_count=56 50 36 20 16
is_linear=0
shrinkage=0.1


Tree=93
num_leaves=7
num_cat=0
split_feature=1 2 1 4 4 3
split_gain=0.0159612 0.0110082 0.00659043 0.00657368 0.00485371 0.00341305
threshold=0.41000000000000009 0.55000000000000016 0.57500000000000007 0.59235000000000004 0.52860000000000007 0.33050000000000007
decision_type=2 2 2 2 2 2
left_child=-1 2 -2 4 -3 -4
right_child=1 3 5 -5 -6 -7
leaf_value=0.0087543294705226832 -0.013416963738808364 0.0023049487174329536 -0.0070661088232872836 -0.0016448049256830852 0.015061755378918766 0.0012226853169169263
leaf_weight=1.658744230866432 0.97917894116835702 0.7444220092147591 1.1284247590228917 2.2533427164889872 0.49763741251081228 0.88747461885213841
leaf_count=6 12 4 8 12 10 4
internal_value=0 -0.00223731 -0.00668633 0.00157488 0.00741603 -0.00341707
internal_weight=0 6.49048 2.99508 3.4954 1.24206 2.0159
internal_count=56 50 24 26 14 12
is_linear=0
shrinkage=0.1


Tree=94
num_leaves=6
num_cat=0
split_feature=0 3 2 1 1
split_gain=0.0152533 0.0154562 0.00776604 0.00756951 0.00436114
threshold=0.64285000000000003 0.33050000000000007 0.55000000000000016 0.59500000000000008 0.46000000000000002
decision_type=2 2 2 2 2
left_child=-1 -2 4 -4 -3
right_child=1 2 3 -5 -6
leaf_value=0.011510584711513054 -0.011054096175215848 -0.00017285588444732953 0.0070442743504033917 -0.0036186540456792666 -0.0087141738643769437
leaf_weight=1.0086196586489675 1.3984158316161481 1.539245739579201 2.2765049678273503 0.94092526473104943 0.97736931539839123
leaf_count=6 14 4 12 8 12
internal_value=0 -0.00162774 0.000671151 0.00392594 -0.00349002
internal_weight=0 7.13246 5.73405 3.21743 2.51662
internal_count=56 50 36 20 16
is_linear=0
shrinkage=0.1


Tree=95
num_leaves=6
num_cat=0
split_feature=1 5 1 1 2
split_gain=0.0148848 0.0128168 0.0260545 0.0123975 0.00949894
threshold=0.41000000000000009 0.35000000000000003 0.57500000000000007 0.57500000000000007 0.55000000000000016
decision_type=2 2 2 2 2
left_child=-1 2 -2 -3 -4
right_child=1 3 4 -5 -6
leaf_value=0.0084728484451570968 -0.018838889355452127 0.0066891104966639416 -0.0066294129890715108 -0.0068825214558823448 0.0064364512231720548
leaf_weight=1.6523504331707952 1.127606828871649 2.1510480358265345 1.1274696395266801 0.97961773350834835 1.0985647244378924
leaf_count=6 16 8 8 8 10
internal_value=0 -0.00215908 -0.00645462 0.00244241 -0.000181311
internal_weight=0 6.48431 3.35364 3.13067 2.22603
internal_count=56 50 34 16 18
is_linear=0
shrinkage=0.1


Tree=96
num_leaves=6
num_cat=0
split_feature=0 3 2 1 1
split_gain=0.0146014 0.0143418 0.00799271 0.00692744 0.0043953
threshold=0.64285000000000003 0.33050000000000007 0.55000000000000016 0.59500000000000008 0.46000000000000002
decision_type=2 2 2 2 2
left_child=-1 -2 4 -4 -3
right_child=1 2 3 -5 -6
leaf_value=0.011276572072407199 -0.01069371815103852 -0.000273937927673957 0.0069127390001895786 -0.0033043758681857772 -0.0088561722037851578
leaf_weight=1.0060254186391828 1.3930205395445225 1.5388119220733645 2.2717264471575622 0.93746776785701502 0.97474571329075832
leaf_count=6 14 4 12 8 12
internal_value=0 -0.00159428 0.000620689 0.00392812 -0.00360209
internal_weight=0 7.11577 5.72275 3.20919 2.51356
internal_count=56 50 36 20 16
is_linear=0
shrinkage=0.1


Tree=97
num_leaves=6
num_cat=0
split_feature=1 5 1 1 2
split_gain=0.0141111 0.0115005 0.023297 0.0106545 0.00858157
threshold=0.41000000000000009 0.35000000000000003 0.57500000000000007 0.57500000000000007 0.55000000000000016
decision_type=2 2 2 2 2
left_child=-1 2 -2 -3 -4
right_child=1 3 4 -5 -6
leaf_value=0.0082518190577642644 -0.017933722206907428 0.0061977138600146121 -0.0063813393055091698 -0.0064084269793765261 0.0060430942789831514
leaf_weight=1.6508737653493879 1.1211923544760796 2.1460277803707872 1.1274407999590039 0.97508003609254945 1.0966715668328106
leaf_count=6 16 8 8 8 10
internal_value=0 -0.00210669 -0.00618014 0.00225937 -0.000255065
internal_weight=0 6.46641 3.3453 3.12111 2.22411
internal_count=56 50 34 16 18
is_linear=0
shrinkage=0.1


Tree=98
num_leaves=6
num_cat=0
split_feature=0 3 2 1 1
split_gain=0.0139436 0.0137445 0.00803705 0.00635549 0.00423843
threshold=0.64285000000000003 0.33050000000000007 0.55000000000000016 0.59500000000000008 0.46000000000000002
decision_type=2 2 2 2 2
left_child=-1 -2 4 -4 -3
right_child=1 2 3 -5 -6
leaf_value=0.011033304376043692 -0.010482437388303414 -0.00035736440717844725 0.006792896210553419 -0.0030080335163321431 -0.008789657378998313
leaf_weight=1.0035875681787727 1.3886420330964027 1.5383499562740328 2.266756956931204 0.93434992246329773 0.97319506341591466
leaf_count=6 14 4 12 8 12
internal_value=0 -0.00155927 0.000609784 0.00393217 -0.00362478
internal_weight=0 7.10129 5.71265 3.20111 2.51155
internal_count=56 50 36 20 16
is_linear=0
shrinkage=0.1


Tree=99
num_leaves=6
num_cat=0
split_feature=1 3 2 1 4
split_gain=0.0134203 0.0107561 0.0115251 0.00444017 0.00322795
threshold=0.41000000000000009 0.33050000000000007 0.55000000000000016 0.59500000000000008 0.5445000000000001
decision_type=2 2 2 2 2
left_child=-1 4 -3 -4 -2
right_child=1 2 3 -5 -6
leaf_value=0.0080501063873895592 -0.0037140434281005791 -0.0085786376001552103 0.0062415469045871063 -0.0019427524927457627 -0.011252463538967297
leaf_weight=1.6492596417665479 1.1041263442020866 0.97277130078873586 2.2675274135544901 0.93672071862965811 1.1698697097599504
leaf_count=6 10 12 12 8 8
internal_value=0 -0.00205808 0.00095475 0.00384897 -0.00759222
internal_weight=0 6.45102 4.17702 3.20425 2.274
internal_count=56 50 32 20 18
is_linear=0
shrinkage=0.1


end of trees

feature_importances:
syntactic=189
phonological=167
inventory=80
genetic=63
featural=59
geographical=27

parameters:
[boosting: gbdt]
[objective: lambdarank]
[metric: ndcg]
[tree_learner: serial]
[device_type: cpu]
[data: ]
[valid: ]
[num_iterations: 100]
[learning_rate: 0.1]
[num_leaves: 16]
[num_threads: 6]
[deterministic: 0]
[force_col_wise: 0]
[force_row_wise: 0]
[histogram_pool_size: -1]
[max_depth: -1]
[min_data_in_leaf: 5]
[min_sum_hessian_in_leaf: 0.001]
[bagging_fraction: 1]
[pos_bagging_fraction: 1]
[neg_bagging_fraction: 1]
[bagging_freq: 0]
[bagging_seed: 3]
[feature_fraction: 1]
[feature_fraction_bynode: 1]
[feature_fraction_seed: 2]
[extra_trees: 0]
[extra_seed: 6]
[early_stopping_round: 0]
[first_metric_only: 0]
[max_delta_step: 0]
[lambda_l1: 0]
[lambda_l2: 0]
[linear_lambda: 0]
[min_gain_to_split: 0]
[drop_rate: 0.1]
[max_drop: 50]
[skip_drop: 0.5]
[xgboost_dart_mode: 0]
[uniform_drop: 0]
[drop_seed: 4]
[top_rate: 0.2]
[other_rate: 0.1]
[min_data_per_group: 100]
[max_cat_threshold: 32]
[cat_l2: 10]
[cat_smooth: 10]
[max_cat_to_onehot: 4]
[top_k: 20]
[monotone_constraints: ]
[monotone_constraints_method: basic]
[monotone_penalty: 0]
[feature_contri: ]
[forcedsplits_filename: ]
[refit_decay_rate: 0.9]
[cegb_tradeoff: 1]
[cegb_penalty_split: 0]
[cegb_penalty_feature_lazy: ]
[cegb_penalty_feature_coupled: ]
[path_smooth: 0]
[interaction_constraints: ]
[verbosity: 1]
[saved_feature_importance_type: 0]
[linear_tree: 0]
[max_bin: 255]
[max_bin_by_feature: ]
[min_data_in_bin: 3]
[bin_construct_sample_cnt: 200000]
[data_random_seed: 1]
[is_enable_sparse: 1]
[enable_bundle: 1]
[use_missing: 1]
[zero_as_missing: 0]
[feature_pre_filter: 1]
[pre_partition: 0]
[two_round: 0]
[header: 0]
[label_column: ]
[weight_column: ]
[group_column: ]
[ignore_column: ]
[categorical_feature: ]
[forcedbins_filename: ]
[precise_float_parser: 0]
[parser_config_file: ]
[objective_seed: 5]
[num_class: 1]
[is_unbalance: 0]
[scale_pos_weight: 1]
[sigmoid: 1]
[boost_from_average: 1]
[reg_sqrt: 0]
[alpha: 0.9]
[fair_c: 1]
[poisson_max_delta_step: 0.7]
[tweedie_variance_power: 1.5]
[lambdarank_truncation_level: 30]
[lambdarank_norm: 1]
[label_gain: ]
[eval_at: 1,2,3,4,5]
[multi_error_top_k: 1]
[auc_mu_weights: ]
[num_machines: 1]
[local_listen_port: 12400]
[time_out: 120]
[machine_list_filename: ]
[machines: ]
[gpu_platform_id: -1]
[gpu_device_id: -1]
[gpu_use_dp: 0]
[num_gpu: 1]

end of parameters

pandas_categorical:null
