tree
version=v4
num_class=1
num_tree_per_iteration=1
label_index=0
max_feature_idx=3
objective=lambdarank
feature_names=distance_pron distance_verb emotion_dist ltq_score
feature_infos=[0.096342185465165389:10.379669042919643] [0.2608902719728895:3.8330290832151661] [0:0.96611509153318287] [-1.8206916591464202:2.7045338562232453]
tree_sizes=1046 1139 1158 1261 1156 1165 1057 1053 1273 958 1064 1070 1071 857 1072 1073 967 1070 969 966 1069 1275 1069 1065 764 975 1072 977 1079 976 866 1193 986 872 988 869 869 984 988 978 773 773 772 877 980 667 666 667 668 666 660 882 665 880 876 982 669 669 661 668 669 671 559 561 664 668 562 562 669 561 985 875 671 1085 669 668 672 669 672 1091 878 884 881 987 883 889 994 559 563 561 563 561 564 564 566 562 564 565 564 569

Tree=0
num_leaves=9
num_cat=0
split_feature=2 2 3 3 3 3 2 1
split_gain=1.85133 0.644467 1.37214 1.1595 2.16786 0.4038 0.281036 0.03669
threshold=0.80654698794473079 0.70864951048492697 0.4001754518842196 -0.45914525472514661 0.52628410629153244 1.173164018408813 0.84048886944482859 0.8511483569439523
decision_type=2 2 2 2 2 2 2 2
left_child=1 2 -1 -3 -5 -6 -2 -8
right_child=6 3 -4 4 5 -7 7 -9
leaf_value=0.19999999999999962 -0.1542693496288533 0.11971819408529327 -0.024006540717777997 -0.18964653249476768 -0.030919329026053544 0.094399580977040515 -0.076652924246404464 -0.027522822919003181
leaf_weight=0.61641608923673652 0.58875097334384896 0.66810952126979861 0.49147419072687626 0.59459497034549702 0.41116853803396203 0.68626311421394348 0.43755325675010681 0.23291716352105141
leaf_count=4 6 4 8 9 3 9 9 4
internal_value=0 0.0377092 0.100628 0.00817406 -0.03587 0.0474471 -0.103855 -0.0595854
internal_weight=0 3.46803 1.10789 2.36014 1.69203 1.09743 1.25922 0.67047
internal_count=56 37 12 25 21 12 19 13
is_linear=0
shrinkage=0.1


Tree=1
num_leaves=10
num_cat=0
split_feature=2 2 1 3 3 2 3 0 1
split_gain=5.69147 2.4958 2.89769 1.115 2.38939 6.44288 1.54351 0.328221 0.471774
threshold=0.64953630770264659 0.80654698794473079 0.81914536243344072 1.8287877027032746 0.4001754518842196 0.78078371408833858 1.173164018408813 0.12534089820613745 0.81914536243344072
decision_type=2 2 2 2 2 2 2 2 2
left_child=-1 2 -2 4 5 -4 -6 -3 -9
right_child=1 7 3 -5 6 -7 -8 8 -10
leaf_value=0.11254725828317286 0.089510487135448097 -0.17748290260189528 0.17511292324098932 0.02152608571063027 -0.17008211168108878 -0.12727917103173395 -0.038821958058331864 -0.045903674617623229 -0.13425353381600094
leaf_weight=3.6023470610380199 2.4613634571433058 0.56925868988037054 1.317620322108267 2.6718136668205261 1.935957118868828 1.5144372805953026 1.6675079166889188 1.1309126615524294 1.298196595162153
leaf_count=6 5 3 3 4 7 8 4 7 9
internal_value=0 -0.0278322 -0.00675962 -0.0327777 -0.0553229 0.0134093 -0.109341 -0.109137 -0.0931208
internal_weight=0 14.5671 11.5687 9.10734 6.43552 2.83206 3.60347 2.99837 2.42911
internal_count=56 50 31 26 22 11 11 19 16
is_linear=0
shrinkage=0.1


Tree=2
num_leaves=10
num_cat=0
split_feature=2 2 1 1 2 3 1 0 2
split_gain=3.10254 1.49601 1.06547 1.98081 0.477778 0.312418 0.224111 0.106145 0.0424269
threshold=1.0000000180025095e-35 0.80654698794473079 0.72324223077275229 1.1045335199381789 0.68430510097126651 0.29220511433007668 1.3012907136916085 1.6286102616870635 0.8674755962422368
decision_type=2 2 2 2 2 2 2 2 2
left_child=-1 2 -2 -4 -5 8 -6 -8 -3
right_child=1 5 3 4 6 -7 7 -9 -10
leaf_value=0.16443153300682489 0.063716971253670873 -0.1341480406556442 -0.11689621115170259 0.043985951404664263 -0.042826615808093139 -0.032756048688563119 0.023599783369126277 -0.0096459440032409353 -0.099771148996157466
leaf_weight=1.065408647060395 2.2100336849689475 0.71275902166962557 1.5475459769368152 2.4038983881473541 1.4712579697370527 0.63844040781259526 1.5230173096060751 2.5994078814983368 0.7233656719326973
leaf_count=2 5 8 10 3 5 5 6 6 6
internal_value=0 -0.0126674 0.00114948 -0.0133371 0.00670176 -0.0909584 -0.0093212 0.00263659 -0.116833
internal_weight=0 13.8297 11.7552 9.54513 7.99758 2.07457 5.59368 4.12243 1.43612
internal_count=56 54 35 30 20 19 17 12 14
is_linear=0
shrinkage=0.1


Tree=3
num_leaves=11
num_cat=0
split_feature=2 3 3 3 2 1 2 0 1 1
split_gain=1.09678 1.19469 3.01118 2.23595 0.794166 1.05887 0.276451 0.205545 0.154494 0.0880318
threshold=0.80654698794473079 0.4001754518842196 -1.0000000180025095e-35 -0.45914525472514661 0.73086968489371895 1.2000093790896842 0.8674755962422368 8.0066500842743693 0.72324223077275229 0.72324223077275229
decision_type=2 2 2 2 2 2 2 2 2 2
left_child=1 2 3 -1 5 8 -2 -6 -3 -8
right_child=6 4 -4 -5 7 -7 9 -9 -10 -11
leaf_value=0.064456070433385582 -0.12701067943125283 -0.054467554150291086 0.15985002726400532 -0.16144423745673284 0.042021382038424301 0.01513216680538444 -0.072128626887983702 -0.00081525890210667215 -0.10604551729216541 -0.01715571900444934
leaf_weight=1.0732822418212888 0.62200033664703447 1.0085403919219955 1.6191564500331868 0.74042890593409572 2.2519870772957802 1.9583510160446165 0.57846727222204186 2.2287397384643555 1.3691112250089643 0.58679689466953278
leaf_count=4 9 2 4 7 7 2 5 3 8 5
internal_value=0 0.0106772 0.0607258 -0.0277654 -0.00880963 -0.0393189 -0.0731798 0.0207142 -0.0841674 -0.0444457
internal_weight=0 12.2496 3.43287 1.81371 8.81673 4.336 1.78726 4.48073 2.37765 1.16526
internal_count=56 37 15 11 22 12 19 10 10 10
is_linear=0
shrinkage=0.1


Tree=4
num_leaves=10
num_cat=0
split_feature=2 1 3 2 3 0 2 0 0
split_gain=0.93861 0.769598 1.58826 1.73125 0.366281 0.267525 0.313352 0.182134 0.00697051
threshold=0.80654698794473079 1.1506103687540346 0.4001754518842196 0.73086968489371895 1.8287877027032746 1.0633385674757456 0.89305184879756738 1.2643683466938413 0.34334354381867666
decision_type=2 2 2 2 2 2 2 2 2
left_child=1 2 -1 -4 7 6 8 -3 -2
right_child=5 4 3 -5 -6 -7 -8 -9 -10
leaf_value=0.11345113000901204 -0.10113417187664486 -0.0039348542703010357 -0.072255472051179798 0.084471644614150618 0.0032367782533933203 -0.15032625999099225 0.011731516259615975 -0.067981856279901762 -0.081327683895797462
leaf_weight=1.8400234021246413 0.40515737235546179 0.657065570354462 1.6540081463754179 1.228154808282852 4.9644476473331451 0.34797941520810116 0.48125873133540154 1.369349058717489 0.31647854298353195
leaf_count=9 5 5 8 3 6 5 4 6 5
internal_value=0 0.00967966 0.0408679 -0.0054705 -0.0113874 -0.073106 -0.0507674 -0.0472146 -0.0924479
internal_weight=0 11.713 4.72219 2.88216 6.99086 1.55087 1.20289 2.02641 0.721636
internal_count=56 37 20 11 17 19 14 11 10
is_linear=0
shrinkage=0.1


Tree=5
num_leaves=10
num_cat=0
split_feature=0 2 3 2 0 1 0 2 0
split_gain=0.406284 0.454715 0.814842 0.156262 0.140007 0.194782 0.152676 0.100412 0.0416055
threshold=1.2643683466938413 0.80654698794473079 0.4001754518842196 0.89305184879756738 8.0066500842743693 0.81914536243344072 1.4749631837381163 0.8674755962422368 2.9127797651151703
decision_type=2 2 2 2 2 2 2 2 2
left_child=1 2 -1 7 5 -2 -7 -3 -8
right_child=4 3 -4 -5 -6 6 8 -9 -10
leaf_value=0.090861431596754305 0.002847274509266882 -0.10241481889353853 0.0029517771101933549 0.0027132003611130455 0.0029187276355965427 -0.0082668172965198357 -0.071516856533253154 -0.024955120768238047 -0.042647057202723104
leaf_weight=1.6182607188820837 1.4055728688836095 0.36374277248978593 3.0259842164814472 0.62270655483007431 2.2844340540468693 0.89882557094097171 1.0563808716833594 0.30996058136224747 0.94640740752220143
leaf_count=9 5 7 9 5 3 3 6 3 6
internal_value=0 0.0189661 0.0335834 -0.0333986 -0.0170931 -0.0277069 -0.0425077 -0.0667768 -0.0578746
internal_weight=0 5.94065 4.64424 1.29641 6.59162 4.30719 2.90161 0.673703 2.00279
internal_count=56 33 18 15 23 20 15 10 12
is_linear=0
shrinkage=0.1


Tree=6
num_leaves=9
num_cat=0
split_feature=0 2 3 1 1 2 2 3
split_gain=1.14844 0.590666 0.918496 0.805768 0.744821 0.510309 0.0634907 0.0136445
threshold=0.45283471981237422 0.78078371408833858 0.52628410629153244 1.2000093790896842 0.96241769986595072 0.8674755962422368 0.82600616187544151 -0.45914525472514661
decision_type=2 2 2 2 2 2 2 2
left_child=6 2 4 -4 -2 7 -1 -3
right_child=1 5 3 -5 -6 -7 -8 -9
leaf_value=0.096832332207261257 -0.024565898926851831 -0.11688267562484772 -0.059449862341883077 0.0065021935060295966 0.12312659120238174 -0.0067865096593381887 0.05834463229318565 -0.14682146426270246
leaf_weight=0.77388462424278326 0.53933505713939556 0.2341498639434576 2.8780845627188665 5.1984877847135067 0.93066711351275444 0.55707241594791412 0.96068722568452358 0.43508504703640827
leaf_count=4 5 4 9 8 5 6 8 7
internal_value=0 -0.012159 -0.00376675 -0.0169998 0.0689391 -0.0774916 0.075516 -0.136347
internal_weight=0 10.7729 9.54657 8.07657 1.47 1.22631 1.73457 0.669235
internal_count=56 44 27 17 10 17 12 11
is_linear=0
shrinkage=0.1


Tree=7
num_leaves=9
num_cat=0
split_feature=3 0 0 3 3 3 3 0
split_gain=0.265211 1.03503 0.510439 0.300974 1.0482 0.717448 0.541859 0.0400382
threshold=-1.0000000180025095e-35 1.0633385674757456 0.63127604271403948 1.4441494219839492 0.29220511433007668 1.173164018408813 0.4001754518842196 2.9127797651151703
decision_type=2 2 2 2 2 2 2 2
left_child=1 2 -1 4 -2 6 -6 -5
right_child=3 -3 -4 7 5 -7 -8 -9
leaf_value=-0.047529465605345211 0.1272658792761924 -0.14270787119866246 0.079504316354281887 -0.01181409120668666 0.028475301990635266 0.050179694523983992 -0.12213260624113714 0.0035910634178288278
leaf_weight=0.62529985606670446 0.84617266245186185 0.60033823922276486 0.6400918997824192 3.837003618478775 0.38405665010213852 1.147515594959259 0.63198598101735115 3.0110403597354889
leaf_count=9 5 9 6 8 3 3 9 4
internal_value=0 -0.0345726 0.0167299 0.00654337 0.0329003 -0.00400636 -0.0652039 -0.00504054
internal_weight=0 1.86573 1.26539 9.85777 3.00973 2.16356 1.01604 6.84804
internal_count=56 24 15 32 20 15 12 12
is_linear=0
shrinkage=0.1


Tree=8
num_leaves=11
num_cat=0
split_feature=2 3 2 3 2 2 1 1 3 0
split_gain=0.26205 0.418623 0.737043 1.03319 0.19119 0.116569 0.278225 0.300874 0.0591353 0.0254258
threshold=0.80654698794473079 0.4001754518842196 0.73086968489371895 -0.45914525472514661 0.89305184879756738 0.73086968489371895 1.2000093790896842 0.72324223077275229 -0.13079492440245163 8.0066500842743693
decision_type=2 2 2 2 2 2 2 2 2 2
left_child=1 2 -1 -4 8 6 7 -3 -2 -7
right_child=4 5 3 -5 -6 9 -8 -9 -10 -11
leaf_value=0.12885253993121146 -0.04720214536589043 -0.0069548004252859901 0.078195979082057249 -0.13535862325098363 -0.0019579489775162252 0.015771623126896648 0.0094643873509056217 -0.085174248234392652 -0.11023358270183628 0.00036282551770480263
leaf_weight=0.70245946943759807 0.25792428106069565 1.0710409283637981 0.57242898643016815 0.37493870221078396 0.5421195887029171 2.0181919559836388 2.0859764218330383 0.90923156961798657 0.35194870270788736 2.2814134992659092
leaf_count=4 7 2 4 7 6 7 2 8 6 3
internal_value=0 0.00519511 0.0512321 -0.0063223 -0.0451675 -0.00388383 -0.016022 -0.0428688 -0.0835767 0.00759556
internal_weight=0 10.0157 1.64983 0.947368 1.15199 8.36585 4.06625 1.98027 0.609873 4.29961
internal_count=56 37 15 11 19 22 12 10 13 10
is_linear=0
shrinkage=0.1


Tree=9
num_leaves=8
num_cat=0
split_feature=2 0 3 3 0 1 1
split_gain=0.242748 0.224864 0.419032 0.0795745 0.0979557 0.0265133 0.0810747
threshold=0.80654698794473079 1.2643683466938413 0.4001754518842196 0.29220511433007668 1.0633385674757456 1.3012907136916085 0.88438179476689815
decision_type=2 2 2 2 2 2 2
left_child=1 2 -1 4 -2 6 -3
right_child=3 5 -4 -5 -6 -7 -8
leaf_value=0.078753556493106697 -0.041303748954667492 0.0042222505784332487 0.0034819266847787101 -0.0101035873823873 -0.12540154044393326 -0.0010265326632108382 -0.030407961184172123
leaf_weight=1.0216699149459585 0.43753566779196329 1.2583949938416483 2.6785947941243649 0.37886213883757591 0.20265434123575687 3.2786131240427494 1.4608538858592508
leaf_count=9 9 4 9 5 5 8 7
internal_value=0 0.00487856 0.024265 -0.0464283 -0.0679252 -0.00708151 -0.014382
internal_weight=0 9.69813 3.70026 1.01905 0.64019 5.99786 2.71925
internal_count=56 37 18 19 14 19 11
is_linear=0
shrinkage=0.1


Tree=10
num_leaves=9
num_cat=0
split_feature=3 0 3 3 3 3 2 0
split_gain=0.134995 0.502844 0.445915 0.112363 0.600237 0.475262 0.159101 0.00600049
threshold=-1.0000000180025095e-35 1.0633385674757456 -0.45914525472514661 1.4441494219839492 0.29220511433007668 1.173164018408813 0.84048886944482859 2.9127797651151703
decision_type=2 2 2 2 2 2 2 2
left_child=1 2 -1 4 -2 6 -6 -5
right_child=3 -3 -4 7 5 -7 -8 -9
leaf_value=0.065429660851136537 0.11253055499185752 -0.12430557372288745 -0.070829785096714282 -0.0048841132471718592 -0.10985131135787461 0.037938353337483903 -0.018827462159313871 0.001101227197654369
leaf_weight=0.58002640306949615 0.57071297988295389 0.39615359157323837 0.40989371761679716 3.7623699232935905 0.3890554942190646 1.081535279750824 0.37918145582079887 3.0190208554267883
leaf_count=8 5 9 7 8 7 3 5 4
internal_value=0 -0.0290936 0.00900906 0.00438235 0.0228785 -0.004782 -0.0649243 -0.00221949
internal_weight=0 1.38607 0.98992 9.20188 2.42049 1.84977 0.768237 6.78139
internal_count=56 24 15 32 20 15 12 12
is_linear=0
shrinkage=0.1


Tree=11
num_leaves=9
num_cat=0
split_feature=3 0 0 3 3 3 2 3
split_gain=0.103784 0.437311 0.231498 0.122633 0.472442 0.300489 0.149373 0.0051743
threshold=-1.0000000180025095e-35 1.0633385674757456 0.58356327715253109 1.4441494219839492 0.29220511433007668 1.173164018408813 0.84048886944482859 2.1818277475212766
decision_type=2 2 2 2 2 2 2 2
left_child=1 2 -1 4 -2 6 -6 -5
right_child=3 -3 -4 7 5 -7 -8 -9
leaf_value=-0.042875167230190483 0.11126732164093774 -0.12537983831324684 0.059171193151197024 -0.0050545652914090484 -0.10035095465954601 0.032722660890867887 -0.0055484519124419096 0.00061118046009871457
leaf_weight=0.43589110299944944 0.4858850967138989 0.33161117881536484 0.45369064994156361 4.2669512778520584 0.33323152363300312 1.0580399483442307 0.33157600089907646 2.5904858559370041
leaf_count=8 5 9 7 8 7 3 5 4
internal_value=0 -0.0273674 0.00916893 0.00368633 0.0241791 -0.000381898 -0.0530677 -0.00291426
internal_weight=0 1.22119 0.889582 9.06617 2.20873 1.72285 0.664808 6.85744
internal_count=56 24 15 32 20 15 12 12
is_linear=0
shrinkage=0.1


Tree=12
num_leaves=9
num_cat=0
split_feature=0 2 3 0 2 1 1 0
split_gain=0.0887459 0.0991379 0.220412 0.185852 0.152609 0.0323316 0.0450133 0.00417424
threshold=1.2643683466938413 0.80654698794473079 1.4441494219839492 0.73132156626817435 0.89305184879756738 1.3012907136916085 0.81914536243344072 0.34334354381867666
decision_type=2 2 2 2 2 2 2 2
left_child=1 2 3 -1 7 6 -2 -3
right_child=5 4 -4 -5 -6 -7 -8 -9
leaf_value=0.018774427136944591 -0.0017761158015626157 -0.073958082373753495 0.00087345315021914089 0.10219332403494019 0.026154027188544302 -0.0010407504039408768 -0.027606609364556535 -0.053313604090417924
leaf_weight=0.60020156949758552 1.2432645671069624 0.20992150902748097 2.2284414693713188 0.48120506294071674 0.35419090092182159 3.2762659974396229 1.4750878214836118 0.18360709212720394
leaf_count=9 5 5 4 5 5 10 8 5
internal_value=0 0.0114207 0.0188501 0.0558942 -0.0214661 -0.00773029 -0.0157928 -0.0643261
internal_weight=0 4.05757 3.30985 1.08141 0.74772 5.99462 2.71835 0.393529
internal_count=56 33 18 14 15 23 13 10
is_linear=0
shrinkage=0.1


Tree=13
num_leaves=7
num_cat=0
split_feature=3 0 3 3 3 3
split_gain=0.084399 0.306957 0.249521 0.0785004 0.2392 0.00467521
threshold=-1.0000000180025095e-35 1.0633385674757456 -0.45914525472514661 1.4441494219839492 0.4001754518842196 2.1818277475212766
decision_type=2 2 2 2 2 2
left_child=1 2 -1 4 -2 -5
right_child=3 -3 -4 5 -6 -7
leaf_value=0.05090518460727228 0.073276473060755173 -0.11905098560003864 -0.062202808551101531 -0.0039025932895505899 -0.00215244634694817 0.0014844736687586691
leaf_weight=0.47433830797672272 0.60307876020669726 0.268575144931674 0.33123548515141077 4.2583907097578049 1.3881171382963657 2.5913383215665817
leaf_count=8 8 9 7 8 12 4
internal_value=0 -0.026469 0.00439749 0.00321591 0.0206929 -0.0018646
internal_weight=0 1.07415 0.805574 8.84092 1.9912 6.84973
internal_count=56 24 15 32 20 12
is_linear=0
shrinkage=0.1


Tree=14
num_leaves=9
num_cat=0
split_feature=3 0 0 3 1 3 3 3
split_gain=0.0769522 0.351214 0.175797 0.0727807 0.147801 0.234093 0.193509 0.00678118
threshold=-1.0000000180025095e-35 1.0633385674757456 0.63127604271403948 1.4441494219839492 1.2000093790896842 0.29220511433007668 0.52628410629153244 2.1818277475212766
decision_type=2 2 2 2 2 2 2 2
left_child=1 2 -1 4 5 -2 -7 -5
right_child=3 -3 -4 7 -6 6 -8 -9
leaf_value=-0.034480290608817042 0.11648400959733218 -0.12424571627523635 0.060267039183138228 -0.0042896055687655695 -0.0062989420330194423 -0.045671720674306103 0.066816268249830779 0.0022051031291667263
leaf_weight=0.43591547571122713 0.33006242662668039 0.26864371262490749 0.35555998608469963 4.2194169275462627 1.0224603675305841 0.29828100278973579 0.31382748484611511 2.5971678197383881
leaf_count=9 4 9 6 8 6 6 4 4
internal_value=0 -0.0254498 0.00808371 0.00307244 0.0200304 0.0486035 0.0120008 -0.00181507
internal_weight=0 1.06012 0.791475 8.78122 1.96463 0.942171 0.612108 6.81658
internal_count=56 24 15 32 20 14 10 12
is_linear=0
shrinkage=0.1


Tree=15
num_leaves=9
num_cat=0
split_feature=0 2 2 3 2 3 1 3
split_gain=0.0507345 0.22696 0.0483311 0.081494 0.115253 0.270228 0.127135 0.0292111
threshold=0.45283471981237422 0.82600616187544151 0.64953630770264659 1.173164018408813 0.78078371408833858 0.4001754518842196 0.81914536243344072 -0.45914525472514661
decision_type=2 2 2 2 2 2 2 2
left_child=1 -1 -2 4 5 -4 -6 -8
right_child=2 -3 3 -5 6 -7 7 -9
leaf_value=0.083946435479115192 0.010179538676910321 -0.029981491961645068 0.067967569871345113 -0.0016124535946215196 0.0084211621408197546 -0.075942857931676711 -0.065627325946503431 -0.1234052503315391
leaf_weight=0.3433776795864113 2.3772751912474614 0.35629707202315331 0.28015794977545716 5.5044819414615631 0.16036822646856308 0.24422651156783104 0.15270477905869362 0.20493621006608131
leaf_count=4 6 8 5 10 4 6 5 8
internal_value=0 0.0259306 -0.00203303 -0.00646761 -0.0321058 0.000942812 -0.0655612 -0.0987354
internal_weight=0 0.699675 8.92415 6.54688 1.04239 0.524384 0.518009 0.357641
internal_count=56 12 44 38 28 11 17 13
is_linear=0
shrinkage=0.1


Tree=16
num_leaves=8
num_cat=0
split_feature=0 3 2 1 2 1 1
split_gain=0.0493048 0.0614487 0.312481 0.239742 0.0334807 0.0282563 0.0131394
threshold=1.2643683466938413 0.4001754518842196 0.78078371408833858 1.017597850771212 0.89305184879756738 1.3012907136916085 0.81914536243344072
decision_type=2 2 2 2 2 2 2
left_child=1 2 -1 4 -4 6 -2
right_child=5 -3 3 -5 -6 -7 -8
leaf_value=0.11410591059143821 -0.0056377160319145067 0.00066613850285078004 0.0053231834931265747 -0.10575774313679627 0.053331418015511001 0.0006059297536319463 -0.019782880209674589
leaf_weight=0.30921523645520232 1.2110078036785128 2.5287157818675041 0.33936289511620998 0.18044359795749187 0.25398438796401024 3.2553681964054704 1.4346503652632234
leaf_count=4 5 11 7 7 4 10 8
internal_value=0 0.00920234 0.0291336 -0.00482232 0.0258733 -0.00563229 -0.0133082
internal_weight=0 3.61172 1.08301 0.773791 0.593347 5.90103 2.64566
internal_count=56 33 22 18 11 23 13
is_linear=0
shrinkage=0.1


Tree=17
num_leaves=9
num_cat=0
split_feature=0 2 2 3 3 1 1 1
split_gain=0.0361124 0.0499115 0.0356894 0.0332215 0.194623 0.0206463 0.0114615 0.00201266
threshold=1.2643683466938413 0.80654698794473079 0.89305184879756738 2.1818277475212766 0.4001754518842196 1.3012907136916085 0.81914536243344072 0.88438179476689815
decision_type=2 2 2 2 2 2 2 2
left_child=1 3 7 4 -1 6 -2 -3
right_child=5 2 -4 -5 -6 -7 -8 -9
leaf_value=0.070254566904080884 -0.0042010710163540238 -0.035907330280382836 0.0070494488655759181 0.006754218167327939 -0.030160628184172006 0.00055172010507763345 -0.017432739072235092 -0.052558091812153832
leaf_weight=0.48877750895917493 1.2109199911355975 0.17187741771340359 0.2746391836553812 2.1108646392822266 0.31898231245577335 3.2548620561137795 1.4250885955989359 0.12567388452589512
leaf_count=9 5 5 5 2 7 10 8 5
internal_value=0 0.00805961 -0.0189461 0.013354 0.0306009 -0.00477596 -0.0113544 -0.04294
internal_weight=0 3.49081 0.57219 2.91862 0.80776 5.89087 2.63601 0.297551
internal_count=56 33 15 18 16 23 13 10
is_linear=0
shrinkage=0.1


Tree=18
num_leaves=8
num_cat=0
split_feature=0 3 2 1 2 1 1
split_gain=0.0347557 0.0412518 0.252536 0.0819447 0.0292587 0.0186707 0.0108141
threshold=1.2643683466938413 0.4001754518842196 0.78078371408833858 0.88438179476689815 0.82600616187544151 1.3012907136916085 0.81914536243344072
decision_type=2 2 2 2 2 2 2
left_child=1 2 -1 4 -4 6 -2
right_child=5 -3 3 -5 -6 -7 -8
leaf_value=0.11212243548080479 -0.0039655030019440434 0.0013037127709112351 0.049370255088538199 -0.05938904936969247 -0.0018015906973132606 0.00039218777848261209 -0.016846234962266116
leaf_weight=0.24917476996779475 1.2034646179527047 2.5011397488415241 0.17540742829442024 0.19962477497756481 0.30781905353069305 3.256179959513247 1.421882329508662
leaf_count=4 5 11 3 8 7 10 8
internal_value=0 0.00799515 0.025952 -0.00549194 0.0167734 -0.00466693 -0.0109417
internal_weight=0 3.43317 0.932026 0.682851 0.483226 5.88153 2.62535
internal_count=56 33 22 18 10 23 13
is_linear=0
shrinkage=0.1


Tree=19
num_leaves=8
num_cat=0
split_feature=0 3 2 2 3 1 1
split_gain=0.0332035 0.0510394 0.196429 0.0681997 0.18786 0.0179103 0.00827375
threshold=1.2643683466938413 0.4001754518842196 0.78078371408833858 0.8674755962422368 -1.1329311379771887 1.3012907136916085 0.81914536243344072
decision_type=2 2 2 2 2 2 2
left_child=1 2 -1 4 -4 6 -2
right_child=5 -3 3 -5 -6 -7 -8
leaf_value=0.11104312943933484 -0.0045866163580610157 0.00060441389812606596 0.044504291600626342 0.032505387566786573 -0.10894744669551709 0.00040622306615829004 -0.015875260596868859
leaf_weight=0.21759916841983828 1.1979116126894953 2.4951696787029505 0.16055828705430064 0.34255564399063587 0.15857124142348733 3.2575226919725537 1.4175777267664669
leaf_count=4 5 11 4 7 7 10 8
internal_value=0 0.00790513 0.0286226 0.0015181 -0.0317438 -0.00454205 -0.010705
internal_weight=0 3.37445 0.879284 0.661685 0.31913 5.87301 2.61549
internal_count=56 33 22 18 11 23 13
is_linear=0
shrinkage=0.1


Tree=20
num_leaves=9
num_cat=0
split_feature=3 3 2 0 3 3 0 0
split_gain=0.0281247 0.221668 0.252816 0.303686 0.0688661 0.0262483 0.0200468 0.00895521
threshold=1.173164018408813 0.4001754518842196 0.73086968489371895 1.0633385674757456 -0.45914525472514661 -1.0000000180025095e-35 1.4749631837381163 2.2091457233051037
decision_type=2 2 2 2 2 2 2 2
left_child=1 2 -1 4 -4 -6 -2 -5
right_child=6 -3 3 7 5 -7 -8 -9
leaf_value=0.1125229812271798 0.0085810088232658403 -0.081588509332389147 0.052885610818746709 -0.13731895293133342 -0.038848714185542636 0.0188925163945078 -0.0017983102542498072 -0.096017457464732212
leaf_weight=0.19575067423284032 3.1038696132600307 0.3529471494257449 0.32631417736411061 0.11066289804875851 0.17276737652718988 0.14463711716234751 4.6465372294187546 0.099881940521299839
leaf_count=4 7 9 8 4 7 3 8 6
internal_value=0 -0.0130285 0.010017 -0.0134718 0.0206272 -0.0125368 0.00235838 -0.117726
internal_weight=0 1.40296 1.05001 0.854264 0.643719 0.317404 7.75041 0.210545
internal_count=56 41 32 28 18 10 15 10
is_linear=0
shrinkage=0.1


Tree=21
num_leaves=11
num_cat=0
split_feature=3 1 3 0 2 2 3 2 1 3
split_gain=0.0204392 0.149172 0.13674 0.185193 0.191494 0.114624 0.164013 0.0180938 0.0237885 0.00590107
threshold=1.173164018408813 0.41526584284746321 0.4001754518842196 1.2643683466938413 0.78078371408833858 0.89305184879756738 -1.1329311379771887 0.74055752629857319 1.2000093790896842 -0.40161727784575724
decision_type=2 2 2 2 2 2 2 2 2 2
left_child=1 -1 3 4 -3 6 -6 8 -2 -8
right_child=7 2 -4 -5 5 -7 9 -9 -10 -11
leaf_value=0.10136786648334535 -0.0087270708725827924 0.10953567408631713 -0.08697409406650676 -0.10849489624958393 0.040682081137655167 0.054069202254183248 -0.079005451647180647 0.0077078641787848264 0.0056889959283196959 -0.11048956977651359
leaf_weight=0.1063258871436118 2.4903524331748486 0.16951880790293195 0.25510402210056782 0.14191575720906258 0.1481628734618422 0.18173441290855408 0.13383862189948526 3.1770301386713982 2.1182975769042969 0.10722570121288366
leaf_count=3 8 4 8 8 4 4 5 5 2 5
internal_value=0 -0.0119033 -0.0224912 -0.00384892 0.0162069 -0.0115025 -0.0421187 0.00190165 -0.00210094 -0.0930096
internal_weight=0 1.24383 1.1375 0.882396 0.74048 0.570962 0.389227 7.78568 4.60865 0.241064
internal_count=56 41 38 30 22 18 14 15 10 10
is_linear=0
shrinkage=0.1


Tree=22
num_leaves=9
num_cat=0
split_feature=3 2 0 3 3 2 1 0
split_gain=0.0174451 0.117855 0.228893 0.0692503 0.049984 0.093538 0.0250466 0.0151065
threshold=1.173164018408813 0.74055752629857319 1.0633385674757456 0.4001754518842196 -0.45914525472514661 0.89305184879756738 1.4745743134758216 1.4749631837381163
decision_type=2 2 2 2 2 2 2 2
left_child=1 3 4 -1 -3 -6 -4 -2
right_child=7 2 6 -5 5 -7 -8 -9
leaf_value=0.084891667264220899 0.0070223486365804336 0.033177342942031139 -0.088282404752865043 -0.012440706129596628 -0.080554427681759119 0.024988329884156071 -0.16022176757588566 -0.0019586337182432609
leaf_weight=0.16479136049747445 3.1282322555780411 0.24611157737672307 0.09130886709317565 0.13137246668338776 0.16284830309450649 0.17336633056402206 0.1029790211468935 4.6672621816396713
leaf_count=5 7 8 6 5 9 4 4 8
internal_value=0 -0.011956 -0.0324243 0.0417169 -0.00106588 -0.0261322 -0.126413 0.00164532
internal_weight=0 1.07278 0.776614 0.296164 0.582326 0.336215 0.194288 7.79549
internal_count=56 41 31 10 21 13 10 15
is_linear=0
shrinkage=0.1


Tree=23
num_leaves=9
num_cat=0
split_feature=3 3 2 0 2 2 0 0
split_gain=0.0170115 0.0927271 0.182267 0.161208 0.0533364 0.104797 0.0146279 0.00768419
threshold=1.173164018408813 0.4001754518842196 0.73086968489371895 1.0633385674757456 0.89305184879756738 0.80654698794473079 1.4749631837381163 2.2091457233051037
decision_type=2 2 2 2 2 2 2 2
left_child=1 2 -1 4 5 -4 -2 -5
right_child=6 -3 3 7 -6 -7 -8 -9
leaf_value=0.10979476697764708 0.0068492434712010154 -0.073257597001524108 0.04264835758249419 -0.13088553933623462 0.063778927158104362 -0.067519233367505524 -0.0019796842189988145 -0.08577471065500468
leaf_weight=0.132780510932207 3.1210500448942184 0.19942622538655996 0.17666270583868027 0.078257794491946697 0.1307939738035202 0.1688935961574316 4.7062783986330032 0.072968664113432169
leaf_count=4 7 9 6 4 3 9 8 6
internal_value=0 -0.0125652 0.0033532 -0.0191673 0.00938953 -0.011197 0.00154074 -0.109119
internal_weight=0 0.959783 0.760357 0.627577 0.47635 0.345556 7.82733 0.151226
internal_count=56 41 32 28 18 15 15 10
is_linear=0
shrinkage=0.1


Tree=24
num_leaves=6
num_cat=0
split_feature=0 0 2 1 1
split_gain=0.0140093 0.0304394 0.0790802 0.00806427 0.00594127
threshold=1.2643683466938413 0.45283471981237422 0.82600616187544151 1.3012907136916085 0.88438179476689815
decision_type=2 2 2 2 2
left_child=1 2 -1 4 -2
right_child=3 -3 -4 -5 -6
leaf_value=0.075748703248332466 -0.0018582825343316019 0.001629778640166369 -0.014231650764198312 0.00048355155923754086 -0.011521279435567119
leaf_weight=0.19912789389491115 1.1851434875279667 2.5330506847240031 0.191703200340271 3.2019319632090628 1.3739506611600516
leaf_count=4 6 21 8 10 7
internal_value=0 0.00563762 0.0316132 -0.00286124 -0.00704624
internal_weight=0 2.92388 0.390831 5.76103 2.55909
internal_count=56 33 12 23 13
is_linear=0
shrinkage=0.1


Tree=25
num_leaves=8
num_cat=0
split_feature=3 2 0 3 0 0 1
split_gain=0.0135975 0.0797835 0.0808173 0.0592934 0.0220062 0.0111606 0.00892429
threshold=1.173164018408813 0.70864951048492697 0.34334354381867666 -0.40161727784575724 2.2091457233051037 1.4749631837381163 0.88438179476689815
decision_type=2 2 2 2 2 2 2
left_child=1 -1 -3 6 -5 -2 -4
right_child=5 2 3 4 -6 -7 -8
leaf_value=0.053497124941273649 0.0059718262921719042 0.017290028210068777 -0.040404647155477098 -0.12836787985621809 -0.061123568422166409 -0.0017554317906008029 -0.0020140311334153347
leaf_weight=0.15304896794259537 3.1003936976194382 0.26638830918818712 0.11210279632359732 0.094293141271919123 0.10057745082303882 4.7065391391515732 0.13167372811585665
leaf_count=6 7 9 5 7 7 8 7
internal_value=0 -0.0119487 -0.0261557 -0.05254 -0.0936615 0.00131332 -0.0196683
internal_weight=0 0.858084 0.705035 0.438647 0.194871 7.80693 0.243777
internal_count=56 41 35 26 14 15 12
is_linear=0
shrinkage=0.1


Tree=26
num_leaves=9
num_cat=0
split_feature=3 3 2 0 2 3 0 0
split_gain=0.0109407 0.0963715 0.137447 0.118711 0.0398432 0.0965707 0.010418 0.00660282
threshold=1.173164018408813 0.4001754518842196 0.73086968489371895 1.0633385674757456 0.89305184879756738 -0.45914525472514661 1.4749631837381163 2.2091457233051037
decision_type=2 2 2 2 2 2 2 2
left_child=1 2 -1 4 5 -4 -2 -5
right_child=6 -3 3 7 -6 -7 -8 -9
leaf_value=0.109001534336702 0.0056598273501678653 -0.078209125471641772 0.027449740515354627 -0.12811159139950098 0.06102657841655168 -0.097815407155350392 -0.0018086592529721491 -0.080575111389172616
leaf_weight=0.10891897790133942 3.0919313803315163 0.16913809441030025 0.21573291346430767 0.05574475321918726 0.11435437388718128 0.086108847055584303 4.7173853367567062 0.061407630331814289
leaf_count=4 7 9 8 4 3 7 8 6
internal_value=0 -0.0110519 0.00663362 -0.0142717 0.0107586 -0.00828566 0.00114833 -0.103194
internal_weight=0 0.811406 0.642267 0.533349 0.416196 0.301842 7.80932 0.117152
internal_count=56 41 32 28 18 15 15 10
is_linear=0
shrinkage=0.1


Tree=27
num_leaves=8
num_cat=0
split_feature=0 2 2 3 2 1 0
split_gain=0.00916987 0.0175321 0.111955 0.0380029 0.00785173 0.00358178 0.00617674
threshold=1.4749631837381163 0.79883478229589766 0.80654698794473079 -0.45914525472514661 0.64953630770264659 1.8002664555954018 2.9127797651151703
decision_type=2 2 2 2 2 2 2
left_child=1 4 -3 -4 -1 6 -2
right_child=5 2 3 -5 -6 -7 -8
leaf_value=0.0043692784062189897 -0.0018228243791941956 0.092842237720808143 -0.052832792631007056 0.016071227235187748 -0.0062869456381026258 4.5015102066347241e-06 -0.012122773961317815
leaf_weight=2.2303442768752584 1.6570765995420518 0.15134176984429348 0.13089214265346527 0.20604636194184422 1.0021223025396464 2.2899383679032326 0.89759922353550781
leaf_count=6 9 3 6 9 13 4 6
internal_value=0 0.00373356 0.0213954 -0.0106963 0.00106566 -0.00286744 -0.00544177
internal_weight=0 3.72075 0.48828 0.336939 3.23247 4.84461 2.55468
internal_count=56 37 18 15 19 19 15
is_linear=0
shrinkage=0.1


Tree=28
num_leaves=9
num_cat=0
split_feature=3 0 1 3 0 2 1 2
split_gain=0.0167355 0.00833653 0.0852838 0.163397 0.0279949 0.0124135 0.00449182 0.0041601
threshold=-1.4661010952972846 0.84026244485297485 0.60485759818159812 0.4001754518842196 0.63127604271403948 0.64953630770264659 1.3012907136916085 0.73086968489371895
decision_type=2 2 2 2 2 2 2 2
left_child=-1 2 -2 4 -4 -3 7 -7
right_child=1 5 3 -5 -6 6 -8 -9
leaf_value=0.046011930683021333 0.055111258568352743 0.006766080674864729 -0.022461559748782084 -0.13047925979118277 0.048407319914724647 -0.0021470104077161464 0.0004336843906083685 -0.010476164247109791
leaf_weight=0.078322242479772153 0.13239633105695059 2.184676943346858 0.11404011584818363 0.1254377169534564 0.10903239995241165 1.6499658888205888 3.1816685958765447 0.94202007399871934
leaf_count=3 5 4 7 7 4 7 9 10
internal_value=0 -0.000427024 -0.0132126 -0.0391684 0.0121774 0.000345586 -0.00208385 -0.00517412
internal_weight=0 8.43924 0.480907 0.34851 0.223073 7.95833 5.77365 2.59199
internal_count=56 53 23 18 11 30 26 17
is_linear=0
shrinkage=0.1


Tree=29
num_leaves=8
num_cat=0
split_feature=3 2 0 0 0 0 0
split_gain=0.00934983 0.0691238 0.0392559 0.0273951 0.0829582 0.017967 0.00725725
threshold=1.173164018408813 0.70864951048492697 1.0633385674757456 0.63127604271403948 0.34334354381867666 2.2091457233051037 1.4749631837381163
decision_type=2 2 2 2 2 2 2
left_child=1 -1 3 4 -3 -4 -2
right_child=6 2 5 -5 -6 -7 -8
leaf_value=0.055857659723524522 0.0047767440159208361 0.0047772535276492736 -0.12618451914415441 0.026944019748150746 -0.11166351696262573 -0.047983502651977886 -0.0014710350898228626
leaf_weight=0.12614922318607558 3.0692354273051023 0.21859235409647226 0.043309062719345093 0.13069358048960567 0.084968993905931711 0.091348668560385704 4.7156765311956406
leaf_count=6 7 9 4 6 8 8 8
internal_value=0 -0.0111127 -0.0259625 -0.0113349 -0.0278154 -0.0731348 0.000992179
internal_weight=0 0.695062 0.568913 0.434255 0.303561 0.134658 7.78491
internal_count=56 41 35 23 17 12 15
is_linear=0
shrinkage=0.1


Tree=30
num_leaves=7
num_cat=0
split_feature=0 1 2 0 1 1
split_gain=0.00653389 0.01795 0.0401957 0.0295228 0.00387682 0.00368646
threshold=1.2643683466938413 1.017597850771212 0.8674755962422368 0.58356327715253109 1.3012907136916085 0.88438179476689815
decision_type=2 2 2 2 2 2
left_child=1 2 3 -1 5 -2
right_child=4 -3 -4 -5 -6 -7
leaf_value=0.073933940794456296 -0.00073019266652747444 0.00041073848213989356 -0.015006014290831746 0.0076321755476882296 0.00040155503130414103 -0.008380674857663379
leaf_weight=0.15988446306437287 1.1720956121571364 2.2782843834720552 0.1767658144235611 0.11580213671550155 3.1815541493706405 1.36142261326313
leaf_count=5 6 13 8 7 10 7
internal_value=0 0.0040238 0.0222171 0.0460839 -0.00192262 -0.00484129
internal_weight=0 2.73074 0.452452 0.275687 5.71507 2.53352
internal_count=56 33 20 12 23 13
is_linear=0
shrinkage=0.1


Tree=31
num_leaves=10
num_cat=0
split_feature=2 3 1 3 0 2 2 2 2
split_gain=0.0065156 0.028946 0.0430223 0.0590428 0.0317313 0.0257396 0.0425171 0.00755837 0.00571816
threshold=0.64953630770264659 1.173164018408813 0.41526584284746321 0.4001754518842196 1.0633385674757456 0.89305184879756738 0.80654698794473079 0.74055752629857319 0.79883478229589766
decision_type=2 2 2 2 2 2 2 2 2
left_child=-1 2 -2 4 5 6 -4 -3 -6
right_child=1 7 3 -5 8 -7 -8 -9 -10
leaf_value=0.0046468964624671689 0.072720106511335633 -0.0036260061480988025 0.025959736837210701 -0.093831856515844025 -0.038592455406502635 0.046173191839149232 -0.058170397127685014 0.0037704454605167019 -0.087718252397352953
leaf_weight=2.2217734754085541 0.043647710699587949 2.4508283734321594 0.12048063613474369 0.11573901353403926 0.045291799120604992 0.092169851064682007 0.11980256764218211 3.1668101139366627 0.049687273800373077
leaf_count=6 3 6 6 8 5 3 9 5 5
internal_value=0 -0.00166402 -0.0227973 -0.0304728 -0.0133166 0.00124667 -0.0159866 0.000543568 -0.0642921
internal_weight=0 6.20446 0.586819 0.543171 0.427432 0.332453 0.240283 5.61764 0.0949791
internal_count=56 50 39 36 28 18 15 11 10
is_linear=0
shrinkage=0.1


Tree=32
num_leaves=8
num_cat=0
split_feature=2 1 1 0 1 1 3
split_gain=0.00580044 0.00371842 0.00986787 0.00975425 0.0372611 0.00381838 0.000140319
threshold=0.64953630770264659 0.60485759818159812 1.3012907136916085 1.4749631837381163 0.96241769986595072 0.8511483569439523 1.8287877027032746
decision_type=2 2 2 2 2 2 2
left_child=-1 -2 3 4 5 -3 -4
right_child=1 2 6 -5 -6 -7 -8
leaf_value=0.004381345826072581 0.0032663297664839476 -0.01563708482752486 -0.00061842507846983472 -0.0054642016706259386 -0.084143017697829503 0.010746398665457789 0.0008103615091781635
leaf_weight=2.2220349833369255 1.2614685096777973 0.12960360292345274 0.98594622965902123 1.3533984012901781 0.079454763792455196 0.095110402442514896 2.2696443796157837
leaf_count=6 10 7 13 7 7 4 2
internal_value=0 -0.00157669 -0.00282015 -0.00910089 -0.0252823 -0.00447025 0.000377658
internal_weight=0 6.17463 4.91316 1.65757 0.304169 0.224714 3.25559
internal_count=56 50 40 25 18 11 15
is_linear=0
shrinkage=0.1


Tree=33
num_leaves=7
num_cat=0
split_feature=0 1 1 1 1 1
split_gain=0.00548942 0.0103356 0.0200817 0.0418698 0.00239501 0.0026654
threshold=1.2643683466938413 1.017597850771212 0.8511483569439523 0.60485759818159812 1.3012907136916085 0.88438179476689815
decision_type=2 2 2 2 2 2
left_child=1 2 3 -1 5 -2
right_child=4 -3 -4 -5 -6 -7
leaf_value=0.052725645049207216 -0.00055492918114773441 0.0010862683524618228 0.047038193726034849 -0.030126154651139631 7.3892617828703552e-05 -0.0070668694598531312
leaf_weight=0.098345539532602166 1.1716783815063538 2.2602237001992762 0.15296238102018833 0.16060499381273985 3.1860999567434192 1.3559644687920807
leaf_count=5 6 13 6 9 10 7
internal_value=0 0.00374128 0.0183097 0.00133972 -0.00174968 -0.00404829
internal_weight=0 2.67214 0.411913 0.258951 5.71374 2.52764
internal_count=56 33 20 14 23 13
is_linear=0
shrinkage=0.1


Tree=34
num_leaves=8
num_cat=0
split_feature=2 1 1 0 3 3 3
split_gain=0.00540331 0.00331283 0.00964446 0.00732082 0.0122533 0.0290222 0.000187433
threshold=0.64953630770264659 0.81914536243344072 1.3012907136916085 2.9127797651151703 2.1818277475212766 -0.2408793077901227 1.8287877027032746
decision_type=2 2 2 2 2 2 2
left_child=-1 -2 3 4 5 -3 -4
right_child=1 2 6 -5 -6 -7 -8
leaf_value=0.004228611175739346 0.0027993975762316808 -0.0059395924334115632 -0.00084568215258493573 -0.0031875996032103256 -0.0085696269678148095 -0.084751689246193682 0.00080818767988599454
leaf_weight=2.2205436872318387 1.3751410776749251 0.11337752733379558 0.98160012997686896 0.85537257790565491 0.47931940853595734 0.07947891950607322 2.2696425914764404
leaf_count=6 15 6 13 3 2 9 2
internal_value=0 -0.00152582 -0.00277045 -0.00932446 -0.0171339 -0.0384192 0.000308859
internal_weight=0 6.15393 4.77879 1.52755 0.672176 0.192856 3.25124
internal_count=56 50 35 20 17 15 15
is_linear=0
shrinkage=0.1


Tree=35
num_leaves=7
num_cat=0
split_feature=0 1 3 3 1 1
split_gain=0.00508385 0.00851009 0.0177912 0.0186434 0.0022098 0.00229204
threshold=1.2643683466938413 1.017597850771212 -1.0000000180025095e-35 0.4001754518842196 1.3012907136916085 0.88438179476689815
decision_type=2 2 2 2 2 2
left_child=1 2 -1 -4 5 -2
right_child=4 -3 3 -5 -6 -7
leaf_value=-0.0091991371935962601 -0.00065193110446112054 0.001234586829895338 0.061144541406233967 0.0056592089360792304 6.9904439593457705e-05 -0.0066952283409764529
leaf_weight=0.15653410740196738 1.170616372022778 2.2562934663146734 0.1240204768255353 0.11834336863830686 3.184783361852169 1.3529007802717385
leaf_count=8 6 13 5 7 10 7
internal_value=0 0.003615 0.0170794 0.0340517 -0.0016815 -0.00389185
internal_weight=0 2.65519 0.398898 0.242364 5.7083 2.52352
internal_count=56 33 20 12 23 13
is_linear=0
shrinkage=0.1


Tree=36
num_leaves=7
num_cat=0
split_feature=0 1 1 1 1 1
split_gain=0.00455232 0.00719098 0.0177001 0.0268423 0.00207136 0.00205389
threshold=1.2643683466938413 1.017597850771212 0.8511483569439523 0.60485759818159812 1.3012907136916085 0.88438179476689815
decision_type=2 2 2 2 2 2
left_child=1 2 3 -1 5 -2
right_child=4 -3 -4 -5 -6 -7
leaf_value=0.04085232455319663 -0.0006656043387088769 0.0012531363376556215 0.044098286054250167 -0.026287734414568123 0.00010509344685945218 -0.006388244620641294
leaf_weight=0.097654799930751657 1.17062433809042 2.2563218120485544 0.14216195233166218 0.1525920806452632 3.184179300442338 1.3509416440501807
leaf_count=5 6 13 6 9 10 7
internal_value=0 0.00342606 0.0159202 -8.74117e-05 -0.00159045 -0.00373154
internal_weight=0 2.64873 0.392409 0.250247 5.70575 2.52157
internal_count=56 33 20 14 23 13
is_linear=0
shrinkage=0.1


Tree=37
num_leaves=8
num_cat=0
split_feature=2 1 1 0 1 0 3
split_gain=0.0046602 0.00238757 0.00763443 0.00550197 0.010379 0.0220203 0.000228905
threshold=0.64953630770264659 0.81914536243344072 1.3012907136916085 2.9127797651151703 1.1045335199381789 0.34334354381867666 1.8287877027032746
decision_type=2 2 2 2 2 2 2
left_child=-1 -2 3 4 5 -3 -4
right_child=1 2 6 -5 -6 -7 -8
leaf_value=0.0039314561555119799 0.0022576517557240236 0.0026175765676259683 -0.0010237890744966263 -0.0030536136345887506 -0.0084008599931355652 -0.074221979447854178 0.00080568837125533544
leaf_weight=2.2150353863835335 1.3707428602501748 0.069957393221556918 0.97888230066746507 0.85502507444471121 0.50861036358401179 0.079880467616021633 2.269640326499939
leaf_count=6 15 3 13 3 5 9 2
internal_value=0 -0.00141997 -0.00247858 -0.00834468 -0.0152154 -0.0383466 0.000254409
internal_weight=0 6.13274 4.762 1.51347 0.658448 0.149838 3.24852
internal_count=56 50 35 20 17 12 15
is_linear=0
shrinkage=0.1


Tree=38
num_leaves=8
num_cat=0
split_feature=2 1 1 0 3 3 3
split_gain=0.00425491 0.00196293 0.00672638 0.00444384 0.00691994 0.0186488 0.00023581
threshold=0.64953630770264659 0.81914536243344072 1.3012907136916085 2.9127797651151703 2.1818277475212766 -0.2408793077901227 1.8287877027032746
decision_type=2 2 2 2 2 2 2
left_child=-1 -2 3 4 5 -3 -4
right_child=1 2 6 -5 -6 -7 -8
leaf_value=0.0037568656406657963 0.0019786008384491383 -0.0048001715669923626 -0.0010544752538876362 -0.0030960965698396807 -0.0078355875067012987 -0.071765019147425599 0.0008029474496278814
leaf_weight=2.2141460776329041 1.3688408751040695 0.10585654294118241 0.97804090986028347 0.85501568298786879 0.47816114127635956 0.068496854277327879 2.2696380615234375
leaf_count=6 15 6 13 3 2 9 2
internal_value=0 -0.00135829 -0.00231885 -0.00783911 -0.0140541 -0.0311081 0.000243583
internal_weight=0 6.12405 4.75521 1.50753 0.652515 0.174353 3.24768
internal_count=56 50 35 20 17 15 15
is_linear=0
shrinkage=0.1


Tree=39
num_leaves=8
num_cat=0
split_feature=0 1 0 0 0 1 1
split_gain=0.00418979 0.0065426 0.0179962 0.0179949 0.0349325 0.0018532 0.00181614
threshold=1.2643683466938413 1.017597850771212 0.24337357616533886 0.58356327715253109 0.84026244485297485 1.3012907136916085 0.88438179476689815
decision_type=2 2 2 2 2 2 2
left_child=1 2 -1 -4 -5 6 -2
right_child=5 -3 3 4 -6 -7 -8
leaf_value=-0.018464261220785729 -0.0006680909743664625 0.0012534145414097224 0.063215632336541025 -0.032661655236265109 0.058398167111369449 7.9833558933051189e-05 -0.0060536193309755348
leaf_weight=0.11080926936119828 1.1696904972195628 2.2516739605925977 0.099355109035968781 0.090751334093511105 0.078630199655890465 3.183198971208185 1.3475562008097766
leaf_count=6 6 13 3 7 4 10 7
internal_value=0 0.00330069 0.0154462 0.0294287 0.00961008 -0.00152355 -0.00355112
internal_weight=0 2.63122 0.379546 0.268737 0.169382 5.70045 2.51725
internal_count=56 33 20 14 11 23 13
is_linear=0
shrinkage=0.1


Tree=40
num_leaves=6
num_cat=0
split_feature=2 1 1 0 3
split_gain=0.00415757 0.00199198 0.00635253 0.00489659 0.000295126
threshold=0.64953630770264659 0.81914536243344072 1.3012907136916085 2.9127797651151703 1.8287877027032746
decision_type=2 2 2 2 2
left_child=-1 -2 3 -3 -4
right_child=1 2 4 -5 -6
leaf_value=0.0037161254996681912 0.0020281065166414198 -0.01426574584835583 -0.0012789527243735341 -0.002726529565495408 0.00080014353631718816
leaf_weight=2.2104748776182532 1.3605440603569148 0.64574042055755831 0.97648982144892249 0.85418994817882776 2.2696356773376465
leaf_count=6 15 17 13 3 2
internal_value=0 -0.00134518 -0.00231219 -0.00769432 0.000174716
internal_weight=0 6.1066 4.74606 1.49993 3.24613
internal_count=56 50 35 20 15
is_linear=0
shrinkage=0.1


Tree=41
num_leaves=6
num_cat=0
split_feature=2 1 1 0 3
split_gain=0.00393709 0.00176859 0.0058343 0.0043215 0.000304327
threshold=0.64953630770264659 0.81914536243344072 1.3012907136916085 2.9127797651151703 1.8287877027032746
decision_type=2 2 2 2 2
left_child=-1 -2 3 -3 -4
right_child=1 2 4 -5 -6
leaf_value=0.0036166652554773188 0.0018699491747300326 -0.013565153244989065 -0.0013144214421781032 -0.0027176558352794114 0.00079705619904849262
leaf_weight=2.2099059466272593 1.3599066101014612 0.64430052111856617 0.97619738616049323 0.85412660241127014 2.2696326971054077
leaf_count=6 15 17 13 3 2
internal_value=0 -0.00130934 -0.00222066 -0.00738191 0.00016202
internal_weight=0 6.10416 4.74426 1.49843 3.24583
internal_count=56 50 35 20 15
is_linear=0
shrinkage=0.1


Tree=42
num_leaves=6
num_cat=0
split_feature=2 1 1 0 3
split_gain=0.0037353 0.00157095 0.00537811 0.00382195 0.000310521
threshold=0.64953630770264659 0.81914536243344072 1.3012907136916085 2.9127797651151703 1.8287877027032746
decision_type=2 2 2 2 2
left_child=-1 -2 3 -3 -4
right_child=1 2 4 -5 -6
leaf_value=0.003523189862054184 0.0017214303515044331 -0.012915683247943314 -0.0013391562517290952 -0.0027085739052326464 0.00079388473239926614
leaf_weight=2.2093104692175984 1.3593366723507641 0.64304745616391279 0.97595880646258626 0.85406532697379589 2.269629955291748
leaf_count=6 15 17 13 3 2
internal_value=0 -0.00127561 -0.00213461 -0.00709278 0.000152473
internal_weight=0 6.10204 4.7427 1.49711 3.24559
internal_count=56 50 35 20 15
is_linear=0
shrinkage=0.1


Tree=43
num_leaves=7
num_cat=0
split_feature=0 3 0 0 1 1
split_gain=0.00363461 0.00607851 0.0544098 0.00537398 0.00162523 0.00150147
threshold=1.2643683466938413 0.29220511433007668 0.73132156626817435 0.58356327715253109 1.3012907136916085 0.88438179476689815
decision_type=2 2 2 2 2 2
left_child=1 2 3 -1 5 -2
right_child=4 -3 -4 -5 -6 -7
leaf_value=-0.034351293195781785 -0.00069551192764107192 0.0013836909546469606 0.067205931714401063 0.0026784017270898423 8.5043316162227019e-05 -0.0055949439228479749
leaf_weight=0.10424485942348871 1.1692014429718258 2.3222826262935996 0.12301963055506349 0.062803356908261776 3.1822551931254566 1.3450866797938941
leaf_count=8 6 14 7 4 10 7
internal_value=0 0.0030885 0.0167372 -0.0204296 -0.00141634 -0.0033166
internal_weight=0 2.61235 0.290068 0.167048 5.69654 2.51429
internal_count=56 33 19 12 23 13
is_linear=0
shrinkage=0.1


Tree=44
num_leaves=8
num_cat=0
split_feature=0 1 0 0 0 1 1
split_gain=0.00348676 0.00540475 0.0148658 0.0226649 0.0219641 0.00163369 0.00147118
threshold=1.2643683466938413 1.017597850771212 0.24337357616533886 0.58356327715253109 0.84026244485297485 1.3012907136916085 0.88438179476689815
decision_type=2 2 2 2 2 2 2
left_child=1 2 -1 -4 -5 6 -2
right_child=5 -3 3 4 -6 -7 -8
leaf_value=-0.016735517950048451 -0.00069487821080748097 0.0012231803744940264 0.067777235752667184 -0.028626217603593192 0.046524906458107494 0.00012071259033295199 -0.0055441925862924658
leaf_weight=0.10650199931114945 1.1692011160776021 2.2447166587226093 0.090600239112973213 0.086945596383884549 0.070363760925829411 3.1819244115613401 1.345632347743958
leaf_count=6 6 13 3 7 4 10 7
internal_value=0 0.00303513 0.0145114 0.0279351 0.00498854 -0.00138479 -0.00328964
internal_weight=0 2.59913 0.354412 0.24791 0.157309 5.69676 2.51483
internal_count=56 33 20 14 11 23 13
is_linear=0
shrinkage=0.1


Tree=45
num_leaves=5
num_cat=0
split_feature=2 1 1 0
split_gain=0.00335651 0.00170717 0.00515244 0.00434401
threshold=0.64953630770264659 0.81914536243344072 1.3012907136916085 2.9127797651151703
decision_type=2 2 2 2
left_child=-1 -2 3 -3
right_child=1 2 -4 -5
leaf_value=0.0033440502998281249 0.0019240248644227999 -0.013234540553896513 0.00012995333604660537 -0.0023137672393335391
leaf_weight=2.2031211033463478 1.350399265065789 0.63569819997064747 3.2403263240121305 0.85295732412487268
leaf_count=6 15 17 15 3
internal_value=0 -0.00121187 -0.00210735 -0.00697725
internal_weight=0 6.07938 4.72898 1.48866
internal_count=56 50 35 20
is_linear=0
shrinkage=0.1


Tree=46
num_leaves=5
num_cat=0
split_feature=2 1 1 0
split_gain=0.00318278 0.00154398 0.0050451 0.00479489
threshold=0.64953630770264659 0.88438179476689815 1.3012907136916085 2.9127797651151703
decision_type=2 2 2 2
left_child=-1 -2 3 -3
right_child=1 2 -4 -5
leaf_value=0.0032566172718900459 0.0017048497704161177 -0.014200466641480742 0.00011524207557836149 -0.0023113596569653179
leaf_weight=2.2026931531727314 1.421074107289314 0.56322803348302819 3.2401453363709152 0.85290228296071291
leaf_count=6 21 11 15 3
internal_value=0 -0.00118034 -0.00206089 -0.00703993
internal_weight=0 6.07735 4.65628 1.41613
internal_count=56 50 29 14
is_linear=0
shrinkage=0.1


Tree=47
num_leaves=5
num_cat=0
split_feature=2 1 1 0
split_gain=0.00307435 0.00142243 0.00446706 0.00354864
threshold=0.64953630770264659 0.81914536243344072 1.3012907136916085 2.9127797651151703
decision_type=2 2 2 2
left_child=-1 -2 3 -3
right_child=1 2 -4 -5
leaf_value=0.0032007737700960551 0.0017035029033128125 -0.012188862544117171 0.00010420441094485839 -0.0023069788114843293
leaf_weight=2.2024042345583439 1.3491626586765049 0.63318886677734532 3.2400185447186232 0.8528783293440938
leaf_count=6 15 17 15 3
internal_value=0 -0.00116036 -0.00197792 -0.00651749
internal_weight=0 6.07525 4.72609 1.48607
internal_count=56 50 35 20
is_linear=0
shrinkage=0.1


Tree=48
num_leaves=5
num_cat=0
split_feature=2 1 1 0
split_gain=0.00292532 0.00137349 0.00452888 0.00412428
threshold=0.64953630770264659 0.88438179476689815 1.3012907136916085 2.9127797651151703
decision_type=2 2 2 2
left_child=-1 -2 3 -3
right_child=1 2 -4 -5
leaf_value=0.0031226568300466049 0.0015906524601561171 -0.013341794321034092 9.8257154379140756e-05 -0.0023033967262504232
leaf_weight=2.2018264103680849 1.4197414561640469 0.56123356497846522 3.2399879209697247 0.85282690729945898
leaf_count=6 21 11 15 3
internal_value=0 -0.00113201 -0.00196257 -0.00668448
internal_weight=0 6.07379 4.65405 1.41406
internal_count=56 50 29 14
is_linear=0
shrinkage=0.1


Tree=49
num_leaves=5
num_cat=0
split_feature=2 1 1 0
split_gain=0.00283201 0.00126857 0.00434297 0.00386576
threshold=0.64953630770264659 0.88438179476689815 1.3012907136916085 2.9127797651151703
decision_type=2 2 2 2
left_child=-1 -2 3 -3
right_child=1 2 -4 -5
leaf_value=0.0030729638106659061 0.0015034499063816202 -0.012988669049469978 0.00010558423834705989 -0.0022976294972934476
leaf_weight=2.2011438952758908 1.4190669097006319 0.5605138139799235 3.2401668070815504 0.8527999697253108
leaf_count=6 21 11 15 3
internal_value=0 -0.00111389 -0.00191204 -0.00653765
internal_weight=0 6.07255 4.65348 1.41331
internal_count=56 50 29 14
is_linear=0
shrinkage=0.1


Tree=50
num_leaves=5
num_cat=0
split_feature=2 1 1 0
split_gain=0.00274342 0.00117436 0.00434398 0.00379009
threshold=0.64953630770264659 0.88438179476689815 1.3012907136916085 2.9127797651151703
decision_type=2 2 2 2
left_child=-1 -2 3 -3
right_child=1 2 -4 -5
leaf_value=0.0030259014360998066 0.0014230171781923141 -0.01287755988192593 0.0001537047824848867 -0.0022916293564356218
leaf_weight=2.1995700141415 1.4184344441164283 0.56051934533752479 3.2410119934938848 0.85277101397514343
leaf_count=6 21 11 15 3
internal_value=0 -0.001096 -0.00186369 -0.00649007
internal_weight=0 6.07274 4.6543 1.41329
internal_count=56 50 29 14
is_linear=0
shrinkage=0.1


Tree=51
num_leaves=7
num_cat=0
split_feature=0 3 0 0 1 1
split_gain=0.00267691 0.00655579 0.0358149 0.00363346 0.00121582 0.000970168
threshold=1.2643683466938413 0.29220511433007668 0.73132156626817435 0.58356327715253109 1.3012907136916085 0.88438179476689815
decision_type=2 2 2 2 2 2
left_child=1 2 3 -1 5 -2
right_child=4 -3 -4 -5 -6 -7
leaf_value=-0.025177083553522456 -0.00075049319542939117 0.00095340900845844586 0.060970732494056684 0.0060342848977607416 8.7116584803919209e-05 -0.0046918695074899958
leaf_weight=0.097050451906398272 1.1687160958535971 2.3106197328306735 0.11100047035142779 0.060581783764064312 3.1812856248579919 1.3412523400038479
leaf_count=8 6 14 7 4 10 7
internal_value=0 0.00267243 0.0174584 -0.0131818 -0.00121115 -0.00285665
internal_weight=0 2.57925 0.268633 0.157632 5.69125 2.50997
internal_count=56 33 19 12 23 13
is_linear=0
shrinkage=0.1


Tree=52
num_leaves=5
num_cat=0
split_feature=2 1 1 0
split_gain=0.00246514 0.00133856 0.0039745 0.00348672
threshold=0.64953630770264659 0.88438179476689815 1.3012907136916085 2.9127797651151703
decision_type=2 2 2 2
left_child=-1 -2 3 -3
right_child=1 2 -4 -5
leaf_value=0.0028690728262390037 0.001651937510848036 -0.012446357291030483 6.959867271335714e-05 -0.0022729128623068004
leaf_weight=2.1978699816390872 1.4156062449328599 0.55692087393254019 3.2369208396412432 0.85266921948641539
leaf_count=6 21 11 15 3
internal_value=0 -0.00104021 -0.00186041 -0.00629238
internal_weight=0 6.06212 4.64651 1.40959
internal_count=56 50 29 14
is_linear=0
shrinkage=0.1


Tree=53
num_leaves=7
num_cat=0
split_feature=0 3 3 3 1 1
split_gain=0.00239396 0.00504001 0.0297534 0.00863697 0.00113654 0.000862243
threshold=1.2643683466938413 0.29220511433007668 -0.13079492440245163 -0.73580247387997955 1.3012907136916085 0.88438179476689815
decision_type=2 2 2 2 2 2
left_child=1 2 3 -1 5 -2
right_child=4 -3 -4 -5 -6 -7
leaf_value=-0.021440638893741926 -0.00075035255491142803 0.001045636764266841 0.078399211361856957 0.020085930306653565 0.00011109063802798814 -0.0044668394525828629
leaf_weight=0.10980647057294879 1.16869910992682 2.3084044044371694 0.058674972038716078 0.092089081648737192 3.1810695393942297 1.3400380741804836
leaf_count=7 6 14 5 7 10 7
internal_value=0 0.00253377 0.0157172 -0.00249944 -0.00114403 -0.00273551
internal_weight=0 2.56897 0.260571 0.201896 5.68981 2.50874
internal_count=56 33 19 14 23 13
is_linear=0
shrinkage=0.1


Tree=54
num_leaves=7
num_cat=0
split_feature=0 3 0 3 1 1
split_gain=0.0022603 0.00467415 0.021534 0.00586269 0.00112638 0.000845521
threshold=1.2643683466938413 0.29220511433007668 0.73132156626817435 -1.1329311379771887 1.3012907136916085 0.88438179476689815
decision_type=2 2 2 2 2 2
left_child=1 2 3 -1 5 -2
right_child=4 -3 -4 -5 -6 -7
leaf_value=0.013055794127547494 -0.00072931930441838815 0.001052251547198225 0.051312897117431401 -0.026289889892306906 0.00013899849181621651 -0.0044098020563556216
leaf_weight=0.069764137268066739 1.1686873985454442 2.308063073316589 0.10049043362960219 0.082838611677289009 3.1806468316353858 1.3397221681661902
leaf_count=4 6 14 7 8 10 7
internal_value=0 0.0024669 0.0153677 -0.00830255 -0.00111058 -0.00269504
internal_weight=0 2.56116 0.253093 0.152603 5.68906 2.50841
internal_count=56 33 19 12 23 13
is_linear=0
shrinkage=0.1


Tree=55
num_leaves=8
num_cat=0
split_feature=0 1 0 0 0 1 1
split_gain=0.00211635 0.00353866 0.011934 0.0309593 0.00769024 0.00110868 0.000780204
threshold=1.2643683466938413 1.017597850771212 0.24337357616533886 0.58356327715253109 0.84026244485297485 1.3012907136916085 0.88438179476689815
decision_type=2 2 2 2 2 2 2
left_child=1 2 -1 -4 -5 6 -2
right_child=5 -3 3 4 -6 -7 -8
leaf_value=-0.0165613998680391 -0.00075788515198324676 0.00098116852611837449 0.075068615661196686 -0.022696795902228471 0.024530235939598445 0.00016595424336040651 -0.0042936878105464494
leaf_weight=0.099414431490004396 1.1687179864384236 2.233545107068494 0.079556291922926903 0.082220600917935371 0.05938061885535717 3.1805238840170205 1.3391364743001757
leaf_count=6 6 13 3 7 4 10 7
internal_value=0 0.00239132 0.0122163 0.0251525 -0.00289209 -0.00107373 -0.00264592
internal_weight=0 2.55412 0.320572 0.221158 0.141601 5.68838 2.50785
internal_count=56 33 20 14 11 23 13
is_linear=0
shrinkage=0.1


Tree=56
num_leaves=5
num_cat=0
split_feature=2 1 1 0
split_gain=0.00220446 0.00138342 0.00387933 0.00405921
threshold=0.64953630770264659 0.88438179476689815 1.3012907136916085 2.9127797651151703
decision_type=2 2 2 2
left_child=-1 -2 3 -3
right_child=1 2 -4 -5
leaf_value=0.0027173333080618874 0.0017674241689115016 -0.012858695311282109 8.9833496802755583e-05 -0.0018657952863787184
leaf_weight=2.1909213168546557 1.4018572969362137 0.55469621415249981 3.2330382745712996 0.85161418560892344
leaf_count=6 21 11 15 3
internal_value=0 -0.000985481 -0.00181732 -0.00620177
internal_weight=0 6.04121 4.63935 1.40631
internal_count=56 50 29 14
is_linear=0
shrinkage=0.1


Tree=57
num_leaves=5
num_cat=0
split_feature=2 1 1 0
split_gain=0.00212895 0.00128937 0.00403764 0.00414879
threshold=0.64953630770264659 0.88438179476689815 1.3012907136916085 2.9127797651151703
decision_type=2 2 2 2
left_child=-1 -2 3 -3
right_child=1 2 -4 -5
leaf_value=0.0026722365497793624 0.0016905548026787639 -0.012967974039452336 0.00017465301462544163 -0.0018577512360329149
leaf_weight=2.1886442815884948 1.4013327830471096 0.55525407032109775 3.2345199231058359 0.85158723499625921
leaf_count=6 21 11 15 3
internal_value=0 -0.000967881 -0.00177052 -0.00624275
internal_weight=0 6.04269 4.64136 1.40684
internal_count=56 50 29 14
is_linear=0
shrinkage=0.1


Tree=58
num_leaves=5
num_cat=0
split_feature=2 1 1 0
split_gain=0.002062 0.00120968 0.00355899 0.0036014
threshold=0.64953630770264659 0.88438179476689815 1.3012907136916085 2.9127797651151703
decision_type=2 2 2 2
left_child=-1 -2 3 -3
right_child=1 2 -4 -5
leaf_value=0.0026284331462892723 0.0016219551506114057 -0.012209845419429361 9.533969886148572e-05 -0.001850140464088725
leaf_weight=2.1902504693716764 1.400838865432888 0.5537922237999735 3.2325003114528954 0.85155983828008175
leaf_count=6 21 11 15 3
internal_value=0 -0.000953342 -0.0017312 -0.00593248
internal_weight=0 6.03869 4.63785 1.40535
internal_count=56 50 29 14
is_linear=0
shrinkage=0.1


Tree=59
num_leaves=5
num_cat=0
split_feature=2 1 1 0
split_gain=0.00199893 0.00113043 0.00317751 0.0031622
threshold=0.64953630770264659 0.88438179476689815 1.3012907136916085 2.9127797651151703
decision_type=2 2 2 2
left_child=-1 -2 3 -3
right_child=1 2 -4 -5
leaf_value=0.0025870561504485559 0.0015506390761275352 -0.011558415898857187 3.4131346532382646e-05 -0.0018421119140235309
leaf_weight=2.1911727394908667 1.4003964045550672 0.55214476375840582 3.2316164118237793 0.85153149999678135
leaf_count=6 21 11 15 3
internal_value=0 -0.000939201 -0.00169142 -0.00566408
internal_weight=0 6.03569 4.63529 1.40368
internal_count=56 50 29 14
is_linear=0
shrinkage=0.1


Tree=60
num_leaves=5
num_cat=0
split_feature=2 1 1 0
split_gain=0.00194021 0.00105889 0.00291829 0.00285448
threshold=0.64953630770264659 0.88438179476689815 1.3012907136916085 2.9127797651151703
decision_type=2 2 2 2
left_child=-1 -2 3 -3
right_child=1 2 -4 -5
leaf_value=0.0025483949443142434 0.001484466955120038 -0.011071426405273171 -4.3030203101030997e-07 -0.0018339901952381045
leaf_weight=2.1915317438542843 1.3999848356470463 0.55097917630337157 3.2311524730175734 0.85150254983454943
leaf_count=6 21 11 15 3
internal_value=0 -0.000925635 -0.00165381 -0.00546301
internal_weight=0 6.03362 4.63363 1.40248
internal_count=56 50 29 14
is_linear=0
shrinkage=0.1


Tree=61
num_leaves=5
num_cat=0
split_feature=2 1 1 0
split_gain=0.00188529 0.000993594 0.00270835 0.00260304
threshold=0.64953630770264659 0.88438179476689815 1.3012907136916085 2.9127797651151703
decision_type=2 2 2 2
left_child=-1 -2 3 -3
right_child=1 2 -4 -5
leaf_value=0.0025118579214967658 0.0014222448661115137 -0.010651631685258987 -2.5617818177579329e-05 -0.0018256614435415612
leaf_weight=2.1916975816711783 1.3996001041959969 0.55001474684104301 3.2308357642032206 0.85147340968251228
leaf_count=6 21 11 15 3
internal_value=0 -0.000912685 -0.00161816 -0.00528942
internal_weight=0 6.03192 4.63232 1.40149
internal_count=56 50 29 14
is_linear=0
shrinkage=0.1


Tree=62
num_leaves=4
num_cat=0
split_feature=2 1 3
split_gain=0.0018336 0.000933618 0.00263428
threshold=0.64953630770264659 0.88438179476689815 1.4441494219839492
decision_type=2 2 2
left_child=-1 -2 -3
right_child=1 2 -4
leaf_value=0.0024770502417049041 0.0013633689867707257 -0.0059980418012323192 -0.00029551344417522092
leaf_weight=2.1917698327451944 1.3992385792080311 1.046596160624176 3.5846074968576431
leaf_count=6 21 23 6
internal_value=0 -0.00090029 -0.00158422
internal_weight=0 6.03044 4.6312
internal_count=56 50 29
is_linear=0
shrinkage=0.1


Tree=63
num_leaves=4
num_cat=0
split_feature=2 1 3
split_gain=0.00179299 0.000894995 0.00250716
threshold=0.64953630770264659 0.88438179476689815 1.4441494219839492
decision_type=2 2 2
left_child=-1 -2 -3
right_child=1 2 -4
leaf_value=0.0024494769671764725 0.001326053378421319 -0.0058676356307080044 -0.00030310608053930562
leaf_weight=2.191696472465992 1.3991349530406294 1.0459685935638843 3.5845742374658585
leaf_count=6 21 23 6
internal_value=0 -0.000890353 -0.00156005
internal_weight=0 6.02968 4.63054
internal_count=56 50 29
is_linear=0
shrinkage=0.1


Tree=64
num_leaves=5
num_cat=0
split_feature=2 1 1 0
split_gain=0.00175383 0.000858191 0.00247926 0.00227946
threshold=0.64953630770264659 0.88438179476689815 1.3012907136916085 2.9127797651151703
decision_type=2 2 2 2
left_child=-1 -2 3 -3
right_child=1 2 -4 -5
leaf_value=0.002422598867618214 0.001289763903282364 -0.010079558874548429 -1.3208187617950492e-05 -0.001812773440165174
leaf_weight=2.1916214954108 1.3990376561414448 0.5484337839297948 3.2301866714842618 0.85128546226769686
leaf_count=6 21 11 15 3
internal_value=0 -0.000880651 -0.00153649 -0.00505184
internal_weight=0 6.02894 4.62991 1.39972
internal_count=56 50 29 14
is_linear=0
shrinkage=0.1


Tree=65
num_leaves=5
num_cat=0
split_feature=2 1 1 0
split_gain=0.00170835 0.000811416 0.00219646 0.00170261
threshold=0.64953630770264659 0.81914536243344072 1.3012907136916085 2.9127797651151703
decision_type=2 2 2 2
left_child=-1 -2 3 -3
right_child=1 2 -4 -5
leaf_value=0.0023909022908131534 0.0013082157417773277 -0.008715133038698716 -3.090028894254899e-05 -0.0018049645638173386
leaf_weight=2.1916338102892041 1.3328554620966313 0.61356665473431327 3.229986366815865 0.8512565353885293
leaf_count=6 15 17 15 3
internal_value=0 -0.000869316 -0.00148752 -0.00469941
internal_weight=0 6.02767 4.69481 1.46482
internal_count=56 50 35 20
is_linear=0
shrinkage=0.1


Tree=66
num_leaves=4
num_cat=0
split_feature=2 1 3
split_gain=0.00164339 0.000788313 0.0022985
threshold=0.64953630770264659 0.88438179476689815 1.4441494219839492
decision_type=2 2 2
left_child=-1 -2 -3
right_child=1 2 -4
leaf_value=0.0023450294822256971 0.0012278877642156016 -0.0056108272819844936 -0.00027875557711332013
leaf_weight=2.1915193069726229 1.3984374352730808 1.0439043026417492 3.5842683017253876
leaf_count=6 21 23 6
internal_value=0 -0.000852748 -0.00148143
internal_weight=0 6.02661 4.62817
internal_count=56 50 29
is_linear=0
shrinkage=0.1


Tree=67
num_leaves=4
num_cat=0
split_feature=2 1 3
split_gain=0.00160897 0.000756036 0.00219006
threshold=0.64953630770264659 0.88438179476689815 1.4441494219839492
decision_type=2 2 2
left_child=-1 -2 -3
right_child=1 2 -4
leaf_value=0.0023203554336018572 0.0011937939138641843 -0.0054916817808077813 -0.00028584317156500052
leaf_weight=2.1914408365264535 1.398359441431239 1.0433551985770462 3.5842358320951462
leaf_count=6 21 23 6
internal_value=0 -0.000843842 -0.00145957
internal_weight=0 6.02595 4.62759
internal_count=56 50 29
is_linear=0
shrinkage=0.1


Tree=68
num_leaves=5
num_cat=0
split_feature=2 1 1 0
split_gain=0.00157567 0.00072531 0.00216469 0.00187087
threshold=0.64953630770264659 0.88438179476689815 1.3012907136916085 2.9127797651151703
decision_type=2 2 2 2
left_child=-1 -2 3 -3
right_child=1 2 -4 -5
leaf_value=0.0022962485264633814 0.0011607149980707528 -0.0092921072313069657 -1.5381393524613273e-05 -0.0017943447173570251
leaf_weight=2.1913606757298112 1.3982867321465162 0.54649447673000373 3.229458992369473 0.85107773169875145
leaf_count=6 21 11 15 3
internal_value=0 -0.000835122 -0.00143826 -0.0047262
internal_weight=0 6.02532 4.62703 1.39757
internal_count=56 50 29 14
is_linear=0
shrinkage=0.1


Tree=69
num_leaves=4
num_cat=0
split_feature=2 1 3
split_gain=0.00153763 0.000683387 0.00204776
threshold=0.64953630770264659 0.88438179476689815 1.4441494219839492
decision_type=2 2 2
left_child=-1 -2 -3
right_child=1 2 -4
leaf_value=0.002268331670029738 0.0011123979909855284 -0.0053121548127904828 -0.0002760745349440512
leaf_weight=2.1913170823827386 1.3980102534405885 1.0421930789016185 3.5840679258108139
leaf_count=6 21 23 6
internal_value=0 -0.000825098 -0.00141059
internal_weight=0 6.02427 4.62626
internal_count=56 50 29
is_linear=0
shrinkage=0.1


Tree=70
num_leaves=8
num_cat=0
split_feature=0 3 0 1 3 1 1
split_gain=0.00151491 0.00270325 0.0234788 0.0141952 0.00318621 0.000768612 0.000441334
threshold=1.2643683466938413 0.4001754518842196 0.63127604271403948 0.96241769986595072 -0.45914525472514661 1.3012907136916085 0.88438179476689815
decision_type=2 2 2 2 2 2 2
left_child=1 2 4 -4 -1 6 -2
right_child=5 -3 3 -5 -6 -7 -8
leaf_value=-0.0014420731760227022 -0.00079841299058807389 0.00085043621584167536 0.0047679793394355338 0.067828253416673534 -0.030692153321652323 0.00012529823393955648 -0.0034600608579317921
leaf_weight=0.071105405222624873 1.1684735640883448 2.238967051031068 0.064295203424990177 0.080254327040165663 0.078194663627073169 3.1792285111732781 1.3343990663997827
leaf_count=5 6 11 4 6 7 10 7
internal_value=0 0.00203397 0.0110518 0.0397792 -0.0167616 -0.00090665 -0.00221746
internal_weight=0 2.53282 0.29385 0.14455 0.1493 5.6821 2.50287
internal_count=56 33 22 10 12 23 13
is_linear=0
shrinkage=0.1


Tree=71
num_leaves=7
num_cat=0
split_feature=0 2 1 0 0 3
split_gain=0.00139131 0.000756329 0.000396319 0.0144907 0.0227524 0.00037071
threshold=1.4749631837381163 0.74055752629857319 1.017597850771212 0.73132156626817435 0.24337357616533886 2.1818277475212766
decision_type=2 2 2 2 2 2
left_child=2 -2 3 4 -1 -4
right_child=1 -3 5 -5 -6 -7
leaf_value=-0.017484672556553026 0.00012538421121870849 -0.00238028868031827 -0.00044723047892515329 -0.027207987828341853 0.048141194486532153 0.0019387672247112764
leaf_weight=0.093921288847923612 2.4826184771955013 2.3401965599041432 0.93728021951392326 0.096605014055967331 0.12074949289672077 2.133198618888855
leaf_count=6 8 11 13 8 8 2
internal_value=0 -0.00109045 0.00155511 0.00495514 0.019429 0.00121043
internal_weight=0 4.82282 3.38175 0.311276 0.214671 3.07048
internal_count=56 19 37 22 14 15
is_linear=0
shrinkage=0.1


Tree=72
num_leaves=5
num_cat=0
split_feature=2 1 1 0
split_gain=0.00160452 0.000675012 0.00201806 0.00172985
threshold=0.64953630770264659 0.81914536243344072 1.3012907136916085 2.9127797651151703
decision_type=2 2 2 2
left_child=-1 -2 3 -3
right_child=1 2 -4 -5
leaf_value=0.0023186750930778112 0.0011491135002536328 -0.0085632469228620438 -1.1954029937860047e-05 -0.0015805115946345245
leaf_weight=2.187959841452539 1.3246195050887761 0.60872825281694509 3.2266051010228693 0.85042435582727194
leaf_count=6 15 17 15 3
internal_value=0 -0.000844078 -0.00140753 -0.00449356
internal_weight=0 6.01038 4.68576 1.45915
internal_count=56 50 35 20
is_linear=0
shrinkage=0.1


Tree=73
num_leaves=9
num_cat=0
split_feature=2 1 3 3 0 3 0 1
split_gain=0.00154783 0.000617092 0.00190261 0.0197076 0.0314862 0.0135586 0.0324448 0.0428475
threshold=0.64953630770264659 0.81914536243344072 1.4441494219839492 1.173164018408813 2.9127797651151703 -1.4661010952972846 0.73132156626817435 1.1045335199381789
decision_type=2 2 2 2 2 2 2 2
left_child=-1 -2 3 4 5 -3 -7 -8
right_child=1 2 -4 -5 -6 6 7 -9
leaf_value=0.0022773722913408084 0.0010767867622377459 0.037096385361061475 -0.00025099310188274256 0.0023568466966027348 -0.1056605966823542 -0.09000467950397685 -0.064893270839348163 0.058284485235710587
leaf_weight=2.1878528762608767 1.3243983681313691 0.042750043794512305 3.5839880555868149 0.84515374898910522 0.044608548749238253 0.053828886477276905 0.050409097922965884 0.064212203491479158
leaf_count=6 15 2 6 2 5 9 6 5
internal_value=0 -0.000829132 -0.00136792 -0.00500388 -0.0293226 -0.0131989 -0.0259631 0.00411236
internal_weight=0 6.00935 4.68495 1.10096 0.255809 0.2112 0.16845 0.114621
internal_count=56 50 35 29 27 22 20 11
is_linear=0
shrinkage=0.1


Tree=74
num_leaves=5
num_cat=0
split_feature=2 1 1 0
split_gain=0.00140523 0.000528452 0.0018919 0.00139639
threshold=0.64953630770264659 1.3012907136916085 0.81914536243344072 2.9127797651151703
decision_type=2 2 2 2
left_child=-1 2 -2 -4
right_child=1 -3 3 -5
leaf_value=0.0021695471550655827 0.00093240158574884897 7.996582310687103e-05 -0.0079864074219379161 -0.001687915214375671
leaf_weight=2.1868139188736677 1.3218750278465452 3.2155774831771851 0.60105147981084861 0.84946744935587049
leaf_count=6 15 15 17 3
internal_value=0 -0.000792324 -0.00180406 -0.00429782
internal_weight=0 5.98797 2.77239 1.45052
internal_count=56 50 35 20
is_linear=0
shrinkage=0.1


Tree=75
num_leaves=5
num_cat=0
split_feature=2 1 1 0
split_gain=0.00135866 0.000489773 0.0017349 0.00124348
threshold=0.64953630770264659 1.3012907136916085 0.81914536243344072 2.9127797651151703
decision_type=2 2 2 2
left_child=-1 2 -2 -4
right_child=1 -3 3 -5
leaf_value=0.0021332853386491278 0.0008670951372366176 6.0557416455701734e-05 -0.0076250987280478385 -0.0016798105116735719
leaf_weight=2.1867521610110998 1.321699090767652 3.215376881416887 0.60049378848634638 0.84944348176941276
leaf_count=6 15 15 17 3
internal_value=0 -0.000779182 -0.00175336 -0.00414206
internal_weight=0 5.98701 2.77164 1.44994
internal_count=56 50 35 20
is_linear=0
shrinkage=0.1


Tree=76
num_leaves=5
num_cat=0
split_feature=2 1 1 0
split_gain=0.00131469 0.000456404 0.00164514 0.00133111
threshold=0.64953630770264659 1.3012907136916085 0.88438179476689815 2.9127797651151703
decision_type=2 2 2 2
left_child=-1 2 -2 -4
right_child=1 -3 3 -5
leaf_value=0.0020985123623804909 0.00073483980518767862 4.4053950773674187e-05 -0.0080248739399096276 -0.0016717561359431501
leaf_weight=2.1866459706798196 1.3824447176884862 3.2152196327224374 0.53910145955160238 0.84941983828321099
leaf_count=6 21 15 11 3
internal_value=0 -0.000766552 -0.00170712 -0.00413839
internal_weight=0 5.98619 2.77097 1.38852
internal_count=56 50 35 14
is_linear=0
shrinkage=0.1


Tree=77
num_leaves=5
num_cat=0
split_feature=2 1 1 0
split_gain=0.00128872 0.000431353 0.00154857 0.00122868
threshold=0.64953630770264659 1.3012907136916085 0.88438179476689815 2.9127797651151703
decision_type=2 2 2 2
left_child=-1 2 -2 -4
right_child=1 -3 3 -5
leaf_value=0.002077673900931823 0.00069572177086884689 2.8996163710701941e-05 -0.0077689212047313549 -0.0016636003010820394
leaf_weight=2.186593976803124 1.3822303088381889 3.2150826808065176 0.53866676357574739 0.84940200299024582
leaf_count=6 21 15 11 3
internal_value=0 -0.000759025 -0.00167357 -0.00403289
internal_weight=0 5.98538 2.7703 1.38807
internal_count=56 50 35 14
is_linear=0
shrinkage=0.1


Tree=78
num_leaves=5
num_cat=0
split_feature=2 1 1 0
split_gain=0.00126359 0.000408713 0.00145956 0.00113575
threshold=0.64953630770264659 1.3012907136916085 0.88438179476689815 2.9127797651151703
decision_type=2 2 2 2
left_child=-1 2 -2 -4
right_child=1 -3 3 -5
leaf_value=0.0020573311077434673 0.00065825800423975297 1.5384254717589523e-05 -0.0075267313992875839 -0.0016554857928817645
leaf_weight=2.1865162262693048 1.3820261913351717 3.2149665546603501 0.53827195847406961 0.84938380029052496
leaf_count=6 21 15 11 3
internal_value=0 -0.000751653 -0.00164201 -0.00393294
internal_weight=0 5.98465 2.76968 1.38766
internal_count=56 50 35 14
is_linear=0
shrinkage=0.1


Tree=79
num_leaves=9
num_cat=0
split_feature=2 3 3 0 0 0 3 0
split_gain=0.00127106 0.000782214 0.0216159 0.0259516 0.0148734 0.0108716 0.0124254 0.0107676
threshold=0.70864951048492697 1.4441494219839492 1.173164018408813 1.0633385674757456 2.2091457233051037 0.63127604271403948 -1.1329311379771887 0.34334354381867666
decision_type=2 2 2 2 2 2 2 2
left_child=-1 2 3 5 -5 6 -2 -8
right_child=1 -3 -4 4 -6 -7 7 -9
leaf_value=0.0017730174784122651 0.020971339251952405 -0.00023689221370600205 0.0053168547821465569 -0.12590688460112406 -0.040315953585531944 0.021952347286292209 -0.019280750791145412 -0.082026198330359151
leaf_weight=2.7047980460338295 0.048662202898412721 4.2478448748588562 0.86968881450593472 0.03166164131835103 0.056591854197904468 0.081675230991095304 0.090229252353310585 0.039245750522240996
leaf_count=12 3 6 3 4 8 6 6 8
internal_value=0 -0.000877422 -0.00311176 -0.0241718 -0.0710224 -0.00825747 -0.0221086 -0.0382998
internal_weight=0 5.4656 1.21775 0.348066 0.0882535 0.259812 0.178137 0.129475
internal_count=56 44 38 35 12 23 17 14
is_linear=0
shrinkage=0.1


Tree=80
num_leaves=7
num_cat=0
split_feature=0 1 0 3 2 3
split_gain=0.00125603 0.000454868 0.000837789 0.00044765 0.011899 0.0103957
threshold=1.4749631837381163 1.8002664555954018 2.9127797651151703 1.4441494219839492 0.80654698794473079 -0.45914525472514661
decision_type=2 2 2 2 2 2
left_child=3 2 -2 4 -1 -6
right_child=1 -3 -4 -5 5 -7
leaf_value=0.0072235884278931718 -0.00063558708491977256 -1.4765119435574871e-05 -0.0044684746570126241 0.00062857277539283358 -0.054950641700760583 -0.0036333328647641448
leaf_weight=1.0130349041428419 1.6478863204829397 2.2895826795138419 0.87206096341833461 2.1551779266446829 0.059468438848853111 0.11741677788086224
leaf_count=18 9 4 6 4 6 9
internal_value=0 -0.00103502 -0.00196201 0.00148814 0.003045 -0.0208861
internal_weight=0 4.80953 2.51995 3.3451 1.18992 0.176885
internal_count=56 19 15 37 33 15
is_linear=0
shrinkage=0.1


Tree=81
num_leaves=7
num_cat=0
split_feature=0 3 3 1 1 1
split_gain=0.00138042 0.0051153 0.0178664 0.00338315 0.000683788 0.000412642
threshold=1.2643683466938413 0.4001754518842196 -1.0000000180025095e-35 1.017597850771212 1.3012907136916085 0.88438179476689815
decision_type=2 2 2 2 2 2
left_child=1 2 3 -1 5 -2
right_child=4 -3 -4 -5 -6 -7
leaf_value=0.0060877567662629513 -0.00072630674923679817 0.00041441362614597576 0.051131493510756035 -0.023876232838791672 0.00011299135703374273 -0.0033035931837608183
leaf_weight=0.11288848379626903 1.1655785446055236 2.2246237632352859 0.090434574522078037 0.056560008553788066 3.1697363234125078 1.330174036324024
leaf_count=8 6 11 6 8 10 7
internal_value=0 0.00196529 0.0152409 -0.00391389 -0.000861844 -0.00209994
internal_weight=0 2.48451 0.259883 0.169448 5.66549 2.49575
internal_count=56 33 22 16 23 13
is_linear=0
shrinkage=0.1


Tree=82
num_leaves=7
num_cat=0
split_feature=0 3 3 1 1 1
split_gain=0.0012704 0.00387932 0.0127435 0.0036484 0.000643974 0.000374148
threshold=1.2643683466938413 0.4001754518842196 -1.0000000180025095e-35 1.017597850771212 1.3012907136916085 0.88438179476689815
decision_type=2 2 2 2 2 2
left_child=1 2 3 -1 5 -2
right_child=4 -3 -4 -5 -6 -7
leaf_value=0.0076134333074754749 -0.00072039223036476007 0.00054675466981474413 0.044175332102259726 -0.023866378010716151 0.00011952202198007535 -0.0031748151100154352
leaf_weight=0.1121093146502975 1.165583393070847 2.2254042627755553 0.088732900097966194 0.054818111704662442 3.1694481926970184 1.3294886813964693
leaf_count=8 6 11 6 8 10 7
internal_value=0 0.00188701 0.0135533 -0.00272438 -0.000826502 -0.00202822
internal_weight=0 2.48106 0.25566 0.166927 5.66452 2.49507
internal_count=56 33 22 16 23 13
is_linear=0
shrinkage=0.1


Tree=83
num_leaves=8
num_cat=0
split_feature=0 3 1 3 1 1 1
split_gain=0.00118671 0.00325366 0.0143108 0.00910121 0.00619656 0.000612244 0.000346044
threshold=1.2643683466938413 0.4001754518842196 0.72324223077275229 -0.73580247387997955 1.017597850771212 1.3012907136916085 0.88438179476689815
decision_type=2 2 2 2 2 2 2
left_child=1 2 -1 -4 -5 6 -2
right_child=5 -3 3 4 -6 -7 -8
leaf_value=-0.026858192638771469 -0.00071303188367942221 0.00060203286014247619 0.0011759990846959456 0.067902330464274338 0.019529479404270758 0.00012368206638307686 -0.0030737040962509022
leaf_weight=0.067560786381364202 1.1655878159217539 2.2260390114970505 0.079129001125693654 0.05827978719025817 0.048536190995946527 3.1691708299331367 1.3289227478671817
leaf_count=5 6 11 6 4 7 10 7
internal_value=0 0.00182447 0.0125587 0.0268804 0.0459222 -0.000798747 -0.00197065
internal_weight=0 2.47954 0.253506 0.185945 0.106816 5.66368 2.49451
internal_count=56 33 22 17 11 23 13
is_linear=0
shrinkage=0.1


Tree=84
num_leaves=7
num_cat=0
split_feature=0 3 3 3 1 1
split_gain=0.00121863 0.00325172 0.0106446 0.00351013 0.000626003 0.000345114
threshold=1.2643683466938413 0.4001754518842196 -1.0000000180025095e-35 -0.45914525472514661 1.3012907136916085 0.88438179476689815
decision_type=2 2 2 2 2 2
left_child=1 2 3 -1 5 -2
right_child=4 -3 -4 -5 -6 -7
leaf_value=0.0079374742946309619 -0.00073745113634535056 0.00064327152904444579 0.041647030503872556 -0.023458833148181906 0.00012429378614255436 -0.0030948692700937977
leaf_weight=0.11077978275716338 1.1656027105636897 2.2240470279939473 0.084042320027947426 0.052478311117738485 3.1690951245836914 1.329099749214947
leaf_count=9 6 11 6 7 10 7
internal_value=0 0.00185284 0.0127309 -0.00215468 -0.00080848 -0.00199341
internal_weight=0 2.47135 0.2473 0.163258 5.6638 2.4947
internal_count=56 33 22 16 23 13
is_linear=0
shrinkage=0.1


Tree=85
num_leaves=7
num_cat=0
split_feature=0 3 3 3 1 1
split_gain=0.0011082 0.00264603 0.00697256 0.00234016 0.000596543 0.000314186
threshold=1.2643683466938413 0.4001754518842196 -1.0000000180025095e-35 -0.45914525472514661 1.3012907136916085 0.88438179476689815
decision_type=2 2 2 2 2 2
left_child=1 2 3 -1 5 -2
right_child=4 -3 -4 -5 -6 -7
leaf_value=0.0077555079239924069 -0.00072964427990292982 0.00068113535731572478 0.035103108108199686 -0.018046647564743352 0.00013956278434970661 -0.0029792036654417778
leaf_weight=0.11000030115246806 1.1656080982647838 2.2251714053563774 0.083451208658516407 0.051658009178936481 3.1690437807701528 1.3284542341716585
leaf_count=9 6 11 6 7 10 7
internal_value=0 0.00176737 0.0116285 -0.000489586 -0.000770943 -0.00192786
internal_weight=0 2.47028 0.24511 0.161658 5.66311 2.49406
internal_count=56 33 22 16 23 13
is_linear=0
shrinkage=0.1


Tree=86
num_leaves=8
num_cat=0
split_feature=0 1 0 3 2 2 0
split_gain=0.00103282 0.000369128 0.000872663 0.000251885 0.0126682 0.00547523 0.000212901
threshold=1.4749631837381163 1.8002664555954018 2.9127797651151703 1.4441494219839492 0.80654698794473079 0.89305184879756738 0.24337357616533886
decision_type=2 2 2 2 2 2 2
left_child=3 2 -2 4 -1 6 -6
right_child=1 -3 -4 -5 5 -7 -8
leaf_value=0.0068862194274029237 -0.00041815697872059885 -1.833180451218945e-05 -0.0043312114039080673 0.00071511264590680065 -0.042802379549890829 -0.0023911642996954589 -0.033418340705024016
leaf_weight=0.99377236980944894 1.6463007163256409 2.2896569869481027 0.87168320873752225 2.1586380014196038 0.049571310169994831 0.076226552948355675 0.047194239450618625
leaf_count=18 9 4 6 4 4 5 6
internal_value=0 -0.000937223 -0.00177279 0.00135497 0.00253877 -0.0224357 -0.0382256
internal_weight=0 4.80764 2.51798 3.3254 1.16676 0.172992 0.0967655
internal_count=56 19 15 37 33 15 10
is_linear=0
shrinkage=0.1


Tree=87
num_leaves=4
num_cat=0
split_feature=0 1 1
split_gain=0.0010924 0.000557389 0.000272095
threshold=1.2643683466938413 1.3012907136916085 0.88438179476689815
decision_type=2 2 2
left_child=-1 2 -2
right_child=1 -3 -4
leaf_value=0.0017579505667525885 -0.00076825642178970129 0.00011535585128981197 -0.0028619862844834589
leaf_weight=2.4632004024460912 1.1654887567274275 3.168550287373364 1.3278699500951914
leaf_count=33 6 10 7
internal_value=0 -0.0007648 -0.0018833
internal_weight=0 5.66191 2.49336
internal_count=56 23 13
is_linear=0
shrinkage=0.1


Tree=88
num_leaves=4
num_cat=0
split_feature=0 1 1
split_gain=0.00106982 0.00055024 0.000266174
threshold=1.2643683466938413 1.3012907136916085 0.88438179476689815
decision_type=2 2 2
left_child=-1 2 -2
right_child=1 -3 -4
leaf_value=0.0017397614879589374 -0.00076536767786840668 0.00011763459417786899 -0.0028362306247581453
leaf_weight=2.4630371653474867 1.1654980927705767 3.1685601808130741 1.3277554649394003
leaf_count=33 6 10 7
internal_value=0 -0.000756846 -0.00186818
internal_weight=0 5.66181 2.49325
internal_count=56 23 13
is_linear=0
shrinkage=0.1


Tree=89
num_leaves=4
num_cat=0
split_feature=0 1 1
split_gain=0.0010478 0.000543247 0.000260384
threshold=1.2643683466938413 1.3012907136916085 0.88438179476689815
decision_type=2 2 2
left_child=-1 2 -2
right_child=1 -3 -4
leaf_value=0.0017218213181074225 -0.00076257425524230117 0.00011987993335654161 -0.002810824789601785
leaf_weight=2.4628771257121116 1.1655072672292592 3.1685700630769134 1.3276428941171614
leaf_count=33 6 10 7
internal_value=0 -0.000749014 -0.0018533
internal_weight=0 5.66172 2.49315
internal_count=56 23 13
is_linear=0
shrinkage=0.1


Tree=90
num_leaves=4
num_cat=0
split_feature=0 1 1
split_gain=0.00102629 0.000536363 0.000254744
threshold=1.2643683466938413 1.3012907136916085 0.88438179476689815
decision_type=2 2 2
left_child=-1 2 -2
right_child=1 -3 -4
leaf_value=0.001704127779243227 -0.00075975358930257348 0.00012208432916299477 -0.0027857360182257269
leaf_weight=2.4627210004255176 1.1655166856944563 3.1685803374275565 1.3275322816334663
leaf_count=33 6 10 7
internal_value=0 -0.000741275 -0.00183858
internal_weight=0 5.66163 2.49305
internal_count=56 23 13
is_linear=0
shrinkage=0.1


Tree=91
num_leaves=4
num_cat=0
split_feature=0 1 1
split_gain=0.0010053 0.00052961 0.000249226
threshold=1.2643683466938413 1.3012907136916085 0.88438179476689815
decision_type=2 2 2
left_child=-1 2 -2
right_child=1 -3 -4
leaf_value=0.0016866733239834502 -0.00075700553710329548 0.00012424429576062207 -0.0027609610430205603
leaf_weight=2.462567659560591 1.1655256832018497 3.1685906909406185 1.3274232745170591
leaf_count=33 6 10 7
internal_value=0 -0.000733651 -0.00182405
internal_weight=0 5.66154 2.49295
internal_count=56 23 13
is_linear=0
shrinkage=0.1


Tree=92
num_leaves=4
num_cat=0
split_feature=0 1 1
split_gain=0.000984801 0.000522999 0.000243846
threshold=1.2643683466938413 1.3012907136916085 0.88438179476689815
decision_type=2 2 2
left_child=-1 2 -2
right_child=1 -3 -4
leaf_value=0.0016694539331953498 -0.0007542929063855694 0.00012638620170936596 -0.0027365336948630041
leaf_weight=2.4624179336242378 1.1655348334461453 3.1686010370030999 1.3273162378463892
leaf_count=33 6 10 7
internal_value=0 -0.000726127 -0.00180974
internal_weight=0 5.66145 2.49285
internal_count=56 23 13
is_linear=0
shrinkage=0.1


Tree=93
num_leaves=4
num_cat=0
split_feature=0 1 1
split_gain=0.000964862 0.000516523 0.00023862
threshold=1.2643683466938413 1.3012907136916085 0.88438179476689815
decision_type=2 2 2
left_child=-1 2 -2
right_child=1 -3 -4
leaf_value=0.0016525271951015183 -0.00075159677034485528 0.00012847325619045916 -0.0027125113354627725
leaf_weight=2.4622721238993108 1.1655440274626019 3.1686119046062231 1.3272114307619629
leaf_count=33 6 10 7
internal_value=0 -0.000718733 -0.00179564
internal_weight=0 5.66137 2.49276
internal_count=56 23 13
is_linear=0
shrinkage=0.1


Tree=94
num_leaves=4
num_cat=0
split_feature=2 1 1
split_gain=0.000947554 0.00061181 0.000200909
threshold=0.70864951048492697 1.3012907136916085 0.88438179476689815
decision_type=2 2 2
left_child=-1 2 -2
right_child=1 -3 -4
leaf_value=0.0015346856406674187 -0.0012615751862552586 0.00012400920941430088 -0.0032026504492760331
leaf_weight=2.6905967341735959 1.3402091229800137 3.2070317212492228 0.88557495293207456
leaf_count=12 20 15 9
internal_value=0 -0.000760059 -0.00203387
internal_weight=0 5.43282 2.22578
internal_count=56 44 29
is_linear=0
shrinkage=0.1


Tree=95
num_leaves=4
num_cat=0
split_feature=0 1 1
split_gain=0.000950582 0.000510782 0.000233442
threshold=1.2643683466938413 1.3012907136916085 0.88438179476689815
decision_type=2 2 2
left_child=-1 2 -2
right_child=1 -3 -4
leaf_value=0.0016404757987739278 -0.00075162655646352741 0.000129113817416329 -0.0026912061005597491
leaf_weight=2.4617458982393146 1.1654771766625347 3.1686222702264786 1.327128433389589
leaf_count=33 6 10 7
internal_value=0 -0.000713355 -0.00178431
internal_weight=0 5.66123 2.49261
internal_count=56 23 13
is_linear=0
shrinkage=0.1


Tree=96
num_leaves=4
num_cat=0
split_feature=0 1 1
split_gain=0.000931481 0.000504523 0.000228438
threshold=1.2643683466938413 1.3012907136916085 0.88438179476689815
decision_type=2 2 2
left_child=-1 2 -2
right_child=1 -3 -4
leaf_value=0.0016239709523594881 -0.00074901269178480291 0.00013113723797395933 -0.0026677239088172952
leaf_weight=2.461605672724545 1.1654863115400078 3.1686332933604717 1.3270268486812709
leaf_count=33 6 10 7
internal_value=0 -0.000706143 -0.00177054
internal_weight=0 5.66115 2.49251
internal_count=56 23 13
is_linear=0
shrinkage=0.1


Tree=97
num_leaves=4
num_cat=0
split_feature=2 1 0
split_gain=0.000936513 0.000621857 0.000504035
threshold=0.70864951048492697 0.72324223077275229 1.6286102616870635
decision_type=2 2 2
left_child=-1 -2 -3
right_child=1 2 -4
leaf_value=0.0015258051606631062 -0.002707330156657424 0.0017950616017046684 -0.00078347122044189
leaf_weight=2.6902983263134956 1.2553175445646045 0.99519863608293224 3.1817209904547781
leaf_count=12 12 19 13
internal_value=0 -0.000755656 -0.000169106
internal_weight=0 5.43224 4.17692
internal_count=56 44 32
is_linear=0
shrinkage=0.1


Tree=98
num_leaves=4
num_cat=0
split_feature=0 1 1
split_gain=0.000924199 0.000501454 0.000225495
threshold=1.2643683466938413 1.3012907136916085 0.88438179476689815
decision_type=2 2 2
left_child=-1 2 -2
right_child=1 -3 -4
leaf_value=0.0016178651112207995 -0.00074954041199731033 0.00013138638712716628 -0.002655908483803465
leaf_weight=2.4610059114638716 1.1653807209804656 3.1686447858810425 1.3269921552855519
leaf_count=33 6 10 7
internal_value=0 -0.000703328 -0.00176453
internal_weight=0 5.66102 2.49237
internal_count=56 23 13
is_linear=0
shrinkage=0.1


Tree=99
num_leaves=4
num_cat=0
split_feature=2 1 0
split_gain=0.000929334 0.000596997 0.000485954
threshold=0.70864951048492697 0.72324223077275229 1.6286102616870635
decision_type=2 2 2
left_child=-1 -2 -3
right_child=1 2 -4
leaf_value=0.0015199961641926768 -0.0026654444093630121 0.0017506150712056732 -0.00078136261406634971
leaf_weight=2.6901229619979858 1.2548965546302495 0.99507735157385457 3.1817112534772605
leaf_count=12 12 19 13
internal_value=0 -0.000752792 -0.000178145
internal_weight=0 5.43169 4.17679
internal_count=56 44 32
is_linear=0
shrinkage=0.1


end of trees

feature_importances:
distance_verb=187
distance_pron=148
ltq_score=129
emotion_dist=110

parameters:
[boosting: gbdt]
[objective: lambdarank]
[metric: ndcg]
[tree_learner: serial]
[device_type: cpu]
[data: ]
[valid: ]
[num_iterations: 100]
[learning_rate: 0.1]
[num_leaves: 16]
[num_threads: 6]
[deterministic: 0]
[force_col_wise: 0]
[force_row_wise: 0]
[histogram_pool_size: -1]
[max_depth: -1]
[min_data_in_leaf: 5]
[min_sum_hessian_in_leaf: 0.001]
[bagging_fraction: 1]
[pos_bagging_fraction: 1]
[neg_bagging_fraction: 1]
[bagging_freq: 0]
[bagging_seed: 3]
[feature_fraction: 1]
[feature_fraction_bynode: 1]
[feature_fraction_seed: 2]
[extra_trees: 0]
[extra_seed: 6]
[early_stopping_round: 0]
[first_metric_only: 0]
[max_delta_step: 0]
[lambda_l1: 0]
[lambda_l2: 0]
[linear_lambda: 0]
[min_gain_to_split: 0]
[drop_rate: 0.1]
[max_drop: 50]
[skip_drop: 0.5]
[xgboost_dart_mode: 0]
[uniform_drop: 0]
[drop_seed: 4]
[top_rate: 0.2]
[other_rate: 0.1]
[min_data_per_group: 100]
[max_cat_threshold: 32]
[cat_l2: 10]
[cat_smooth: 10]
[max_cat_to_onehot: 4]
[top_k: 20]
[monotone_constraints: ]
[monotone_constraints_method: basic]
[monotone_penalty: 0]
[feature_contri: ]
[forcedsplits_filename: ]
[refit_decay_rate: 0.9]
[cegb_tradeoff: 1]
[cegb_penalty_split: 0]
[cegb_penalty_feature_lazy: ]
[cegb_penalty_feature_coupled: ]
[path_smooth: 0]
[interaction_constraints: ]
[verbosity: 1]
[saved_feature_importance_type: 0]
[linear_tree: 0]
[max_bin: 255]
[max_bin_by_feature: ]
[min_data_in_bin: 3]
[bin_construct_sample_cnt: 200000]
[data_random_seed: 1]
[is_enable_sparse: 1]
[enable_bundle: 1]
[use_missing: 1]
[zero_as_missing: 0]
[feature_pre_filter: 1]
[pre_partition: 0]
[two_round: 0]
[header: 0]
[label_column: ]
[weight_column: ]
[group_column: ]
[ignore_column: ]
[categorical_feature: ]
[forcedbins_filename: ]
[precise_float_parser: 0]
[parser_config_file: ]
[objective_seed: 5]
[num_class: 1]
[is_unbalance: 0]
[scale_pos_weight: 1]
[sigmoid: 1]
[boost_from_average: 1]
[reg_sqrt: 0]
[alpha: 0.9]
[fair_c: 1]
[poisson_max_delta_step: 0.7]
[tweedie_variance_power: 1.5]
[lambdarank_truncation_level: 30]
[lambdarank_norm: 1]
[label_gain: ]
[eval_at: 1,2,3,4,5]
[multi_error_top_k: 1]
[auc_mu_weights: ]
[num_machines: 1]
[local_listen_port: 12400]
[time_out: 120]
[machine_list_filename: ]
[machines: ]
[gpu_platform_id: -1]
[gpu_device_id: -1]
[gpu_use_dp: 0]
[num_gpu: 1]

end of parameters

pandas_categorical:null
