tree
version=v4
num_class=1
num_tree_per_iteration=1
label_index=0
max_feature_idx=3
objective=lambdarank
feature_names=distance_pron distance_verb emotion_dist ltq_score
feature_infos=[0.27804977683444448:3.5964783406225025] [0.35395498821620697:2.8252179889866906] [0:0.96611509153318287] [-1.8206916591464202:2.7045338562232453]
tree_sizes=1157 1043 1153 1055 1063 1053 1166 1166 1270 1058 1170 1169 964 1185 1286 970 1284 1070 1299 1183 1082 1074 763 1192 977 1190 1087 1086 1182 1085 871 1091 1197 879 1096 879 878 981 881 1204 772 772 666 988 975 881 781 1088 454 450 454 878 452 453 455 883 453 1090 456 456 456 880 455 452 456 882 883 457 878 456 985 982 884 986 1086 1086 456 457 1091 1090 986 457 458 458 456 458 1201 455 457 455 457 458 458 457 563 562 564 565 565 564

Tree=0
num_leaves=10
num_cat=0
split_feature=3 0 0 1 3 2 1 0 3
split_gain=2.19505 1.63791 1.1871 0.746229 0.548632 0.314945 0.426626 0.183254 0.0187677
threshold=-1.0000000180025095e-35 0.97627617846563985 0.31604711770528088 2.1373434441923091 0.6402154300538393 0.80542564975011699 1.0104035336763768 1.449838664131895 -0.32842554190788525
decision_type=2 2 2 2 2 2 2 2 2
left_child=2 -2 -1 5 -3 8 -7 -6 -4
right_child=1 4 3 -5 7 6 -8 -9 -10
leaf_value=0.063330929971472411 -0.061630120967161695 0.19999999999999976 -0.19734558849900782 0.020206612008841898 0.040484492887213203 -0.020697857077364993 -0.16596626665672026 0.12692572011729583 -0.16409290679699665
leaf_weight=0.55433315038681064 0.65899951383471522 0.61292827129363991 0.41610094159841537 0.3908159527927636 0.54182051867246628 0.41035953909158707 0.39847290888428688 0.4480652641505003 0.286660525947809
leaf_count=3 8 4 7 5 8 7 4 6 4
internal_value=0 0.0710836 -0.0654435 -0.102966 0.125649 -0.134812 -0.0922646 0.0796115 -0.183782
internal_weight=0 2.26181 2.45674 1.90241 1.60281 1.51159 0.808832 0.989886 0.702761
internal_count=56 26 30 27 18 22 11 14 11
is_linear=0
shrinkage=0.1


Tree=1
num_leaves=9
num_cat=0
split_feature=2 1 1 0 1 0 3 3
split_gain=8.89458 3.9389 4.03033 2.08211 1.49089 0.98504 0.480152 0.0677181
threshold=0.78189692106282205 0.96241769986595072 0.41526584284746321 1.1944760193562665 0.96241769986595072 0.86061837958508181 1.4441494219839492 -0.52639910046519156
decision_type=2 2 2 2 2 2 2 2
left_child=1 2 -1 -3 5 -2 -4 -6
right_child=4 3 6 -5 7 -7 -8 -9
leaf_value=0.14140185195190755 0.0091002442167129431 0.13304689622272564 -0.17184911590131954 0.037399558204050345 -0.15052801108172509 -0.14652344965199041 -0.080445269829125837 -0.18426762809208433
leaf_weight=0.76863183081150355 1.0377198010683049 3.6111541986465436 1.0742375813424589 6.1552478522062302 0.92417997121810902 0.66889525204896916 1.2359250783920286 1.6694790273904803
leaf_count=2 5 9 8 9 5 6 4 8
internal_value=0 0.041674 -0.0569525 0.0727654 -0.124483 -0.0518953 -0.122949 -0.172245
internal_weight=0 12.8452 3.07879 9.7664 4.30027 1.70662 2.31016 2.59366
internal_count=56 32 14 18 24 11 12 13
is_linear=0
shrinkage=0.1


Tree=2
num_leaves=10
num_cat=0
split_feature=0 0 1 2 3 0 2 0 2
split_gain=2.87107 2.03892 2.62619 6.26332 1.16351 0.963461 0.288068 0.133201 0.102639
threshold=0.73132156626817435 1.3091601250284337 1.0612862513913248 1.0000000180025095e-35 -0.52639910046519156 1.6286102616870635 0.73259810083329036 0.79173586501918425 0.7933036107291731
decision_type=2 2 2 2 2 2 2 2 2
left_child=4 2 3 -2 -1 -3 -7 -5 -6
right_child=1 5 -4 7 8 6 -8 -9 -10
leaf_value=-0.0057106879866119639 0.16095567782945863 -0.069039384776217697 0.096845035512861999 -0.19708671416249696 -0.18235785555595943 0.047802034040865443 -0.011470008527415573 -0.13585352063416112 -0.12984743207870891
leaf_weight=0.7903520688414577 0.99843245744705056 2.7124025411903858 4.7792545780539513 0.69595891237258889 0.73674236238002844 1.2920028865337374 2.2443048469722271 0.72566080093383789 0.75237531960010529
leaf_count=6 2 8 8 2 4 3 8 8 7
internal_value=0 0.0175906 0.0538667 -0.0310094 -0.103778 -0.0242041 0.0101852 -0.16583 -0.155827
internal_weight=0 13.448 7.19931 2.42005 2.27947 6.24871 3.53631 1.42162 1.48912
internal_count=56 39 20 12 17 19 11 10 11
is_linear=0
shrinkage=0.1


Tree=3
num_leaves=9
num_cat=0
split_feature=2 3 3 0 2 2 1 0
split_gain=1.89072 1.50509 1.16396 0.821047 0.448538 0.22981 0.203443 0.0162012
threshold=0.78189692106282205 0.34267191344977882 -1.0000000180025095e-35 0.31604711770528088 0.71236759690854601 0.64953630770264659 0.96241769986595072 0.52472141540912376
decision_type=2 2 2 2 2 2 2 2
left_child=1 2 -1 -2 5 -3 -5 -8
right_child=3 4 -4 6 -6 -7 7 -9
leaf_value=0.0033526075427940771 0.043100100109560148 0.00022707085844371561 0.13813707587215016 -0.076480269143133967 0.022532008401931702 -0.042853023678690108 -0.13160253184200041 -0.15716517540810071
leaf_weight=1.0917909480631354 0.4040307365357888 2.2685352265834791 1.550734058022498 0.77412607520818688 3.7331099659204483 2.7265416532754898 0.47786686196923256 0.51527411490678787
leaf_count=8 3 4 5 9 7 8 6 6
internal_value=0 0.0163282 0.0824493 -0.085508 -0.00369045 -0.023288 -0.11491 -0.144865
internal_weight=0 11.3707 2.64253 2.1713 8.72819 4.99508 1.76727 0.993141
internal_count=56 32 13 24 19 12 21 12
is_linear=0
shrinkage=0.1


Tree=4
num_leaves=9
num_cat=0
split_feature=2 3 3 1 2 0 0 1
split_gain=0.944379 0.928365 0.904106 0.685768 0.643966 0.339384 0.322132 0.0041004
threshold=0.78189692106282205 0.34267191344977882 -1.0000000180025095e-35 0.96241769986595072 0.71236759690854601 1.1944760193562665 0.86061837958508181 1.3947445281933928
decision_type=2 2 2 2 2 2 2 2
left_child=1 2 -1 6 5 -3 -2 -5
right_child=3 4 -4 7 -6 -7 -8 -9
leaf_value=-0.0035135710283061838 0.030072985989449415 -0.061444924427778318 0.12309578684527078 -0.14343639830650726 0.026416783584761339 -0.0075876817143277044 -0.088324829233327518 -0.12905010069898371
leaf_weight=1.0047031529247763 0.64281785488128729 1.8598045147955398 1.2858510091900814 0.42086706869304169 3.9518288969993591 3.1548096835613251 0.35765403509140015 0.37433626130223274
leaf_count=8 5 7 5 7 7 5 6 6
internal_value=0 0.010743 0.0675613 -0.0673474 -0.00377169 -0.0275621 -0.0122525 -0.136664
internal_weight=0 11.257 2.29055 1.79568 8.96644 5.01461 1.00047 0.795203
internal_count=56 32 13 24 19 12 11 13
is_linear=0
shrinkage=0.1


Tree=5
num_leaves=9
num_cat=0
split_feature=0 0 3 2 0 1 1 2
split_gain=1.49898 2.22284 1.08724 0.568449 0.292929 0.149024 0.536158 0.112004
threshold=0.73132156626817435 0.86061837958508181 -0.41848341761108548 0.64953630770264659 1.6286102616870635 1.1424849098208341 0.88438179476689815 0.73259810083329036
decision_type=2 2 2 2 2 2 2 2
left_child=2 -2 -1 -3 5 6 -5 -6
right_child=1 3 -4 4 7 -7 -8 -9
leaf_value=-0.002576588938515248 0.12781699936425706 0.03563656774958996 -0.1620518449659637 -0.14525053250448861 0.027370180879524055 -0.02650589798298375 0.004495099173208927 -0.010953984987761105
leaf_weight=0.80767665058374405 1.4736814517527808 2.6244413852691633 0.90822486206889219 0.49192655831575427 1.1672892570495608 2.6832279786467552 0.46522926539182663 2.1994962990283966
leaf_count=9 6 4 8 7 3 7 4 8
internal_value=0 0.0134405 -0.0869867 -0.00405965 -0.0189273 -0.0385901 -0.0724661 0.00233328
internal_weight=0 11.1053 1.7159 9.63161 7.00717 3.64038 0.957156 3.36679
internal_count=56 39 17 33 29 18 11 11
is_linear=0
shrinkage=0.1


Tree=6
num_leaves=10
num_cat=0
split_feature=2 1 0 0 1 2 3 3 0
split_gain=0.466783 0.616603 1.06342 0.67115 0.167564 0.616843 0.164134 0.0252197 0.00575498
threshold=0.77699680907724045 0.96241769986595072 1.6286102616870635 1.1944760193562665 0.88438179476689815 0.78189692106282205 -0.78630157716569149 -0.59426898087210378 0.52472141540912376
decision_type=2 2 2 2 2 2 2 2 2
left_child=1 2 -1 -3 6 -6 -2 -7 -9
right_child=4 3 -4 -5 5 7 -8 8 -10
leaf_value=-0.13945030541040321 -0.041695607127085352 0.065621947595049523 0.015154895888495444 0.0021195568425606392 0.0015841121670975384 -0.09497676064273991 0.041975170747486537 -0.12380327785686956 -0.14467635134796086
leaf_weight=0.69212169945239832 0.53505357727408409 2.491758294403553 1.2454863488674162 5.0120551735162735 0.82456660270690896 0.21803048811852943 0.41730628907680634 0.23909566178917874 0.29514617286622524
leaf_count=9 6 9 4 7 2 4 4 5 6
internal_value=0 0.0102205 -0.0400707 0.0232065 -0.0381528 -0.0581563 -0.00503264 -0.123638 -0.135335
internal_weight=0 9.44142 1.93761 7.50381 2.5292 1.57684 0.95236 0.752272 0.534242
internal_count=56 29 13 16 27 17 10 15 11
is_linear=0
shrinkage=0.1


Tree=7
num_leaves=10
num_cat=0
split_feature=0 3 3 3 1 1 2 2 2
split_gain=0.663457 0.561133 0.447583 1.68187 0.544539 0.0979883 0.0264474 0.0216714 0.0106878
threshold=0.73132156626817435 -0.78630157716569149 1.1894465445763605 -0.52639910046519156 1.0612862513913248 0.81914536243344072 0.73259810083329036 0.79883478229589766 0.78189692106282205
decision_type=2 2 2 2 2 2 2 2 2
left_child=1 -1 3 7 -5 -3 -4 -2 -7
right_child=2 5 6 4 -6 8 -8 -9 -10
leaf_value=0.037478263006111359 -0.14580559069859517 -0.063511403650136924 -0.0078374181386929639 0.036078127705721656 0.14037032880092029 -0.1509336051617565 0.0043807436510408639 -0.1017256710947203 -0.12388361092538656
leaf_weight=0.34083665162324905 0.26796396262943689 0.26042453199625082 5.0773289650678635 1.074435502290725 0.93745036423206318 0.28906033933162689 2.721078772097826 0.19105606339871883 0.29527886211872101
leaf_count=4 5 3 10 10 4 3 5 5 7
internal_value=0 -0.0708292 0.00817728 0.0452659 0.0846737 -0.114528 -0.00357417 -0.127458 -0.137265
internal_weight=0 1.1856 10.2693 2.47091 2.01189 0.844764 7.79841 0.45902 0.584339
internal_count=56 17 39 24 14 13 15 10 10
is_linear=0
shrinkage=0.1


Tree=8
num_leaves=11
num_cat=0
split_feature=0 0 1 0 3 1 1 1 3 2
split_gain=0.523853 0.315499 0.276086 0.385899 0.423411 0.382034 0.0952043 0.0889911 0.0203539 0.00370202
threshold=0.73132156626817435 0.31604711770528088 0.96241769986595072 1.1944760193562665 0.34267191344977882 0.60421500351828505 0.81914536243344072 0.81914536243344072 1.8598771830044025 0.78189692106282205
decision_type=2 2 2 2 2 2 2 2 2 2
left_child=1 -1 5 4 -4 -2 -7 -3 -5 -9
right_child=2 7 3 8 -6 6 -8 9 -10 -11
leaf_value=0.019897473459450518 0.0023370132513771832 -0.051277381262159749 0.105701203152456 -0.0038300827453912147 0.014263941438072941 -0.13285901317566753 -0.051801201799010779 -0.13640267020714156 0.0078529693755868546 -0.11900962905815476
leaf_weight=0.29366582632064886 1.3394802287220944 0.2317512184381485 0.86480836197733735 2.8883523251861334 1.222045339643955 0.30797696858644474 0.27364709973335266 0.20590021461248398 3.0827782154083252 0.30166167486459017
leaf_count=3 6 3 6 7 4 5 7 3 4 8
internal_value=0 -0.0677907 0.00701732 0.0151389 0.0521563 -0.0270482 -0.0947223 -0.102622 0.00220165 -0.126065
internal_weight=0 1.03298 9.97909 8.05798 2.08685 1.9211 0.581624 0.739313 5.97113 0.507562
internal_count=56 17 39 21 10 18 12 14 11 11
is_linear=0
shrinkage=0.1


Tree=9
num_leaves=9
num_cat=0
split_feature=2 1 1 0 1 3 0 1
split_gain=0.498826 0.231492 0.219057 0.222531 0.102187 0.0599727 0.493709 0.0100023
threshold=0.78189692106282205 0.96241769986595072 0.96241769986595072 1.1944760193562665 0.81914536243344072 1.8598771830044025 1.6286102616870635 1.3947445281933928
decision_type=2 2 2 2 2 2 2 2
left_child=2 4 5 -4 -2 6 -1 -3
right_child=1 7 3 -5 -6 -7 -8 -9
leaf_value=-0.12092065510563391 -0.06936999455031545 -0.13016140380167868 0.043554953888596502 0.0046207793808182044 0.01346432762735326 -0.0093525662985353541 0.046554687641113028 -0.10054774536215356
leaf_weight=0.40073850192129412 0.27069049701094694 0.26927155815064907 1.9501111283898351 5.9380931183695793 0.33107670396566391 0.99097046256065369 0.3139042928814888 0.19786457810550928
leaf_count=9 5 7 9 9 6 2 3 6
internal_value=0 -0.0647988 0.00721961 0.014246 -0.0237967 -0.0252765 -0.0473577 -0.117618
internal_weight=0 1.0689 9.59382 7.8882 0.601767 1.70561 0.714643 0.467136
internal_count=56 24 32 18 11 14 12 13
is_linear=0
shrinkage=0.1


Tree=10
num_leaves=10
num_cat=0
split_feature=3 0 2 2 3 1 3 2 0
split_gain=0.308665 0.49 0.217251 0.0992326 0.0924654 0.231807 0.647995 0.0057809 0.00369287
threshold=-1.0000000180025095e-35 0.86061837958508181 0.80542564975011699 0.84048886944482859 1.4441494219839492 1.1870748712877475 0.34267191344977882 0.77699680907724045 1.449838664131895
decision_type=2 2 2 2 2 2 2 2 2
left_child=1 2 -1 7 5 6 -2 -3 -6
right_child=4 3 -4 -5 8 -7 -8 -9 -10
leaf_value=0.054811431239199675 0.1285492279389705 -0.13178841529329657 -0.047143567063283376 -0.054227492605713093 -0.0014450183902657782 -0.012433856526174089 -0.017530642071310883 -0.15622863897870629 0.0032138455987680628
leaf_weight=0.43299738969653911 0.5927597433328613 0.22015592083334923 0.40400504041463137 0.18823347613215446 3.0578721985220909 0.93911887519061554 0.62262425571680069 0.17269681580364704 3.8353889286518097
leaf_count=6 4 6 9 5 6 4 6 4 6
internal_value=0 -0.0433786 0.00559971 -0.113927 0.00679887 0.0248813 0.0537145 -0.142532 0.00114716
internal_weight=0 1.41809 0.837002 0.581086 9.04776 2.1545 1.21538 0.392853 6.89326
internal_count=56 30 15 15 26 14 10 10 12
is_linear=0
shrinkage=0.1


Tree=11
num_leaves=10
num_cat=0
split_feature=3 0 2 3 1 2 2 0 0
split_gain=0.21868 0.389532 0.247728 0.0804774 0.201637 0.175801 0.022741 0.00381421 0.00088285
threshold=-1.0000000180025095e-35 0.86061837958508181 0.80542564975011699 1.4441494219839492 1.1870748712877475 0.70494963786891329 0.84048886944482859 1.449838664131895 1.6286102616870635
decision_type=2 2 2 2 2 2 2 2 2
left_child=1 2 -1 4 5 -2 8 -5 -3
right_child=3 6 -4 7 -6 -7 -8 -9 -10
leaf_value=0.054807727624462316 0.011955894079797632 -0.12760819412771862 -0.060484841122459915 -0.0024416724310456031 -0.0111351581626424 0.09235778764987744 -0.08412275126314811 0.0022703923988128152 -0.13874507895891861
leaf_weight=0.41287656594067879 0.54407817125320279 0.14288679696619511 0.33971053268760443 3.0528806522488594 0.93758179619908322 0.54372386634349823 0.14163837395608425 3.9282359480857849 0.14183814637362957
leaf_count=6 5 5 9 6 4 5 5 6 5
internal_value=0 -0.0404991 0.00276578 0.00530133 0.022851 0.0521437 -0.116867 0.000209781 -0.133156
internal_weight=0 1.17895 0.752587 9.0065 2.02538 1.0878 0.426363 6.98112 0.284725
internal_count=56 30 15 26 14 10 15 12 10
is_linear=0
shrinkage=0.1


Tree=12
num_leaves=8
num_cat=0
split_feature=0 3 2 1 2 2 2
split_gain=0.199948 0.534166 0.225019 0.126588 0.167001 0.0620007 0.0459675
threshold=0.79173586501918425 -0.41848341761108548 0.80542564975011699 0.96241769986595072 0.70494963786891329 0.64953630770264659 0.71236759690854601
decision_type=2 2 2 2 2 2 2
left_child=1 2 -1 4 -2 -5 -7
right_child=3 -3 -4 5 -6 6 -8
leaf_value=0.074749285891437409 -0.11520662983800933 -0.13983130235847133 -0.046462360269915806 0.02347668350959195 -0.0098860249852755766 -0.0075080061584518109 0.011737449158120326
leaf_weight=0.30407623946666718 0.16883810237049868 0.35964835155755359 0.30857465043663979 2.3517686724662781 1.3902507042512295 2.0989496856927872 3.0364563800394535
leaf_count=3 4 9 8 4 14 6 8
internal_value=0 -0.0430914 0.0136985 0.0046315 -0.0212915 0.0100296 0.00387142
internal_weight=0 0.972299 0.612651 9.04626 1.55909 7.48717 5.13541
internal_count=56 20 11 36 18 18 14
is_linear=0
shrinkage=0.1


Tree=13
num_leaves=10
num_cat=0
split_feature=3 0 0 3 0 3 2 0 0
split_gain=0.205199 0.226236 0.119846 0.0794807 0.182422 0.0367496 0.0174493 0.00486911 0.000869191
threshold=-1.0000000180025095e-35 0.86061837958508181 0.63127604271403948 1.4441494219839492 1.1944760193562665 -0.78630157716569149 0.84048886944482859 1.449838664131895 1.6286102616870635
decision_type=2 2 2 2 2 2 2 2 2
left_child=1 2 5 4 -2 -1 8 -5 -3
right_child=3 6 -4 7 -6 -7 -8 -9 -10
leaf_value=-0.013831872039554225 0.061753385604563872 -0.11905376269255651 0.039138503526545097 -0.0030425065567841842 -0.0025043282313707317 -0.079509646123529079 -0.078805871164434826 0.0022707930709245615 -0.13163329393468579
leaf_weight=0.16307625640183587 0.73854356911033203 0.10684653837233782 0.29170476458966732 3.0592020452022552 1.0995710827410219 0.17839175928384243 0.12565304152667522 3.953851580619812 0.11303587257862091
leaf_count=3 9 5 5 6 5 7 5 6 5
internal_value=0 -0.0434497 -0.00793248 0.00480441 0.023314 -0.0481436 -0.108533 -4.69501e-05 -0.125521
internal_weight=0 0.978708 0.633173 8.85117 1.83811 0.341468 0.345535 7.01305 0.219882
internal_count=56 30 15 26 14 10 15 12 10
is_linear=0
shrinkage=0.1


Tree=14
num_leaves=11
num_cat=0
split_feature=3 1 0 3 1 0 2 3 1 1
split_gain=0.14575 0.274314 0.122328 0.044352 0.125255 0.0185383 0.00976467 0.00554803 0.0104291 0.00344834
threshold=-1.0000000180025095e-35 2.1373434441923091 0.73132156626817435 1.4441494219839492 1.1870748712877475 0.97627617846563985 0.81667135146399372 -0.78630157716569149 0.8511483569439523 1.1424849098208341
decision_type=2 2 2 2 2 2 2 2 2 2
left_child=1 2 6 4 5 -2 -1 -4 -9 -5
right_child=3 -3 7 9 -6 -7 -8 8 -10 -11
leaf_value=-0.015470507300546235 0.026430268023974125 0.058420349380234417 -0.092905128654681923 -0.0021585574409791479 -0.0080882556374780156 0.056371988903431217 -0.048048009322940247 -0.096189236198686745 -0.1392322349216337 0.0023276150760510677
leaf_weight=0.2213427349925049 0.33356184512376585 0.22650993056595325 0.10427356697618861 2.9770775139331818 0.90092689171433449 0.54406191036105156 0.15745975077152252 0.098773064091802643 0.13088091276586056 4.0365650057792664
leaf_count=5 4 5 5 6 4 6 5 5 5 6
internal_value=0 -0.0374435 -0.0679096 0.00399996 0.0181041 0.0449919 -0.0290122 -0.112034 -0.12072 0.000423372
internal_weight=0 0.93924 0.71273 8.79219 1.77855 0.877624 0.378802 0.333928 0.229654 7.01364
internal_count=56 30 25 26 14 10 10 15 10 12
is_linear=0
shrinkage=0.1


Tree=15
num_leaves=8
num_cat=0
split_feature=1 3 3 2 1 0 2
split_gain=0.142857 0.213949 0.516183 0.121006 0.0471121 0.0469921 0.0132566
threshold=1.0612862513913248 0.34267191344977882 -1.0000000180025095e-35 0.79883478229589766 1.1870748712877475 1.1944760193562665 0.81667135146399372
decision_type=2 2 2 2 2 2 2
left_child=1 2 3 -1 -2 -6 -5
right_child=4 -3 -4 6 5 -7 -8
leaf_value=-0.11815220513385878 0.015714935099999727 -0.045524905370325108 0.12228977254864182 0.0095515569883613313 -0.017263676395638205 0.0063423554037642278 -0.028478804071569348
leaf_weight=0.14879099372774374 3.2527552917599678 1.4247384890913963 0.30286748707294464 0.16649887152016163 1.1777190892025826 2.9697583261877298 0.20391409797593951
leaf_count=9 8 9 3 3 11 5 8
internal_value=0 -0.0220848 0.0185394 -0.0419814 0.00670524 -0.000360821 -0.0113843
internal_weight=0 2.24681 0.822071 0.519204 7.40023 4.14748 0.370413
internal_count=56 32 23 20 24 16 11
is_linear=0
shrinkage=0.1


Tree=16
num_leaves=11
num_cat=0
split_feature=2 2 1 1 0 2 1 2 1 1
split_gain=0.0857729 0.105721 0.164281 0.0687354 0.123541 0.723196 0.0314625 0.0282564 0.00761496 0.00652425
threshold=0.77699680907724045 0.78189692106282205 0.96241769986595072 1.0612862513913248 1.6286102616870635 1.0000000180025095e-35 0.96241769986595072 0.66655540396067747 0.8511483569439523 1.1870748712877475
decision_type=2 2 2 2 2 2 2 2 2 2
left_child=3 -2 8 4 5 -1 -7 -5 -3 -4
right_child=1 2 9 7 -6 6 -8 -9 -10 -11
leaf_value=0.11667559809280924 0.00061888594458536404 -0.021592446538807188 -0.12699966476362232 0.0017363468967926861 0.0043301715463144354 -0.110612313561991 -0.17136863056680959 0.015132047179511561 0.0084565698900063227 -0.096355671506869911
leaf_weight=0.16636694967746724 0.86636967211961724 0.16261594649404287 0.11697497963905334 2.9608218669891357 1.1373465508222578 0.19706338550895452 0.15019563585519791 3.3634309321641922 0.17519175447523594 0.17110260110348463
leaf_count=2 3 6 5 4 4 9 2 8 5 8
internal_value=0 -0.0220043 -0.0533201 0.00411725 -0.0140527 -0.0547587 -0.13689 0.00886059 -0.00600861 -0.108799
internal_weight=0 1.49225 0.625885 7.97523 1.65097 0.513626 0.347259 6.32425 0.337808 0.288078
internal_count=56 27 24 29 17 13 11 12 11 13
is_linear=0
shrinkage=0.1


Tree=17
num_leaves=9
num_cat=0
split_feature=0 3 2 0 1 1 2 1
split_gain=0.0762324 0.290184 0.142925 0.0446898 0.193629 0.109081 0.00799334 0.0333998
threshold=0.79173586501918425 -0.41848341761108548 0.80542564975011699 1.1944760193562665 1.3947445281933928 1.0612862513913248 0.71236759690854601 1.0612862513913248
decision_type=2 2 2 2 2 2 2 2
left_child=1 2 -1 4 5 -2 -5 -8
right_child=3 -3 -4 6 -6 -7 7 -9
leaf_value=0.072615537646139275 0.020732103143970018 -0.12819411145194434 -0.042697181235645892 0.0029205596143854406 -0.010620143434346099 0.11106127895016833 -0.017735605007683435 0.0023652710272655639
leaf_weight=0.21221835166215897 0.26618229784071246 0.21445937221869904 0.21780115179717541 3.3359511159360409 0.85486835241317749 0.26857939921319485 1.1875892309471967 2.7197439996525645
leaf_count=3 9 9 8 6 2 3 11 5
internal_value=0 -0.0331765 0.0142106 0.00247676 0.0189032 0.0660991 -0.000674672 -0.00374416
internal_weight=0 0.644479 0.43002 8.63291 1.38963 0.534762 7.24328 3.90733
internal_count=56 20 11 36 14 12 22 16
is_linear=0
shrinkage=0.1


Tree=18
num_leaves=11
num_cat=0
split_feature=3 0 0 3 1 3 3 2 0 2
split_gain=0.0647755 0.157956 0.0885423 0.0399386 0.117344 0.226845 0.0247969 0.00840747 0.000894434 0.000792527
threshold=-1.0000000180025095e-35 0.86061837958508181 0.63127604271403948 1.4441494219839492 1.1870748712877475 0.34267191344977882 -0.78630157716569149 0.84048886944482859 2.1148189157380091 0.77699680907724045
decision_type=2 2 2 2 2 2 2 2 2 2
left_child=1 2 6 4 5 -2 -1 9 -5 -3
right_child=3 7 -4 8 -6 -7 -8 -9 -10 -11
leaf_value=-0.0062687762534134224 0.11847213882778784 -0.10810998586876007 0.049977336294569963 -0.0017073663288811871 -0.0050777438661159593 -0.0082321796779513713 -0.071811028652783229 -0.075977619125383686 0.00058342676671225375 -0.12391925522381804
leaf_weight=0.11620108596980472 0.27371989935636321 0.071445886977016926 0.21853120625019073 4.1289342939853668 0.89814198110252619 0.29208068549633026 0.11470368737355052 0.09573996439576149 2.9026150703430176 0.057013870216906071
leaf_count=3 4 6 5 8 4 6 7 5 4 4
internal_value=0 -0.0298485 0.00435252 0.00236679 0.0173936 0.0530641 -0.0388274 -0.0984088 -0.00076173 -0.115127
internal_weight=0 0.673636 0.449436 8.49549 1.46394 0.565801 0.230905 0.2242 7.03155 0.12846
internal_count=56 30 15 26 14 10 10 15 12 10
is_linear=0
shrinkage=0.1


Tree=19
num_leaves=10
num_cat=0
split_feature=2 2 0 1 3 2 2 1 2
split_gain=0.0454812 0.0748675 0.0818131 0.0756662 0.0267018 0.0250161 0.0330677 0.0293916 0.0029084
threshold=0.77699680907724045 0.78189692106282205 1.0882440977195511 1.0104035336763768 -0.59426898087210378 0.70494963786891329 0.64953630770264659 1.0612862513913248 0.66655540396067747
decision_type=2 2 2 2 2 2 2 2 2
left_child=5 -2 3 -3 -5 6 -1 -7 -8
right_child=1 2 -4 4 -6 7 8 -9 -10
leaf_value=0.0064072283392914145 0.0011529270275170897 0.016546531028951216 -0.12175192497229864 -0.024963440546392442 -0.10254822323508138 -0.0030021812616404658 -0.015178332314481735 0.016732639810860053 -0.0077139257032447159
leaf_weight=2.2993803806602955 0.85358281061053254 0.20329023245722055 0.11454295553267002 0.073496230877935886 0.11189603293314576 1.181187395937741 0.90347488969564471 2.0899574682116508 1.2362484540790317
leaf_count=6 3 6 7 3 8 9 3 4 7
internal_value=0 -0.0168833 -0.0474768 -0.0255883 -0.0717908 0.00297104 -0.00191861 0.00960653 -0.0108657
internal_weight=0 1.35681 0.503225 0.388682 0.185392 7.71025 4.4391 3.27114 2.13972
internal_count=56 27 24 17 11 29 16 13 10
is_linear=0
shrinkage=0.1


Tree=20
num_leaves=9
num_cat=0
split_feature=2 2 1 1 2 2 0 1
split_gain=0.0380337 0.0634287 0.0757075 0.0230397 0.034069 0.0357518 0.0151547 0.00179459
threshold=0.77699680907724045 0.78189692106282205 0.96241769986595072 0.96241769986595072 0.71236759690854601 0.64953630770264659 0.73132156626817435 0.8511483569439523
decision_type=2 2 2 2 2 2 2 2
left_child=3 -2 7 -1 5 -5 -4 -3
right_child=1 2 6 4 -6 -7 -8 -9
leaf_value=-0.0096691398324444105 0.00026797332480881967 -0.018531350553853552 -0.070089633492082346 0.0088773880738898855 0.015649282379568346 -0.0092493010371542273 -0.12663406614275527 -0.0017976943035856322
leaf_weight=1.261502895504236 0.8611935209482906 0.12460679840296507 0.12202547350898385 2.2434289455413818 2.0772029086947441 2.112804239615798 0.077503647655248642 0.13195961061865091
leaf_count=13 3 6 9 4 4 8 4 5
internal_value=0 -0.0157011 -0.0458537 0.00268786 0.00511089 8.58143e-05 -0.0920533 -0.00992474
internal_weight=0 1.31729 0.456096 7.69494 6.43344 4.35623 0.199529 0.256566
internal_count=56 27 24 29 16 12 13 11
is_linear=0
shrinkage=0.1


Tree=21
num_leaves=9
num_cat=0
split_feature=2 2 1 1 2 2 1 1
split_gain=0.0314795 0.0477552 0.057909 0.022824 0.0308842 0.033413 0.00809677 0.00086724
threshold=0.77699680907724045 0.78189692106282205 0.96241769986595072 0.96241769986595072 0.71236759690854601 0.64953630770264659 1.233471983580382 0.8511483569439523
decision_type=2 2 2 2 2 2 2 2
left_child=3 -2 7 -1 5 -5 -4 -3
right_child=1 2 6 4 -6 -7 -8 -9
leaf_value=-0.009861932841577976 -0.00080883006020576124 -0.016556714033889846 -0.10835333641483719 0.008572013967965187 0.014922410824233193 -0.0089650900908780345 -0.065794055809170873 -0.0048311938747949909
leaf_weight=1.2614029622636733 0.8634510952979324 0.12260032724589109 0.080117583042010665 2.24140565097332 2.0652443319559097 2.1083614379167557 0.10112337488681078 0.12992234341800213
leaf_count=13 3 6 6 4 4 8 7 5
internal_value=0 -0.014408 -0.0414785 0.00243476 0.0048527 7.16614e-05 -0.0846074 -0.010524
internal_weight=0 1.29721 0.433764 7.67641 6.41501 4.34977 0.181241 0.252523
internal_count=56 27 24 29 16 12 13 11
is_linear=0
shrinkage=0.1


Tree=22
num_leaves=6
num_cat=0
split_feature=1 0 2 2 0
split_gain=0.0287226 0.0614805 0.144231 0.00962654 0.014647
threshold=1.0612862513913248 0.97627617846563985 0.79883478229589766 0.71236759690854601 1.6286102616870635
decision_type=2 2 2 2 2
left_child=1 2 -1 -2 -5
right_child=3 -3 -4 4 -6
leaf_value=-0.12325452541560772 -0.00033016612909476034 -0.0019417236403516964 0.0051439613683528611 0.015890633238396751 0.0015975507192366142
leaf_weight=0.14991691894829262 4.1641915626823902 1.3856341456994412 0.21008198568597436 1.1626116493716836 1.8704042695462704
leaf_count=7 8 17 8 13 3
internal_value=0 -0.0115075 -0.0483259 0.00279106 0.00707636
internal_weight=0 1.74563 0.359999 7.19721 3.03302
internal_count=56 32 15 24 16
is_linear=0
shrinkage=0.1


Tree=23
num_leaves=10
num_cat=0
split_feature=2 2 1 3 3 0 3 0 1
split_gain=0.0350188 0.0514425 0.0507819 0.0190869 0.0764134 0.100533 0.0235553 0.00625488 0.00146253
threshold=0.77699680907724045 0.78189692106282205 0.96241769986595072 1.8598771830044025 1.4441494219839492 0.79173586501918425 1.0000000180025095e-35 0.73132156626817435 0.8511483569439523
decision_type=2 2 2 2 2 2 2 2 2
left_child=3 -2 8 4 5 -1 -7 -4 -3
right_child=1 2 7 -5 -6 6 -8 -9 -10
leaf_value=-0.024103935729884542 -0.0017523795031276811 -0.024092396662086742 -0.073873049512046138 -0.00095651432868071708 -0.00015757827272807546 0.036038099119356598 0.084069017188936751 -0.11500997224490117 -0.008422002338351291
leaf_weight=0.17241426371037971 0.86436993256211259 0.11639737244695425 0.09977293387055397 5.1183514595031738 1.9088740460574627 0.16314557520672679 0.27289839833974838 0.058712880127131939 0.12196660414338112
leaf_count=5 3 6 9 8 4 8 4 4 5
internal_value=0 -0.0154369 -0.0452428 0.00254978 0.00967894 0.0405384 0.0660983 -0.0891127 -0.0160741
internal_weight=0 1.26122 0.39685 7.63568 2.51733 0.608458 0.436044 0.158486 0.238364
internal_count=56 27 24 29 21 17 12 13 11
is_linear=0
shrinkage=0.1


Tree=24
num_leaves=8
num_cat=0
split_feature=1 2 2 1 3 2 2
split_gain=0.0294207 0.167657 0.197694 0.0411112 0.0358932 0.00772726 0.0275857
threshold=1.0612862513913248 1.0000000180025095e-35 0.70494963786891329 0.60421500351828505 -0.32842554190788525 0.71236759690854601 0.77699680907724045
decision_type=2 2 2 2 2 2 2
left_child=1 -1 -3 -4 -5 -2 -7
right_child=5 2 3 4 -6 6 -8
leaf_value=0.11409631973052224 1.1483769864774457e-05 -0.12971079712298184 1.2457832767833983e-09 -0.017950734013152423 -0.093273512623958457 0.01324190262011796 -0.0072983501944652029
leaf_weight=0.099516272544860729 4.1509077735245228 0.14815404266118992 1.1587488912045953 0.1976574938744301 0.093045435147360411 2.0434466972947125 0.96148876985535014
leaf_count=2 8 6 7 9 8 4 12
internal_value=0 -0.0118374 -0.0196819 -0.00843544 -0.0420593 0.00280743 0.00666964
internal_weight=0 1.69712 1.59761 1.44945 0.290703 7.15584 3.00494
internal_count=56 32 30 24 17 24 16
is_linear=0
shrinkage=0.1


Tree=25
num_leaves=10
num_cat=0
split_feature=2 3 1 0 2 2 1 1 2
split_gain=0.0212002 0.0315923 0.0270406 0.0245229 0.0135186 0.0184617 0.0179027 0.00169298 0.00114446
threshold=0.77699680907724045 1.1894465445763605 1.0104035336763768 0.86061837958508181 0.70494963786891329 0.64953630770264659 1.0612862513913248 1.3947445281933928 0.66655540396067747
decision_type=2 2 2 2 2 2 2 2 2
left_child=4 2 3 -2 5 -1 -6 -4 -7
right_child=1 -3 7 -5 6 8 -8 -9 -10
leaf_value=0.0046472884566599584 0.0063841530027193205 -0.0018968968399965651 -0.087291586795847503 -0.061835870926098484 -0.0029723379515778133 -0.011084333292029479 0.012569278994872405 -0.063827265393854499 -0.0063704615235356948
leaf_weight=2.2485189214348793 0.15201982110738732 0.86204400006681681 0.059755706693977118 0.080645335372537374 1.1658992841839793 0.89912756904959712 2.0346359610557556 0.063346720766276121 1.2056955136358736
leaf_count=6 5 3 6 7 9 3 4 6 7
internal_value=0 -0.012244 -0.0373156 -0.017262 0.00197394 -0.00165334 0.00690774 -0.0752172 -0.00838411
internal_weight=0 1.21781 0.355768 0.232665 7.55388 4.35334 3.20054 0.123102 2.10482
internal_count=56 27 24 12 29 16 13 12 10
is_linear=0
shrinkage=0.1


Tree=26
num_leaves=9
num_cat=0
split_feature=2 2 1 1 2 2 1 0
split_gain=0.0178709 0.0260972 0.0444567 0.0126229 0.0211946 0.0182181 0.00847678 0.00718601
threshold=0.77699680907724045 0.78189692106282205 0.96241769986595072 0.96241769986595072 0.71236759690854601 0.64953630770264659 0.81914536243344072 0.73132156626817435
decision_type=2 2 2 2 2 2 2 2
left_child=3 -2 6 -1 5 -5 -3 -4
right_child=1 2 7 4 -6 -7 -8 -9
leaf_value=-0.0074850373419197416 -0.0020411921259872881 -0.029725094976488831 -0.063864720457319155 0.0059511720575520823 0.012041031628938294 -0.0070815362342821877 0.010500994767208182 -0.11349314127036979
leaf_weight=1.2249737689271567 0.8617965457960961 0.091838144697248936 0.083155520027503371 2.2113397493958473 2.0246507599949837 2.0828565414994955 0.12194590969011188 0.044945893343538046
leaf_count=13 3 5 9 4 4 8 6 4
internal_value=0 -0.0113154 -0.0346932 0.00180547 0.00360653 -0.000370211 -0.00677948 -0.0812774
internal_weight=0 1.20368 0.341885 7.54382 6.31885 4.2942 0.213784 0.128101
internal_count=56 27 24 29 16 12 11 13
is_linear=0
shrinkage=0.1


Tree=27
num_leaves=9
num_cat=0
split_feature=1 1 2 2 2 2 1 3
split_gain=0.0169292 0.0352056 0.206922 0.119311 0.00683223 0.0219193 0.00599988 0.00435579
threshold=1.0612862513913248 0.60421500351828505 1.0000000180025095e-35 0.79883478229589766 0.71236759690854601 0.77699680907724045 0.8511483569439523 -0.59426898087210378
decision_type=2 2 2 2 2 2 2 2
left_child=1 -1 -3 6 -2 -6 -4 -5
right_child=4 2 3 7 5 -7 -8 -9
leaf_value=-5.1967047831937144e-09 -0.00052178730204661689 0.11269737970291448 -0.10487450941912671 0.0066785072436110248 0.011635740813751865 -0.0068384853754808704 -0.14103421199633934 -0.023831004427714714
leaf_weight=1.1559307016432283 4.1543409377336502 0.080334596335887798 0.10234138695523143 0.097449034452438354 2.0206666067242627 0.94146465277299274 0.083185718394815922 0.09002391598187387
leaf_count=7 8 2 8 4 4 12 5 6
internal_value=0 -0.00926267 -0.032881 -0.0642348 0.00209459 0.00576401 -0.121088 -0.00797206
internal_weight=0 1.60927 0.453335 0.373 7.11647 2.96213 0.185527 0.187473
internal_count=56 32 25 23 24 16 13 10
is_linear=0
shrinkage=0.1


Tree=28
num_leaves=10
num_cat=0
split_feature=2 3 0 1 3 0 0 0 1
split_gain=0.0161254 0.0241404 0.0277824 0.041861 0.013077 0.0431776 0.0567657 0.0123707 0.00134511
threshold=0.77699680907724045 1.1894465445763605 1.0882440977195511 1.0104035336763768 1.8598771830044025 2.4305383161902259 0.79173586501918425 1.0882440977195511 1.3947445281933928
decision_type=2 2 2 2 2 2 2 2 2
left_child=4 2 3 -2 5 6 -1 -8 -5
right_child=1 -3 -4 8 -6 -7 7 -9 -10
leaf_value=-0.019268296044942804 0.014106186180241988 -0.0023112879468593912 -0.092565512632393751 -0.082599119730253537 -0.0011384246527830989 0.00086162395300477682 0.070675064606616503 0.032823085545035595 -0.058873639172319636
leaf_weight=0.14323605224490177 0.14747635368257739 0.8596883537247777 0.065770645625889301 0.048254599329084158 5.1220977902412415 1.8703487692400813 0.21168624795973301 0.14581450540572405 0.047338530421257019
leaf_count=5 6 3 7 6 8 3 7 6 5
internal_value=0 -0.0109262 -0.0349066 -0.019305 0.00170388 0.00784394 0.0339242 0.0552363 -0.0708501
internal_weight=0 1.16853 0.30884 0.243069 7.49318 2.37109 0.500737 0.357501 0.0955931
internal_count=56 27 24 17 29 21 18 13 11
is_linear=0
shrinkage=0.1


Tree=29
num_leaves=9
num_cat=0
split_feature=1 1 3 1 0 2 2 2
split_gain=0.0137499 0.0329294 0.12127 0.0682392 0.0330936 0.0312904 0.00648634 0.0154704
threshold=1.0612862513913248 0.60421500351828505 0.34267191344977882 0.96241769986595072 0.86061837958508181 0.78189692106282205 0.71236759690854601 0.77699680907724045
decision_type=2 2 2 2 2 2 2 2
left_child=1 -1 3 4 -3 -6 -2 -8
right_child=6 2 -4 -5 5 -7 7 -9
leaf_value=-8.4693357073714754e-09 -0.00068197900648898197 0.0095633670825488685 -0.11850269094983071 0.085904519013436098 -0.12803865318262594 -0.011826437514557621 0.010405530434766594 -0.0051663270843392804
leaf_weight=1.1546226730570195 4.1489141471683979 0.1125759221613406 0.11770669370889664 0.072635049000382423 0.047300978563725948 0.045413387939333916 2.0073029100894932 0.93526478251442302
leaf_count=7 8 4 7 4 5 5 4 12
internal_value=0 -0.00853132 -0.0334293 0.00260088 -0.0268733 -0.0711155 0.00186501 0.00545618
internal_weight=0 1.55025 0.395632 0.277925 0.20529 0.0927144 7.09148 2.94257
internal_count=56 32 25 18 14 10 24 16
is_linear=0
shrinkage=0.1


Tree=30
num_leaves=7
num_cat=0
split_feature=2 3 0 1 3 1
split_gain=0.0134872 0.0210154 0.0336316 0.0386567 0.012029 0.00073713
threshold=0.77699680907724045 1.1894465445763605 1.0882440977195511 1.0104035336763768 1.8598771830044025 1.3947445281933928
decision_type=2 2 2 2 2 2
left_child=4 2 3 -2 -1 -5
right_child=1 -3 -4 5 -6 -7
leaf_value=0.0075202303520473445 0.018223114204135072 -0.0022360521433387398 -0.096908069853904905 -0.075805447661765613 -0.0011542863822224835 -0.057481932839620602
leaf_weight=2.3247864106670022 0.13644303195178487 0.85755178332328796 0.064739631488919258 0.044799580937251449 5.1176120042800903 0.04305376298725605
leaf_count=21 6 3 7 6 8 5
internal_value=0 -0.0100958 -0.0334154 -0.0150892 0.00155538 -0.0668258
internal_weight=0 1.14659 0.289036 0.224296 7.4424 0.0878533
internal_count=56 27 24 17 29 11
is_linear=0
shrinkage=0.1


Tree=31
num_leaves=9
num_cat=0
split_feature=1 0 2 2 1 3 2 2
split_gain=0.00975692 0.0261045 0.132003 0.0774262 0.00912478 0.00647916 0.00598351 0.0141864
threshold=1.0612862513913248 1.6286102616870635 1.0000000180025095e-35 0.79883478229589766 0.8511483569439523 -0.78630157716569149 0.71236759690854601 0.77699680907724045
decision_type=2 2 2 2 2 2 2 2
left_child=1 2 -1 4 -4 -5 -2 -8
right_child=6 -3 3 5 -6 -7 7 -9
leaf_value=0.11055305023207461 -0.0008898573484908027 0.00010495228394555145 -0.093703270176539399 0.0052305695231811946 -0.14787095795624086 -0.033411694019029679 0.0097570274710085877 -0.0052107179218600884
leaf_weight=0.055902704596519359 4.1438701115548611 1.1398430340923367 0.080861932132393122 0.092631525360047817 0.050533192697912455 0.081625150749459863 1.9994423203170302 0.92671744199469674
leaf_count=2 8 8 8 5 3 6 4 12
internal_value=0 -0.00732137 -0.0307337 -0.0565746 -0.114536 -0.0128702 0.00155477 0.00501673
internal_weight=0 1.5014 0.361555 0.305652 0.131395 0.174257 7.07003 2.92616
internal_count=56 32 24 22 11 11 24 16
is_linear=0
shrinkage=0.1


Tree=32
num_leaves=10
num_cat=0
split_feature=3 0 3 3 2 2 1 0 2
split_gain=0.0102195 0.10527 0.180279 0.141335 0.0833451 0.0612104 0.017913 0.00198392 0.000421498
threshold=1.1894465445763605 0.79173586501918425 -1.0000000180025095e-35 -1.0000000180025095e-35 0.78189692106282205 0.84048886944482859 1.0104035336763768 1.6286102616870635 0.73259810083329036
decision_type=2 2 2 2 2 2 2 2 2
left_child=1 2 4 5 -1 7 -6 -3 -2
right_child=8 3 -4 -5 6 -7 -8 -9 -10
leaf_value=0.12221115559933876 -0.0015745487634468238 -0.077741034190979996 -0.14626343632451577 0.0962386041709377 0.0076780964638379747 0.033615092985870954 -0.058354697761340106 -0.11079946534429681 -3.3287907413374151e-05
leaf_weight=0.057121343910694122 5.1197652574628592 0.036136729642748722 0.094852759037166723 0.23134163580834877 0.11083421483635902 0.077040793374180794 0.065277196234092116 0.036478749010711908 2.7154697747901082
leaf_count=1 10 5 5 6 5 5 9 5 5
internal_value=0 0.0114962 -0.0300253 0.0472512 0.0172473 -0.0284746 -0.0167975 -0.0943481 -0.00104039
internal_weight=0 0.709083 0.328086 0.380998 0.233233 0.149656 0.176111 0.0726155 7.83524
internal_count=56 41 20 21 15 15 14 10 15
is_linear=0
shrinkage=0.1


Tree=33
num_leaves=7
num_cat=0
split_feature=2 2 1 0 3 1
split_gain=0.00669132 0.011946 0.0275518 0.00763029 0.00720105 0.00686868
threshold=0.77699680907724045 0.78189692106282205 0.96241769986595072 0.73132156626817435 1.8598771830044025 0.8511483569439523
decision_type=2 2 2 2 2 2
left_child=4 -2 5 -4 -1 -3
right_child=1 2 3 -5 -6 -7
leaf_value=0.0058213777787524176 -0.0016646685421085284 -0.022720680758952866 -0.048873568167552228 -0.10924304201246225 -0.00097894190786226463 0.01938541363996607
leaf_weight=2.237120823469013 0.8543388685211537 0.074729517102241516 0.060096858884207904 0.032130117528140545 5.1233262717723846 0.080449720378965139
leaf_count=21 3 6 9 4 8 5
internal_value=0 -0.00726818 -0.0266181 -0.0699051 0.00108793 -0.000891578
internal_weight=0 1.10175 0.247406 0.092227 7.36045 0.155179
internal_count=56 27 24 13 29 11
is_linear=0
shrinkage=0.1


Tree=34
num_leaves=9
num_cat=0
split_feature=1 1 2 2 3 1 2 2
split_gain=0.00672885 0.0215464 0.0942848 0.0791478 0.00955974 0.00391058 0.00352621 0.00999641
threshold=1.0612862513913248 0.60421500351828505 1.0000000180025095e-35 0.79883478229589766 -0.59426898087210378 0.8511483569439523 0.71236759690854601 0.77699680907724045
decision_type=2 2 2 2 2 2 2 2
left_child=1 -1 -3 5 -5 -4 -2 -8
right_child=6 2 3 4 -6 -7 7 -9
leaf_value=-1.1296142351859772e-09 -0.0006010693898083917 0.10913034083000733 -0.096107683383937326 0.023068684976585315 -0.030501233729262979 -0.13260480381785905 0.0079508446266570981 -0.0047001038397735655
leaf_weight=1.133633500896394 4.1337011437863111 0.041598800569772609 0.062847465742379427 0.074262970127165318 0.060410824837163091 0.055093754548579454 1.9762030281126501 0.91322637815028418
leaf_count=7 8 2 8 4 6 5 4 12
internal_value=0 -0.00625808 -0.0303711 -0.0533431 -0.000961253 -0.113157 0.00127231 0.00395242
internal_weight=0 1.42785 0.294214 0.252615 0.134674 0.117941 7.02313 2.88943
internal_count=56 32 25 23 10 13 24 16
is_linear=0
shrinkage=0.1


Tree=35
num_leaves=7
num_cat=0
split_feature=2 3 0 1 3 1
split_gain=0.00753147 0.0136016 0.0148498 0.0129266 0.00822437 0.00539891
threshold=0.77699680907724045 1.1894465445763605 0.73132156626817435 1.0612862513913248 1.8598771830044025 0.88438179476689815
decision_type=2 2 2 2 2 2
left_child=4 2 3 -2 -1 -4
right_child=1 -3 5 -5 -6 -7
leaf_value=0.0062477327697782106 0.010722493167207092 -0.0020553286963215251 -0.092348279563877575 -0.050404326663433918 -0.0010503991081378238 -0.038457298758446438
leaf_weight=2.2090016063302755 0.094882045639678614 0.85388880502432585 0.038374621421098709 0.054448315408080816 5.1301064491271973 0.036056637298315763
leaf_count=21 6 3 5 8 8 5
internal_value=0 -0.00780638 -0.0297528 -0.0115654 0.00114627 -0.0662419
internal_weight=0 1.07765 0.223762 0.14933 7.33911 0.0744313
internal_count=56 27 24 14 29 10
is_linear=0
shrinkage=0.1


Tree=36
num_leaves=7
num_cat=0
split_feature=2 3 0 1 3 1
split_gain=0.00652781 0.0111273 0.0127047 0.0101231 0.00774565 0.0049731
threshold=0.77699680907724045 1.1894465445763605 0.73132156626817435 1.0612862513913248 1.8598771830044025 0.88438179476689815
decision_type=2 2 2 2 2 2
left_child=4 2 3 -2 -1 -4
right_child=1 -3 5 -5 -6 -7
leaf_value=0.0060197944474683941 0.0092130104277489567 -0.0021174964849037781 -0.086680680302122448 -0.045671970348474748 -0.0010657308674492728 -0.034552369820680433
leaf_weight=2.2066646830644459 0.094293924281373398 0.85363246873021126 0.037662701448425651 0.052213823888450861 5.1283901333808899 0.035600229632109404
leaf_count=21 6 3 5 8 8 5
internal_value=0 -0.0072836 -0.0273498 -0.0103474 0.00106587 -0.0613503
internal_weight=0 1.0734 0.219771 0.146508 7.33505 0.0732629
internal_count=56 27 24 14 29 10
is_linear=0
shrinkage=0.1


Tree=37
num_leaves=8
num_cat=0
split_feature=1 0 3 2 0 2 2
split_gain=0.00505156 0.0184999 0.0667879 0.0500143 0.0212294 0.00345845 0.00816868
threshold=1.0612862513913248 1.6286102616870635 0.34267191344977882 0.69841606244155752 0.73132156626817435 0.71236759690854601 0.77699680907724045
decision_type=2 2 2 2 2 2 2
left_child=1 2 3 -1 -5 -2 -7
right_child=5 -3 -4 4 -6 6 -8
leaf_value=0.10867752458689149 -0.00076041498401413141 0.00013699734607484083 -0.10871341356388116 0.0079396541122285762 -0.067156527372899844 0.0073742116493499682 -0.0040948722794154754
leaf_weight=0.0358791984617709 4.1363186296075583 1.1202627203892914 0.075652638450264931 0.093755901791155338 0.062900004908442497 1.9679573439061644 0.90731387818232168
leaf_count=2 8 8 7 6 9 4 12
internal_value=0 -0.0055108 -0.0291026 0.00217885 -0.0222127 0.00109126 0.00375505
internal_weight=0 1.38845 0.268188 0.192535 0.156656 7.01159 2.87527
internal_count=56 32 24 17 15 24 16
is_linear=0
shrinkage=0.1


Tree=38
num_leaves=7
num_cat=0
split_feature=2 3 3 1 1 1
split_gain=0.00449128 0.00712248 0.00669324 0.00920367 0.0117898 0.00177237
threshold=0.77699680907724045 1.8598771830044025 1.1894465445763605 1.0104035336763768 0.81914536243344072 1.233471983580382
decision_type=2 2 2 2 2 2
left_child=1 -1 3 4 -2 -5
right_child=2 -3 -4 5 -6 -7
leaf_value=0.0056622837842367317 -0.038595011535241738 -0.0011555337658860508 -0.0021883681082924627 -0.073680318581276549 0.020489021717758057 -0.040190987937611659
leaf_weight=2.1847667193505913 0.063449307344853656 5.1307396292686462 0.8524219635874033 0.024293863098137081 0.072206841316074133 0.045215428341180086
leaf_count=21 6 8 3 5 6 7
internal_value=0 0.000880599 -0.00609125 -0.0223069 -0.00714586 -0.0518957
internal_weight=0 7.31551 1.05759 0.205165 0.135656 0.0695093
internal_count=56 29 27 24 12 12
is_linear=0
shrinkage=0.1


Tree=39
num_leaves=10
num_cat=0
split_feature=1 1 2 2 3 3 2 2 0
split_gain=0.00407585 0.0164211 0.0668936 0.0562102 0.00408589 0.00376871 0.00338592 0.00765469 0.000362258
threshold=1.0612862513913248 0.60421500351828505 1.0000000180025095e-35 0.79883478229589766 -0.59426898087210378 0.6402154300538393 0.71236759690854601 0.77699680907724045 1.0882440977195511
decision_type=2 2 2 2 2 2 2 2 2
left_child=1 -1 -3 5 -5 8 -2 -8 -4
right_child=6 2 3 4 -6 -7 7 -9 -10
leaf_value=7.2241276384406018e-09 -0.0008583563653679643 0.10816053193912012 -0.12833120921883828 0.016822947098550659 -0.021930042683735003 -0.080869043067512067 0.0071158701199612456 -0.0040054407178661718 -0.11204739268857988
leaf_weight=1.1248125545680521 4.1371755581349134 0.030815318226814159 0.036949824541807175 0.058341932017356157 0.050980621133930981 0.035072384402155876 1.9646906703710558 0.90350356302224089 0.021676261210814118
leaf_count=7 8 2 5 4 6 3 4 12 5
internal_value=0 -0.0050126 -0.0291245 -0.0499622 -0.00124882 -0.106798 0.000972166 0.00361257 -0.12231
internal_weight=0 1.35865 0.233836 0.203021 0.109323 0.0936985 7.00537 2.86819 0.0586261
internal_count=56 32 25 23 10 13 24 16 10
is_linear=0
shrinkage=0.1


Tree=40
num_leaves=6
num_cat=0
split_feature=2 1 0 3 3
split_gain=0.00441387 0.00844541 0.0252496 0.00723662 0.00511257
threshold=0.77699680907724045 1.233471983580382 1.0882440977195511 1.8598771830044025 -0.78630157716569149
decision_type=2 2 2 2 2
left_child=3 2 4 -1 -2
right_child=1 -3 -4 -5 -6
leaf_value=0.0057150903070451835 0.020435877254418873 -0.0023580348724895994 -0.093246312910681459 -0.0011766114955221525 -0.022747935295624248
leaf_weight=2.1666822202969342 0.051530070602893829 0.88865083968266845 0.042545548873022199 5.1338013410568237 0.05858410906512268
leaf_count=21 4 9 7 8 7
internal_value=0 -0.00609068 -0.0278189 0.00086875 -0.00253923
internal_weight=0 1.04131 0.15266 7.30048 0.110114
internal_count=56 27 18 29 11
is_linear=0
shrinkage=0.1


Tree=41
num_leaves=6
num_cat=0
split_feature=2 3 1 0 3
split_gain=0.00376987 0.00666583 0.00591417 0.0214314 0.00304307
threshold=0.77699680907724045 1.8598771830044025 1.233471983580382 1.0882440977195511 -0.78630157716569149
decision_type=2 2 2 2 2
left_child=1 -1 3 4 -2
right_child=2 -3 -4 -5 -6
leaf_value=0.0054565462964638297 0.017052471121269296 -0.0011603784751591782 -0.0025268556817443543 -0.085182427423089013 -0.016381503320989282
leaf_weight=2.164225131040439 0.051159728784114122 5.134030669927597 0.88668742054142058 0.041446967050433159 0.05818330682814099
leaf_count=21 4 8 9 7 7
internal_value=0 0.000801805 -0.00564043 -0.0239491 -0.000738321
internal_weight=0 7.29826 1.03748 0.15079 0.109343
internal_count=56 29 27 18 11
is_linear=0
shrinkage=0.1


Tree=42
num_leaves=5
num_cat=0
split_feature=2 3 0 3
split_gain=0.00418881 0.00984682 0.0171409 0.0068146
threshold=0.77699680907724045 -0.41848341761108548 0.73132156626817435 1.8598771830044025
decision_type=2 2 2 2
left_child=3 2 -2 -1
right_child=1 -3 -4 -5
leaf_value=0.0055476579163564518 -0.0075527833636312332 -0.0019980400310998423 -0.08215943154510634 -0.001140029557385088
leaf_weight=2.16767986305058 0.10252662468701601 0.89504501270130254 0.044015258084982634 5.1284493505954742
leaf_count=21 9 11 7 8
internal_value=0 -0.00593226 -0.0299616 0.000846882
internal_weight=0 1.04159 0.146542 7.29613
internal_count=56 27 16 29
is_linear=0
shrinkage=0.1


Tree=43
num_leaves=8
num_cat=0
split_feature=1 1 3 3 3 2 2
split_gain=0.00320198 0.0138702 0.0508784 0.0102167 0.00800775 0.00311188 0.00657572
threshold=1.0612862513913248 0.60421500351828505 0.34267191344977882 -0.32842554190788525 -0.78630157716569149 0.71236759690854601 0.77699680907724045
decision_type=2 2 2 2 2 2 2
left_child=1 -1 3 4 -3 -2 -7
right_child=5 2 -4 -5 -6 6 -8
leaf_value=1.4331266672537182e-08 -0.00089533013780897371 0.0096168370845705654 -0.10367307662721628 0.036921130352733554 -0.047994996441454302 0.006656550010965487 -0.0036698299835496301
leaf_weight=1.1185605698265133 4.1376777123659849 0.053353967145085002 0.062593979761004448 0.056827228167094512 0.044040981912985444 1.9534731581807139 0.90112441568635393
leaf_count=7 8 5 7 7 6 4 12
internal_value=0 -0.00448699 -0.0276356 0.0032257 -0.0164346 0.000856921 0.00339677
internal_weight=0 1.33538 0.216816 0.154222 0.0973949 6.99228 2.8546
internal_count=56 32 25 18 11 24 16
is_linear=0
shrinkage=0.1


Tree=44
num_leaves=8
num_cat=0
split_feature=1 1 3 0 1 2 1
split_gain=0.00464351 0.0205037 0.0525552 0.0175321 0.0157306 0.00388738 0.00651988
threshold=1.0612862513913248 0.60421500351828505 0.34267191344977882 1.0882440977195511 0.8511483569439523 0.71236759690854601 1.1424849098208341
decision_type=2 2 2 2 2 2 2
left_child=1 -1 3 4 -3 -2 -7
right_child=5 2 -4 -5 -6 6 -8
leaf_value=1.4331266672537182e-08 -0.00092956627888564748 -0.034923364463508105 -0.10928914498054457 -0.057201765371062578 0.046515466394123239 0.00035698436420851179 0.010362817072082257
leaf_weight=1.1185605698265133 4.1386182401329279 0.035207265056669601 0.06441790983080864 0.040528442244976759 0.072683125850744545 1.857759722042829 1.0027304852847008
leaf_count=7 8 4 7 7 7 3 13
internal_value=0 -0.00541321 -0.0338623 -0.00112496 0.01994 0.00102973 0.00386448
internal_weight=0 1.3314 0.212837 0.148419 0.10789 6.99911 2.86049
internal_count=56 32 25 18 11 24 16
is_linear=0
shrinkage=0.1


Tree=45
num_leaves=7
num_cat=0
split_feature=1 1 3 3 2 2
split_gain=0.00254779 0.0122433 0.0303882 0.0158248 0.00288366 0.00619023
threshold=1.0612862513913248 0.60421500351828505 0.34267191344977882 -0.52639910046519156 0.71236759690854601 0.77699680907724045
decision_type=2 2 2 2 2 2
left_child=1 -1 3 -3 -2 -6
right_child=4 2 -4 -5 5 -7
leaf_value=1.4331266672537182e-08 -0.00092603619056089875 -0.03889582909488222 -0.091289352923929784 0.027978783659378212 0.0063757623126708077 -0.0036443952689957913
leaf_weight=1.1185605698265133 4.1396943815052509 0.065806252649053598 0.053581296000629663 0.076542295166291519 1.9494329504668715 0.90171467210166145
leaf_count=7 8 9 7 9 4 12
internal_value=0 -0.00403914 -0.0270986 -0.00293665 0.000759481 0.00320675
internal_weight=0 1.31449 0.19593 0.142349 6.99084 2.85115
internal_count=56 32 25 18 24 16
is_linear=0
shrinkage=0.1


Tree=46
num_leaves=6
num_cat=0
split_feature=2 3 3 0 0
split_gain=0.00272046 0.00652979 0.00609714 0.00299729 0.00435564
threshold=0.77699680907724045 -0.32842554190788525 1.8598771830044025 0.31604711770528088 0.73132156626817435
decision_type=2 2 2 2 2
left_child=2 3 -1 -2 -5
right_child=1 -3 -4 4 -6
leaf_value=0.0051657751810526868 -0.00012594892075814512 -0.0016036683006646645 -0.0011899878159927644 -0.019081543497788303 -0.062285474970269518
leaf_weight=2.1376224691048265 0.036976115312427282 0.87608460080809869 5.1354184746742249 0.071471573552116752 0.034646733431145549
leaf_count=21 3 8 8 9 7
internal_value=0 -0.00483858 0.000678037 -0.0246441 -0.0331873
internal_weight=0 1.01918 7.27304 0.143094 0.106118
internal_count=56 27 29 19 16
is_linear=0
shrinkage=0.1


Tree=47
num_leaves=9
num_cat=0
split_feature=3 0 2 1 1 2 1 0
split_gain=0.00233443 0.0341789 0.0787496 0.0769834 0.0580639 0.0417412 0.00503283 0.000148749
threshold=1.4441494219839492 0.73132156626817435 0.77699680907724045 1.0612862513913248 0.60421500351828505 0.7933036107291731 1.0612862513913248 1.449838664131895
decision_type=2 2 2 2 2 2 2 2
left_child=1 5 3 4 -3 -1 -7 -2
right_child=7 2 -4 -5 -6 6 -8 -9
leaf_value=-0.12330032793194197 -0.00018853454358802056 0.093080423163158565 -0.0033038457555691764 0.11919659689173866 -0.055113854314901616 0.0095187179247193995 -0.034522093694456038 -0.0011196211209242204
leaf_weight=0.043521741172298678 3.0080980621278286 0.043429776560514943 0.90711236221250147 0.11666804552078247 0.067579564871266484 0.06708877847995609 0.042313307756558061 3.9940747022628784
leaf_count=4 6 2 13 3 9 6 7 6
internal_value=0 0.00391312 0.00989379 0.0624758 0.00286365 -0.0404671 -0.00751489 -0.000719631
internal_weight=0 1.28771 1.13479 0.227677 0.111009 0.152924 0.109402 7.00217
internal_count=56 44 27 14 11 17 13 12
is_linear=0
shrinkage=0.1


Tree=48
num_leaves=3
num_cat=0
split_feature=2 3
split_gain=0.00237523 0.00451274
threshold=0.77699680907724045 1.8598771830044025
decision_type=2 2
left_child=1 -1
right_child=-2 -3
leaf_value=0.0045356228376182842 -0.0045427138748049397 -0.00096414507679630555
leaf_weight=2.1030406670179218 1.0100427172146735 5.1343838572502136
leaf_count=21 27 8
internal_value=0 0.00063397
internal_weight=0 7.23742
internal_count=56 29
is_linear=0
shrinkage=0.1


Tree=49
num_leaves=3
num_cat=0
split_feature=2 3
split_gain=0.00215225 0.00424369
threshold=0.77699680907724045 1.8598771830044025
decision_type=2 2
left_child=1 -1
right_child=-2 -3
leaf_value=0.004388007982762376 -0.00432435286615406 -0.0009460244937633174
leaf_weight=2.1022438209038228 1.0099752541864289 5.134271651506424
leaf_count=21 27 8
internal_value=0 0.000603539
internal_weight=0 7.23652
internal_count=56 29
is_linear=0
shrinkage=0.1


Tree=50
num_leaves=3
num_cat=0
split_feature=2 3
split_gain=0.0019361 0.00398251
threshold=0.77699680907724045 1.8598771830044025
decision_type=2 2
left_child=1 -1
right_child=-2 -3
leaf_value=0.0042395039282086813 -0.0041013776402193825 -0.00092845577048757892
leaf_weight=2.1014852575026453 1.0099955323385073 5.1341592073440552
leaf_count=21 27 8
internal_value=0 0.000572501
internal_weight=0 7.23564
internal_count=56 29
is_linear=0
shrinkage=0.1


Tree=51
num_leaves=7
num_cat=0
split_feature=1 1 0 1 2 2
split_gain=0.00184534 0.0095703 0.0197873 0.0183233 0.00174895 0.00399294
threshold=1.0612862513913248 0.60421500351828505 1.0882440977195511 0.8511483569439523 0.71236759690854601 0.77699680907724045
decision_type=2 2 2 2 2 2
left_child=1 -1 3 -3 -2 -6
right_child=4 2 -4 -5 5 -7
leaf_value=-5.914766761223675e-09 -0.00066784315863174196 -0.046019326831062982 -0.079645294326312677 0.028796541644740183 0.0051223435601758256 -0.0029539995688510458
leaf_weight=1.1100732143968342 4.1276815049350262 0.059463501907884964 0.048247461556456983 0.072827410651370883 1.9301355220377447 0.8964846716262399
leaf_count=7 8 8 9 8 4 12
internal_value=0 -0.00347276 -0.0248256 -0.00483248 0.000644487 0.00256087
internal_weight=0 1.29061 0.180538 0.132291 6.9543 2.82662
internal_count=56 32 25 16 24 16
is_linear=0
shrinkage=0.1


Tree=52
num_leaves=3
num_cat=0
split_feature=2 3
split_gain=0.00186193 0.00383587
threshold=0.77699680907724045 1.8598771830044025
decision_type=2 2
left_child=1 -1
right_child=-2 -3
leaf_value=0.0041627583079178691 -0.0040379623640414593 -0.00091219626695424473
leaf_weight=2.09790935437195 1.0028660881798712 5.134403795003891
leaf_count=21 27 8
internal_value=0 0.000559918
internal_weight=0 7.23231
internal_count=56 29
is_linear=0
shrinkage=0.1


Tree=53
num_leaves=3
num_cat=0
split_feature=2 3
split_gain=0.00164858 0.0035834
threshold=0.77699680907724045 1.8598771830044025
decision_type=2 2
left_child=1 -1
right_child=-2 -3
leaf_value=0.0040100290762597477 -0.0037991464629809728 -0.00089571944515766378
leaf_weight=2.097150677582249 1.0030560778686775 5.1342926621437073
leaf_count=21 27 8
internal_value=0 0.000526969
internal_weight=0 7.23144
internal_count=56 29
is_linear=0
shrinkage=0.1


Tree=54
num_leaves=3
num_cat=0
split_feature=2 3
split_gain=0.00143778 0.00333349
threshold=0.77699680907724045 1.8598771830044025
decision_type=2 2
left_child=1 -1
right_child=-2 -3
leaf_value=0.0038524093769662948 -0.0035473010192838845 -0.00087978730050003765
leaf_weight=2.0964088677428663 1.0033708184491841 5.1341829895973206
leaf_count=21 27 8
internal_value=0 0.000492247
internal_weight=0 7.23059
internal_count=56 29
is_linear=0
shrinkage=0.1


Tree=55
num_leaves=7
num_cat=0
split_feature=1 1 3 3 2 2
split_gain=0.00133218 0.00705203 0.0192956 0.0142023 0.00146268 0.00418642
threshold=1.0612862513913248 0.60421500351828505 0.34267191344977882 -0.52639910046519156 0.71236759690854601 0.77699680907724045
decision_type=2 2 2 2 2 2
left_child=1 -1 3 -3 -2 -6
right_child=4 2 -4 -5 5 -7
leaf_value=1.3645541039458844e-09 -0.00065223832829865679 -0.038284502032034894 -0.078993157147905058 0.027359396904083136 0.0049249931476711244 -0.0033572398445927808
leaf_weight=1.1090796468779442 4.1272234544157982 0.060493666678666735 0.043890601024031639 0.072409021435305698 1.9273728020489218 0.89311365503817786
leaf_count=7 8 9 7 9 4 12
internal_value=0 -0.00295671 -0.0215051 -0.00251991 0.000547226 0.0023024
internal_weight=0 1.28587 0.176793 0.132903 6.94771 2.82049
internal_count=56 32 25 18 24 16
is_linear=0
shrinkage=0.1


Tree=56
num_leaves=3
num_cat=0
split_feature=2 3
split_gain=0.00134263 0.0032601
threshold=0.77699680907724045 1.8598771830044025
decision_type=2 2
left_child=1 -1
right_child=-2 -3
leaf_value=0.0038041986973832869 -0.0034300023095857226 -0.00087991256778018371
leaf_weight=2.091072550509125 1.0021900935098527 5.1337636709213257
leaf_count=21 27 8
internal_value=0 0.000475802
internal_weight=0 7.22484
internal_count=56 29
is_linear=0
shrinkage=0.1


Tree=57
num_leaves=9
num_cat=0
split_feature=3 0 2 1 1 2 0 0
split_gain=0.00118141 0.0210917 0.0497056 0.0686831 0.0466994 0.0176192 0.000196477 0.00013258
threshold=1.4441494219839492 0.73132156626817435 0.77699680907724045 1.0612862513913248 0.60421500351828505 0.79883478229589766 0.45283471981237422 1.449838664131895
decision_type=2 2 2 2 2 2 2 2
left_child=1 5 3 4 -3 -1 -7 -2
right_child=7 2 -4 -5 -6 6 -8 -9
leaf_value=-0.08160142939249225 -2.622678448954843e-08 0.083682911417128539 -0.0023636514161171525 0.11633392712377824 -0.056946624094386104 -0.0018650203566264374 -0.011417187755686831 -0.0008792351314874067
leaf_weight=0.049813379300758132 3.0059520248323679 0.038096083328127639 0.89877503039315343 0.091546498239040375 0.062113869469612837 0.040553043829277158 0.045911706052720547 3.9939888715744019
leaf_count=7 6 2 13 3 9 5 5 6
internal_value=0 0.00286249 0.00749762 0.053718 -0.00348452 -0.034229 -0.0069371 -0.000501681
internal_weight=0 1.22681 1.09053 0.191756 0.10021 0.136278 0.0864647 6.99994
internal_count=56 44 27 14 11 17 10 12
is_linear=0
shrinkage=0.1


Tree=58
num_leaves=3
num_cat=0
split_feature=2 3
split_gain=0.00139658 0.00242063
threshold=0.77699680907724045 1.8598771830044025
decision_type=2 2
left_child=1 -1
right_child=-2 -3
leaf_value=0.0033713398215537483 -0.0035133144851990984 -0.00067941850331534653
leaf_weight=2.0703349898103625 0.99419986223801959 5.1320886015892029
leaf_count=21 27 8
internal_value=0 0.000484971
internal_weight=0 7.20242
internal_count=56 29
is_linear=0
shrinkage=0.1


Tree=59
num_leaves=3
num_cat=0
split_feature=2 3
split_gain=0.00127983 0.00229257
threshold=0.77699680907724045 1.8598771830044025
decision_type=2 2
left_child=1 -1
right_child=-2 -3
leaf_value=0.0032736765485035218 -0.0033632662848133406 -0.00066880988203008582
leaf_weight=2.0698486166074872 0.99419415113516141 5.1320106387138367
leaf_count=21 27 8
internal_value=0 0.000464279
internal_weight=0 7.20186
internal_count=56 29
is_linear=0
shrinkage=0.1


Tree=60
num_leaves=3
num_cat=0
split_feature=2 3
split_gain=0.00116652 0.00216775
threshold=0.77699680907724045 1.8598771830044025
decision_type=2 2
left_child=1 -1
right_child=-2 -3
leaf_value=0.0031755426682454841 -0.0032108292281522728 -0.00065844130810463757
leaf_weight=2.0693803585600108 0.99423592025414098 5.1319330632686615
leaf_count=21 27 8
internal_value=0 0.000443298
internal_weight=0 7.20131
internal_count=56 29
is_linear=0
shrinkage=0.1


Tree=61
num_leaves=7
num_cat=0
split_feature=1 1 0 1 2 2
split_gain=0.00112569 0.00633331 0.013862 0.0162143 0.000949758 0.0027899
threshold=1.0612862513913248 0.60421500351828505 1.0882440977195511 0.8511483569439523 0.71236759690854601 0.77699680907724045
decision_type=2 2 2 2 2 2
left_child=1 -1 3 -3 -2 -6
right_child=4 2 -4 -5 5 -7
leaf_value=3.0365866456946927e-09 -0.00046479156526847926 -0.043740274253801281 -0.071036805293320016 0.028758292285003002 0.0040688798022101335 -0.0027069042516464758
leaf_weight=1.1041217194870112 4.1187306102365255 0.056658341549336799 0.041456941748037934 0.067720692371949553 1.9166451878845694 0.88977550156414498
leaf_count=7 8 8 9 8 4 12
internal_value=0 -0.00273685 -0.0209586 -0.00426696 0.000501897 0.00192062
internal_weight=0 1.26996 0.165836 0.124379 6.92515 2.80642
internal_count=56 32 25 16 24 16
is_linear=0
shrinkage=0.1


Tree=62
num_leaves=3
num_cat=0
split_feature=2 3
split_gain=0.00114277 0.00211055
threshold=0.77699680907724045 1.8598771830044025
decision_type=2 2
left_child=1 -1
right_child=-2 -3
leaf_value=0.0031371389516298928 -0.0031849153614411478 -0.00064821892463889387
leaf_weight=2.0658324144314975 0.99032577639445651 5.1320657134056091
leaf_count=21 27 8
internal_value=0 0.000438198
internal_weight=0 7.1979
internal_count=56 29
is_linear=0
shrinkage=0.1


Tree=63
num_leaves=3
num_cat=0
split_feature=2 3
split_gain=0.00103079 0.00198908
threshold=0.77699680907724045 1.8598771830044025
decision_type=2 2
left_child=1 -1
right_child=-2 -3
leaf_value=0.0030367268112024533 -0.0030246122639716461 -0.00063839156424371
leaf_weight=2.0653629826847464 0.9904568955535068 5.1319866478443146
leaf_count=21 27 8
internal_value=0 0.000416226
internal_weight=0 7.19735
internal_count=56 29
is_linear=0
shrinkage=0.1


Tree=64
num_leaves=3
num_cat=0
split_feature=2 3
split_gain=0.000921284 0.00186958
threshold=0.77699680907724045 1.8598771830044025
decision_type=2 2
left_child=1 -1
right_child=-2 -3
leaf_value=0.0029344964810034497 -0.0028591129351435429 -0.00062881123554216645
leaf_weight=2.0649037931580096 0.99064718710724253 5.1319080293178558
leaf_count=21 27 8
internal_value=0 0.00039357
internal_weight=0 7.19681
internal_count=56 29
is_linear=0
shrinkage=0.1


Tree=65
num_leaves=7
num_cat=0
split_feature=1 3 1 3 2 2
split_gain=0.000905002 0.010612 0.00410877 0.00102108 0.0008349 0.00282604
threshold=1.0612862513913248 -0.10909867910009412 0.81914536243344072 -1.3038634303881771 0.71236759690854601 0.77699680907724045
decision_type=2 2 2 2 2 2
left_child=1 2 -1 -4 -2 -6
right_child=4 -3 3 -5 5 -7
leaf_value=-0.04860370824486647 -0.00045630198459863558 0.00062769923055783043 0.0025801468728160366 -0.022497438816602041 0.0039445365001794545 -0.0028801949252727685
leaf_weight=0.060554071096703077 4.1184313436970115 1.1371144969016314 0.026359912008046771 0.042276508174836969 1.9141153972595932 0.88833507918752719
leaf_count=9 8 13 2 8 4 12
internal_value=0 -0.00245793 -0.0296171 -0.0128664 0.000449722 0.0017812
internal_weight=0 1.2663 0.12919 0.0686364 6.92088 2.80245
internal_count=56 32 19 10 24 16
is_linear=0
shrinkage=0.1


Tree=66
num_leaves=7
num_cat=0
split_feature=1 1 3 3 2 2
split_gain=0.000813876 0.00474628 0.0168279 0.0144813 0.000790159 0.00288834
threshold=1.0612862513913248 0.60421500351828505 0.34267191344977882 -0.52639910046519156 0.71236759690854601 0.77699680907724045
decision_type=2 2 2 2 2 2
left_child=1 -1 3 -3 -2 -6
right_child=4 2 -4 -5 5 -7
leaf_value=6.677838980089844e-09 -0.00045554361317846236 -0.037897301533496436 -0.075861007369877095 0.031534185059197743 0.0039085561297012936 -0.0029919330759700415
leaf_weight=1.1017708515282718 4.1181279895827174 0.055183411226607526 0.038684324827045202 0.065928608644753917 1.9137342534959318 0.8880643977317958
leaf_count=7 8 9 7 9 4 12
internal_value=0 -0.00233592 -0.0184418 -0.000101538 0.00042586 0.00172136
internal_weight=0 1.26157 0.159796 0.121112 6.91993 2.8018
internal_count=56 32 25 18 24 16
is_linear=0
shrinkage=0.1


Tree=67
num_leaves=3
num_cat=0
split_feature=2 3
split_gain=0.000816341 0.00182877
threshold=0.77699680907724045 1.8598771830044025
decision_type=2 2
left_child=1 -1
right_child=-2 -3
leaf_value=0.0028887277007116196 -0.0026958557234902196 -0.00063974906795779727
leaf_weight=2.0580128994770348 0.98758713295683254 5.1311312019824982
leaf_count=21 27 8
internal_value=0 0.000370337
internal_weight=0 7.18914
internal_count=56 29
is_linear=0
shrinkage=0.1


Tree=68
num_leaves=7
num_cat=0
split_feature=1 1 3 3 2 2
split_gain=0.000740181 0.00437677 0.012578 0.01143 0.000783922 0.00283782
threshold=1.0612862513913248 0.60421500351828505 0.34267191344977882 -0.52639910046519156 0.71236759690854601 0.77699680907724045
decision_type=2 2 2 2 2 2
left_child=1 -1 3 -3 -2 -6
right_child=4 2 -4 -5 5 -7
leaf_value=5.2417355722204295e-09 -0.00047195788261944764 -0.035890506690033762 -0.068302638843220062 0.026097991305359298 0.0038659768634711866 -0.0029754721207231744
leaf_weight=1.1015816961880771 4.117282385006547 0.05442176177166369 0.0375811867415905 0.065602848771959765 1.912266504019499 0.88778089312836517
leaf_count=7 8 9 7 9 4 12
internal_value=0 -0.00223002 -0.0178167 -0.00200894 0.000405941 0.00169683
internal_weight=0 1.25919 0.157606 0.120025 6.91733 2.80005
internal_count=56 32 25 18 24 16
is_linear=0
shrinkage=0.1


Tree=69
num_leaves=3
num_cat=0
split_feature=2 3
split_gain=0.00085704 0.00187061
threshold=0.77699680907724045 1.8598771830044025
decision_type=2 2
left_child=1 -1
right_child=-2 -3
leaf_value=0.0029275819086480798 -0.0027592160104159911 -0.00064177950533372667
leaf_weight=2.0570672692265362 0.98948028555605549 5.1295251846313477
leaf_count=21 27 8
internal_value=0 0.000379903
internal_weight=0 7.18659
internal_count=56 29
is_linear=0
shrinkage=0.1


Tree=70
num_leaves=8
num_cat=0
split_feature=1 1 3 1 3 2 2
split_gain=0.00079825 0.00461611 0.0098473 0.0143561 0.00432521 0.0008357 0.00257635
threshold=1.0612862513913248 0.60421500351828505 0.34267191344977882 0.81914536243344072 -0.32842554190788525 0.71236759690854601 0.77699680907724045
decision_type=2 2 2 2 2 2 2
left_child=1 -1 3 -3 -5 -2 -7
right_child=5 2 -4 4 -6 6 -8
leaf_value=8.1599199839768375e-09 -0.00048441223729032165 -0.06214609999290073 -0.062325896069144508 -0.007398421192464387 0.036331130198166431 0.0038239481752549926 -0.002695149700832586
leaf_weight=1.101391050731763 4.1152297677472234 0.03177927283104498 0.038389342371374369 0.042384619591757322 0.048499321797862982 1.910561675205827 0.88797248667106021
leaf_count=7 8 5 7 6 7 4 12
internal_value=0 -0.0023123 -0.0181255 -0.00429226 0.0159374 0.000422231 0.00175544
internal_weight=0 1.26244 0.161053 0.122663 0.0908839 6.91376 2.79853
internal_count=56 32 25 18 13 24 16
is_linear=0
shrinkage=0.1


Tree=71
num_leaves=8
num_cat=0
split_feature=1 1 3 1 3 2 2
split_gain=0.00120455 0.0070322 0.0123861 0.0110853 0.00209213 0.00103553 0.00196226
threshold=1.0612862513913248 0.60421500351828505 0.34267191344977882 0.81914536243344072 -0.32842554190788525 0.71236759690854601 0.77699680907724045
decision_type=2 2 2 2 2 2 2
left_child=1 -1 3 -3 -5 -2 -7
right_child=5 2 -4 4 -6 6 -8
leaf_value=8.1599199839768375e-09 -0.00049082800870641906 -0.057931424905957908 -0.06994554943462826 -0.0048479708696263502 0.026087026835442586 0.0038095819818329598 -0.0018776264803260292
leaf_weight=1.101391050731763 4.1152617726475 0.030631120549514779 0.040866249706596136 0.040357049787416721 0.047703594900668 1.9093043562024834 0.889227965613827
leaf_count=7 8 5 7 6 7 4 12
internal_value=0 -0.00284239 -0.0224628 -0.00611423 0.0119099 0.000518402 0.00200248
internal_weight=0 1.26095 0.159558 0.118692 0.0880606 6.91379 2.79853
internal_count=56 32 25 18 13 24 16
is_linear=0
shrinkage=0.1


Tree=72
num_leaves=7
num_cat=0
split_feature=1 1 1 3 2 2
split_gain=0.000901066 0.00546545 0.0064254 0.0182168 0.000902626 0.00229938
threshold=1.0612862513913248 0.60421500351828505 0.88438179476689815 -0.52639910046519156 0.71236759690854601 0.77699680907724045
decision_type=2 2 2 2 2 2
left_child=1 -1 3 -3 -2 -6
right_child=4 2 -4 -5 5 -7
leaf_value=8.1599199839768375e-09 -0.00049490841393713106 -0.054844905210754691 -0.046155597825932794 0.033688880612294608 0.0037930034033085702 -0.0023587625627705801
leaf_weight=1.101391050731763 4.114191017113626 0.040520524722523654 0.058659235248342156 0.054500168422237261 1.9070049375295641 0.89169465960003425
leaf_count=7 8 7 10 8 4 12
internal_value=0 -0.00246499 -0.0201311 -0.00406537 0.000447545 0.00183299
internal_weight=0 1.25507 0.15368 0.0950207 6.91289 2.7987
internal_count=56 32 25 15 24 16
is_linear=0
shrinkage=0.1


Tree=73
num_leaves=8
num_cat=0
split_feature=1 3 3 0 3 2 2
split_gain=0.00109073 0.00416451 0.058944 0.0182973 0.00170684 0.00100802 0.00192443
threshold=1.0612862513913248 0.34267191344977882 -0.10909867910009412 0.73132156626817435 -0.78630157716569149 0.71236759690854601 0.77699680907724045
decision_type=2 2 2 2 2 2 2
left_child=1 2 3 -1 -5 -2 -7
right_child=5 -3 -4 4 -6 6 -8
leaf_value=0.016699989151628899 -0.00050775692010778645 -0.0049229926104846214 0.10956537129144267 -0.04073785218317505 -0.076457271470780255 0.0037388983947513974 -0.0018816152777163496
leaf_weight=0.052681283093988562 4.1081402255222201 1.087392715504393 0.044728280045092106 0.020332178333773876 0.039112123893574213 1.9146154597401621 0.89346390054561187
leaf_count=5 8 9 4 5 9 4 12
internal_value=0 -0.00272573 0.0125069 -0.026211 -0.0642399 0.000490363 0.00195058
internal_weight=0 1.24425 0.156854 0.112126 0.0594443 6.91622 2.80808
internal_count=56 32 23 19 14 24 16
is_linear=0
shrinkage=0.1


Tree=74
num_leaves=9
num_cat=0
split_feature=1 3 3 0 0 0 2 2
split_gain=0.00103155 0.00481637 0.0487541 0.0156763 0.00155247 0.00521623 0.00098528 0.00187312
threshold=1.0612862513913248 0.34267191344977882 -0.10909867910009412 0.73132156626817435 1.0882440977195511 2.1148189157380091 0.71236759690854601 0.77699680907724045
decision_type=2 2 2 2 2 2 2 2
left_child=1 2 3 -1 -5 -6 -2 -8
right_child=6 -3 -4 4 5 -7 7 -9
leaf_value=0.01950758184402844 -0.00051209597435324095 -0.0049533227265501556 0.1084799836676522 -0.033581198544638903 -0.10243676308061281 -0.02750372536999068 0.0036829654291573397 -0.0018615552248659748
leaf_weight=0.050048870034515525 4.1057881237939 1.0873077479191124 0.039982386631891131 0.018190799281001091 0.020920271635986865 0.016710228461306542 1.9147049114108088 0.89371420256793488
leaf_count=5 8 9 4 4 6 4 4 12
internal_value=0 -0.0026644 0.0143992 -0.0211309 -0.057567 -0.0691619 0.000475186 0.00191855
internal_weight=0 1.23316 0.145853 0.10587 0.0558213 0.0376305 6.91421 2.80842
internal_count=56 32 23 19 14 10 24 16
is_linear=0
shrinkage=0.1


Tree=75
num_leaves=9
num_cat=0
split_feature=1 3 3 3 0 0 2 0
split_gain=0.00113175 0.00169164 0.0601254 0.0613547 0.0201866 0.00659633 0.00103559 0.00169613
threshold=1.0612862513913248 1.4441494219839492 0.34267191344977882 -0.10909867910009412 1.0882440977195511 1.6286102616870635 0.71236759690854601 1.6286102616870635
decision_type=2 2 2 2 2 2 2 2
left_child=1 2 3 4 -1 -6 -2 -8
right_child=6 -3 -4 -5 5 -7 7 -9
leaf_value=0.0083238865966905173 -0.00051521091171369856 -0.0012838710985384203 -0.1460323391222963 0.1182254226263724 -0.12052301989992434 -0.04036800587916986 0.0054212271014929666 0.00022418203765370355
leaf_weight=0.065326832467689777 4.0982166295871139 1.0599740771576762 0.02806078502908349 0.040639854036271572 0.020896752364933491 0.020183399086818099 0.94769400660879921 1.8614511981140822
leaf_count=9 8 4 5 4 5 5 13 3
internal_value=0 -0.00278809 -0.0118935 0.013704 -0.0262157 -0.0811415 0.000498529 0.00197746
internal_weight=0 1.23508 0.175108 0.147047 0.106407 0.0410802 6.90736 2.80915
internal_count=56 32 28 23 19 10 24 16
is_linear=0
shrinkage=0.1


Tree=76
num_leaves=3
num_cat=0
split_feature=2 3
split_gain=0.000737349 0.00145842
threshold=0.77699680907724045 1.8598771830044025
decision_type=2 2
left_child=1 -1
right_child=-2 -3
leaf_value=0.0026226676486127381 -0.0025924112449450549 -0.0005468607233669368
leaf_weight=2.0248927802313119 0.96655381162418041 5.1290270686149597
leaf_count=21 27 8
internal_value=0 0.000350264
internal_weight=0 7.15392
internal_count=56 29
is_linear=0
shrinkage=0.1


Tree=77
num_leaves=3
num_cat=0
split_feature=2 3
split_gain=0.000686012 0.00139638
threshold=0.77699680907724045 1.8598771830044025
decision_type=2 2
left_child=1 -1
right_child=-2 -3
leaf_value=0.0025615803191938527 -0.0025005563717017997 -0.00053995658194790812
leaf_weight=2.0246318967547268 0.96654034283710633 5.1289063990116119
leaf_count=21 27 8
internal_value=0 0.000337857
internal_weight=0 7.15354
internal_count=56 29
is_linear=0
shrinkage=0.1


Tree=78
num_leaves=9
num_cat=0
split_feature=0 1 3 3 3 2 0 0
split_gain=0.000658468 0.0165354 0.029078 0.0159301 0.00380984 0.000188807 0.000481669 0.000130887
threshold=1.1944760193562665 1.1870748712877475 -0.10909867910009412 -0.59426898087210378 0.6402154300538393 0.71236759690854601 3.5111561303173824 1.449838664131895
decision_type=2 2 2 2 2 2 2 2
left_child=1 2 3 -1 -4 -2 7 -7
right_child=5 -3 4 -5 -6 6 -8 -9
leaf_value=0.024844615069636818 0.00020448050619555221 -0.0029145793217772399 0.049148033556558453 -0.06665105416684633 0.09110936563775926 -0.0010153860240487277 0.00031282608098854334 -0.0026769466579032149
leaf_weight=0.046462459489702956 3.2453102276194841 0.92698412295430899 0.040982089238241315 0.032228434225544333 0.045840006321668625 0.84774783556349587 1.8585267066955566 1.0756299011991357
leaf_count=7 6 11 7 6 3 4 2 10
internal_value=0 0.0022839 0.0313989 -0.0126281 0.0713026 -0.000355076 -0.00083524 -0.0019446
internal_weight=0 1.0925 0.165513 0.0786909 0.0868221 7.02721 3.7819 1.92338
internal_count=56 34 23 13 10 22 16 14
is_linear=0
shrinkage=0.1


Tree=79
num_leaves=9
num_cat=0
split_feature=0 2 2 1 2 2 0 0
split_gain=0.000587747 0.0138353 0.0470533 0.0196479 0.0018286 0.000181014 0.00045509 0.000131564
threshold=1.1944760193562665 0.71236759690854601 0.78189692106282205 1.1424849098208341 0.81667135146399372 0.71236759690854601 3.5111561303173824 1.449838664131895
decision_type=2 2 2 2 2 2 2 2
left_child=1 -1 -3 4 -4 -2 7 -7
right_child=5 2 3 -5 -6 6 -8 -9
leaf_value=-0.0024318453289798973 0.00021382371449845942 0.10715854049080512 0.041586775098229958 -0.069906787220335553 0.0080052903846316078 -0.00095093698609607024 0.00031162762833184145 -0.002617034997385778
leaf_weight=0.92801366699859478 3.2453617092687637 0.052157956757582724 0.028457880020141602 0.035338321467861533 0.037691088276915252 0.84741859952919196 1.8585207462310791 1.0754427677020428
leaf_count=13 6 3 3 8 7 4 2 10
internal_value=0 0.00217 0.029965 -0.00970751 0.0224523 -0.00033404 -0.000804242 -0.00188277
internal_weight=0 1.08166 0.153645 0.101487 0.066149 7.02674 3.78138 1.92286
internal_count=56 34 21 18 10 22 16 14
is_linear=0
shrinkage=0.1


Tree=80
num_leaves=8
num_cat=0
split_feature=0 1 1 2 2 0 0
split_gain=0.000491472 0.00980188 0.0189367 0.00722236 0.000224454 0.000473518 0.000107142
threshold=1.1944760193562665 1.1870748712877475 1.0612862513913248 0.79883478229589766 0.71236759690854601 3.5111561303173824 1.449838664131895
decision_type=2 2 2 2 2 2 2
left_child=1 2 3 -1 -2 6 -6
right_child=4 -3 -4 -5 5 -7 -8
leaf_value=-0.031003518091632487 0.00030598721804895164 -0.001894376853780178 0.076183487540094311 0.02305472484440485 -0.0010870063994906304 0.0003104483807887998 -0.0025906820742339341
leaf_weight=0.041859351098537223 3.2449343088082969 0.9187336633913219 0.049667755141854286 0.060341824777424335 0.84721121168695401 1.8585149645805359 1.0752998058451337
leaf_count=10 6 11 4 9 4 2 10
internal_value=0 0.0019959 0.0255302 0.000913659 -0.00030413 -0.000827741 -0.00192804
internal_weight=0 1.0706 0.151869 0.102201 7.02596 3.78103 1.92251
internal_count=56 34 23 19 22 16 14
is_linear=0
shrinkage=0.1


Tree=81
num_leaves=3
num_cat=0
split_feature=2 3
split_gain=0.000546706 0.000659835
threshold=0.77699680907724045 1.8598771830044025
decision_type=2 2
left_child=1 -1
right_child=-2 -3
leaf_value=0.0018404737470645264 -0.002239459646388445 -0.00029962998321429225
leaf_weight=2.0036743102828041 0.96067562606185664 5.1272569596767426
leaf_count=21 27 8
internal_value=0 0.000301704
internal_weight=0 7.13093
internal_count=56 29
is_linear=0
shrinkage=0.1


Tree=82
num_leaves=3
num_cat=0
split_feature=2 3
split_gain=0.000511993 0.000630782
threshold=0.77699680907724045 1.8598771830044025
decision_type=2 2
left_child=1 -1
right_child=-2 -3
leaf_value=0.0017965670198486492 -0.0021672603136187771 -0.00029596616709782092
leaf_weight=2.0034767821198329 0.96063055930426333 5.1272298693656921
leaf_count=21 27 8
internal_value=0 0.000291962
internal_weight=0 7.13071
internal_count=56 29
is_linear=0
shrinkage=0.1


Tree=83
num_leaves=3
num_cat=0
split_feature=2 3
split_gain=0.000479009 0.000602841
threshold=0.77699680907724045 1.8598771830044025
decision_type=2 2
left_child=1 -1
right_child=-2 -3
leaf_value=0.0017533996082328418 -0.0020963161087161576 -0.00029233391774502714
leaf_weight=2.0032895238837227 0.96060052153188724 5.1271989643573761
leaf_count=21 27 8
internal_value=0 0.000282409
internal_weight=0 7.13049
internal_count=56 29
is_linear=0
shrinkage=0.1


Tree=84
num_leaves=3
num_cat=0
split_feature=2 3
split_gain=0.00044755 0.000575983
threshold=0.77699680907724045 1.8598771830044025
decision_type=2 2
left_child=1 -1
right_child=-2 -3
leaf_value=0.001710910439159866 -0.0020263274282278209 -0.00028879828881698221
leaf_weight=2.0031110149575397 0.96058383147465054 5.1271649599075317
leaf_count=21 27 8
internal_value=0 0.000272981
internal_weight=0 7.13028
internal_count=56 29
is_linear=0
shrinkage=0.1


Tree=85
num_leaves=3
num_cat=0
split_feature=2 3
split_gain=0.000417558 0.000550074
threshold=0.77699680907724045 1.8598771830044025
decision_type=2 2
left_child=1 -1
right_child=-2 -3
leaf_value=0.0016689808662235586 -0.0019572498393357583 -0.00028529643261229472
leaf_weight=2.0029394436860457 0.96058030560379837 5.1271290481090546
leaf_count=21 27 8
internal_value=0 0.000263688
internal_weight=0 7.13007
internal_count=56 29
is_linear=0
shrinkage=0.1


Tree=86
num_leaves=10
num_cat=0
split_feature=0 3 0 2 0 1 2 0 0
split_gain=0.000391307 0.00126123 0.0171963 0.0475953 0.00734096 0.0119587 0.000203672 0.000421339 0.000130613
threshold=1.1944760193562665 0.6402154300538393 0.97627617846563985 0.74543971927420749 0.73132156626817435 1.0612862513913248 0.71236759690854601 3.5111561303173824 1.449838664131895
decision_type=2 2 2 2 2 2 2 2 2
left_child=1 2 3 -1 5 -5 -2 8 -8
right_child=6 -3 -4 4 -6 -7 7 -9 -10
leaf_value=-0.12138909405964365 0.00031042028395981367 0.0033013317805325503 0.066494956048963494 0.02717956906436857 0.05242611634529331 -0.053270386187339737 -0.00087795304928233299 0.00030449963942014212 -0.0025381813627885557
leaf_weight=0.034982532262801902 3.2454934427514672 0.89174766512587667 0.027482441510073841 0.047382904915139079 0.032475128653459251 0.030287954956293106 0.84662719909101736 1.857748806476593 1.0762267050449734
leaf_count=6 6 6 5 6 4 7 4 2 10
internal_value=0 0.00178684 -0.00603735 -0.0197725 0.0125011 -0.0041921 -0.000270678 -0.000769526 -0.00180719
internal_weight=0 1.06436 0.172611 0.145129 0.110146 0.0776709 7.0261 3.7806 1.92285
internal_count=56 34 28 23 17 13 22 16 14
is_linear=0
shrinkage=0.1


Tree=87
num_leaves=3
num_cat=0
split_feature=2 3
split_gain=0.000580343 0.0007613
threshold=0.77699680907724045 1.8598771830044025
decision_type=2 2
left_child=1 -1
right_child=-2 -3
leaf_value=0.0019683626388806645 -0.0023089526029227265 -0.00033405848543616059
leaf_weight=1.9951449387008322 0.95931793394265685 5.1252804398536682
leaf_count=21 27 8
internal_value=0 0.00031108
internal_weight=0 7.12043
internal_count=56 29
is_linear=0
shrinkage=0.1


Tree=88
num_leaves=3
num_cat=0
split_feature=2 3
split_gain=0.00049785 0.000700161
threshold=0.77699680907724045 1.8598771830044025
decision_type=2 2
left_child=1 -1
right_child=-2 -3
leaf_value=0.0018777622746609824 -0.0021390990326691926 -0.00033050569789371849
leaf_weight=1.9944989873329175 0.95888724643737067 5.1256766319274902
leaf_count=21 27 8
internal_value=0 0.000288073
internal_weight=0 7.12018
internal_count=56 29
is_linear=0
shrinkage=0.1


Tree=89
num_leaves=3
num_cat=0
split_feature=2 3
split_gain=0.000438043 0.00065284
threshold=0.77699680907724045 1.8598771830044025
decision_type=2 2
left_child=1 -1
right_child=-2 -3
leaf_value=0.0018054699865197401 -0.0020067814094577269 -0.00032703607167311688
leaf_weight=1.9940316580468787 0.95864160335622717 5.1259079277515411
leaf_count=21 27 8
internal_value=0 0.0002702
internal_weight=0 7.11994
internal_count=56 29
is_linear=0
shrinkage=0.1


Tree=90
num_leaves=3
num_cat=0
split_feature=2 3
split_gain=0.000390185 0.000612983
threshold=0.77699680907724045 1.8598771830044025
decision_type=2 2
left_child=1 -1
right_child=-2 -3
leaf_value=0.001742848829139847 -0.0018941483597150876 -0.00032366515159562104
leaf_weight=1.9936594741884617 0.95849805133184407 5.1260541379451752
leaf_count=21 27 8
internal_value=0 0.000254999
internal_weight=0 7.11971
internal_count=56 29
is_linear=0
shrinkage=0.1


Tree=91
num_leaves=3
num_cat=0
split_feature=2 3
split_gain=0.000349693 0.000577821
threshold=0.77699680907724045 1.8598771830044025
decision_type=2 2
left_child=1 -1
right_child=-2 -3
leaf_value=0.0016861006533874315 -0.0017932495095987523 -0.00032037665128006355
leaf_weight=1.9933452035766093 0.95842011447530229 5.1261497735977173
leaf_count=21 27 8
internal_value=0 0.000241405
internal_weight=0 7.11949
internal_count=56 29
is_linear=0
shrinkage=0.1


Tree=92
num_leaves=3
num_cat=0
split_feature=2 3
split_gain=0.000314207 0.000545852
threshold=0.77699680907724045 1.8598771830044025
decision_type=2 2
left_child=1 -1
right_child=-2 -3
leaf_value=0.0016331196432415049 -0.0016998584595765065 -0.00031715539660403559
leaf_weight=1.9930697855306787 0.95838857238413755 5.1262129247188568
leaf_count=21 27 8
internal_value=0 0.000228831
internal_weight=0 7.11928
internal_count=56 29
is_linear=0
shrinkage=0.1


Tree=93
num_leaves=3
num_cat=0
split_feature=2 3
split_gain=0.000282428 0.000516262
threshold=0.77699680907724045 1.8598771830044025
decision_type=2 2
left_child=1 -1
right_child=-2 -3
leaf_value=0.0015827724366773534 -0.0016115894328738026 -0.0003139890338593914
leaf_weight=1.9928214948158709 0.95839253882877518 5.1262544095516205
leaf_count=21 27 8
internal_value=0 0.000216966
internal_weight=0 7.11908
internal_count=56 29
is_linear=0
shrinkage=0.1


Tree=94
num_leaves=4
num_cat=0
split_feature=1 2 2
split_gain=0.000281542 0.000223113 0.00159467
threshold=1.0612862513913248 0.71236759690854601 0.77699680907724045
decision_type=2 2 2
left_child=-1 -2 -3
right_child=1 2 -4
leaf_value=-0.0014136447296474906 -0.00022164362601094631 0.0025721203673062317 -0.0025821170509145331
leaf_weight=1.1996016479097305 4.1041698390617967 1.8949598297476771 0.87856855941936363
leaf_count=32 8 4 12
internal_value=0 0.00024657 0.000939416
internal_weight=0 6.8777 2.77353
internal_count=56 24 16
is_linear=0
shrinkage=0.1


Tree=95
num_leaves=4
num_cat=0
split_feature=1 2 2
split_gain=0.000281148 0.000221439 0.00157962
threshold=1.0612862513913248 0.71236759690854601 0.77699680907724045
decision_type=2 2 2
left_child=-1 -2 -3
right_child=1 2 -4
leaf_value=-0.0014126903390524761 -0.00022005260519498732 0.0025617272298734486 -0.0025683035076015616
leaf_weight=1.1995499918702988 4.10408197902143 1.8948091343045237 0.87851198320277024
leaf_count=32 8 4 12
internal_value=0 0.000246399 0.000936674
internal_weight=0 6.8774 2.77332
internal_count=56 24 16
is_linear=0
shrinkage=0.1


Tree=96
num_leaves=4
num_cat=0
split_feature=1 2 2
split_gain=0.000280758 0.000219774 0.00156483
threshold=1.0612862513913248 0.71236759690854601 0.77699680907724045
decision_type=2 2 2
left_child=-1 -2 -3
right_child=1 2 -4
leaf_value=-0.0014117295750053736 -0.00021844890377926922 0.0025514517395224313 -0.0025546804116697783
leaf_weight=1.1994990651728583 4.103995306417346 1.8946594968438151 0.87845653342083085
leaf_count=32 8 4 12
internal_value=0 0.000246243 0.000933952
internal_weight=0 6.87711 2.77312
internal_count=56 24 16
is_linear=0
shrinkage=0.1


Tree=97
num_leaves=4
num_cat=0
split_feature=1 2 2
split_gain=0.000280363 0.000218136 0.00155021
threshold=1.0612862513913248 0.71236759690854601 0.77699680907724045
decision_type=2 2 2
left_child=-1 -2 -3
right_child=1 2 -4
leaf_value=-0.0014107704607948495 -0.00021688232551873399 0.0025412408748754036 -0.0025411448990548249
leaf_weight=1.1994484178721903 4.1039091357961297 1.8945113383233549 0.87840148829855014
leaf_count=32 8 4 12
internal_value=0 0.000246073 0.000931246
internal_weight=0 6.87682 2.77291
internal_count=56 24 16
is_linear=0
shrinkage=0.1


Tree=98
num_leaves=4
num_cat=0
split_feature=1 2 2
split_gain=0.000279963 0.000216516 0.00153575
threshold=1.0612862513913248 0.71236759690854601 0.77699680907724045
decision_type=2 2 2
left_child=-1 -2 -3
right_child=1 2 -4
leaf_value=-0.0014098012022828752 -0.00021533849516991346 0.0025310912919059864 -0.0025277153230484216
leaf_weight=1.1993980535189619 4.1038228468969464 1.8943639528006317 0.87834689347073425
leaf_count=32 8 4 12
internal_value=0 0.000245892 0.000928549
internal_weight=0 6.87653 2.77271
internal_count=56 24 16
is_linear=0
shrinkage=0.1


Tree=99
num_leaves=4
num_cat=0
split_feature=1 2 2
split_gain=0.000279563 0.000214901 0.00152153
threshold=1.0612862513913248 0.71236759690854601 0.77699680907724045
decision_type=2 2 2
left_child=-1 -2 -3
right_child=1 2 -4
leaf_value=-0.0014088165620723429 -0.00021377720927797837 0.0025210405318790707 -0.0025144520784206618
leaf_weight=1.1993480463279409 4.1037379922345281 1.894217746332288 0.87829315499402572
leaf_count=32 8 4 12
internal_value=0 0.000245728 0.000925866
internal_weight=0 6.87625 2.77251
internal_count=56 24 16
is_linear=0
shrinkage=0.1


end of trees

feature_importances:
emotion_dist=188
distance_verb=141
ltq_score=135
distance_pron=102

parameters:
[boosting: gbdt]
[objective: lambdarank]
[metric: ndcg]
[tree_learner: serial]
[device_type: cpu]
[data: ]
[valid: ]
[num_iterations: 100]
[learning_rate: 0.1]
[num_leaves: 16]
[num_threads: 6]
[deterministic: 0]
[force_col_wise: 0]
[force_row_wise: 0]
[histogram_pool_size: -1]
[max_depth: -1]
[min_data_in_leaf: 5]
[min_sum_hessian_in_leaf: 0.001]
[bagging_fraction: 1]
[pos_bagging_fraction: 1]
[neg_bagging_fraction: 1]
[bagging_freq: 0]
[bagging_seed: 3]
[feature_fraction: 1]
[feature_fraction_bynode: 1]
[feature_fraction_seed: 2]
[extra_trees: 0]
[extra_seed: 6]
[early_stopping_round: 0]
[first_metric_only: 0]
[max_delta_step: 0]
[lambda_l1: 0]
[lambda_l2: 0]
[linear_lambda: 0]
[min_gain_to_split: 0]
[drop_rate: 0.1]
[max_drop: 50]
[skip_drop: 0.5]
[xgboost_dart_mode: 0]
[uniform_drop: 0]
[drop_seed: 4]
[top_rate: 0.2]
[other_rate: 0.1]
[min_data_per_group: 100]
[max_cat_threshold: 32]
[cat_l2: 10]
[cat_smooth: 10]
[max_cat_to_onehot: 4]
[top_k: 20]
[monotone_constraints: ]
[monotone_constraints_method: basic]
[monotone_penalty: 0]
[feature_contri: ]
[forcedsplits_filename: ]
[refit_decay_rate: 0.9]
[cegb_tradeoff: 1]
[cegb_penalty_split: 0]
[cegb_penalty_feature_lazy: ]
[cegb_penalty_feature_coupled: ]
[path_smooth: 0]
[interaction_constraints: ]
[verbosity: 1]
[saved_feature_importance_type: 0]
[linear_tree: 0]
[max_bin: 255]
[max_bin_by_feature: ]
[min_data_in_bin: 3]
[bin_construct_sample_cnt: 200000]
[data_random_seed: 1]
[is_enable_sparse: 1]
[enable_bundle: 1]
[use_missing: 1]
[zero_as_missing: 0]
[feature_pre_filter: 1]
[pre_partition: 0]
[two_round: 0]
[header: 0]
[label_column: ]
[weight_column: ]
[group_column: ]
[ignore_column: ]
[categorical_feature: ]
[forcedbins_filename: ]
[precise_float_parser: 0]
[parser_config_file: ]
[objective_seed: 5]
[num_class: 1]
[is_unbalance: 0]
[scale_pos_weight: 1]
[sigmoid: 1]
[boost_from_average: 1]
[reg_sqrt: 0]
[alpha: 0.9]
[fair_c: 1]
[poisson_max_delta_step: 0.7]
[tweedie_variance_power: 1.5]
[lambdarank_truncation_level: 30]
[lambdarank_norm: 1]
[label_gain: ]
[eval_at: 1,2,3,4,5]
[multi_error_top_k: 1]
[auc_mu_weights: ]
[num_machines: 1]
[local_listen_port: 12400]
[time_out: 120]
[machine_list_filename: ]
[machines: ]
[gpu_platform_id: -1]
[gpu_device_id: -1]
[gpu_use_dp: 0]
[num_gpu: 1]

end of parameters

pandas_categorical:null
